ts_code,trade_date,open,high,low,close,pre_close,change,pct_chg,vol,amount,pe_pct,pb_pct,pe,pb,ps,turnover_rate,total_mv
600519.SH,20210615,2195.1,2208.88,2148.0,2193.0,2178.81,14.19,0.6513,29361.3,6412821.567,0.5,0.5,,,,,
600519.SH,20210616,2192.0,2195.0,2148.0,2158.0,2193.0,-35.0,-1.596,27593.15,5978924.528,0.5,0.5,,,,,
600519.SH,20210617,2155.65,2188.0,2144.36,2156.91,2158.0,-1.09,-0.0505,21067.53,4558702.643,0.5,0.5,,,,,
600519.SH,20210618,2147.0,2156.5,2065.0,2090.94,2156.91,-65.97,-3.0585,54028.21,11329180.836,0.5,0.5,,,,,
600519.SH,20210621,2085.0,2099.69,2050.0,2081.64,2090.94,-9.3,-0.4448,35488.26,7367986.471,0.5,0.5,,,,,
600519.SH,20210622,2092.0,2098.0,2053.89,2074.97,2081.64,-6.67,-0.3204,33228.18,6900830.616,0.5,0.5,,,,,
600519.SH,20210623,2080.0,2083.0,2034.15,2038.0,2074.97,-36.97,-1.7817,37079.01,7596735.684,0.5,0.5,,,,,
600519.SH,20210624,2040.01,2080.0,2021.0,2068.05,2038.0,30.05,1.4745,31473.7,6452557.073,0.5,0.5,,,,,
600519.SH,20210625,2049.96,2109.0,2042.6,2092.0,2048.76,43.24,2.1105,35875.43,7459680.452,0.5,0.5,,,,,
600519.SH,20210628,2100.0,2118.0,2073.0,2103.01,2092.0,11.01,0.5263,27452.42,5750241.214,0.5,0.5,,,,,
600519.SH,20210629,2108.0,2115.0,2051.0,2062.0,2103.01,-41.01,-1.9501,33030.63,6835635.172,0.5,0.5,,,,,
600519.SH,20210630,2065.0,2074.0,2046.3,2056.7,2062.0,-5.3,-0.257,21915.66,4511484.217,0.5,0.5,,,,,
600519.SH,20210701,2059.97,2110.0,2031.6,2105.0,2056.7,48.3,2.3484,33701.24,6970730.878,0.5,0.5,,,,,
600519.SH,20210702,2075.0,2075.0,2011.5,2013.0,2105.0,-92.0,-4.3705,46275.31,9388640.194,0.5,0.5,,,,,
600519.SH,20210705,2000.0,2019.88,1985.0,1994.0,2013.0,-19.0,-0.9439,34420.95,6872797.768,0.5,0.5,,,,,
600519.SH,20210706,1995.0,2014.0,1960.01,2012.9,1994.0,18.9,0.9478,35282.51,7015883.091,0.5,0.5,,,,,
600519.SH,20210707,2010.0,2028.88,1999.01,2004.0,2012.9,-8.9,-0.4421,28122.12,5658210.73,0.5,0.5,,,,,
600519.SH,20210708,2000.1,2004.0,1968.0,1985.0,2004.0,-19.0,-0.9481,35516.69,7027713.78,0.5,0.5,,,,,
600519.SH,20210709,1964.52,1985.91,1945.0,1972.11,1985.0,-12.89,-0.6494,30907.9,6072340.993,0.5,0.5,,,,,
600519.SH,20210712,1975.55,1998.78,1940.5,1961.0,1972.11,-11.11,-0.5634,39010.24,7658786.228,0.5,0.5,,,,,
600519.SH,20210713,1968.0,2005.5,1965.0,1982.9,1961.0,21.9,1.1168,29924.71,5946287.259,0.5,0.5,,,,,
600519.SH,20210714,1974.0,1974.5,1945.0,1962.0,1982.9,-20.9,-1.054,30770.69,6011814.88,0.5,0.5,,,,,
600519.SH,20210715,1955.02,2013.0,1950.6,1997.99,1962.0,35.99,1.8344,42190.05,8391506.229,0.5,0.5,,,,,
600519.SH,20210716,1980.0,1996.6,1950.0,1955.9,1997.99,-42.09,-2.1066,35407.64,6958296.859,0.5,0.5,,,,,
600519.SH,20210719,1955.89,1986.0,1941.0,1975.0,1955.9,19.1,0.9765,30052.34,5900348.21,0.5,0.5,,,,,
600519.SH,20210720,1975.0,1988.93,1961.41,1980.0,1975.0,5.0,0.2532,23475.21,4639300.956,0.5,0.5,,,,,
600519.SH,20210721,1989.0,2006.0,1962.01,1969.0,1980.0,-11.0,-0.5556,29780.13,5902656.221,0.5,0.5,,,,,
600519.SH,20210722,1960.0,1973.9,1938.96,1940.01,1969.0,-28.99,-1.4723,39090.47,7619076.855,0.5,0.5,,,,,
600519.SH,20210723,1937.82,1937.82,1895.09,1900.0,1940.01,-40.01,-2.0624,47585.47,9057761.876,0.5,0.5,,,,,
600519.SH,20210726,1879.0,1879.0,1780.0,1804.11,1900.0,-95.89,-5.0468,98619.48,17894360.803,0.5,0.5,,,,,
600519.SH,20210727,1803.0,1810.0,1703.0,1712.89,1804.11,-91.22,-5.0562,86576.99,15230805.685,0.5,0.5,,,,,
600519.SH,20210728,1703.0,1788.2,1682.12,1768.9,1712.89,56.01,3.2699,85368.84,14792470.948,0.5,0.5,,,,,
600519.SH,20210729,1810.01,1823.0,1734.34,1749.79,1768.9,-19.11,-1.0803,63863.85,11299569.857,0.5,0.5,,,,,
600519.SH,20210730,1725.0,1725.0,1657.76,1678.99,1749.79,-70.8,-4.0462,77735.89,13109725.032,0.5,0.5,,,,,
600519.SH,20210802,1664.0,1755.98,1620.72,1755.0,1678.99,76.01,4.5271,97400.65,16515259.089,0.5,0.5,,,,,
600519.SH,20210803,1730.0,1768.99,1688.8,1749.3,1755.0,-5.7,-0.3248,54374.75,9447823.227,0.5,0.5,,,,,
600519.SH,20210804,1734.06,1760.0,1718.0,1724.0,1749.3,-25.3,-1.4463,38175.49,6614683.378,0.5,0.5,,,,,
600519.SH,20210805,1692.88,1745.0,1676.36,1699.0,1724.0,-25.0,-1.4501,48059.69,8177369.851,0.5,0.5,,,,,
600519.SH,20210806,1689.0,1694.01,1646.6,1671.0,1699.0,-28.0,-1.648,45686.1,7616109.615,0.5,0.5,,,,,
600519.SH,20210809,1651.0,1709.0,1650.0,1693.8,1671.0,22.8,1.3645,47697.75,8028155.49,0.5,0.5,,,,,
600519.SH,20210810,1700.0,1802.88,1675.0,1799.0,1693.8,105.2,6.2109,83285.05,14549496.463,0.5,0.5,,,,,
600519.SH,20210811,1780.01,1785.01,1750.01,1750.5,1799.0,-48.5,-2.6959,38662.59,6821292.779,0.5,0.5,,,,,
600519.SH,20210812,1732.0,1749.0,1686.19,1690.0,1750.5,-60.5,-3.4562,47550.97,8130692.626,0.5,0.5,,,,,
600519.SH,20210813,1690.0,1713.0,1679.0,1700.04,1690.0,10.04,0.5941,37904.52,6418412.544,0.5,0.5,,,,,
600519.SH,20210816,1696.0,1713.6,1685.08,1699.2,1700.04,-0.84,-0.0494,28056.97,4773049.794,0.5,0.5,,,,,
600519.SH,20210817,1700.0,1700.0,1628.88,1635.0,1699.2,-64.2,-3.7782,61200.77,10140291.982,0.5,0.5,,,,,
600519.SH,20210818,1624.66,1642.99,1600.0,1620.0,1635.0,-15.0,-0.9174,59970.26,9701556.273,0.5,0.5,,,,,
600519.SH,20210819,1622.22,1643.2,1600.0,1619.97,1620.0,-0.03,-0.0019,41291.95,6682355.678,0.5,0.5,,,,,
600519.SH,20210820,1555.17,1597.55,1525.5,1548.0,1619.97,-71.97,-4.4427,114544.54,17825198.286,0.5,0.5,,,,,
600519.SH,20210823,1537.88,1599.0,1536.77,1570.19,1548.0,22.19,1.4335,71597.2,11218832.883,0.5,0.5,,,,,
600519.SH,20210824,1575.0,1642.55,1565.77,1625.18,1570.19,54.99,3.5021,72594.47,11703813.764,0.5,0.5,,,,,
600519.SH,20210825,1647.64,1680.87,1643.0,1665.02,1625.18,39.84,2.4514,54238.9,9037626.406,0.5,0.5,,,,,
600519.SH,20210826,1664.99,1664.99,1594.72,1595.0,1665.02,-70.02,-4.2054,54020.37,8722233.201,0.5,0.5,,,,,
600519.SH,20210827,1589.0,1625.0,1584.1,1596.03,1595.0,1.03,0.0646,36095.45,5791426.192,0.5,0.5,,,,,
600519.SH,20210830,1605.0,1613.0,1545.95,1586.0,1596.03,-10.03,-0.6284,51587.7,8098190.333,0.5,0.5,,,,,
600519.SH,20210831,1589.8,1616.35,1555.1,1558.0,1586.0,-28.0,-1.7654,43677.09,6888080.927,0.5,0.5,,,,,
600519.SH,20210901,1559.0,1634.99,1531.1,1622.01,1558.0,64.01,4.1085,77316.1,12370243.405,0.5,0.5,,,,,
600519.SH,20210902,1632.99,1643.0,1600.89,1618.8,1622.01,-3.21,-0.1979,42836.79,6939707.277,0.5,0.5,,,,,
600519.SH,20210903,1610.02,1659.79,1582.0,1658.22,1618.8,39.42,2.4351,52835.18,8631165.696,0.5,0.5,,,,,
600519.SH,20210906,1649.0,1708.16,1626.15,1670.67,1658.22,12.45,0.7508,55338.06,9306030.671,0.5,0.5,,,,,
600519.SH,20210907,1661.03,1684.48,1651.0,1669.0,1670.67,-1.67,-0.1,31211.22,5204051.657,0.5,0.5,,,,,
600519.SH,20210908,1660.0,1671.18,1628.08,1633.1,1669.0,-35.9,-2.151,33063.67,5428265.636,0.5,0.5,,,,,
600519.SH,20210909,1626.0,1645.0,1624.01,1634.08,1633.1,0.98,0.06,19950.13,3257785.762,0.5,0.5,,,,,
600519.SH,20210910,1634.08,1668.8,1633.0,1662.58,1634.08,28.5,1.7441,33388.11,5528034.093,0.5,0.5,,,,,
600519.SH,20210913,1665.0,1684.0,1640.1,1654.0,1662.58,-8.58,-0.5161,27720.02,4605031.711,0.5,0.5,,,,,
600519.SH,20210914,1659.0,1683.0,1653.0,1657.0,1654.0,3.0,0.1814,33760.61,5638962.654,0.5,0.5,,,,,
600519.SH,20210915,1650.0,1660.0,1610.0,1615.74,1657.0,-41.26,-2.49,41570.05,6781755.393,0.5,0.5,,,,,
600519.SH,20210916,1603.0,1644.0,1585.0,1638.07,1615.74,22.33,1.382,45968.02,7458455.126,0.5,0.5,,,,,
600519.SH,20210917,1620.0,1705.6,1620.0,1686.0,1638.07,47.93,2.926,55130.25,9242101.552,0.5,0.5,,,,,
600519.SH,20210922,1658.83,1688.0,1635.0,1637.69,1686.0,-48.31,-2.8654,31743.0,5227723.003,0.5,0.5,,,,,
600519.SH,20210923,1638.0,1655.88,1625.08,1635.0,1637.69,-2.69,-0.1643,30341.81,4964210.091,0.5,0.5,,,,,
600519.SH,20210924,1628.0,1719.98,1628.0,1694.0,1635.0,59.0,3.6086,69536.6,11756596.091,0.5,0.5,,,,,
600519.SH,20210927,1750.0,1863.4,1750.0,1855.0,1694.0,161.0,9.5041,126868.92,23270689.695,0.5,0.5,,,,,
600519.SH,20210928,1848.0,1860.0,1795.0,1822.06,1855.0,-32.94,-1.7757,49221.05,8973408.813,0.5,0.5,,,,,
600519.SH,20210929,1809.0,1845.01,1785.9,1820.0,1822.06,-2.06,-0.1131,43290.65,7870151.768,0.5,0.5,,,,,
600519.SH,20210930,1818.18,1850.22,1803.4,1830.0,1820.0,10.0,0.5495,40539.29,7411735.79,0.5,0.5,,,,,
600519.SH,20211008,1822.42,1878.0,1807.23,1839.6,1830.0,9.6,0.5246,47451.96,8780381.118,0.5,0.5,,,,,
600519.SH,20211011,1839.51,1889.9,1831.01,1867.12,1839.6,27.52,1.496,37675.57,7040475.327,0.5,0.5,,,,,
600519.SH,20211012,1866.0,1877.0,1842.42,1870.99,1867.12,3.87,0.2073,30606.42,5688160.837,0.5,0.5,,,,,
600519.SH,20211013,1870.0,1949.95,1862.0,1929.9,1870.99,58.91,3.1486,50142.61,9625769.127,0.5,0.5,,,,,
600519.SH,20211014,1928.93,1941.8,1896.0,1911.0,1929.9,-18.9,-0.9793,26622.55,5097602.232,0.5,0.5,,,,,
600519.SH,20211015,1890.1,1929.99,1890.1,1916.97,1911.0,5.97,0.3124,28560.78,5452953.879,0.5,0.5,,,,,
600519.SH,20211018,1888.0,1888.0,1787.0,1800.0,1916.97,-116.97,-6.1018,69652.02,12651498.607,0.5,0.5,,,,,
600519.SH,20211019,1800.0,1838.8,1799.88,1812.18,1800.0,12.18,0.6767,40314.56,7330114.082,0.5,0.5,,,,,
600519.SH,20211020,1833.0,1849.8,1806.01,1841.0,1812.18,28.82,1.5903,28663.39,5246404.615,0.5,0.5,,,,,
600519.SH,20211021,1841.1,1860.0,1829.0,1844.0,1841.0,3.0,0.163,23018.7,4238584.294,0.5,0.5,,,,,
600519.SH,20211022,1855.0,1921.01,1854.0,1901.0,1844.0,57.0,3.0911,35962.6,6794850.056,0.5,0.5,,,,,
600519.SH,20211025,1880.0,1885.01,1858.0,1873.03,1901.0,-27.97,-1.4713,32461.33,6076219.948,0.5,0.5,,,,,
600519.SH,20211026,1864.03,1878.99,1844.0,1861.05,1873.03,-11.98,-0.6396,21130.26,3934223.714,0.5,0.5,,,,,
600519.SH,20211027,1852.3,1858.3,1800.1,1819.0,1861.05,-42.05,-2.2595,34647.29,6302270.905,0.5,0.5,,,,,
600519.SH,20211028,1825.2,1843.78,1802.0,1825.49,1819.0,6.49,0.3568,29490.93,5383196.101,0.5,0.5,,,,,
600519.SH,20211029,1825.0,1848.0,1813.0,1826.08,1825.49,0.59,0.0323,28775.86,5266898.95,0.5,0.5,,,,,
600519.SH,20211101,1780.0,1826.3,1760.0,1803.0,1826.08,-23.08,-1.2639,41689.98,7486936.394,0.5,0.5,,,,,
600519.SH,20211102,1796.7,1844.22,1788.0,1804.64,1803.0,1.64,0.091,32500.24,5875341.369,0.5,0.5,,,,,
600519.SH,20211103,1800.0,1809.98,1761.19,1765.0,1804.64,-39.64,-2.1966,27829.31,4958314.535,0.5,0.5,,,,,
600519.SH,20211104,1777.94,1816.0,1769.42,1804.2,1765.0,39.2,2.221,31130.43,5592211.731,0.5,0.5,,,,,
600519.SH,20211105,1804.21,1844.99,1804.21,1819.94,1804.2,15.74,0.8724,27077.23,4956331.383,0.5,0.5,,,,,
600519.SH,20211108,1820.0,1830.8,1802.05,1820.1,1819.94,0.16,0.0088,17705.72,3220439.334,0.5,0.5,,,,,
600519.SH,20211109,1819.98,1827.87,1782.0,1790.01,1820.1,-30.09,-1.6532,27351.92,4915170.028,0.5,0.5,,,,,
600519.SH,20211110,1790.01,1795.0,1735.0,1753.99,1790.01,-36.02,-2.0123,35348.77,6204803.25,0.5,0.5,,,,,
600519.SH,20211111,1752.93,1769.6,1741.5,1769.6,1753.99,15.61,0.89,22651.87,3987243.285,0.5,0.5,,,,,
600519.SH,20211112,1778.0,1785.05,1766.66,1773.78,1769.6,4.18,0.2362,17606.63,3124400.972,0.5,0.5,,,,,
600519.SH,20211115,1773.68,1784.0,1750.0,1761.14,1773.78,-12.64,-0.7126,24947.35,4410975.373,0.5,0.5,,,,,
600519.SH,20211116,1768.0,1818.0,1765.0,1808.0,1761.14,46.86,2.6608,33526.24,6033536.262,0.5,0.5,,,,,
600519.SH,20211117,1805.0,1820.5,1790.01,1795.0,1808.0,-13.0,-0.719,24505.46,4411450.908,0.5,0.5,,,,,
600519.SH,20211118,1781.22,1807.0,1770.0,1792.0,1795.0,-3.0,-0.1671,19520.89,3485674.964,0.5,0.5,,,,,
600519.SH,20211119,1794.19,1849.0,1788.2,1828.41,1792.0,36.41,2.0318,31155.59,5699883.8,0.5,0.5,,,,,
600519.SH,20211122,1849.0,1909.0,1848.0,1854.27,1828.41,25.86,1.4143,42572.68,7994018.41,0.5,0.5,,,,,
600519.SH,20211123,1852.0,1917.0,1852.0,1896.43,1854.27,42.16,2.2737,45782.2,8676297.616,0.5,0.5,,,,,
600519.SH,20211124,1900.0,1966.0,1897.0,1941.0,1896.43,44.57,2.3502,54512.35,10555736.753,0.5,0.5,,,,,
600519.SH,20211125,1953.0,1986.2,1946.25,1956.03,1941.0,15.03,0.7743,39752.88,7803035.266,0.5,0.5,,,,,
600519.SH,20211126,1964.83,1967.0,1925.0,1941.01,1956.03,-15.02,-0.7679,32655.57,6337346.211,0.5,0.5,,,,,
600519.SH,20211129,1960.0,1990.0,1951.08,1985.0,1941.01,43.99,2.2663,42399.34,8372476.083,0.5,0.5,,,,,
600519.SH,20211130,1985.4,1989.9,1927.5,1930.77,1985.0,-54.23,-2.732,36924.87,7192172.533,0.5,0.5,,,,,
600519.SH,20211201,1950.0,1959.95,1919.02,1932.99,1930.77,2.22,0.115,26254.4,5071457.098,0.5,0.5,,,,,
600519.SH,20211202,1940.0,1942.15,1919.6,1934.0,1932.99,1.01,0.0523,20421.82,3939731.543,0.5,0.5,,,,,
600519.SH,20211203,1932.0,1988.62,1931.05,1971.88,1934.0,37.88,1.9586,35818.39,7045848.18,0.5,0.5,,,,,
600519.SH,20211206,1983.0,1990.0,1950.0,1967.3,1971.88,-4.58,-0.2323,31063.88,6122543.819,0.5,0.5,,,,,
600519.SH,20211207,1980.74,1987.87,1946.73,1955.87,1967.3,-11.43,-0.581,36979.89,7286659.622,0.5,0.5,,,,,
600519.SH,20211208,1964.88,2045.0,1950.0,2043.0,1955.87,87.13,4.4548,61048.07,12285101.988,0.5,0.5,,,,,
600519.SH,20211209,2054.94,2116.92,2045.0,2086.55,2043.0,43.55,2.1317,64239.18,13404724.467,0.5,0.5,,,,,
600519.SH,20211210,2060.0,2095.78,2056.0,2090.0,2086.55,3.45,0.1653,43148.22,8944582.265,0.5,0.5,,,,,
600519.SH,20211213,2154.0,2180.0,2118.0,2118.2,2090.0,28.2,1.3493,65806.56,14139012.29,0.5,0.5,,,,,
600519.SH,20211214,2118.2,2167.9,2100.0,2150.0,2118.2,31.8,1.5013,40449.41,8673733.691,0.5,0.5,,,,,
600519.SH,20211215,2142.15,2164.95,2125.02,2135.0,2150.0,-15.0,-0.6977,30078.27,6444715.086,0.5,0.5,,,,,
600519.SH,20211216,2115.0,2144.05,2086.23,2118.99,2135.0,-16.01,-0.7499,37211.36,7865499.278,0.5,0.5,,,,,
600519.SH,20211217,2100.5,2108.0,2036.0,2050.7,2118.99,-68.29,-3.2228,48403.18,9988869.785,0.5,0.5,,,,,
600519.SH,20211220,2050.7,2085.66,2041.0,2058.96,2050.7,8.26,0.4028,32257.69,6654596.508,0.5,0.5,,,,,
600519.SH,20211221,2045.0,2069.13,2012.83,2038.2,2058.96,-20.76,-1.0083,26285.89,5354186.59,0.5,0.5,,,,,
600519.SH,20211222,2040.0,2063.0,2040.0,2048.0,2038.2,9.8,0.4808,17430.79,3570928.372,0.5,0.5,,,,,
600519.SH,20211223,2053.0,2120.0,2025.0,2120.0,2048.0,72.0,3.5156,39098.54,8126298.013,0.5,0.5,,,,,
600519.SH,20211224,2148.88,2216.96,2148.88,2194.09,2120.0,74.09,3.4948,56129.59,12295953.4,0.5,0.5,,,,,
600519.SH,20211227,2168.0,2168.0,2112.0,2131.82,2194.09,-62.27,-2.8381,37555.9,8020677.686,0.5,0.5,,,,,
600519.SH,20211228,2133.0,2155.5,2116.6,2138.18,2131.82,6.36,0.2983,27650.7,5901940.633,0.5,0.5,,,,,
600519.SH,20211229,2150.0,2154.25,2041.0,2041.0,2138.18,-97.18,-4.545,54049.02,11195625.154,0.5,0.5,,,,,
600519.SH,20211230,2041.0,2088.98,2028.0,2075.0,2041.0,34.0,1.6659,35261.36,7272866.657,0.5,0.5,,,,,
600519.SH,20211231,2070.0,2072.98,2028.0,2050.0,2075.0,-25.0,-1.2048,29664.91,6061415.344,0.5,0.5,,,,,
600519.SH,20220104,2055.0,2068.95,2014.0,2051.23,2050.0,1.23,0.06,33842.62,6913653.122,0.5,0.5,,,,,
600519.SH,20220105,2045.0,2065.0,2018.0,2024.0,2051.23,-27.23,-1.3275,28395.51,5774992.117,0.5,0.5,,,,,
600519.SH,20220106,2022.01,2036.0,1938.51,1982.22,2024.0,-41.78,-2.0642,51794.75,10226933.847,0.5,0.5,,,,,
600519.SH,20220107,1975.0,1988.88,1939.32,1942.0,1982.22,-40.22,-2.029,29816.69,5831695.311,0.5,0.5,,,,,
600519.SH,20220110,1928.01,1977.0,1917.55,1966.0,1942.0,24.0,1.2358,29626.7,5792738.145,0.5,0.5,,,,,
600519.SH,20220111,1948.0,1965.0,1931.17,1940.55,1966.0,-25.45,-1.2945,22276.64,4332180.604,0.5,0.5,,,,,
600519.SH,20220112,1948.0,1978.8,1948.0,1967.0,1940.55,26.45,1.363,27474.1,5384359.628,0.5,0.5,,,,,
600519.SH,20220113,1964.82,1967.99,1865.56,1877.39,1967.0,-89.61,-4.5557,56747.35,10781720.544,0.5,0.5,,,,,
600519.SH,20220114,1877.39,1893.0,1863.0,1867.0,1877.39,-10.39,-0.5534,29321.64,5506186.026,0.5,0.5,,,,,
600519.SH,20220117,1868.0,1878.3,1835.34,1861.61,1867.0,-5.39,-0.2887,27353.82,5074077.665,0.5,0.5,,,,,
600519.SH,20220118,1861.68,1908.85,1852.0,1892.27,1861.61,30.66,1.647,31215.77,5906705.861,0.5,0.5,,,,,
600519.SH,20220119,1919.0,1919.0,1888.88,1912.0,1892.27,19.73,1.0427,26370.94,5026993.463,0.5,0.5,,,,,
600519.SH,20220120,1916.0,1979.99,1916.0,1969.52,1912.0,57.52,3.0084,34013.91,6665294.954,0.5,0.5,,,,,
600519.SH,20220121,1960.0,1993.49,1951.01,1984.99,1969.52,15.47,0.7855,30812.58,6091427.695,0.5,0.5,,,,,
600519.SH,20220124,1955.0,1984.0,1931.44,1950.2,1984.99,-34.79,-1.7527,23985.8,4685441.775,0.5,0.5,,,,,
600519.SH,20220125,1943.0,1966.0,1931.0,1943.0,1950.2,-7.2,-0.3692,25510.12,4971078.498,0.5,0.5,,,,,
600519.SH,20220126,1942.04,1969.0,1919.0,1955.0,1943.0,12.0,0.6176,23905.13,4655706.528,0.5,0.5,,,,,
600519.SH,20220127,2001.01,2010.82,1952.0,1965.0,1955.0,10.0,0.5115,42665.16,8450329.058,0.5,0.5,,,,,
600519.SH,20220128,1955.0,1968.0,1880.01,1887.0,1965.0,-78.0,-3.9695,41020.11,7889492.895,0.5,0.5,,,,,
600519.SH,20220207,1900.99,1913.56,1850.0,1867.96,1887.0,-19.04,-1.009,35150.42,6601799.703,0.5,0.5,,,,,
600519.SH,20220208,1868.88,1872.87,1790.0,1839.0,1867.96,-28.96,-1.5504,41713.06,7585130.459,0.5,0.5,,,,,
600519.SH,20220209,1839.09,1908.0,1826.97,1895.98,1839.0,56.98,3.0984,33884.79,6346699.784,0.5,0.5,,,,,
600519.SH,20220210,1900.0,1905.9,1857.39,1873.0,1895.98,-22.98,-1.212,23031.83,4315456.868,0.5,0.5,,,,,
600519.SH,20220211,1857.0,1900.79,1841.0,1849.97,1873.0,-23.03,-1.2296,33746.49,6296909.575,0.5,0.5,,,,,
600519.SH,20220214,1840.0,1877.0,1837.31,1868.67,1849.97,18.7,1.0108,20195.87,3762313.349,0.5,0.5,,,,,
600519.SH,20220215,1868.8,1911.0,1859.0,1890.62,1868.67,21.95,1.1746,27105.86,5131842.112,0.5,0.5,,,,,
600519.SH,20220216,1900.0,1907.0,1888.0,1892.55,1890.62,1.93,0.1021,14586.85,2769034.316,0.5,0.5,,,,,
600519.SH,20220217,1900.61,1911.48,1881.0,1886.99,1892.55,-5.56,-0.2938,18213.66,3450265.032,0.5,0.5,,,,,
600519.SH,20220218,1877.63,1907.98,1865.66,1907.0,1886.99,20.01,1.0604,19385.49,3670339.742,0.5,0.5,,,,,
600519.SH,20220221,1900.0,1906.9,1868.95,1876.99,1907.0,-30.01,-1.5737,20815.73,3920377.358,0.5,0.5,,,,,
600519.SH,20220222,1860.01,1861.0,1800.02,1807.87,1876.99,-69.12,-3.6825,52298.81,9473992.638,0.5,0.5,,,,,
600519.SH,20220223,1811.41,1834.0,1800.08,1827.01,1807.87,19.14,1.0587,28111.61,5118197.82,0.5,0.5,,,,,
600519.SH,20220224,1808.0,1813.99,1748.1,1764.11,1827.01,-62.9,-3.4428,65359.25,11578557.075,0.5,0.5,,,,,
600519.SH,20220225,1775.0,1808.28,1775.0,1799.06,1764.11,34.95,1.9812,38979.13,6999524.161,0.5,0.5,,,,,
600519.SH,20220228,1787.06,1797.0,1767.0,1790.4,1799.06,-8.66,-0.4814,28923.03,5158148.387,0.5,0.5,,,,,
600519.SH,20220301,1802.0,1863.57,1802.0,1858.48,1790.4,68.08,3.8025,47379.3,8721229.267,0.5,0.5,,,,,
600519.SH,20220302,1840.0,1850.99,1825.0,1844.88,1858.48,-13.6,-0.7318,20074.48,3690612.341,0.5,0.5,,,,,
600519.SH,20220303,1845.8,1850.25,1794.0,1800.0,1844.88,-44.88,-2.4327,31546.93,5703580.558,0.5,0.5,,,,,
600519.SH,20220304,1772.0,1792.89,1755.1,1780.5,1800.0,-19.5,-1.0833,31047.03,5509157.654,0.5,0.5,,,,,
600519.SH,20220307,1760.2,1768.0,1703.8,1707.0,1780.5,-73.5,-4.1281,49155.81,8487507.372,0.5,0.5,,,,,
600519.SH,20220308,1759.98,1786.66,1732.0,1753.2,1707.0,46.2,2.7065,57215.46,10087484.369,0.5,0.5,,,,,
600519.SH,20220309,1764.1,1805.0,1721.11,1779.18,1753.2,25.98,1.4819,56434.42,10018590.069,0.5,0.5,,,,,
600519.SH,20220310,1808.0,1821.0,1791.0,1794.43,1779.18,15.25,0.8571,36461.78,6587438.866,0.5,0.5,,,,,
600519.SH,20220311,1766.0,1777.0,1718.08,1769.01,1794.43,-25.42,-1.4166,47726.77,8335618.341,0.5,0.5,,,,,
600519.SH,20220314,1730.0,1750.0,1700.0,1700.0,1769.01,-69.01,-3.9011,49006.61,8416841.92,0.5,0.5,,,,,
600519.SH,20220315,1650.0,1685.0,1603.0,1603.0,1700.0,-97.0,-5.7059,89055.87,14567142.622,0.5,0.5,,,,,
600519.SH,20220316,1634.0,1683.9,1593.0,1674.95,1603.0,71.95,4.4885,77592.81,12753010.156,0.5,0.5,,,,,
600519.SH,20220317,1720.0,1755.0,1711.66,1720.15,1674.95,45.2,2.6986,68351.96,11843531.813,0.5,0.5,,,,,
600519.SH,20220318,1718.0,1745.0,1692.28,1707.79,1720.15,-12.36,-0.7185,38348.68,6564085.394,0.5,0.5,,,,,
600519.SH,20220321,1724.0,1725.65,1695.01,1704.3,1707.79,-3.49,-0.2044,27877.16,4763083.283,0.5,0.5,,,,,
600519.SH,20220322,1723.88,1723.88,1686.33,1695.0,1704.3,-9.3,-0.5457,21054.04,3578291.198,0.5,0.5,,,,,
600519.SH,20220323,1705.0,1770.0,1697.0,1752.19,1695.0,57.19,3.374,58067.39,10096341.448,0.5,0.5,,,,,
600519.SH,20220324,1738.0,1740.0,1717.35,1720.93,1752.19,-31.26,-1.7841,25815.32,4457504.43,0.5,0.5,,,,,
600519.SH,20220325,1712.0,1734.0,1685.0,1690.0,1720.93,-30.93,-1.7973,29708.66,5054831.352,0.5,0.5,,,,,
600519.SH,20220328,1625.0,1664.8,1604.0,1660.8,1690.0,-29.2,-1.7278,57541.64,9392008.017,0.5,0.5,,,,,
600519.SH,20220329,1661.5,1691.5,1661.5,1667.0,1660.8,6.2,0.3733,25934.98,4343365.464,0.5,0.5,,,,,
600519.SH,20220330,1698.0,1730.1,1695.0,1730.1,1667.0,63.1,3.7852,42433.43,7276379.091,0.5,0.5,,,,,
600519.SH,20220331,1720.0,1738.6,1708.8,1719.0,1730.1,-11.1,-0.6416,25173.86,4338022.922,0.5,0.5,,,,,
600519.SH,20220401,1729.94,1793.0,1721.69,1780.01,1719.0,61.01,3.5492,44861.91,7936957.252,0.5,0.5,,,,,
600519.SH,20220406,1753.0,1788.73,1753.0,1765.0,1780.01,-15.01,-0.8433,27819.77,4910792.426,0.5,0.5,,,,,
600519.SH,20220407,1758.0,1785.0,1750.1,1765.0,1765.0,0.0,0.0,20195.71,3568182.341,0.5,0.5,,,,,
600519.SH,20220408,1768.0,1788.7,1766.54,1784.0,1765.0,19.0,1.0765,22941.32,4081618.543,0.5,0.5,,,,,
600519.SH,20220411,1770.0,1770.0,1706.03,1720.0,1784.0,-64.0,-3.5874,43863.59,7568782.591,0.5,0.5,,,,,
600519.SH,20220412,1729.0,1787.97,1708.0,1782.0,1720.0,62.0,3.6047,41629.56,7284546.261,0.5,0.5,,,,,
600519.SH,20220413,1767.0,1795.0,1751.08,1769.0,1782.0,-13.0,-0.7295,31147.66,5534915.753,0.5,0.5,,,,,
600519.SH,20220414,1788.0,1835.9,1780.2,1809.0,1769.0,40.0,2.2612,37649.86,6834657.201,0.5,0.5,,,,,
600519.SH,20220415,1802.2,1818.0,1795.89,1805.99,1809.0,-3.01,-0.1664,21041.13,3800797.635,0.5,0.5,,,,,
600519.SH,20220418,1781.13,1798.0,1768.0,1790.82,1805.99,-15.17,-0.84,19793.15,3525102.977,0.5,0.5,,,,,
600519.SH,20220419,1800.0,1832.99,1775.5,1790.3,1790.82,-0.52,-0.029,24204.76,4359851.98,0.5,0.5,,,,,
600519.SH,20220420,1801.69,1820.0,1768.68,1797.0,1790.3,6.7,0.3742,24155.72,4342043.328,0.5,0.5,,,,,
600519.SH,20220421,1790.2,1806.0,1770.0,1779.98,1797.0,-17.02,-0.9471,28952.61,5160788.004,0.5,0.5,,,,,
600519.SH,20220422,1763.0,1787.88,1760.18,1773.0,1779.98,-6.98,-0.3921,27899.75,4955360.846,0.5,0.5,,,,,
600519.SH,20220425,1750.0,1776.5,1702.0,1708.0,1773.0,-65.0,-3.6661,53658.02,9352986.852,0.5,0.5,,,,,
600519.SH,20220426,1703.33,1748.98,1700.0,1732.48,1708.0,24.48,1.4333,44563.96,7692845.226,0.5,0.5,,,,,
600519.SH,20220427,1767.12,1810.0,1767.12,1794.92,1732.48,62.44,3.6041,57402.44,10289893.014,0.5,0.5,,,,,
600519.SH,20220428,1793.0,1845.0,1786.5,1835.0,1794.92,40.08,2.233,44010.06,8038681.95,0.5,0.5,,,,,
600519.SH,20220429,1836.0,1849.0,1810.98,1828.38,1835.0,-6.62,-0.3608,34885.27,6384066.537,0.5,0.5,,,,,
600519.SH,20220505,1830.0,1870.0,1828.98,1837.0,1828.38,8.62,0.4715,33660.94,6235017.58,0.5,0.5,,,,,
600519.SH,20220506,1814.99,1819.0,1781.0,1793.0,1837.0,-44.0,-2.3952,28596.18,5138176.68,0.5,0.5,,,,,
600519.SH,20220509,1780.0,1780.0,1738.0,1752.0,1793.0,-41.0,-2.2867,30351.82,5324616.273,0.5,0.5,,,,,
600519.SH,20220510,1720.0,1784.96,1705.01,1766.19,1752.0,14.19,0.8099,40119.19,7018451.097,0.5,0.5,,,,,
600519.SH,20220511,1755.0,1788.48,1752.0,1768.0,1766.19,1.81,0.1025,30312.67,5372950.033,0.5,0.5,,,,,
600519.SH,20220512,1753.0,1778.0,1750.0,1762.67,1768.0,-5.33,-0.3015,22038.23,3888480.084,0.5,0.5,,,,,
600519.SH,20220513,1780.0,1797.94,1766.0,1778.24,1762.67,15.57,0.8833,20730.52,3690141.231,0.5,0.5,,,,,
600519.SH,20220516,1797.0,1797.0,1742.67,1758.0,1778.24,-20.24,-1.1382,27765.31,4881208.653,0.5,0.5,,,,,
600519.SH,20220517,1769.88,1775.0,1755.0,1768.0,1758.0,10.0,0.5688,20144.74,3557048.801,0.5,0.5,,,,,
600519.SH,20220518,1773.66,1773.92,1743.02,1761.0,1768.0,-7.0,-0.3959,24850.44,4362486.907,0.5,0.5,,,,,
600519.SH,20220519,1745.0,1757.0,1739.0,1756.0,1761.0,-5.0,-0.2839,19776.26,3459059.182,0.5,0.5,,,,,
600519.SH,20220520,1759.99,1801.15,1752.0,1800.01,1756.0,44.01,2.5063,41949.6,7493460.272,0.5,0.5,,,,,
600519.SH,20220523,1800.0,1803.89,1772.0,1781.0,1800.01,-19.01,-1.0561,22157.13,3950856.594,0.5,0.5,,,,,
600519.SH,20220524,1786.0,1787.0,1755.5,1760.0,1781.0,-21.0,-1.1791,27342.22,4824599.922,0.5,0.5,,,,,
600519.SH,20220525,1765.27,1772.0,1747.0,1755.51,1760.0,-4.49,-0.2551,22388.69,3929477.102,0.5,0.5,,,,,
600519.SH,20220526,1761.0,1761.0,1730.0,1742.8,1755.51,-12.71,-0.724,28053.44,4888109.192,0.5,0.5,,,,,
600519.SH,20220527,1759.99,1780.0,1753.01,1755.16,1742.8,12.36,0.7092,25119.58,4436904.896,0.5,0.5,,,,,
600519.SH,20220530,1766.0,1790.55,1766.0,1778.41,1755.16,23.25,1.3247,34465.69,6135631.304,0.5,0.5,,,,,
600519.SH,20220531,1774.77,1814.9,1766.98,1804.03,1778.41,25.62,1.4406,40750.82,7329201.058,0.5,0.5,,,,,
600519.SH,20220601,1802.0,1814.78,1779.0,1788.25,1804.03,-15.78,-0.8747,21760.01,3897858.999,0.5,0.5,,,,,
600519.SH,20220602,1787.97,1795.8,1780.0,1786.0,1788.25,-2.25,-0.1258,16914.73,3019718.032,0.5,0.5,,,,,
600519.SH,20220606,1790.0,1795.0,1758.0,1788.0,1786.0,2.0,0.112,36741.26,6535329.352,0.5,0.5,,,,,
600519.SH,20220607,1784.14,1825.0,1770.31,1817.9,1788.0,29.9,1.6723,35048.59,6356031.009,0.5,0.5,,,,,
600519.SH,20220608,1825.0,1882.0,1825.0,1865.6,1817.9,47.7,2.6239,44353.81,8236953.846,0.5,0.5,,,,,
600519.SH,20220609,1872.0,1888.35,1849.0,1853.0,1865.6,-12.6,-0.6754,26329.02,4897066.622,0.5,0.5,,,,,
600519.SH,20220610,1845.01,1907.0,1835.0,1900.6,1853.0,47.6,2.5688,47344.62,8882462.598,0.5,0.5,,,,,
600519.SH,20220613,1890.0,1892.0,1848.08,1856.0,1900.6,-44.6,-2.3466,36755.18,6847248.995,0.5,0.5,,,,,
600519.SH,20220614,1834.0,1875.42,1832.0,1871.0,1856.0,15.0,0.8082,29416.23,5467949.348,0.5,0.5,,,,,
600519.SH,20220615,1870.0,1905.0,1862.99,1875.1,1871.0,4.1,0.2191,33663.62,6354869.1,0.5,0.5,,,,,
600519.SH,20220616,1894.59,1907.63,1875.33,1877.0,1875.1,1.9,0.1013,26886.7,5087605.391,0.5,0.5,,,,,
600519.SH,20220617,1878.09,1952.0,1878.09,1951.0,1877.0,74.0,3.9425,50541.61,9749530.916,0.5,0.5,,,,,
600519.SH,20220620,1950.0,1970.0,1930.0,1942.02,1951.0,-8.98,-0.4603,34974.78,6802792.459,0.5,0.5,,,,,
600519.SH,20220621,1949.0,1966.99,1928.0,1945.74,1942.02,3.72,0.1916,23717.02,4617805.127,0.5,0.5,,,,,
600519.SH,20220622,1955.0,1958.0,1932.0,1936.0,1945.74,-9.74,-0.5006,19646.65,3813775.294,0.5,0.5,,,,,
600519.SH,20220623,1942.7,1965.04,1940.0,1957.1,1936.0,21.1,1.0899,26843.52,5239860.443,0.5,0.5,,,,,
600519.SH,20220624,1970.0,2020.0,1965.0,2009.01,1957.1,51.91,2.6524,39634.65,7921199.792,0.5,0.5,,,,,
600519.SH,20220627,2019.94,2049.94,2000.3,2010.55,2009.01,1.54,0.0767,40115.17,8124448.9,0.5,0.5,,,,,
600519.SH,20220628,2019.74,2041.0,2001.0,2036.0,2010.55,25.45,1.2658,25245.71,5112298.787,0.5,0.5,,,,,
600519.SH,20220629,2028.0,2042.0,2011.01,2030.0,2036.0,-6.0,-0.2947,30360.12,6142508.408,0.5,0.5,,,,,
600519.SH,20220630,2000.0,2077.0,1999.99,2045.0,2008.33,36.67,1.8259,38982.43,7984019.438,0.5,0.5,,,,,
600519.SH,20220701,2055.0,2067.77,2015.21,2029.05,2045.0,-15.95,-0.78,21596.45,4385555.299,0.5,0.5,,,,,
600519.SH,20220704,2020.01,2024.29,2001.01,2018.0,2029.05,-11.05,-0.5446,25075.89,5042804.258,0.5,0.5,,,,,
600519.SH,20220705,2025.28,2054.45,2010.0,2033.01,2018.0,15.01,0.7438,26329.4,5345189.852,0.5,0.5,,,,,
600519.SH,20220706,2032.0,2039.0,1986.0,2002.0,2033.01,-31.01,-1.5253,32751.66,6566374.982,0.5,0.5,,,,,
600519.SH,20220707,2005.0,2009.35,1985.01,1990.0,2002.0,-12.0,-0.5994,20931.77,4179088.24,0.5,0.5,,,,,
600519.SH,20220708,2005.0,2014.89,1996.16,1999.0,1990.0,9.0,0.4523,15643.89,3134903.462,0.5,0.5,,,,,
600519.SH,20220711,1990.2,1994.77,1950.5,1963.6,1999.0,-35.4,-1.7709,23949.21,4709248.31,0.5,0.5,,,,,
600519.SH,20220712,1965.0,1972.8,1930.06,1948.41,1963.6,-15.19,-0.7736,23446.86,4562731.381,0.5,0.5,,,,,
600519.SH,20220713,1945.0,1972.0,1940.67,1958.89,1948.41,10.48,0.5379,19853.77,3893406.034,0.5,0.5,,,,,
600519.SH,20220714,1960.0,1976.8,1941.0,1953.0,1958.89,-5.89,-0.3007,20527.24,4014985.518,0.5,0.5,,,,,
600519.SH,20220715,1945.11,1999.68,1944.51,1949.5,1953.0,-3.5,-0.1792,33416.23,6588730.699,0.5,0.5,,,,,
600519.SH,20220718,1952.36,1959.0,1922.0,1951.66,1949.5,2.16,0.1108,24220.72,4701936.868,0.5,0.5,,,,,
600519.SH,20220719,1945.0,1951.65,1926.0,1943.1,1951.66,-8.56,-0.4386,21956.03,4250852.886,0.5,0.5,,,,,
600519.SH,20220720,1958.75,1970.0,1945.0,1950.1,1943.1,7.0,0.3602,18704.61,3659970.961,0.5,0.5,,,,,
600519.SH,20220721,1943.1,1955.9,1934.51,1939.0,1950.1,-11.1,-0.5692,14061.37,2735503.093,0.5,0.5,,,,,
600519.SH,20220722,1949.22,1962.0,1935.0,1947.0,1939.0,8.0,0.4126,25113.57,4894378.605,0.5,0.5,,,,,
600519.SH,20220725,1949.51,1952.3,1931.0,1944.65,1947.0,-2.35,-0.1207,16912.44,3285451.347,0.5,0.5,,,,,
600519.SH,20220726,1952.99,1964.97,1947.02,1950.21,1944.65,5.56,0.2859,20685.1,4041100.077,0.5,0.5,,,,,
600519.SH,20220727,1942.0,1948.0,1917.0,1919.6,1950.21,-30.61,-1.5696,21489.87,4149807.166,0.5,0.5,,,,,
600519.SH,20220728,1921.1,1938.0,1892.66,1898.0,1919.6,-21.6,-1.1252,34869.86,6669448.409,0.5,0.5,,,,,
600519.SH,20220729,1895.1,1918.99,1878.1,1898.44,1898.0,0.44,0.0232,37032.36,7028415.881,0.5,0.5,,,,,
600519.SH,20220801,1890.01,1908.0,1881.18,1890.3,1898.44,-8.14,-0.4288,21037.41,3988198.59,0.5,0.5,,,,,
600519.SH,20220802,1880.0,1887.98,1858.01,1879.98,1890.3,-10.32,-0.5459,28220.88,5284516.568,0.5,0.5,,,,,
600519.SH,20220803,1889.99,1904.0,1877.0,1885.0,1879.98,5.02,0.267,24598.42,4642442.196,0.5,0.5,,,,,
600519.SH,20220804,1890.0,1923.1,1880.13,1916.01,1885.0,31.01,1.6451,30357.14,5797110.733,0.5,0.5,,,,,
600519.SH,20220805,1927.8,1935.0,1904.9,1923.96,1916.01,7.95,0.4149,20085.84,3857406.327,0.5,0.5,,,,,
600519.SH,20220808,1915.15,1932.88,1907.51,1911.53,1923.96,-12.43,-0.6461,16799.01,3220702.892,0.5,0.5,,,,,
600519.SH,20220809,1911.53,1918.99,1905.0,1910.0,1911.53,-1.53,-0.08,13874.61,2651800.008,0.5,0.5,,,,,
600519.SH,20220810,1909.98,1918.0,1864.58,1876.0,1910.0,-34.0,-1.7801,27926.62,5259452.686,0.5,0.5,,,,,
600519.SH,20220811,1886.0,1907.0,1878.01,1906.9,1876.0,30.9,1.6471,26061.49,4940834.195,0.5,0.5,,,,,
600519.SH,20220812,1906.9,1930.0,1900.0,1928.0,1906.9,21.1,1.1065,20259.83,3882570.566,0.5,0.5,,,,,
600519.SH,20220815,1920.46,1939.5,1915.55,1919.89,1928.0,-8.11,-0.4206,19323.14,3717178.491,0.5,0.5,,,,,
600519.SH,20220816,1923.94,1933.79,1916.0,1917.84,1919.89,-2.05,-0.1068,14835.84,2854189.586,0.5,0.5,,,,,
600519.SH,20220817,1930.0,1930.0,1895.0,1918.0,1917.84,0.16,0.0083,18360.63,3508295.541,0.5,0.5,,,,,
600519.SH,20220818,1908.0,1913.08,1881.07,1895.5,1918.0,-22.5,-1.1731,23167.77,4384060.205,0.5,0.5,,,,,
600519.SH,20220819,1898.0,1908.35,1888.0,1895.01,1895.5,-0.49,-0.0259,13544.17,2572000.762,0.5,0.5,,,,,
600519.SH,20220822,1885.01,1907.0,1881.38,1893.98,1895.01,-1.03,-0.0544,15426.67,2925285.473,0.5,0.5,,,,,
600519.SH,20220823,1898.6,1898.6,1867.0,1870.01,1893.98,-23.97,-1.2656,23756.36,4452538.978,0.5,0.5,,,,,
600519.SH,20220824,1869.99,1875.23,1851.0,1854.2,1870.01,-15.81,-0.8455,18727.61,3486382.969,0.5,0.5,,,,,
600519.SH,20220825,1859.0,1888.0,1854.2,1885.0,1854.2,30.8,1.6611,21925.34,4107597.895,0.5,0.5,,,,,
600519.SH,20220826,1900.0,1912.0,1886.0,1898.0,1885.0,13.0,0.6897,23141.95,4397161.135,0.5,0.5,,,,,
600519.SH,20220829,1883.0,1899.97,1874.0,1878.82,1898.0,-19.18,-1.0105,13569.62,2555981.192,0.5,0.5,,,,,
600519.SH,20220830,1882.35,1885.0,1854.2,1870.0,1878.82,-8.82,-0.4694,18235.39,3400091.358,0.5,0.5,,,,,
600519.SH,20220831,1860.1,1925.56,1860.01,1924.0,1870.0,54.0,2.8877,44691.51,8518225.337,0.5,0.5,,,,,
600519.SH,20220901,1912.15,1916.0,1880.89,1880.89,1924.0,-43.11,-2.2406,26845.08,5088658.955,0.5,0.5,,,,,
600519.SH,20220902,1889.94,1892.96,1866.17,1875.0,1880.89,-5.89,-0.3131,19391.32,3635162.804,0.5,0.5,,,,,
600519.SH,20220905,1862.64,1869.0,1820.0,1835.0,1875.0,-40.0,-2.1333,36821.87,6764549.173,0.5,0.5,,,,,
600519.SH,20220906,1835.36,1848.2,1825.0,1845.0,1835.0,10.0,0.545,20830.04,3832086.313,0.5,0.5,,,,,
600519.SH,20220907,1835.03,1837.66,1811.01,1818.01,1845.0,-26.99,-1.4629,28306.16,5151537.33,0.5,0.5,,,,,
600519.SH,20220908,1820.0,1832.0,1815.0,1815.0,1818.01,-3.01,-0.1656,16590.57,3026766.448,0.5,0.5,,,,,
600519.SH,20220909,1825.0,1852.0,1816.0,1844.79,1815.0,29.79,1.6413,27089.86,4991679.523,0.5,0.5,,,,,
600519.SH,20220913,1880.0,1888.38,1858.23,1879.0,1844.79,34.21,1.8544,28693.09,5387987.148,0.5,0.5,,,,,
600519.SH,20220914,1864.01,1880.0,1863.0,1869.0,1879.0,-10.0,-0.5322,16041.57,3002693.247,0.5,0.5,,,,,
600519.SH,20220915,1870.0,1893.12,1869.96,1880.0,1869.0,11.0,0.5886,20810.21,3917954.256,0.5,0.5,,,,,
600519.SH,20220916,1871.8,1885.6,1855.11,1859.0,1880.0,-21.0,-1.117,24121.27,4501527.357,0.5,0.5,,,,,
600519.SH,20220919,1855.0,1888.59,1852.88,1871.64,1859.0,12.64,0.6799,18583.51,3479680.771,0.5,0.5,,,,,
600519.SH,20220920,1869.98,1884.6,1858.55,1878.0,1871.64,6.36,0.3398,14116.3,2645281.859,0.5,0.5,,,,,
600519.SH,20220921,1876.67,1883.0,1848.0,1848.0,1878.0,-30.0,-1.5974,20994.54,3904096.421,0.5,0.5,,,,,
600519.SH,20220922,1840.0,1841.02,1816.85,1820.81,1848.0,-27.19,-1.4713,22704.29,4147900.996,0.5,0.5,,,,,
600519.SH,20220923,1820.81,1855.0,1820.81,1834.43,1820.81,13.62,0.748,28287.69,5191904.76,0.5,0.5,,,,,
600519.SH,20220926,1820.0,1888.0,1819.98,1863.0,1834.43,28.57,1.5574,35134.92,6566771.227,0.5,0.5,,,,,
600519.SH,20220927,1868.86,1897.0,1851.11,1888.0,1863.0,25.0,1.3419,28820.19,5422668.135,0.5,0.5,,,,,
600519.SH,20220928,1880.5,1899.4,1874.01,1883.0,1888.0,-5.0,-0.2648,21445.97,4042506.33,0.5,0.5,,,,,
600519.SH,20220929,1897.98,1902.18,1871.13,1880.35,1883.0,-2.65,-0.1407,21589.66,4075515.187,0.5,0.5,,,,,
600519.SH,20220930,1898.62,1901.99,1866.0,1872.5,1880.35,-7.85,-0.4175,21289.08,4000917.951,0.5,0.5,,,,,
600519.SH,20221010,1890.0,1891.0,1780.2,1786.0,1872.5,-86.5,-4.6195,48584.13,8865386.496,0.5,0.5,,,,,
600519.SH,20221011,1789.0,1806.0,1760.0,1779.99,1786.0,-6.01,-0.3365,32047.19,5712249.507,0.5,0.5,,,,,
600519.SH,20221012,1773.66,1779.0,1708.0,1760.0,1779.99,-19.99,-1.123,48195.0,8372252.823,0.5,0.5,,,,,
600519.SH,20221013,1720.46,1735.0,1697.0,1699.99,1760.0,-60.01,-3.4097,63969.27,10919727.537,0.5,0.5,,,,,
600519.SH,20221014,1710.0,1755.0,1701.94,1737.61,1699.99,37.62,2.213,46519.7,8045032.623,0.5,0.5,,,,,
600519.SH,20221017,1726.0,1727.99,1697.8,1718.5,1737.61,-19.11,-1.0998,33549.51,5740146.639,0.5,0.5,,,,,
600519.SH,20221018,1725.0,1730.0,1701.0,1705.83,1718.5,-12.67,-0.7373,28082.77,4800689.502,0.5,0.5,,,,,
600519.SH,20221019,1701.98,1701.98,1648.0,1648.0,1705.83,-57.83,-3.3901,60120.93,9997656.284,0.5,0.5,,,,,
600519.SH,20221020,1621.0,1668.43,1611.0,1643.5,1648.0,-4.5,-0.2731,42778.07,7020555.512,0.5,0.5,,,,,
600519.SH,20221021,1640.0,1647.8,1610.0,1624.0,1643.5,-19.5,-1.1865,38907.4,6317945.876,0.5,0.5,,,,,
600519.SH,20221024,1570.0,1589.0,1488.01,1501.28,1624.0,-122.72,-7.5567,132098.04,20217576.174,0.5,0.5,,,,,
600519.SH,20221025,1479.42,1515.0,1472.0,1479.75,1501.28,-21.53,-1.4341,81361.56,12136909.034,0.5,0.5,,,,,
600519.SH,20221026,1488.8,1514.99,1460.0,1464.08,1479.75,-15.67,-1.059,81780.83,12120993.864,0.5,0.5,,,,,
600519.SH,20221027,1480.0,1487.98,1383.85,1401.0,1464.08,-63.08,-4.3085,107105.9,15258551.283,0.5,0.5,,,,,
600519.SH,20221028,1390.77,1406.0,1358.71,1360.0,1401.0,-41.0,-2.9265,93142.75,12823821.843,0.5,0.5,,,,,
600519.SH,20221031,1350.0,1382.01,1333.0,1350.0,1360.0,-10.0,-0.7353,71846.65,9758303.071,0.5,0.5,,,,,
600519.SH,20221101,1359.0,1469.4,1359.0,1462.01,1350.0,112.01,8.297,118766.48,16859775.304,0.5,0.5,,,,,
600519.SH,20221102,1460.0,1506.0,1436.0,1471.96,1462.01,9.95,0.6806,79777.15,11717204.099,0.5,0.5,,,,,
600519.SH,20221103,1443.57,1462.5,1428.1,1439.5,1471.96,-32.46,-2.2052,45159.7,6509550.787,0.5,0.5,,,,,
600519.SH,20221104,1437.96,1527.77,1437.96,1516.57,1439.5,77.07,5.3539,80007.95,11996968.945,0.5,0.5,,,,,
600519.SH,20221107,1494.05,1518.48,1486.59,1507.11,1516.57,-9.46,-0.6238,42698.35,6414049.133,0.5,0.5,,,,,
600519.SH,20221108,1508.0,1517.99,1468.96,1484.88,1507.11,-22.23,-1.475,39324.91,5842320.995,0.5,0.5,,,,,
600519.SH,20221109,1483.95,1488.88,1450.0,1459.9,1484.88,-24.98,-1.6823,36090.16,5276777.53,0.5,0.5,,,,,
600519.SH,20221110,1444.0,1485.0,1435.15,1475.0,1459.9,15.1,1.0343,37719.67,5518325.849,0.5,0.5,,,,,
600519.SH,20221111,1528.0,1544.45,1494.98,1528.15,1475.0,53.15,3.6034,73947.15,11252112.275,0.5,0.5,,,,,
600519.SH,20221114,1543.5,1563.53,1528.0,1533.0,1528.15,4.85,0.3174,57370.15,8858049.581,0.5,0.5,,,,,
600519.SH,20221115,1532.0,1598.97,1521.0,1588.0,1533.0,55.0,3.5877,56317.6,8858377.894,0.5,0.5,,,,,
600519.SH,20221116,1581.0,1598.0,1568.0,1585.25,1588.0,-2.75,-0.1732,26847.76,4250886.805,0.5,0.5,,,,,
600519.SH,20221117,1590.5,1596.3,1552.88,1567.0,1585.25,-18.25,-1.1512,30579.88,4793001.162,0.5,0.5,,,,,
600519.SH,20221118,1576.0,1584.0,1556.0,1567.13,1567.0,0.13,0.0083,23608.71,3703793.426,0.5,0.5,,,,,
600519.SH,20221121,1541.35,1541.35,1498.53,1519.98,1567.13,-47.15,-3.0087,39096.0,5917086.07,0.5,0.5,,,,,
600519.SH,20221122,1517.44,1559.74,1516.11,1539.95,1519.98,19.97,1.3138,29900.62,4582790.131,0.5,0.5,,,,,
600519.SH,20221123,1528.0,1557.0,1521.04,1549.0,1539.95,9.05,0.5877,22177.46,3428793.052,0.5,0.5,,,,,
600519.SH,20221124,1559.0,1568.88,1513.98,1519.99,1549.0,-29.01,-1.8728,27687.38,4241974.248,0.5,0.5,,,,,
600519.SH,20221125,1520.51,1532.0,1510.0,1522.01,1519.99,2.02,0.1329,18621.04,2833988.373,0.5,0.5,,,,,
600519.SH,20221128,1484.78,1515.0,1451.0,1509.88,1522.01,-12.13,-0.797,47723.21,7040991.068,0.5,0.5,,,,,
600519.SH,20221129,1569.56,1600.0,1551.0,1599.0,1509.88,89.12,5.9025,73420.13,11587859.176,0.5,0.5,,,,,
600519.SH,20221130,1587.12,1604.0,1585.0,1599.0,1599.0,0.0,0.0,31497.3,5019450.678,0.5,0.5,,,,,
600519.SH,20221201,1660.0,1680.0,1630.79,1630.8,1599.0,31.8,1.9887,51357.68,8480772.923,0.5,0.5,,,,,
600519.SH,20221202,1635.0,1652.99,1621.2,1633.88,1630.8,3.08,0.1889,23883.9,3910860.618,0.5,0.5,,,,,
600519.SH,20221205,1668.0,1679.0,1649.0,1664.9,1633.88,31.02,1.8985,36127.46,6018521.304,0.5,0.5,,,,,
600519.SH,20221206,1655.0,1726.9,1652.0,1688.0,1664.9,23.1,1.3875,44147.48,7477917.194,0.5,0.5,,,,,
600519.SH,20221207,1677.81,1720.0,1670.03,1684.0,1688.0,-4.0,-0.237,35526.26,6012253.045,0.5,0.5,,,,,
600519.SH,20221208,1682.0,1695.0,1665.0,1687.02,1684.0,3.02,0.1793,19729.56,3323420.877,0.5,0.5,,,,,
600519.SH,20221209,1692.0,1730.0,1682.0,1730.0,1687.02,42.98,2.5477,39215.26,6716944.493,0.5,0.5,,,,,
600519.SH,20221212,1715.86,1766.0,1715.0,1739.02,1730.0,9.02,0.5214,34755.17,6063957.619,0.5,0.5,,,,,
600519.SH,20221213,1737.0,1760.69,1730.0,1750.0,1739.02,10.98,0.6314,21385.46,3735089.152,0.5,0.5,,,,,
600519.SH,20221214,1743.0,1780.8,1743.0,1770.87,1750.0,20.87,1.1926,29098.4,5141262.368,0.5,0.5,,,,,
600519.SH,20221215,1805.0,1816.0,1780.0,1786.99,1770.87,16.12,0.9103,30634.44,5497063.39,0.5,0.5,,,,,
600519.SH,20221216,1773.25,1791.0,1743.0,1786.87,1786.99,-0.12,-0.0067,33302.66,5901587.128,0.5,0.5,,,,,
600519.SH,20221219,1798.8,1798.8,1760.17,1773.0,1786.87,-13.87,-0.7762,24987.1,4447236.356,0.5,0.5,,,,,
600519.SH,20221220,1765.33,1765.33,1682.45,1715.0,1773.0,-58.0,-3.2713,46198.4,7944120.661,0.5,0.5,,,,,
600519.SH,20221221,1724.0,1739.0,1717.65,1739.0,1715.0,24.0,1.3994,22816.14,3948926.227,0.5,0.5,,,,,
600519.SH,20221222,1756.7,1783.0,1745.0,1768.0,1739.0,29.0,1.6676,23175.34,4093861.57,0.5,0.5,,,,,
600519.SH,20221223,1752.4,1782.0,1745.0,1771.0,1768.0,3.0,0.1697,17319.21,3063608.409,0.5,0.5,,,,,
600519.SH,20221226,1771.0,1771.0,1735.02,1742.06,1771.0,-28.94,-1.6341,21383.8,3749121.03,0.5,0.5,,,,,
600519.SH,20221227,1738.0,1747.15,1725.5,1733.0,1720.15,12.85,0.747,17905.05,3109270.166,0.5,0.5,,,,,
600519.SH,20221228,1745.88,1747.0,1708.01,1733.0,1733.0,0.0,0.0,21437.9,3699948.995,0.5,0.5,,,,,
600519.SH,20221229,1717.0,1726.99,1701.05,1719.0,1733.0,-14.0,-0.8078,22417.8,3844499.655,0.5,0.5,,,,,
600519.SH,20221230,1736.0,1752.99,1727.0,1727.0,1719.0,8.0,0.4654,25333.12,4409544.297,0.5,0.5,,,,,
600519.SH,20230103,1731.2,1738.43,1706.01,1730.01,1727.0,3.01,0.1743,26033.8,4487760.231,0.5,0.5,,,,,
600519.SH,20230104,1730.0,1738.7,1716.0,1725.01,1730.01,-5.0,-0.289,20415.75,3523582.306,0.5,0.5,,,,,
600519.SH,20230105,1737.0,1801.0,1733.0,1801.0,1725.01,75.99,4.4052,47942.85,8541587.089,0.5,0.5,,,,,
600519.SH,20230106,1806.12,1811.9,1787.0,1803.77,1801.0,2.77,0.1538,24903.75,4480838.898,0.5,0.5,,,,,
600519.SH,20230109,1835.0,1849.98,1807.82,1841.2,1803.77,37.43,2.0751,30977.23,5684181.147,0.5,0.5,,,,,
600519.SH,20230110,1839.06,1864.5,1830.5,1854.45,1841.2,13.25,0.7196,22731.73,4204783.734,0.5,0.5,,,,,
600519.SH,20230111,1856.0,1860.0,1836.84,1844.95,1854.45,-9.5,-0.5123,22720.31,4201487.773,0.5,0.5,,,,,
600519.SH,20230112,1848.0,1856.0,1833.0,1834.0,1844.95,-10.95,-0.5935,17193.17,3162637.136,0.5,0.5,,,,,
600519.SH,20230113,1844.18,1888.0,1840.0,1887.0,1834.0,53.0,2.8899,31939.65,5969876.222,0.5,0.5,,,,,
600519.SH,20230116,1886.0,1935.0,1881.0,1912.9,1887.0,25.9,1.3725,36848.26,7059982.64,0.5,0.5,,,,,
600519.SH,20230117,1913.16,1923.0,1895.0,1908.0,1912.9,-4.9,-0.2562,21299.23,4068321.409,0.5,0.5,,,,,
600519.SH,20230118,1914.0,1925.3,1890.0,1893.0,1908.0,-15.0,-0.7862,21062.93,4008665.438,0.5,0.5,,,,,
600519.SH,20230119,1892.5,1892.52,1866.0,1880.21,1893.0,-12.79,-0.6756,23438.89,4401994.437,0.5,0.5,,,,,
600519.SH,20230120,1889.19,1898.25,1858.0,1860.01,1880.21,-20.2,-1.0743,25608.75,4807356.071,0.5,0.5,,,,,
600519.SH,20230130,1909.0,1909.0,1880.0,1888.0,1860.01,27.99,1.5048,35922.55,6799756.571,0.5,0.5,,,,,
600519.SH,20230131,1896.5,1899.95,1833.07,1845.76,1888.0,-42.24,-2.2373,32990.68,6128311.548,0.5,0.5,,,,,
600519.SH,20230201,1854.98,1859.0,1811.4,1844.97,1845.76,-0.79,-0.0428,33973.89,6244678.925,0.5,0.5,,,,,
600519.SH,20230202,1848.38,1859.0,1826.0,1836.11,1844.97,-8.86,-0.4802,29758.86,5465509.51,0.5,0.5,,,,,
600519.SH,20230203,1820.0,1826.0,1795.68,1818.0,1836.11,-18.11,-0.9863,34944.9,6324635.031,0.5,0.5,,,,,
600519.SH,20230206,1780.0,1795.0,1760.0,1795.0,1818.0,-23.0,-1.2651,42660.95,7595739.044,0.5,0.5,,,,,
600519.SH,20230207,1808.08,1808.8,1787.73,1797.0,1795.0,2.0,0.1114,24321.71,4373671.735,0.5,0.5,,,,,
600519.SH,20230208,1800.01,1805.97,1775.0,1784.0,1797.0,-13.0,-0.7234,16675.77,2980574.806,0.5,0.5,,,,,
600519.SH,20230209,1778.0,1829.75,1775.01,1818.0,1784.0,34.0,1.9058,29753.66,5401399.088,0.5,0.5,,,,,
600519.SH,20230210,1810.1,1818.49,1801.05,1810.0,1818.0,-8.0,-0.44,17984.51,3253859.317,0.5,0.5,,,,,
600519.SH,20230213,1810.0,1874.5,1810.0,1856.35,1810.0,46.35,2.5608,38146.7,7058382.498,0.5,0.5,,,,,
600519.SH,20230214,1856.46,1857.4,1835.0,1843.79,1856.35,-12.56,-0.6766,19565.76,3601769.574,0.5,0.5,,,,,
600519.SH,20230215,1843.78,1855.3,1835.81,1841.0,1843.79,-2.79,-0.1513,18176.91,3351422.211,0.5,0.5,,,,,
600519.SH,20230216,1841.34,1887.0,1828.0,1861.82,1841.0,20.82,1.1309,33245.95,6196915.13,0.5,0.5,,,,,
600519.SH,20230217,1850.16,1873.0,1820.05,1820.78,1861.82,-41.04,-2.2043,26442.83,4880328.952,0.5,0.5,,,,,
600519.SH,20230220,1821.0,1878.8,1817.2,1875.0,1820.78,54.22,2.9778,29668.69,5488800.056,0.5,0.5,,,,,
600519.SH,20230221,1874.0,1874.0,1851.0,1867.0,1875.0,-8.0,-0.4267,18750.52,3491633.51,0.5,0.5,,,,,
600519.SH,20230222,1855.01,1863.9,1831.8,1836.0,1867.0,-31.0,-1.6604,21869.16,4031016.045,0.5,0.5,,,,,
600519.SH,20230223,1840.0,1848.8,1805.25,1818.0,1836.0,-18.0,-0.9804,21880.97,3983991.208,0.5,0.5,,,,,
600519.SH,20230224,1810.11,1810.19,1782.18,1788.0,1818.0,-30.0,-1.6502,24634.61,4415621.498,0.5,0.5,,,,,
600519.SH,20230227,1778.5,1815.0,1775.02,1810.41,1788.0,22.41,1.2534,22064.89,3978128.676,0.5,0.5,,,,,
600519.SH,20230228,1819.0,1822.01,1783.3,1813.74,1810.41,3.33,0.1839,23951.81,4314877.096,0.5,0.5,,,,,
600519.SH,20230301,1813.0,1848.0,1803.23,1838.53,1813.74,24.79,1.3668,24458.1,4475592.195,0.5,0.5,,,,,
600519.SH,20230302,1829.0,1838.99,1821.1,1828.0,1838.53,-10.53,-0.5727,13144.19,2405292.304,0.5,0.5,,,,,
600519.SH,20230303,1839.77,1841.61,1802.48,1818.04,1828.0,-9.96,-0.5449,16198.06,2946842.659,0.5,0.5,,,,,
600519.SH,20230306,1818.18,1818.5,1796.77,1807.14,1818.04,-10.9,-0.5995,20645.86,3730079.522,0.5,0.5,,,,,
600519.SH,20230307,1805.98,1816.6,1788.0,1788.3,1807.14,-18.84,-1.0425,22785.39,4101302.456,0.5,0.5,,,,,
600519.SH,20230308,1780.02,1785.94,1761.12,1770.42,1788.3,-17.88,-0.9998,22763.7,4035787.172,0.5,0.5,,,,,
600519.SH,20230309,1768.0,1785.0,1740.0,1770.02,1770.42,-0.4,-0.0226,27611.5,4881442.71,0.5,0.5,,,,,
600519.SH,20230310,1751.57,1781.0,1750.0,1750.0,1770.02,-20.02,-1.1311,21160.82,3725139.075,0.5,0.5,,,,,
600519.SH,20230313,1751.0,1775.0,1749.0,1762.0,1750.0,12.0,0.6857,20560.43,3626476.291,0.5,0.5,,,,,
600519.SH,20230314,1763.78,1779.88,1738.5,1766.0,1762.0,4.0,0.227,23704.92,4177289.027,0.5,0.5,,,,,
600519.SH,20230315,1778.37,1784.88,1750.12,1750.92,1766.0,-15.08,-0.8539,19212.53,3392698.49,0.5,0.5,,,,,
600519.SH,20230316,1740.0,1770.0,1739.01,1751.99,1750.92,1.07,0.0611,17646.24,3096791.142,0.5,0.5,,,,,
600519.SH,20230317,1770.0,1775.89,1736.0,1742.0,1751.99,-9.99,-0.5702,27022.91,4744249.369,0.5,0.5,,,,,
600519.SH,20230320,1751.0,1755.0,1728.0,1729.6,1742.0,-12.4,-0.7118,20490.93,3557872.017,0.5,0.5,,,,,
600519.SH,20230321,1735.0,1785.85,1723.97,1775.0,1729.6,45.4,2.6249,31141.82,5491052.284,0.5,0.5,,,,,
600519.SH,20230322,1780.0,1793.0,1765.55,1773.35,1775.0,-1.65,-0.093,15330.26,2727648.674,0.5,0.5,,,,,
600519.SH,20230323,1766.0,1791.11,1765.01,1774.86,1773.35,1.51,0.0851,17355.66,3082821.551,0.5,0.5,,,,,
600519.SH,20230324,1769.08,1783.6,1766.0,1778.62,1774.86,3.76,0.2118,12769.96,2269649.179,0.5,0.5,,,,,
600519.SH,20230327,1778.6,1778.6,1756.0,1767.79,1778.62,-10.83,-0.6089,15295.55,2700755.933,0.5,0.5,,,,,
600519.SH,20230328,1770.0,1790.0,1765.02,1781.8,1767.79,14.01,0.7925,17261.35,3073113.077,0.5,0.5,,,,,
600519.SH,20230329,1799.0,1800.0,1785.07,1790.0,1781.8,8.2,0.4602,15392.99,2761909.333,0.5,0.5,,,,,
600519.SH,20230330,1793.0,1805.0,1779.0,1800.0,1790.0,10.0,0.5587,19257.01,3453573.052,0.5,0.5,,,,,
600519.SH,20230331,1825.0,1848.0,1819.0,1820.0,1800.0,20.0,1.1111,27446.33,5024790.356,0.5,0.5,,,,,
600519.SH,20230403,1825.0,1827.77,1800.08,1802.07,1820.0,-17.93,-0.9852,21417.43,3875811.673,0.5,0.5,,,,,
600519.SH,20230404,1812.0,1815.17,1787.0,1814.59,1802.07,12.52,0.6948,20066.26,3614275.263,0.5,0.5,,,,,
600519.SH,20230406,1805.0,1815.9,1788.22,1796.96,1814.59,-17.63,-0.9716,14874.22,2676251.956,0.5,0.5,,,,,
600519.SH,20230407,1795.0,1806.01,1788.34,1790.99,1796.96,-5.97,-0.3322,13524.68,2428160.574,0.5,0.5,,,,,
600519.SH,20230410,1790.88,1790.88,1744.0,1771.7,1790.99,-19.29,-1.0771,29418.22,5171150.567,0.5,0.5,,,,,
600519.SH,20230411,1793.0,1793.0,1744.0,1745.5,1771.7,-26.2,-1.4788,29209.19,5138854.627,0.5,0.5,,,,,
600519.SH,20230412,1747.26,1750.0,1692.82,1694.1,1745.5,-51.4,-2.9447,51104.92,8732657.376,0.5,0.5,,,,,
600519.SH,20230413,1690.0,1723.59,1684.01,1723.0,1694.1,28.9,1.7059,29542.68,5049310.126,0.5,0.5,,,,,
600519.SH,20230414,1726.0,1733.0,1704.8,1713.42,1723.0,-9.58,-0.556,21231.62,3646526.766,0.5,0.5,,,,,
600519.SH,20230417,1740.0,1753.0,1728.0,1753.0,1713.42,39.58,2.31,30467.23,5303401.395,0.5,0.5,,,,,
600519.SH,20230418,1753.0,1769.0,1746.02,1758.0,1753.0,5.0,0.2852,18313.89,3220107.647,0.5,0.5,,,,,
600519.SH,20230419,1762.0,1765.5,1750.0,1759.0,1758.0,1.0,0.0569,14600.56,2568632.845,0.5,0.5,,,,,
600519.SH,20230420,1760.11,1765.0,1729.0,1741.88,1759.0,-17.12,-0.9733,19885.37,3468366.835,0.5,0.5,,,,,
600519.SH,20230421,1746.0,1748.08,1721.28,1725.47,1741.88,-16.41,-0.9421,18517.87,3210937.222,0.5,0.5,,,,,
600519.SH,20230424,1721.0,1722.0,1701.0,1705.0,1725.47,-20.47,-1.1863,20230.91,3456728.718,0.5,0.5,,,,,
600519.SH,20230425,1706.0,1735.98,1702.0,1730.38,1705.0,25.38,1.4886,20582.51,3534989.917,0.5,0.5,,,,,
600519.SH,20230426,1744.0,1761.0,1720.0,1743.91,1730.38,13.53,0.7819,27891.6,4861477.657,0.5,0.5,,,,,
600519.SH,20230427,1748.0,1770.0,1730.0,1757.92,1743.91,14.01,0.8034,25605.04,4489906.864,0.5,0.5,,,,,
600519.SH,20230428,1763.01,1782.77,1753.97,1760.52,1757.92,2.6,0.1479,26224.64,4636084.177,0.5,0.5,,,,,
600519.SH,20230504,1769.0,1777.67,1736.0,1749.9,1760.52,-10.62,-0.6032,27466.42,4818999.65,0.5,0.5,,,,,
600519.SH,20230505,1766.0,1766.0,1736.39,1750.0,1749.9,0.1,0.0057,20714.21,3621305.973,0.5,0.5,,,,,
600519.SH,20230508,1768.32,1769.0,1717.17,1720.52,1750.0,-29.48,-1.6846,33171.26,5742915.994,0.5,0.5,,,,,
600519.SH,20230509,1715.0,1739.98,1707.07,1722.0,1720.52,1.48,0.086,29377.96,5057346.564,0.5,0.5,,,,,
600519.SH,20230510,1715.19,1736.0,1715.0,1725.0,1722.0,3.0,0.1742,20772.6,3588550.877,0.5,0.5,,,,,
600519.SH,20230511,1731.0,1735.0,1715.0,1717.07,1725.0,-7.93,-0.4597,15246.12,2623835.905,0.5,0.5,,,,,
600519.SH,20230512,1715.0,1729.88,1705.01,1706.4,1717.07,-10.67,-0.6214,19460.45,3335038.59,0.5,0.5,,,,,
600519.SH,20230515,1702.0,1717.0,1691.2,1716.3,1706.4,9.9,0.5802,25740.18,4384647.977,0.5,0.5,,,,,
600519.SH,20230516,1713.99,1719.99,1697.0,1703.29,1716.3,-13.01,-0.758,22223.77,3785811.907,0.5,0.5,,,,,
600519.SH,20230517,1708.0,1713.0,1699.01,1701.0,1703.29,-2.29,-0.1344,16776.91,2858697.942,0.5,0.5,,,,,
600519.SH,20230518,1704.99,1705.4,1690.0,1691.0,1701.0,-10.0,-0.5879,19219.28,3260170.684,0.5,0.5,,,,,
600519.SH,20230519,1671.0,1704.33,1655.55,1699.5,1691.0,8.5,0.5027,26741.16,4504022.549,0.5,0.5,,,,,
600519.SH,20230522,1690.01,1752.0,1690.0,1746.0,1699.5,46.5,2.7361,41284.32,7165754.129,0.5,0.5,,,,,
600519.SH,20230523,1753.99,1754.0,1724.55,1724.55,1746.0,-21.45,-1.2285,16894.21,2934118.394,0.5,0.5,,,,,
600519.SH,20230524,1732.33,1733.55,1710.11,1710.9,1724.55,-13.65,-0.7915,18479.27,3182416.491,0.5,0.5,,,,,
600519.SH,20230525,1705.99,1710.0,1690.0,1701.0,1710.9,-9.9,-0.5786,22465.6,3814504.093,0.5,0.5,,,,,
600519.SH,20230526,1702.0,1705.0,1675.01,1690.56,1701.0,-10.44,-0.6138,18291.1,3090691.546,0.5,0.5,,,,,
600519.SH,20230529,1697.0,1698.35,1678.0,1689.0,1690.56,-1.56,-0.0923,17771.41,2998147.159,0.5,0.5,,,,,
600519.SH,20230530,1689.0,1698.89,1658.56,1668.29,1689.0,-20.71,-1.2262,26453.4,4424706.688,0.5,0.5,,,,,
600519.SH,20230531,1661.01,1665.72,1626.67,1628.9,1668.29,-39.39,-2.3611,36956.97,6053737.281,0.5,0.5,,,,,
600519.SH,20230601,1618.0,1674.99,1618.0,1635.92,1628.9,7.02,0.431,28645.25,4708722.933,0.5,0.5,,,,,
600519.SH,20230602,1645.0,1673.15,1636.11,1670.6,1635.92,34.68,2.1199,25058.02,4163116.244,0.5,0.5,,,,,
600519.SH,20230605,1666.16,1682.88,1663.0,1665.0,1670.6,-5.6,-0.3352,16200.5,2704294.313,0.5,0.5,,,,,
600519.SH,20230606,1670.0,1684.0,1651.55,1666.99,1665.0,1.99,0.1195,19913.92,3326778.183,0.5,0.5,,,,,
600519.SH,20230607,1672.99,1678.8,1650.0,1650.9,1666.99,-16.09,-0.9652,17889.64,2971782.064,0.5,0.5,,,,,
600519.SH,20230608,1655.83,1675.0,1650.01,1668.0,1650.9,17.1,1.0358,14702.72,2441569.677,0.5,0.5,,,,,
600519.SH,20230609,1671.99,1677.97,1666.0,1666.0,1668.0,-2.0,-0.1199,17580.41,2938014.322,0.5,0.5,,,,,
600519.SH,20230612,1666.02,1708.0,1661.52,1696.0,1666.0,30.0,1.8007,27029.44,4562308.599,0.5,0.5,,,,,
600519.SH,20230613,1693.88,1704.61,1685.0,1699.0,1696.0,3.0,0.1769,14662.54,2485398.902,0.5,0.5,,,,,
600519.SH,20230614,1719.0,1734.24,1706.21,1726.88,1699.0,27.88,1.641,31505.8,5438040.356,0.5,0.5,,,,,
600519.SH,20230615,1730.34,1755.65,1723.0,1755.0,1726.88,28.12,1.6284,25222.57,4395900.802,0.5,0.5,,,,,
600519.SH,20230616,1757.0,1800.0,1750.1,1797.69,1755.0,42.69,2.4325,37917.89,6742301.361,0.5,0.5,,,,,
600519.SH,20230619,1790.0,1797.95,1738.0,1744.0,1797.69,-53.69,-2.9866,31699.92,5584248.725,0.5,0.5,,,,,
600519.SH,20230620,1740.0,1765.0,1735.0,1743.46,1744.0,-0.54,-0.031,20946.74,3659824.529,0.5,0.5,,,,,
600519.SH,20230621,1740.0,1756.6,1735.0,1735.83,1743.46,-7.63,-0.4376,17720.61,3088635.934,0.5,0.5,,,,,
600519.SH,20230626,1720.11,1730.0,1695.0,1709.0,1735.83,-26.83,-1.5457,23992.68,4098619.51,0.5,0.5,,,,,
600519.SH,20230627,1709.99,1719.7,1700.09,1711.05,1709.0,2.05,0.12,15174.46,2598138.744,0.5,0.5,,,,,
600519.SH,20230628,1713.18,1734.0,1711.0,1728.38,1711.05,17.33,1.0128,18573.56,3199294.221,0.5,0.5,,,,,
600519.SH,20230629,1731.0,1734.99,1713.01,1713.71,1728.38,-14.67,-0.8488,14231.16,2446524.134,0.5,0.5,,,,,
600519.SH,20230630,1700.0,1708.99,1686.48,1691.0,1687.8,3.2,0.1896,20458.69,3472586.73,0.5,0.5,,,,,
600519.SH,20230703,1699.0,1725.28,1692.0,1724.1,1691.0,33.1,1.9574,19139.09,3286737.792,0.5,0.5,,,,,
600519.SH,20230704,1724.2,1734.44,1718.08,1730.6,1724.1,6.5,0.377,12472.38,2155553.635,0.5,0.5,,,,,
600519.SH,20230705,1730.0,1731.97,1700.0,1715.38,1730.6,-15.22,-0.8795,14745.39,2523960.725,0.5,0.5,,,,,
600519.SH,20230706,1709.16,1733.0,1700.0,1702.98,1715.38,-12.4,-0.7229,15140.62,2589459.002,0.5,0.5,,,,,
600519.SH,20230707,1701.0,1708.99,1690.0,1690.03,1702.98,-12.95,-0.7604,15167.42,2571458.553,0.5,0.5,,,,,
600519.SH,20230710,1705.0,1714.96,1700.0,1700.9,1690.03,10.87,0.6432,13477.41,2298241.728,0.5,0.5,,,,,
600519.SH,20230711,1710.0,1715.17,1702.1,1710.0,1700.9,9.1,0.535,12582.7,2151079.27,0.5,0.5,,,,,
600519.SH,20230712,1713.04,1723.0,1711.33,1713.8,1710.0,3.8,0.2222,13284.67,2280785.351,0.5,0.5,,,,,
600519.SH,20230713,1721.99,1745.41,1719.01,1738.4,1713.8,24.6,1.4354,25806.54,4479772.5,0.5,0.5,,,,,
600519.SH,20230714,1756.0,1758.5,1741.2,1753.0,1738.4,14.6,0.8399,18550.3,3245530.255,0.5,0.5,,,,,
600519.SH,20230717,1751.0,1751.0,1726.6,1729.97,1753.0,-23.03,-1.3137,14336.48,2482069.846,0.5,0.5,,,,,
600519.SH,20230718,1733.58,1734.51,1721.0,1722.8,1729.97,-7.17,-0.4145,14737.65,2544005.063,0.5,0.5,,,,,
600519.SH,20230719,1715.01,1728.0,1713.8,1723.0,1722.8,0.2,0.0116,12483.22,2147704.435,0.5,0.5,,,,,
600519.SH,20230720,1727.99,1748.98,1722.0,1724.0,1723.0,1.0,0.058,16692.65,2897176.49,0.5,0.5,,,,,
600519.SH,20230721,1731.88,1772.5,1726.0,1771.3,1724.0,47.3,2.7436,39377.4,6931535.726,0.5,0.5,,,,,
600519.SH,20230724,1750.52,1771.15,1750.52,1771.15,1771.3,-0.15,-0.0085,19713.37,3476648.177,0.5,0.5,,,,,
600519.SH,20230725,1800.0,1828.88,1799.99,1828.55,1771.15,57.4,3.2408,43086.46,7837450.019,0.5,0.5,,,,,
600519.SH,20230726,1828.55,1835.99,1815.08,1828.55,1828.55,0.0,0.0,19611.45,3580171.484,0.5,0.5,,,,,
600519.SH,20230727,1836.0,1854.79,1828.7,1838.03,1828.55,9.48,0.5184,20340.43,3749635.29,0.5,0.5,,,,,
600519.SH,20230728,1832.0,1900.0,1828.01,1897.0,1838.03,58.97,3.2083,39017.92,7330314.112,0.5,0.5,,,,,
600519.SH,20230731,1908.0,1935.0,1874.0,1880.58,1897.0,-16.42,-0.8656,45378.61,8615279.839,0.5,0.5,,,,,
600519.SH,20230801,1878.01,1906.95,1877.89,1889.0,1880.58,8.42,0.4477,19230.62,3635857.283,0.5,0.5,,,,,
600519.SH,20230802,1883.4,1890.0,1866.8,1880.0,1889.0,-9.0,-0.4764,18508.72,3478674.239,0.5,0.5,,,,,
600519.SH,20230803,1870.0,1890.0,1850.5,1878.47,1880.0,-1.53,-0.0814,21543.47,4031087.705,0.5,0.5,,,,,
600519.SH,20230804,1887.82,1906.52,1882.0,1893.47,1878.47,15.0,0.7985,24573.64,4655813.751,0.5,0.5,,,,,
600519.SH,20230807,1880.95,1898.0,1871.03,1887.93,1893.47,-5.54,-0.2926,23892.45,4491893.14,0.5,0.5,,,,,
600519.SH,20230808,1880.03,1893.71,1864.08,1890.0,1887.93,2.07,0.1096,17736.18,3333559.505,0.5,0.5,,,,,
600519.SH,20230809,1890.0,1905.0,1882.96,1890.28,1890.0,0.28,0.0148,18523.46,3506306.394,0.5,0.5,,,,,
600519.SH,20230810,1882.0,1889.0,1862.3,1875.0,1890.28,-15.28,-0.8083,18436.19,3454219.14,0.5,0.5,,,,,
600519.SH,20230811,1885.0,1885.4,1833.88,1834.0,1875.0,-41.0,-2.1867,26786.49,4959166.751,0.5,0.5,,,,,
600519.SH,20230814,1810.0,1824.98,1796.0,1803.0,1834.0,-31.0,-1.6903,23731.19,4285362.053,0.5,0.5,,,,,
600519.SH,20230815,1809.0,1818.0,1801.01,1812.98,1803.0,9.98,0.5535,14817.99,2682125.119,0.5,0.5,,,,,
600519.SH,20230816,1807.58,1823.35,1806.0,1820.0,1812.98,7.02,0.3872,13184.31,2396261.791,0.5,0.5,,,,,
600519.SH,20230817,1806.08,1834.0,1801.55,1828.05,1820.0,8.05,0.4423,17290.37,3141408.018,0.5,0.5,,,,,
600519.SH,20230818,1831.99,1834.99,1802.59,1802.59,1828.05,-25.46,-1.3927,17023.34,3084761.577,0.5,0.5,,,,,
600519.SH,20230821,1793.0,1813.99,1790.07,1791.0,1802.59,-11.59,-0.643,18911.81,3405415.645,0.5,0.5,,,,,
600519.SH,20230822,1800.99,1802.56,1771.02,1788.0,1791.0,-3.0,-0.1675,26650.36,4763131.152,0.5,0.5,,,,,
600519.SH,20230823,1797.0,1800.0,1770.08,1774.0,1788.0,-14.0,-0.783,19912.22,3556178.584,0.5,0.5,,,,,
600519.SH,20230824,1779.62,1828.0,1775.0,1816.3,1774.0,42.3,2.3844,26055.09,4703417.6,0.5,0.5,,,,,
600519.SH,20230825,1808.79,1837.77,1806.01,1824.98,1816.3,8.68,0.4779,18830.86,3433296.756,0.5,0.5,,,,,
600519.SH,20230828,1898.58,1898.58,1831.88,1834.97,1824.98,9.99,0.5474,41052.13,7633221.012,0.5,0.5,,,,,
600519.SH,20230829,1828.0,1869.08,1828.0,1851.33,1834.97,16.36,0.8916,28950.28,5371260.173,0.5,0.5,,,,,
600519.SH,20230830,1867.9,1868.0,1843.66,1856.0,1851.33,4.67,0.2523,19811.81,3672570.26,0.5,0.5,,,,,
600519.SH,20230831,1860.0,1860.0,1841.01,1847.0,1856.0,-9.0,-0.4849,14820.22,2738445.519,0.5,0.5,,,,,
600519.SH,20230901,1852.83,1865.47,1846.03,1851.05,1847.0,4.05,0.2193,13145.19,2438622.738,0.5,0.5,,,,,
600519.SH,20230904,1862.6,1879.94,1853.53,1866.0,1851.05,14.95,0.8076,23871.0,4453823.216,0.5,0.5,,,,,
600519.SH,20230905,1868.0,1868.0,1856.8,1858.7,1866.0,-7.3,-0.3912,15658.74,2915625.961,0.5,0.5,,,,,
600519.SH,20230906,1858.0,1866.66,1849.01,1861.0,1858.7,2.3,0.1237,11121.43,2067605.99,0.5,0.5,,,,,
600519.SH,20230907,1852.6,1856.89,1831.19,1838.0,1861.0,-23.0,-1.2359,16981.57,3128587.116,0.5,0.5,,,,,
600519.SH,20230908,1834.94,1834.94,1814.95,1818.5,1838.0,-19.5,-1.0609,12211.78,2224338.144,0.5,0.5,,,,,
600519.SH,20230911,1808.0,1840.0,1808.0,1822.17,1818.5,3.67,0.2018,15926.0,2902617.736,0.5,0.5,,,,,
600519.SH,20230912,1826.6,1826.98,1816.02,1819.96,1822.17,-2.21,-0.1213,12168.01,2214514.112,0.5,0.5,,,,,
600519.SH,20230913,1829.92,1829.92,1800.05,1819.91,1819.96,-0.05,-0.0027,19501.43,3540583.633,0.5,0.5,,,,,
600519.SH,20230914,1822.53,1826.98,1806.0,1818.69,1819.91,-1.22,-0.067,17504.59,3180447.848,0.5,0.5,,,,,
600519.SH,20230915,1819.0,1819.78,1781.3,1781.99,1818.69,-36.7,-2.0179,28431.46,5105749.077,0.5,0.5,,,,,
600519.SH,20230918,1776.31,1829.5,1773.0,1829.2,1781.99,47.21,2.6493,32558.92,5905121.0,0.5,0.5,,,,,
600519.SH,20230919,1822.2,1829.0,1808.0,1826.94,1829.2,-2.26,-0.1236,14989.5,2727858.953,0.5,0.5,,,,,
600519.SH,20230920,1822.0,1830.0,1818.05,1824.0,1826.94,-2.94,-0.1609,12501.78,2281583.949,0.5,0.5,,,,,
600519.SH,20230921,1818.01,1822.0,1798.39,1798.39,1824.0,-25.61,-1.4041,19489.19,3521486.755,0.5,0.5,,,,,
600519.SH,20230922,1805.63,1849.96,1792.41,1849.0,1798.39,50.61,2.8142,34390.46,6287832.575,0.5,0.5,,,,,
600519.SH,20230925,1847.5,1848.0,1826.59,1832.38,1849.0,-16.62,-0.8989,13979.13,2565773.541,0.5,0.5,,,,,
600519.SH,20230926,1828.0,1834.88,1813.1,1816.0,1832.38,-16.38,-0.8939,15761.96,2870852.363,0.5,0.5,,,,,
600519.SH,20230927,1815.0,1833.5,1802.8,1814.0,1816.0,-2.0,-0.1101,20879.94,3791876.119,0.5,0.5,,,,,
600519.SH,20230928,1824.98,1824.98,1797.8,1798.55,1814.0,-15.45,-0.8517,20537.84,3704812.96,0.5,0.5,,,,,
600519.SH,20231009,1796.94,1796.94,1764.9,1777.0,1798.55,-21.55,-1.1982,29762.68,5279950.406,0.5,0.5,,,,,
600519.SH,20231010,1782.89,1798.98,1768.0,1770.0,1777.0,-7.0,-0.3939,20283.92,3615557.182,0.5,0.5,,,,,
600519.SH,20231011,1784.65,1784.65,1768.0,1778.5,1770.0,8.5,0.4802,21944.86,3896568.648,0.5,0.5,,,,,
600519.SH,20231012,1797.9,1798.23,1777.2,1786.0,1778.5,7.5,0.4217,14865.07,2657095.942,0.5,0.5,,,,,
600519.SH,20231013,1770.88,1778.01,1738.19,1751.0,1786.0,-35.0,-1.9597,25027.88,4387687.934,0.5,0.5,,,,,
600519.SH,20231016,1750.98,1756.0,1722.45,1729.9,1751.0,-21.1,-1.205,20789.65,3603604.61,0.5,0.5,,,,,
600519.SH,20231017,1739.0,1739.44,1716.0,1726.0,1729.9,-3.9,-0.2254,14945.23,2577312.288,0.5,0.5,,,,,
600519.SH,20231018,1718.8,1742.0,1717.18,1728.0,1726.0,2.0,0.1159,20317.5,3511987.514,0.5,0.5,,,,,
600519.SH,20231019,1700.0,1700.03,1626.03,1630.0,1728.0,-98.0,-5.6713,73492.37,12146921.769,0.5,0.5,,,,,
600519.SH,20231020,1630.0,1655.0,1616.25,1645.0,1630.0,15.0,0.9202,45376.01,7421390.806,0.5,0.5,,,,,
600519.SH,20231023,1629.97,1660.0,1621.6,1643.98,1645.0,-1.02,-0.062,25234.23,4138279.588,0.5,0.5,,,,,
600519.SH,20231024,1648.0,1653.36,1621.21,1642.95,1643.98,-1.03,-0.0627,29861.46,4894807.617,0.5,0.5,,,,,
600519.SH,20231025,1670.11,1698.0,1667.02,1677.5,1642.95,34.55,2.1029,36178.98,6075417.064,0.5,0.5,,,,,
600519.SH,20231026,1667.0,1688.0,1662.01,1672.23,1677.5,-5.27,-0.3142,22386.35,3741418.874,0.5,0.5,,,,,
600519.SH,20231027,1664.0,1691.88,1660.6,1676.71,1672.23,4.48,0.2679,34262.39,5754795.486,0.5,0.5,,,,,
600519.SH,20231030,1669.0,1688.88,1669.0,1681.0,1676.71,4.29,0.2559,24086.42,4050573.178,0.5,0.5,,,,,
600519.SH,20231031,1680.0,1690.0,1667.85,1684.58,1681.0,3.58,0.213,19858.77,3335804.699,0.5,0.5,,,,,
600519.SH,20231101,1850.0,1850.0,1773.79,1780.99,1684.58,96.41,5.7231,93143.08,16747292.689,0.5,0.5,,,,,
600519.SH,20231102,1795.0,1795.0,1776.06,1779.5,1780.99,-1.49,-0.0837,27907.64,4982090.753,0.5,0.5,,,,,
600519.SH,20231103,1780.0,1814.89,1774.0,1811.24,1779.5,31.74,1.7836,30176.0,5433116.881,0.5,0.5,,,,,
600519.SH,20231106,1820.0,1823.79,1801.12,1812.0,1811.24,0.76,0.042,25523.92,4624102.375,0.5,0.5,,,,,
600519.SH,20231107,1805.0,1810.0,1784.08,1791.17,1812.0,-20.83,-1.1496,19581.59,3511590.028,0.5,0.5,,,,,
600519.SH,20231108,1784.05,1803.8,1782.87,1798.34,1791.17,7.17,0.4003,14545.67,2610041.959,0.5,0.5,,,,,
600519.SH,20231109,1790.11,1799.0,1783.0,1794.11,1798.34,-4.23,-0.2352,12800.48,2291996.819,0.5,0.5,,,,,
600519.SH,20231110,1780.55,1788.0,1773.1,1775.84,1794.11,-18.27,-1.0183,16465.57,2928380.668,0.5,0.5,,,,,
600519.SH,20231113,1772.28,1784.88,1756.98,1764.0,1775.84,-11.84,-0.6667,18369.95,3244573.621,0.5,0.5,,,,,
600519.SH,20231114,1764.0,1774.99,1760.01,1765.27,1764.0,1.27,0.072,12816.75,2263963.957,0.5,0.5,,,,,
600519.SH,20231115,1779.0,1782.89,1767.0,1772.93,1765.27,7.66,0.4339,18434.86,3271230.275,0.5,0.5,,,,,
600519.SH,20231116,1774.0,1776.0,1760.05,1760.05,1772.93,-12.88,-0.7265,12557.57,2215937.273,0.5,0.5,,,,,
600519.SH,20231117,1752.0,1759.0,1737.9,1753.42,1760.05,-6.63,-0.3767,21713.63,3793781.119,0.5,0.5,,,,,
600519.SH,20231120,1755.0,1769.5,1736.66,1762.5,1753.42,9.08,0.5178,18608.04,3265514.01,0.5,0.5,,,,,
600519.SH,20231121,1783.42,1798.0,1770.1,1790.0,1762.5,27.5,1.5603,30098.45,5383107.81,0.5,0.5,,,,,
600519.SH,20231122,1783.3,1794.35,1780.54,1781.51,1790.0,-8.49,-0.4743,12664.57,2263460.167,0.5,0.5,,,,,
600519.SH,20231123,1778.3,1788.0,1771.0,1786.0,1781.51,4.49,0.252,11549.64,2055272.193,0.5,0.5,,,,,
600519.SH,20231124,1789.0,1789.0,1775.0,1777.0,1786.0,-9.0,-0.5039,13085.4,2329345.658,0.5,0.5,,,,,
600519.SH,20231127,1773.3,1773.3,1755.0,1763.0,1777.0,-14.0,-0.7878,16260.74,2865075.217,0.5,0.5,,,,,
600519.SH,20231128,1761.0,1773.88,1758.0,1769.04,1763.0,6.04,0.3426,14519.76,2562905.659,0.5,0.5,,,,,
600519.SH,20231129,1768.0,1776.0,1758.0,1774.71,1769.04,5.67,0.3205,17149.33,3034175.614,0.5,0.5,,,,,
600519.SH,20231130,1776.72,1794.76,1771.08,1791.5,1774.71,16.79,0.9461,21353.42,3817513.545,0.5,0.5,,,,,
600519.SH,20231201,1789.31,1789.7,1748.0,1760.28,1791.5,-31.22,-1.7427,33051.31,5830850.111,0.5,0.5,,,,,
600519.SH,20231204,1760.28,1761.83,1745.28,1750.71,1760.28,-9.57,-0.5437,18440.47,3233102.118,0.5,0.5,,,,,
600519.SH,20231205,1748.78,1748.88,1708.02,1709.0,1750.71,-41.71,-2.3825,29903.01,5168983.317,0.5,0.5,,,,,
600519.SH,20231206,1702.63,1719.47,1701.13,1703.0,1709.0,-6.0,-0.3511,23851.29,4078003.022,0.5,0.5,,,,,
600519.SH,20231207,1704.0,1709.08,1687.3,1700.0,1703.0,-3.0,-0.1762,25041.5,4249170.906,0.5,0.5,,,,,
600519.SH,20231208,1700.0,1708.84,1692.22,1704.92,1700.0,4.92,0.2894,26288.01,4474160.126,0.5,0.5,,,,,
600519.SH,20231211,1690.0,1704.0,1657.0,1698.0,1704.92,-6.92,-0.4059,36830.98,6172810.248,0.5,0.5,,,,,
600519.SH,20231212,1687.6,1709.99,1684.0,1709.99,1698.0,11.99,0.7061,21010.66,3564305.866,0.5,0.5,,,,,
600519.SH,20231213,1705.22,1705.72,1657.08,1660.0,1709.99,-49.99,-2.9234,38788.7,6480807.5,0.5,0.5,,,,,
600519.SH,20231214,1665.96,1669.87,1635.02,1635.9,1660.0,-24.1,-1.4518,40672.15,6703240.107,0.5,0.5,,,,,
600519.SH,20231215,1648.23,1677.77,1644.01,1645.0,1635.9,9.1,0.5563,37092.51,6140791.726,0.5,0.5,,,,,
600519.SH,20231218,1640.0,1663.33,1635.0,1662.0,1645.0,17.0,1.0334,19897.34,3292194.757,0.5,0.5,,,,,
600519.SH,20231219,1665.0,1679.87,1645.09,1675.0,1662.0,13.0,0.7822,22206.76,3706057.587,0.5,0.5,,,,,
600519.SH,20231220,1658.0,1660.0,1643.0,1649.79,1655.89,-6.1,-0.3684,23092.03,3816133.219,0.5,0.5,,,,,
600519.SH,20231221,1640.01,1672.32,1640.01,1670.0,1649.79,20.21,1.225,29011.68,4827827.888,0.5,0.5,,,,,
600519.SH,20231222,1669.7,1679.1,1658.01,1670.65,1670.0,0.65,0.0389,21666.84,3613238.325,0.5,0.5,,,,,
600519.SH,20231225,1671.0,1678.6,1668.0,1672.0,1670.65,1.35,0.0808,12471.06,2086014.39,0.5,0.5,,,,,
600519.SH,20231226,1672.5,1674.9,1657.5,1670.0,1672.0,-2.0,-0.1196,14771.26,2457177.339,0.5,0.5,,,,,
600519.SH,20231227,1668.0,1677.15,1661.0,1667.06,1670.0,-2.94,-0.176,16055.5,2679221.365,0.5,0.5,,,,,
600519.SH,20231228,1670.99,1727.99,1667.06,1724.99,1667.06,57.93,3.475,38338.06,6537401.38,0.5,0.5,,,,,
600519.SH,20231229,1720.0,1749.58,1720.0,1726.0,1724.99,1.01,0.0586,27538.68,4768857.531,0.5,0.5,,,,,
600519.SH,20240102,1715.0,1718.19,1678.1,1685.01,1726.0,-40.99,-2.3749,32156.44,5440082.548,0.5,0.5,,,,,
600519.SH,20240103,1681.11,1695.22,1676.33,1694.0,1685.01,8.99,0.5335,20229.29,3411400.667,0.5,0.5,,,,,
600519.SH,20240104,1693.0,1693.0,1662.93,1669.0,1694.0,-25.0,-1.4758,21551.07,3603970.147,0.5,0.5,,,,,
600519.SH,20240105,1661.33,1678.66,1652.11,1663.36,1669.0,-5.64,-0.3379,20242.86,3373155.627,0.5,0.5,,,,,
600519.SH,20240108,1661.0,1662.0,1640.01,1643.99,1663.36,-19.37,-1.1645,25586.2,4211918.629,0.5,0.5,,,,,
600519.SH,20240109,1641.01,1652.32,1635.07,1641.0,1643.99,-2.99,-0.1819,24412.04,4009826.496,0.5,0.5,,,,,
600519.SH,20240110,1641.1,1659.46,1638.0,1641.5,1641.0,0.5,0.0305,17350.67,2856120.718,0.5,0.5,,,,,
600519.SH,20240111,1640.1,1657.94,1638.06,1646.57,1641.5,5.07,0.3089,16440.55,2708764.5,0.5,0.5,,,,,
600519.SH,20240112,1639.97,1651.26,1639.4,1643.06,1646.57,-3.51,-0.2132,11603.24,1908084.612,0.5,0.5,,,,,
600519.SH,20240115,1635.0,1654.97,1634.45,1640.0,1643.06,-3.06,-0.1862,17854.03,2931202.343,0.5,0.5,,,,,
600519.SH,20240116,1638.5,1647.0,1624.94,1639.43,1640.0,-0.57,-0.0348,25903.14,4236042.96,0.5,0.5,,,,,
600519.SH,20240117,1630.0,1635.48,1577.0,1577.0,1639.43,-62.43,-3.808,51632.76,8251735.591,0.5,0.5,,,,,
600519.SH,20240118,1574.0,1612.8,1555.55,1610.87,1577.0,33.87,2.1477,60439.81,9566349.514,0.5,0.5,,,,,
600519.SH,20240119,1608.87,1638.01,1600.88,1635.0,1610.87,24.13,1.4979,46378.43,7550144.389,0.5,0.5,,,,,
600519.SH,20240122,1629.0,1643.0,1618.88,1642.0,1635.0,7.0,0.4281,46945.89,7678297.836,0.5,0.5,,,,,
600519.SH,20240123,1632.01,1639.95,1609.0,1619.0,1642.0,-23.0,-1.4007,34834.9,5659457.115,0.5,0.5,,,,,
600519.SH,20240124,1629.0,1633.84,1603.56,1626.0,1619.0,7.0,0.4324,33216.35,5373603.703,0.5,0.5,,,,,
600519.SH,20240125,1626.82,1641.0,1622.0,1638.0,1626.0,12.0,0.738,31205.8,5094508.165,0.5,0.5,,,,,
600519.SH,20240126,1630.36,1644.1,1623.0,1637.32,1638.0,-0.68,-0.0415,26954.75,4402111.882,0.5,0.5,,,,,
600519.SH,20240129,1640.3,1660.58,1640.29,1650.0,1637.32,12.68,0.7744,31420.68,5189014.946,0.5,0.5,,,,,
600519.SH,20240130,1649.98,1649.98,1610.0,1613.0,1650.0,-37.0,-2.2424,30866.33,5010784.454,0.5,0.5,,,,,
600519.SH,20240131,1613.0,1619.97,1598.13,1604.91,1613.0,-8.09,-0.5015,29649.12,4770104.891,0.5,0.5,,,,,
600519.SH,20240201,1605.5,1623.89,1601.0,1610.03,1604.91,5.12,0.319,26485.15,4272298.576,0.5,0.5,,,,,
600519.SH,20240202,1615.0,1627.78,1581.0,1596.0,1610.03,-14.03,-0.8714,39382.02,6336691.194,0.5,0.5,,,,,
600519.SH,20240205,1596.0,1637.44,1595.25,1630.01,1596.0,34.01,2.131,53130.36,8590683.071,0.5,0.5,,,,,
600519.SH,20240206,1630.01,1685.48,1626.1,1676.0,1630.01,45.99,2.8215,52472.04,8740646.588,0.5,0.5,,,,,
600519.SH,20240207,1681.03,1714.59,1661.61,1710.99,1676.0,34.99,2.0877,52601.07,8899606.867,0.5,0.5,,,,,
600519.SH,20240208,1720.01,1725.0,1685.0,1706.0,1710.99,-4.99,-0.2916,46756.54,7953438.044,0.5,0.5,,,,,
600519.SH,20240219,1737.87,1737.93,1688.0,1695.43,1706.0,-10.57,-0.6196,36977.44,6288277.98,0.5,0.5,,,,,
600519.SH,20240220,1697.36,1697.36,1656.56,1670.0,1695.43,-25.43,-1.4999,34470.07,5755266.893,0.5,0.5,,,,,
600519.SH,20240221,1666.02,1731.0,1662.0,1717.66,1670.0,47.66,2.8539,46154.07,7868784.082,0.5,0.5,,,,,
600519.SH,20240222,1707.5,1723.01,1700.53,1718.38,1717.66,0.72,0.0419,22793.61,3905984.695,0.5,0.5,,,,,
600519.SH,20240223,1711.11,1724.38,1700.02,1714.09,1718.38,-4.29,-0.2497,27305.89,4670706.95,0.5,0.5,,,,,
600519.SH,20240226,1708.0,1708.74,1685.02,1694.98,1714.09,-19.11,-1.1149,27318.32,4625594.409,0.5,0.5,,,,,
600519.SH,20240227,1683.0,1692.92,1678.0,1689.5,1694.98,-5.48,-0.3233,22079.85,3718478.358,0.5,0.5,,,,,
600519.SH,20240228,1688.92,1696.57,1674.01,1681.55,1689.5,-7.95,-0.4706,31867.31,5371312.847,0.5,0.5,,,,,
600519.SH,20240229,1681.55,1696.5,1679.2,1695.0,1681.55,13.45,0.7999,24758.33,4184917.973,0.5,0.5,,,,,
600519.SH,20240301,1690.0,1694.97,1676.68,1685.06,1695.0,-9.94,-0.5864,26867.96,4526845.398,0.5,0.5,,,,,
600519.SH,20240304,1679.0,1680.99,1670.05,1676.3,1685.06,-8.76,-0.5199,26484.77,4434401.015,0.5,0.5,,,,,
600519.SH,20240305,1670.81,1697.0,1666.68,1695.1,1676.3,18.8,1.1215,36238.37,6102136.582,0.5,0.5,,,,,
600519.SH,20240306,1691.0,1695.0,1678.02,1680.55,1695.1,-14.55,-0.8584,22142.48,3725582.802,0.5,0.5,,,,,
600519.SH,20240307,1680.0,1689.8,1678.0,1683.63,1680.55,3.08,0.1833,21599.12,3633934.774,0.5,0.5,,,,,
600519.SH,20240308,1680.56,1686.68,1670.05,1671.43,1683.63,-12.2,-0.7246,22156.23,3710678.522,0.5,0.5,,,,,
600519.SH,20240311,1675.0,1698.88,1673.18,1694.49,1671.43,23.06,1.3797,29895.09,5048394.347,0.5,0.5,,,,,
600519.SH,20240312,1693.94,1749.1,1690.5,1745.0,1694.49,50.51,2.9808,54226.54,9393309.052,0.5,0.5,,,,,
600519.SH,20240313,1739.97,1748.0,1720.1,1727.45,1745.0,-17.55,-1.0057,26499.54,4588879.42,0.5,0.5,,,,,
600519.SH,20240314,1719.0,1734.84,1711.5,1716.63,1727.45,-10.82,-0.6264,19404.79,3338768.308,0.5,0.5,,,,,
600519.SH,20240315,1712.5,1732.4,1712.0,1717.49,1716.63,0.86,0.0501,17833.58,3066692.399,0.5,0.5,,,,,
600519.SH,20240318,1715.0,1719.85,1699.0,1708.26,1717.49,-9.23,-0.5374,26055.01,4446059.13,0.5,0.5,,,,,
600519.SH,20240319,1703.0,1719.94,1693.11,1708.02,1708.26,-0.24,-0.014,23947.53,4093701.261,0.5,0.5,,,,,
600519.SH,20240320,1703.36,1713.68,1700.23,1709.6,1708.02,1.58,0.0925,15249.25,2604543.856,0.5,0.5,,,,,
600519.SH,20240321,1708.1,1719.0,1704.5,1709.0,1709.6,-0.6,-0.0351,16595.97,2839332.631,0.5,0.5,,,,,
600519.SH,20240322,1705.03,1708.99,1688.0,1701.35,1709.0,-7.65,-0.4476,25456.14,4318592.818,0.5,0.5,,,,,
600519.SH,20240325,1698.54,1698.77,1680.58,1689.01,1701.35,-12.34,-0.7253,24472.85,4131446.237,0.5,0.5,,,,,
600519.SH,20240326,1687.46,1712.8,1687.46,1709.29,1689.01,20.28,1.2007,28069.07,4782899.074,0.5,0.5,,,,,
600519.SH,20240327,1705.0,1712.0,1699.0,1701.0,1709.29,-8.29,-0.485,18112.58,3087792.98,0.5,0.5,,,,,
600519.SH,20240328,1695.0,1718.0,1693.2,1701.64,1701.0,0.64,0.0376,24642.18,4201857.059,0.5,0.5,,,,,
600519.SH,20240329,1701.64,1710.99,1698.1,1702.9,1701.64,1.26,0.074,13456.55,2290584.417,0.5,0.5,,,,,
600519.SH,20240401,1709.99,1734.0,1708.7,1721.33,1702.9,18.43,1.0823,27131.37,4679371.035,0.5,0.5,,,,,
600519.SH,20240402,1722.0,1724.99,1705.05,1713.99,1721.33,-7.34,-0.4264,25449.25,4360973.684,0.5,0.5,,,,,
600519.SH,20240403,1734.0,1739.44,1710.02,1715.11,1713.99,1.12,0.0653,29045.8,5002390.042,0.5,0.5,,,,,
600519.SH,20240408,1695.0,1696.0,1662.6,1666.66,1715.11,-48.45,-2.8249,59166.59,9907355.766,0.5,0.5,,,,,
600519.SH,20240409,1660.67,1673.0,1658.45,1662.22,1666.66,-4.44,-0.2664,25589.82,4256226.333,0.5,0.5,,,,,
600519.SH,20240410,1662.27,1664.99,1645.0,1647.98,1662.22,-14.24,-0.8567,27630.5,4562853.88,0.5,0.5,,,,,
600519.SH,20240411,1640.11,1650.0,1634.69,1648.0,1647.98,0.02,0.0012,22766.24,3736417.595,0.5,0.5,,,,,
600519.SH,20240412,1651.0,1664.0,1634.03,1634.03,1648.0,-13.97,-0.8477,26744.33,4403968.129,0.5,0.5,,,,,
600519.SH,20240415,1635.01,1675.61,1634.98,1672.98,1634.03,38.95,2.3837,35817.71,5960815.532,0.5,0.5,,,,,
600519.SH,20240416,1665.49,1679.56,1659.0,1670.0,1672.98,-2.98,-0.1781,26266.23,4382796.962,0.5,0.5,,,,,
600519.SH,20240417,1668.0,1675.2,1658.0,1667.0,1670.0,-3.0,-0.1796,24819.11,4130322.018,0.5,0.5,,,,,
600519.SH,20240418,1659.01,1682.98,1658.18,1670.78,1667.0,3.78,0.2268,26568.41,4445487.745,0.5,0.5,,,,,
600519.SH,20240419,1660.78,1668.5,1641.28,1646.64,1670.78,-24.14,-1.4448,23499.92,3879233.242,0.5,0.5,,,,,
600519.SH,20240422,1654.0,1678.88,1645.0,1675.06,1646.64,28.42,1.7259,29951.39,5001684.635,0.5,0.5,,,,,
600519.SH,20240423,1675.0,1695.0,1675.0,1692.28,1675.06,17.22,1.028,24979.95,4217855.279,0.5,0.5,,,,,
600519.SH,20240424,1696.98,1699.91,1683.33,1693.6,1692.28,1.32,0.078,17086.43,2893555.635,0.5,0.5,,,,,
600519.SH,20240425,1690.33,1695.6,1682.25,1693.04,1693.6,-0.56,-0.0331,14476.48,2447183.879,0.5,0.5,,,,,
600519.SH,20240426,1694.0,1714.0,1693.98,1709.43,1693.04,16.39,0.9681,30995.92,5290248.521,0.5,0.5,,,,,
600519.SH,20240429,1696.95,1728.0,1693.82,1704.0,1709.43,-5.43,-0.3176,41332.23,7072096.59,0.5,0.5,,,,,
600519.SH,20240430,1705.01,1729.88,1705.0,1705.0,1704.0,1.0,0.0587,30759.89,5273902.374,0.5,0.5,,,,,
600519.SH,20240506,1733.97,1765.0,1727.0,1760.2,1705.0,55.2,3.2375,59909.49,10504351.712,0.5,0.5,,,,,
600519.SH,20240507,1765.79,1777.8,1756.68,1770.0,1760.2,9.8,0.5568,24924.52,4413196.426,0.5,0.5,,,,,
600519.SH,20240508,1769.69,1769.97,1755.67,1763.97,1770.0,-6.03,-0.3407,14769.09,2603293.863,0.5,0.5,,,,,
600519.SH,20240509,1758.0,1764.98,1750.0,1756.0,1763.97,-7.97,-0.4518,22387.34,3929804.849,0.5,0.5,,,,,
600519.SH,20240510,1761.1,1767.88,1733.99,1738.98,1756.0,-17.02,-0.9692,26206.61,4571398.242,0.5,0.5,,,,,
600519.SH,20240513,1732.02,1732.66,1701.22,1706.0,1738.98,-32.98,-1.8965,37662.12,6435415.674,0.5,0.5,,,,,
600519.SH,20240514,1705.99,1713.27,1700.01,1701.98,1706.0,-4.02,-0.2356,21274.17,3623282.672,0.5,0.5,,,,,
600519.SH,20240515,1702.58,1708.0,1698.59,1700.0,1701.98,-1.98,-0.1163,15738.76,2677203.002,0.5,0.5,,,,,
600519.SH,20240516,1705.0,1709.88,1690.0,1704.5,1700.0,4.5,0.2647,29679.54,5048754.769,0.5,0.5,,,,,
600519.SH,20240517,1700.01,1716.58,1700.0,1715.0,1704.5,10.5,0.616,28923.88,4936920.634,0.5,0.5,,,,,
600519.SH,20240520,1717.99,1732.99,1708.11,1709.0,1715.0,-6.0,-0.3499,31425.72,5401389.335,0.5,0.5,,,,,
600519.SH,20240521,1708.0,1709.73,1698.16,1705.0,1709.0,-4.0,-0.2341,16293.39,2776847.499,0.5,0.5,,,,,
600519.SH,20240522,1703.0,1709.96,1691.0,1697.71,1705.0,-7.29,-0.4276,20285.68,3443977.767,0.5,0.5,,,,,
600519.SH,20240523,1700.0,1706.38,1690.08,1692.01,1697.71,-5.7,-0.3357,18884.97,3199923.32,0.5,0.5,,,,,
600519.SH,20240524,1693.0,1695.0,1677.0,1677.08,1692.01,-14.93,-0.8824,20216.63,3401323.915,0.5,0.5,,,,,
600519.SH,20240527,1678.0,1687.45,1668.01,1670.12,1677.08,-6.96,-0.415,25097.91,4199001.866,0.5,0.5,,,,,
600519.SH,20240528,1670.4,1675.17,1663.0,1664.64,1670.12,-5.48,-0.3281,23520.87,3923020.375,0.5,0.5,,,,,
600519.SH,20240529,1666.0,1680.0,1665.0,1674.0,1664.64,9.36,0.5623,19651.28,3289173.345,0.5,0.5,,,,,
600519.SH,20240530,1675.0,1675.38,1649.0,1649.0,1674.0,-25.0,-1.4934,32207.92,5333306.808,0.5,0.5,,,,,
600519.SH,20240531,1650.5,1663.5,1648.45,1648.45,1649.0,-0.55,-0.0334,21856.65,3617654.788,0.5,0.5,,,,,
600519.SH,20240603,1650.0,1650.92,1635.11,1639.39,1648.45,-9.06,-0.5496,30261.05,4966041.477,0.5,0.5,,,,,
600519.SH,20240604,1640.5,1656.0,1636.55,1653.2,1639.39,13.81,0.8424,20841.08,3432497.303,0.5,0.5,,,,,
600519.SH,20240605,1652.0,1658.68,1643.03,1644.0,1653.2,-9.2,-0.5565,19055.57,3140824.328,0.5,0.5,,,,,
600519.SH,20240606,1643.66,1651.99,1635.91,1639.81,1644.0,-4.19,-0.2549,25610.05,4205700.983,0.5,0.5,,,,,
600519.SH,20240607,1646.13,1646.18,1619.01,1619.18,1639.81,-20.63,-1.2581,33524.55,5453120.695,0.5,0.5,,,,,
600519.SH,20240611,1602.99,1605.0,1567.0,1569.0,1619.18,-50.18,-3.0991,70246.76,11090577.61,0.5,0.5,,,,,
600519.SH,20240612,1570.0,1590.0,1570.0,1571.68,1569.0,2.68,0.1708,33170.5,5230086.503,0.5,0.5,,,,,
600519.SH,20240613,1576.77,1576.89,1553.15,1555.01,1571.68,-16.67,-1.0606,36185.97,5654938.942,0.5,0.5,,,,,
600519.SH,20240614,1555.0,1563.96,1520.46,1555.0,1555.01,-0.01,-0.0006,59514.16,9177637.168,0.5,0.5,,,,,
600519.SH,20240617,1532.29,1548.77,1511.01,1541.5,1555.0,-13.5,-0.8682,48318.16,7400883.243,0.5,0.5,,,,,
600519.SH,20240618,1530.89,1554.54,1516.68,1521.5,1541.5,-20.0,-1.2974,41258.25,6317590.943,0.5,0.5,,,,,
600519.SH,20240619,1497.99,1504.0,1482.1,1501.0,1490.62,10.38,0.6964,41261.53,6167728.416,0.5,0.5,,,,,
600519.SH,20240620,1500.0,1516.01,1498.0,1500.1,1501.0,-0.9,-0.06,24710.68,3715924.984,0.5,0.5,,,,,
600519.SH,20240621,1500.5,1504.98,1470.22,1471.0,1500.1,-29.1,-1.9399,43319.97,6418543.742,0.5,0.5,,,,,
600519.SH,20240624,1423.0,1488.99,1414.01,1476.55,1471.0,5.55,0.3773,63839.93,9319362.39,0.5,0.5,,,,,
600519.SH,20240625,1477.0,1502.99,1477.0,1486.65,1476.55,10.1,0.684,42097.95,6273919.386,0.5,0.5,,,,,
600519.SH,20240626,1480.0,1501.07,1477.8,1489.22,1486.65,2.57,0.1729,29569.77,4414601.922,0.5,0.5,,,,,
600519.SH,20240627,1492.0,1493.97,1468.0,1490.49,1489.22,1.27,0.0853,32821.78,4857959.457,0.5,0.5,,,,,
600519.SH,20240628,1480.0,1494.49,1464.0,1467.39,1490.49,-23.1,-1.5498,38582.02,5699649.047,0.5,0.5,,,,,
600519.SH,20240701,1468.88,1472.99,1428.0,1440.38,1467.39,-27.01,-1.8407,32161.38,4636689.118,0.5,0.5,,,,,
600519.SH,20240702,1433.0,1498.0,1433.0,1490.7,1440.38,50.32,3.4935,51852.98,7659166.816,0.5,0.5,,,,,
600519.SH,20240703,1499.0,1513.01,1488.02,1500.0,1490.7,9.3,0.6239,31573.26,4740808.13,0.5,0.5,,,,,
600519.SH,20240704,1505.0,1512.0,1481.13,1485.74,1500.0,-14.26,-0.9507,24379.73,3637968.895,0.5,0.5,,,,,
600519.SH,20240705,1479.0,1493.18,1450.0,1453.0,1485.74,-32.74,-2.2036,38829.38,5664477.336,0.5,0.5,,,,,
600519.SH,20240708,1443.0,1457.77,1419.14,1420.0,1453.0,-33.0,-2.2712,39527.05,5657951.348,0.5,0.5,,,,,
600519.SH,20240709,1420.0,1454.89,1410.1,1438.03,1420.0,18.03,1.2697,33620.71,4807957.927,0.5,0.5,,,,,
600519.SH,20240710,1439.25,1465.88,1435.0,1437.59,1438.03,-0.44,-0.0306,23763.22,3436693.365,0.5,0.5,,,,,
600519.SH,20240711,1449.97,1469.0,1440.21,1462.09,1437.59,24.5,1.7042,29020.14,4236960.596,0.5,0.5,,,,,
600519.SH,20240712,1473.01,1486.4,1465.45,1478.82,1462.09,16.73,1.1443,23386.34,3451132.648,0.5,0.5,,,,,
600519.SH,20240715,1470.0,1488.0,1470.0,1474.9,1478.82,-3.92,-0.2651,19176.26,2835374.73,0.5,0.5,,,,,
600519.SH,20240716,1476.0,1482.0,1465.05,1476.0,1474.9,1.1,0.0746,20316.44,2998367.128,0.5,0.5,,,,,
600519.SH,20240717,1476.1,1503.0,1470.02,1501.4,1476.0,25.4,1.7209,34311.01,5115680.654,0.5,0.5,,,,,
600519.SH,20240718,1499.5,1515.0,1492.53,1497.51,1501.4,-3.89,-0.2591,28870.39,4337214.601,0.5,0.5,,,,,
600519.SH,20240719,1490.81,1529.18,1484.01,1525.62,1497.51,28.11,1.8771,38942.91,5888615.145,0.5,0.5,,,,,
600519.SH,20240722,1525.03,1529.98,1491.65,1499.0,1525.62,-26.62,-1.7449,28543.21,4300813.31,0.5,0.5,,,,,
600519.SH,20240723,1499.0,1501.0,1455.0,1455.0,1499.0,-44.0,-2.9353,30943.96,4555460.198,0.5,0.5,,,,,
600519.SH,20240724,1450.2,1463.7,1435.0,1440.02,1455.0,-14.98,-1.0296,24122.55,3490200.973,0.5,0.5,,,,,
600519.SH,20240725,1440.02,1448.0,1420.01,1430.49,1440.02,-9.53,-0.6618,28346.56,4054086.714,0.5,0.5,,,,,
600519.SH,20240726,1430.49,1437.72,1410.9,1422.19,1430.49,-8.3,-0.5802,32353.79,4594928.574,0.5,0.5,,,,,
600519.SH,20240729,1415.0,1421.99,1398.0,1398.02,1422.19,-24.17,-1.6995,30869.07,4342610.1,0.5,0.5,,,,,
600519.SH,20240730,1385.98,1390.27,1361.3,1379.99,1398.02,-18.03,-1.2897,51779.04,7103491.566,0.5,0.5,,,,,
600519.SH,20240731,1373.1,1427.27,1373.1,1421.28,1379.99,41.29,2.9921,43272.32,6098149.721,0.5,0.5,,,,,
600519.SH,20240801,1418.0,1420.0,1384.7,1386.16,1421.28,-35.12,-2.471,32038.1,4470988.088,0.5,0.5,,,,,
600519.SH,20240802,1373.6,1396.97,1373.6,1385.45,1386.16,-0.71,-0.0512,21927.69,3041726.372,0.5,0.5,,,,,
600519.SH,20240805,1388.88,1426.0,1385.52,1410.01,1385.45,24.56,1.7727,37736.07,5327127.147,0.5,0.5,,,,,
600519.SH,20240806,1422.0,1424.0,1394.01,1404.7,1410.01,-5.31,-0.3766,27444.33,3860735.014,0.5,0.5,,,,,
600519.SH,20240807,1405.5,1421.99,1398.3,1415.5,1404.7,10.8,0.7688,20622.21,2910580.747,0.5,0.5,,,,,
600519.SH,20240808,1411.0,1448.18,1409.0,1430.69,1415.5,15.19,1.0731,25130.82,3592705.43,0.5,0.5,,,,,
600519.SH,20240809,1460.03,1469.0,1436.8,1436.8,1430.69,6.11,0.4271,30138.49,4368705.515,0.5,0.5,,,,,
600519.SH,20240812,1430.0,1443.0,1426.58,1436.1,1436.8,-0.7,-0.0487,13632.03,1956573.438,0.5,0.5,,,,,
600519.SH,20240813,1433.0,1435.0,1412.01,1423.01,1436.1,-13.09,-0.9115,16308.43,2317037.756,0.5,0.5,,,,,
600519.SH,20240814,1423.01,1424.9,1412.02,1413.3,1423.01,-9.71,-0.6824,13414.31,1898377.426,0.5,0.5,,,,,
600519.SH,20240815,1405.03,1435.99,1403.95,1426.89,1413.3,13.59,0.9616,23038.97,3275699.572,0.5,0.5,,,,,
600519.SH,20240816,1426.79,1435.92,1417.01,1431.2,1426.89,4.31,0.3021,16454.7,2349825.846,0.5,0.5,,,,,
600519.SH,20240819,1432.0,1458.88,1425.0,1425.44,1431.2,-5.76,-0.4025,20432.79,2942106.435,0.5,0.5,,,,,
600519.SH,20240820,1429.9,1429.93,1414.0,1422.72,1425.44,-2.72,-0.1908,18591.38,2644814.344,0.5,0.5,,,,,
600519.SH,20240821,1420.0,1427.98,1415.69,1417.58,1422.72,-5.14,-0.3613,15091.65,2144746.551,0.5,0.5,,,,,
600519.SH,20240822,1416.0,1420.0,1400.01,1410.05,1417.58,-7.53,-0.5312,19527.29,2750868.073,0.5,0.5,,,,,
600519.SH,20240823,1408.0,1423.5,1406.12,1414.99,1410.05,4.94,0.3503,15320.46,2166499.202,0.5,0.5,,,,,
600519.SH,20240826,1417.0,1423.86,1403.15,1412.0,1414.99,-2.99,-0.2113,15628.41,2207595.461,0.5,0.5,,,,,
600519.SH,20240827,1412.0,1413.0,1401.11,1404.07,1412.0,-7.93,-0.5616,13657.4,1920770.57,0.5,0.5,,,,,
600519.SH,20240828,1404.07,1406.0,1375.0,1389.0,1404.07,-15.07,-1.0733,31663.51,4388025.875,0.5,0.5,,,,,
600519.SH,20240829,1380.0,1418.0,1380.0,1413.3,1389.0,24.3,1.7495,27471.61,3864270.621,0.5,0.5,,,,,
600519.SH,20240830,1413.0,1458.07,1405.0,1443.19,1413.3,29.89,2.1149,38739.23,5576118.649,0.5,0.5,,,,,
600519.SH,20240902,1430.0,1438.0,1395.0,1395.0,1443.19,-48.19,-3.3391,34134.59,4801049.927,0.5,0.5,,,,,
600519.SH,20240903,1398.0,1414.98,1393.02,1410.0,1395.0,15.0,1.0753,17887.6,2516125.842,0.5,0.5,,,,,
600519.SH,20240904,1402.0,1419.19,1399.74,1400.0,1410.0,-10.0,-0.7092,14211.09,1995221.417,0.5,0.5,,,,,
600519.SH,20240905,1400.5,1407.0,1397.0,1404.88,1400.0,4.88,0.3486,14502.95,2033680.839,0.5,0.5,,,,,
600519.SH,20240906,1405.0,1406.0,1398.0,1398.0,1404.88,-6.88,-0.4897,10321.04,1445537.257,0.5,0.5,,,,,
600519.SH,20240909,1380.01,1393.71,1370.08,1375.0,1398.0,-23.0,-1.6452,28637.55,3950086.825,0.5,0.5,,,,,
600519.SH,20240910,1370.02,1393.0,1370.02,1378.0,1375.0,3.0,0.2182,19802.84,2737295.644,0.5,0.5,,,,,
600519.SH,20240911,1375.6,1385.88,1365.0,1380.0,1378.0,2.0,0.1451,20995.77,2892932.794,0.5,0.5,,,,,
600519.SH,20240912,1380.0,1385.0,1334.91,1335.06,1380.0,-44.94,-3.2565,47948.31,6482445.0,0.5,0.5,,,,,
600519.SH,20240913,1331.0,1332.0,1297.3,1304.13,1335.06,-30.93,-2.3167,56005.11,7329376.917,0.5,0.5,,,,,
600519.SH,20240918,1300.0,1300.01,1266.66,1266.9,1304.13,-37.23,-2.8548,46185.31,5895948.011,0.5,0.5,,,,,
600519.SH,20240919,1262.0,1292.88,1245.83,1261.0,1266.9,-5.9,-0.4657,59988.21,7623739.997,0.5,0.5,,,,,
600519.SH,20240920,1261.5,1273.9,1250.03,1263.92,1261.0,2.92,0.2316,39981.84,5038507.835,0.5,0.5,,,,,
600519.SH,20240923,1268.0,1293.5,1260.66,1261.54,1263.92,-2.38,-0.1883,45549.69,5809791.682,0.5,0.5,,,,,
600519.SH,20240924,1285.09,1373.0,1265.09,1372.6,1261.54,111.06,8.8035,100412.81,13297277.523,0.5,0.5,,,,,
600519.SH,20240925,1400.05,1427.0,1396.71,1399.0,1372.6,26.4,1.9234,73953.8,10420109.655,0.5,0.5,,,,,
600519.SH,20240926,1399.96,1529.87,1396.0,1529.0,1399.0,130.0,9.2924,97278.06,14269262.657,0.5,0.5,,,,,
600519.SH,20240927,1600.0,1629.2,1565.36,1629.2,1529.0,100.2,6.5533,87921.67,14050260.569,0.5,0.5,,,,,
600519.SH,20240930,1692.0,1759.88,1652.0,1748.0,1629.2,118.8,7.2919,157293.41,26982747.037,0.5,0.5,,,,,
600519.SH,20241008,1910.0,1910.0,1680.18,1723.0,1748.0,-25.0,-1.4302,194709.47,35114075.007,0.5,0.5,,,,,
600519.SH,20241009,1700.0,1700.0,1590.0,1595.15,1723.0,-127.85,-7.4202,120196.84,19708432.734,0.5,0.5,,,,,
600519.SH,20241010,1622.26,1668.08,1591.0,1640.0,1595.15,44.85,2.8116,74603.42,12198964.035,0.5,0.5,,,,,
600519.SH,20241011,1615.4,1639.96,1590.0,1604.99,1640.0,-35.01,-2.1348,41914.71,6764982.707,0.5,0.5,,,,,
600519.SH,20241014,1613.0,1620.63,1581.17,1601.99,1604.99,-3.0,-0.1869,44812.02,7181350.822,0.5,0.5,,,,,
600519.SH,20241015,1599.0,1600.99,1553.01,1554.25,1601.99,-47.74,-2.98,43571.43,6884141.869,0.5,0.5,,,,,
600519.SH,20241016,1540.88,1549.8,1510.0,1522.5,1554.25,-31.75,-2.0428,46664.4,7140169.692,0.5,0.5,,,,,
600519.SH,20241017,1537.0,1537.66,1493.41,1494.6,1522.5,-27.9,-1.8325,39459.55,5964778.958,0.5,0.5,,,,,
600519.SH,20241018,1493.0,1567.84,1478.96,1541.0,1494.6,46.4,3.1045,68619.3,10418043.492,0.5,0.5,,,,,
600519.SH,20241021,1541.21,1549.97,1521.21,1528.8,1541.0,-12.2,-0.7917,42007.9,6433918.335,0.5,0.5,,,,,
600519.SH,20241022,1526.56,1560.18,1524.2,1543.0,1528.8,14.2,0.9288,36269.13,5607826.492,0.5,0.5,,,,,
600519.SH,20241023,1544.11,1576.95,1532.0,1567.5,1543.0,24.5,1.5878,40088.46,6259600.035,0.5,0.5,,,,,
600519.SH,20241024,1561.0,1575.0,1545.01,1552.2,1567.5,-15.3,-0.9761,23922.8,3723973.209,0.5,0.5,,,,,
600519.SH,20241025,1547.0,1574.79,1546.01,1558.85,1552.2,6.65,0.4284,27745.08,4328271.351,0.5,0.5,,,,,
600519.SH,20241028,1560.0,1565.0,1522.23,1565.0,1558.85,6.15,0.3945,39121.4,6064453.668,0.5,0.5,,,,,
600519.SH,20241029,1560.0,1580.0,1530.0,1531.62,1565.0,-33.38,-2.1329,41165.78,6368105.233,0.5,0.5,,,,,
600519.SH,20241030,1525.0,1551.19,1523.41,1532.0,1531.62,0.38,0.0248,32005.74,4913175.983,0.5,0.5,,,,,
600519.SH,20241031,1532.15,1540.0,1520.0,1527.79,1532.0,-4.21,-0.2748,29957.35,4575545.18,0.5,0.5,,,,,
600519.SH,20241101,1521.0,1545.13,1520.8,1533.75,1527.79,5.96,0.3901,32283.92,4954302.212,0.5,0.5,,,,,
600519.SH,20241104,1544.93,1550.0,1528.06,1548.2,1533.75,14.45,0.9421,29092.92,4481761.764,0.5,0.5,,,,,
600519.SH,20241105,1540.0,1577.7,1536.01,1576.99,1548.2,28.79,1.8596,45640.47,7134443.464,0.5,0.5,,,,,
600519.SH,20241106,1575.0,1588.99,1561.22,1571.0,1576.99,-5.99,-0.3798,37631.43,5916917.616,0.5,0.5,,,,,
600519.SH,20241107,1562.46,1653.5,1562.3,1649.14,1571.0,78.14,4.9739,74738.72,12074951.757,0.5,0.5,,,,,
600519.SH,20241108,1660.89,1667.11,1601.01,1609.97,1649.14,-39.17,-2.3752,60771.2,9885645.907,0.5,0.5,,,,,
600519.SH,20241111,1590.0,1609.95,1567.19,1598.01,1609.97,-11.96,-0.7429,43853.65,6957095.385,0.5,0.5,,,,,
600519.SH,20241112,1589.0,1623.0,1573.95,1577.2,1598.01,-20.81,-1.3022,49222.66,7844798.676,0.5,0.5,,,,,
600519.SH,20241113,1568.0,1586.66,1561.28,1578.5,1577.2,1.3,0.0824,29125.26,4594445.032,0.5,0.5,,,,,
600519.SH,20241114,1570.0,1594.45,1565.65,1573.8,1578.5,-4.7,-0.2978,29248.14,4617144.097,0.5,0.5,,,,,
600519.SH,20241115,1569.0,1583.8,1553.0,1559.0,1573.8,-14.8,-0.9404,33761.12,5295326.892,0.5,0.5,,,,,
600519.SH,20241118,1562.0,1575.99,1555.0,1559.0,1559.0,0.0,0.0,27092.19,4237197.499,0.5,0.5,,,,,
600519.SH,20241119,1565.0,1569.37,1525.0,1541.92,1559.0,-17.08,-1.0956,33266.43,5138831.155,0.5,0.5,,,,,
600519.SH,20241120,1543.0,1553.97,1531.3,1544.81,1541.92,2.89,0.1874,21344.55,3292675.257,0.5,0.5,,,,,
600519.SH,20241121,1543.87,1548.99,1532.0,1545.13,1544.81,0.32,0.0207,18261.79,2810933.515,0.5,0.5,,,,,
600519.SH,20241122,1541.15,1547.77,1507.82,1507.82,1545.13,-37.31,-2.4147,33436.11,5107288.992,0.5,0.5,,,,,
600519.SH,20241125,1511.0,1532.0,1496.67,1498.57,1507.82,-9.25,-0.6135,33185.56,5011136.234,0.5,0.5,,,,,
600519.SH,20241126,1498.57,1518.88,1488.88,1509.0,1498.57,10.43,0.696,25744.79,3876885.984,0.5,0.5,,,,,
600519.SH,20241127,1509.0,1522.15,1505.0,1519.05,1509.0,10.05,0.666,25934.17,3927607.772,0.5,0.5,,,,,
600519.SH,20241128,1522.0,1524.99,1502.0,1518.0,1519.05,-1.05,-0.0691,23952.03,3627662.382,0.5,0.5,,,,,
600519.SH,20241129,1517.0,1555.0,1513.21,1525.74,1518.0,7.74,0.5099,36088.1,5534035.503,0.5,0.5,,,,,
600519.SH,20241202,1526.0,1529.99,1515.1,1525.0,1525.74,-0.74,-0.0485,26819.54,4086609.952,0.5,0.5,,,,,
600519.SH,20241203,1524.0,1528.9,1516.08,1526.74,1525.0,1.74,0.1141,24806.62,3777197.199,0.5,0.5,,,,,
600519.SH,20241204,1520.07,1523.66,1510.0,1520.0,1526.74,-6.74,-0.4415,23923.89,3626565.544,0.5,0.5,,,,,
600519.SH,20241205,1510.86,1517.86,1510.0,1511.0,1520.0,-9.0,-0.5921,16141.47,2441318.387,0.5,0.5,,,,,
600519.SH,20241206,1513.0,1538.9,1508.07,1521.01,1511.0,10.01,0.6625,32039.69,4883148.6,0.5,0.5,,,,,
600519.SH,20241209,1522.02,1529.72,1513.2,1518.8,1521.01,-2.21,-0.1453,19799.86,3008173.586,0.5,0.5,,,,,
600519.SH,20241210,1570.0,1579.73,1545.18,1546.59,1518.8,27.79,1.8297,60312.1,9421340.719,0.5,0.5,,,,,
600519.SH,20241211,1540.0,1555.0,1530.98,1535.6,1546.59,-10.99,-0.7106,29671.12,4569662.604,0.5,0.5,,,,,
600519.SH,20241212,1532.02,1566.0,1529.0,1565.8,1535.6,30.2,1.9667,41936.52,6510547.81,0.5,0.5,,,,,
600519.SH,20241213,1550.01,1554.99,1518.88,1519.0,1565.8,-46.8,-2.9889,49511.97,7580908.315,0.5,0.5,,,,,
600519.SH,20241216,1521.0,1529.0,1510.71,1527.2,1519.0,8.2,0.5398,32537.1,4945298.799,0.5,0.5,,,,,
600519.SH,20241217,1525.99,1569.0,1521.01,1558.0,1527.2,30.8,2.0168,54171.63,8398945.449,0.5,0.5,,,,,
600519.SH,20241218,1557.97,1577.0,1547.1,1571.5,1558.0,13.5,0.8665,41162.26,6440801.971,0.5,0.5,,,,,
600519.SH,20241219,1565.14,1567.93,1550.33,1551.01,1571.5,-20.49,-1.3038,24809.32,3862602.665,0.5,0.5,,,,,
600519.SH,20241220,1531.13,1541.8,1520.02,1522.0,1527.13,-5.13,-0.3359,28157.74,4307425.535,0.5,0.5,,,,,
600519.SH,20241223,1523.0,1538.0,1517.0,1526.45,1522.0,4.45,0.2924,21602.69,3300971.424,0.5,0.5,,,,,
600519.SH,20241224,1525.0,1544.0,1521.59,1538.82,1526.45,12.37,0.8104,22104.92,3394160.299,0.5,0.5,,,,,
600519.SH,20241225,1538.8,1538.8,1526.1,1530.0,1538.82,-8.82,-0.5732,17123.39,2621061.878,0.5,0.5,,,,,
600519.SH,20241226,1534.0,1538.78,1523.0,1527.79,1530.0,-2.21,-0.1444,18286.51,2798840.003,0.5,0.5,,,,,
600519.SH,20241227,1528.9,1536.0,1519.5,1528.97,1527.79,1.18,0.0772,20759.32,3170191.445,0.5,0.5,,,,,
600519.SH,20241230,1533.97,1543.96,1525.0,1525.0,1528.97,-3.97,-0.2597,25129.82,3849542.646,0.5,0.5,,,,,
600519.SH,20241231,1525.4,1545.0,1522.01,1524.0,1525.0,-1.0,-0.0656,39354.45,6033540.366,0.5,0.5,,,,,
600519.SH,20250102,1524.0,1524.49,1480.0,1488.0,1524.0,-36.0,-2.3622,50028.7,7490883.773,0.5,0.5,,,,,
600519.SH,20250103,1494.5,1494.99,1467.01,1475.0,1488.0,-13.0,-0.8737,32628.36,4836610.288,0.5,0.5,,,,,
600519.SH,20250106,1453.0,1462.66,1432.8,1440.0,1475.0,-35.0,-2.3729,44255.12,6392479.712,0.5,0.5,,,,,
600519.SH,20250107,1444.66,1451.89,1439.0,1440.2,1440.0,0.2,0.0139,24221.18,3494634.227,0.5,0.5,,,,,
600519.SH,20250108,1440.0,1451.82,1426.66,1442.5,1440.2,2.3,0.1597,35258.21,5071821.246,0.5,0.5,,,,,
600519.SH,20250109,1448.99,1464.58,1432.98,1444.0,1442.5,1.5,0.104,29705.65,4295852.736,0.5,0.5,,,,,
600519.SH,20250110,1447.1,1451.95,1436.0,1436.0,1444.0,-8.0,-0.554,21871.95,3154677.598,0.5,0.5,,,,,
600519.SH,20250113,1425.0,1444.44,1422.01,1443.98,1436.0,7.98,0.5557,21082.51,3030806.87,0.5,0.5,,,,,
600519.SH,20250114,1444.95,1478.68,1442.0,1472.5,1443.98,28.52,1.9751,30956.57,4535651.504,0.5,0.5,,,,,
600519.SH,20250115,1467.0,1474.6,1460.01,1471.27,1472.5,-1.23,-0.0835,18399.34,2701518.712,0.5,0.5,,,,,
600519.SH,20250116,1474.0,1482.66,1442.0,1446.38,1471.27,-24.89,-1.6917,26342.13,3840411.437,0.5,0.5,,,,,
600519.SH,20250117,1446.39,1461.0,1446.38,1454.75,1446.38,8.37,0.5787,18308.94,2663227.309,0.5,0.5,,,,,
600519.SH,20250120,1461.0,1489.79,1460.0,1474.8,1454.75,20.05,1.3782,31409.75,4647626.351,0.5,0.5,,,,,
600519.SH,20250121,1481.0,1482.0,1465.0,1468.15,1474.8,-6.65,-0.4509,16856.04,2481821.229,0.5,0.5,,,,,
600519.SH,20250122,1463.27,1467.95,1438.0,1441.0,1468.15,-27.15,-1.8493,28293.84,4088101.682,0.5,0.5,,,,,
600519.SH,20250123,1449.97,1468.0,1438.0,1443.0,1441.0,2.0,0.1388,27125.04,3932700.85,0.5,0.5,,,,,
600519.SH,20250124,1442.0,1447.79,1430.31,1436.0,1443.0,-7.0,-0.4851,31360.34,4515322.685,0.5,0.5,,,,,
600519.SH,20250127,1437.0,1443.97,1427.02,1434.99,1436.0,-1.01,-0.0703,29356.46,4213534.543,0.5,0.5,,,,,
600519.SH,20250205,1440.0,1443.0,1402.21,1403.8,1434.99,-31.19,-2.1735,40756.52,5753730.034,0.5,0.5,,,,,
600519.SH,20250206,1400.01,1421.99,1400.01,1412.84,1403.8,9.04,0.644,27355.82,3859568.163,0.5,0.5,,,,,
600519.SH,20250207,1413.68,1442.68,1403.41,1436.0,1412.84,23.16,1.6393,37242.07,5310850.624,0.5,0.5,,,,,
600519.SH,20250210,1438.0,1440.0,1427.09,1431.51,1436.0,-4.49,-0.3127,20839.79,2988101.756,0.5,0.5,,,,,
600519.SH,20250211,1434.95,1435.96,1415.9,1418.0,1431.51,-13.51,-0.9438,23572.83,3348668.867,0.5,0.5,,,,,
600519.SH,20250212,1418.0,1445.0,1416.88,1443.0,1418.0,25.0,1.763,25475.79,3644170.477,0.5,0.5,,,,,
600519.SH,20250213,1443.02,1475.25,1434.51,1465.06,1443.0,22.06,1.5288,43385.36,6335985.851,0.5,0.5,,,,,
600519.SH,20250214,1465.06,1477.0,1458.22,1475.0,1465.06,9.94,0.6785,27099.92,3978694.098,0.5,0.5,,,,,
600519.SH,20250217,1481.0,1494.98,1467.1,1471.62,1475.0,-3.38,-0.2292,32470.59,4804663.813,0.5,0.5,,,,,
600519.SH,20250218,1470.0,1492.99,1462.08,1475.0,1471.62,3.38,0.2297,27799.92,4113845.397,0.5,0.5,,,,,
600519.SH,20250219,1475.05,1494.44,1464.9,1491.0,1475.0,16.0,1.0847,32393.31,4803378.441,0.5,0.5,,,,,
600519.SH,20250220,1483.0,1491.97,1473.39,1474.0,1491.0,-17.0,-1.1402,23749.73,3513552.984,0.5,0.5,,,,,
600519.SH,20250221,1480.0,1496.73,1473.01,1488.21,1474.0,14.21,0.964,36417.83,5418169.587,0.5,0.5,,,,,
600519.SH,20250224,1488.0,1499.52,1474.0,1479.07,1488.21,-9.14,-0.6142,34743.73,5157907.322,0.5,0.5,,,,,
600519.SH,20250225,1470.01,1473.39,1452.0,1454.0,1479.07,-25.07,-1.695,28387.43,4142814.459,0.5,0.5,,,,,
600519.SH,20250226,1455.45,1464.96,1445.0,1460.01,1454.0,6.01,0.4133,26366.09,3835949.041,0.5,0.5,,,,,
600519.SH,20250227,1460.02,1489.9,1454.0,1485.56,1460.01,25.55,1.75,49762.17,7368002.361,0.5,0.5,,,,,
600519.SH,20250228,1485.5,1528.38,1482.0,1500.79,1485.56,15.23,1.0252,56128.95,8475738.166,0.5,0.5,,,,,
600519.SH,20250303,1502.6,1520.99,1481.5,1487.02,1500.79,-13.77,-0.9175,31595.66,4736679.903,0.5,0.5,,,,,
600519.SH,20250304,1485.0,1486.0,1465.21,1470.11,1487.02,-16.91,-1.1372,25211.21,3710675.863,0.5,0.5,,,,,
600519.SH,20250305,1472.0,1474.0,1460.1,1466.37,1470.11,-3.74,-0.2544,24605.22,3606932.152,0.5,0.5,,,,,
600519.SH,20250306,1474.0,1510.2,1472.08,1505.98,1466.37,39.61,2.7012,42167.64,6297117.4,0.5,0.5,,,,,
600519.SH,20250307,1503.0,1528.36,1503.0,1521.0,1505.98,15.02,0.9974,37991.35,5760608.729,0.5,0.5,,,,,
600519.SH,20250310,1519.81,1526.88,1506.14,1522.9,1521.0,1.9,0.1249,31369.07,4758789.26,0.5,0.5,,,,,
600519.SH,20250311,1517.0,1548.68,1512.0,1548.68,1522.9,25.78,1.6928,39775.6,6094007.854,0.5,0.5,,,,,
600519.SH,20250312,1546.96,1549.68,1526.35,1542.58,1548.68,-6.1,-0.3939,29603.96,4552923.644,0.5,0.5,,,,,
600519.SH,20250313,1544.0,1555.5,1530.88,1537.77,1542.58,-4.81,-0.3118,25724.39,3966369.271,0.5,0.5,,,,,
600519.SH,20250314,1547.66,1628.01,1541.0,1628.01,1537.77,90.24,5.8682,92913.15,14882842.708,0.5,0.5,,,,,
600519.SH,20250317,1657.0,1657.99,1626.88,1637.86,1628.01,9.85,0.605,54689.13,8985138.902,0.5,0.5,,,,,
600519.SH,20250318,1645.04,1652.0,1621.7,1624.0,1637.86,-13.86,-0.8462,31613.45,5153210.436,0.5,0.5,,,,,
600519.SH,20250319,1624.29,1648.0,1623.0,1635.71,1624.0,11.71,0.7211,27389.55,4477128.77,0.5,0.5,,,,,
600519.SH,20250320,1635.71,1637.6,1595.07,1604.0,1635.71,-31.71,-1.9386,36736.77,5903879.207,0.5,0.5,,,,,
600519.SH,20250321,1599.0,1612.2,1568.83,1573.75,1604.0,-30.25,-1.8859,33614.3,5324973.19,0.5,0.5,,,,,
600519.SH,20250324,1570.0,1589.66,1562.38,1583.0,1573.75,9.25,0.5878,25565.85,4032223.482,0.5,0.5,,,,,
600519.SH,20250325,1588.0,1592.8,1566.66,1575.5,1583.0,-7.5,-0.4738,17674.38,2783286.813,0.5,0.5,,,,,
600519.SH,20250326,1572.77,1582.58,1571.0,1576.0,1575.5,0.5,0.0317,14323.56,2257639.75,0.5,0.5,,,,,
600519.SH,20250327,1576.0,1598.25,1573.38,1589.0,1576.0,13.0,0.8249,17955.63,2848889.21,0.5,0.5,,,,,
600519.SH,20250328,1590.93,1593.0,1576.0,1585.21,1589.0,-3.79,-0.2385,16227.89,2569470.015,0.5,0.5,,,,,
600519.SH,20250331,1580.98,1586.96,1560.06,1561.0,1585.21,-24.21,-1.5272,21084.94,3311857.714,0.5,0.5,,,,,
600519.SH,20250401,1564.0,1569.89,1552.21,1556.02,1561.0,-4.98,-0.319,18556.44,2893739.955,0.5,0.5,,,,,
600519.SH,20250402,1558.0,1567.8,1545.5,1549.02,1556.02,-7.0,-0.4499,21674.01,3371883.024,0.5,0.5,,,,,
600519.SH,20250403,1530.0,1586.0,1529.01,1568.88,1549.02,19.86,1.2821,35480.5,5557442.052,0.5,0.5,,,,,
600519.SH,20250407,1520.01,1536.85,1462.0,1500.0,1568.88,-68.88,-4.3904,101952.67,15314738.235,0.5,0.5,,,,,
600519.SH,20250408,1513.0,1545.0,1495.0,1545.0,1500.0,45.0,3.0,73876.49,11226977.557,0.5,0.5,,,,,
600519.SH,20250409,1525.02,1556.8,1520.55,1541.04,1545.0,-3.96,-0.2563,55630.04,8562928.225,0.5,0.5,,,,,
600519.SH,20250410,1550.99,1555.0,1528.0,1549.0,1541.04,7.96,0.5165,38620.21,5963650.791,0.5,0.5,,,,,
600519.SH,20250411,1579.97,1579.97,1545.0,1568.98,1549.0,19.98,1.2899,32634.23,5087359.924,0.5,0.5,,,,,
600519.SH,20250414,1560.97,1566.0,1551.53,1551.99,1568.98,-16.99,-1.0829,21711.44,3379425.64,0.5,0.5,,,,,
600519.SH,20250415,1552.0,1565.0,1545.0,1558.0,1551.99,6.01,0.3872,21489.28,3339942.729,0.5,0.5,,,,,
600519.SH,20250416,1552.0,1576.0,1537.0,1559.17,1558.0,1.17,0.0751,31156.05,4834880.596,0.5,0.5,,,,,
600519.SH,20250417,1554.0,1576.5,1549.99,1570.0,1559.17,10.83,0.6946,23846.05,3733924.973,0.5,0.5,,,,,
600519.SH,20250418,1566.0,1575.0,1556.0,1565.94,1570.0,-4.06,-0.2586,20298.48,3179974.34,0.5,0.5,,,,,
600519.SH,20250421,1565.5,1565.5,1551.0,1551.0,1565.94,-14.94,-0.9541,18057.03,2808158.177,0.5,0.5,,,,,
600519.SH,20250422,1550.0,1556.3,1543.21,1548.8,1551.0,-2.2,-0.1418,18432.14,2857525.967,0.5,0.5,,,,,
600519.SH,20250423,1559.0,1559.22,1545.0,1552.0,1548.8,3.2,0.2066,18668.76,2895468.892,0.5,0.5,,,,,
600519.SH,20250424,1552.0,1560.68,1548.98,1552.25,1552.0,0.25,0.0161,14871.81,2313372.072,0.5,0.5,,,,,
600519.SH,20250425,1557.1,1561.2,1550.0,1550.0,1552.25,-2.25,-0.145,14764.9,2295029.705,0.5,0.5,,,,,
600519.SH,20250428,1552.0,1555.0,1546.6,1550.0,1550.0,0.0,0.0,14659.72,2274252.465,0.5,0.5,,,,,
600519.SH,20250429,1550.0,1552.54,1532.02,1544.0,1550.0,-6.0,-0.3871,18921.8,2917422.938,0.5,0.5,,,,,
600519.SH,20250430,1549.99,1566.66,1546.3,1547.0,1544.0,3.0,0.1943,25754.25,4005439.429,0.5,0.5,,,,,
600519.SH,20250506,1559.0,1559.0,1544.33,1550.2,1547.0,3.2,0.2069,18300.26,2838614.215,0.5,0.5,,,,,
600519.SH,20250507,1570.0,1570.0,1550.2,1555.0,1550.2,4.8,0.3096,27462.21,4275142.569,0.5,0.5,,,,,
600519.SH,20250508,1553.0,1592.78,1549.83,1578.19,1555.0,23.19,1.4913,33481.06,5265446.444,0.5,0.5,,,,,
600519.SH,20250509,1578.99,1597.45,1575.05,1591.18,1578.19,12.99,0.8231,23671.9,3757574.546,0.5,0.5,,,,,
600519.SH,20250512,1598.0,1618.93,1596.61,1604.5,1591.18,13.32,0.8371,24735.33,3967785.8,0.5,0.5,,,,,
600519.SH,20250513,1608.92,1608.92,1585.11,1590.3,1604.5,-14.2,-0.885,21258.29,3386617.848,0.5,0.5,,,,,
600519.SH,20250514,1590.0,1645.0,1588.18,1634.99,1590.3,44.69,2.8102,39460.12,6394735.058,0.5,0.5,,,,,
600519.SH,20250515,1634.8,1643.59,1624.13,1632.01,1634.99,-2.98,-0.1823,24732.85,4043402.636,0.5,0.5,,,,,
600519.SH,20250516,1633.99,1636.99,1614.13,1614.13,1632.01,-17.88,-1.0956,22935.22,3714508.659,0.5,0.5,,,,,
600519.SH,20250519,1596.0,1600.0,1573.88,1578.98,1614.13,-35.15,-2.1776,38062.83,6021950.01,0.5,0.5,,,,,
600519.SH,20250520,1580.0,1594.8,1575.1,1586.0,1578.98,7.02,0.4446,19521.53,3095742.637,0.5,0.5,,,,,
600519.SH,20250521,1585.0,1595.94,1580.97,1580.97,1586.0,-5.03,-0.3172,19794.64,3143941.416,0.5,0.5,,,,,
600519.SH,20250522,1580.99,1584.99,1570.1,1580.0,1580.97,-0.97,-0.0614,15090.24,2381236.586,0.5,0.5,,,,,
600519.SH,20250523,1575.2,1587.9,1571.66,1572.6,1580.0,-7.4,-0.4684,21537.0,3399424.961,0.5,0.5,,,,,
600519.SH,20250526,1570.0,1574.63,1545.0,1550.5,1572.6,-22.1,-1.4053,27086.53,4212944.43,0.5,0.5,,,,,
600519.SH,20250527,1551.0,1558.6,1543.51,1543.9,1550.5,-6.6,-0.4257,17752.13,2748945.675,0.5,0.5,,,,,
600519.SH,20250528,1543.99,1546.46,1533.0,1537.0,1543.9,-6.9,-0.4469,16265.68,2504624.605,0.5,0.5,,,,,
600519.SH,20250529,1540.0,1555.0,1532.0,1540.0,1537.0,3.0,0.1952,21859.58,3375465.796,0.5,0.5,,,,,
600519.SH,20250530,1540.15,1545.0,1515.24,1522.0,1540.0,-18.0,-1.1688,31239.18,4764875.947,0.5,0.5,,,,,
600519.SH,20250603,1508.01,1519.0,1505.02,1509.0,1522.0,-13.0,-0.8541,28979.18,4377892.799,0.5,0.5,,,,,
600519.SH,20250604,1510.5,1523.0,1509.22,1509.96,1509.0,0.96,0.0636,23008.09,3480363.797,0.5,0.5,,,,,
600519.SH,20250605,1514.0,1516.0,1502.2,1514.0,1509.96,4.04,0.2676,23213.66,3504925.524,0.5,0.5,,,,,
600519.SH,20250606,1513.8,1518.97,1503.0,1506.39,1514.0,-7.61,-0.5026,25023.07,3777727.616,0.5,0.5,,,,,
600519.SH,20250609,1505.02,1508.7,1485.68,1486.11,1506.39,-20.28,-1.3463,44958.67,6723839.138,0.5,0.5,,,,,
600519.SH,20250610,1486.0,1492.0,1474.8,1475.01,1486.11,-11.1,-0.7469,30492.2,4511934.584,0.5,0.5,,,,,
600519.SH,20250611,1476.8,1494.0,1476.1,1480.0,1475.01,4.99,0.3383,30892.82,4585522.755,0.5,0.5,,,,,
600519.SH,20250612,1480.0,1483.87,1454.1,1459.0,1480.0,-21.0,-1.4189,49903.61,7306800.8,0.5,0.5,,,,,
600519.SH,20250613,1444.41,1449.97,1425.06,1426.95,1459.0,-32.05,-2.1967,59113.25,8466515.559,0.5,0.5,,,,,
600519.SH,20250616,1401.2,1425.04,1401.18,1422.29,1426.95,-4.66,-0.3266,42887.87,6060448.438,0.5,0.5,,,,,
600519.SH,20250617,1420.0,1427.0,1412.18,1427.0,1422.29,4.71,0.3312,27231.51,3868364.671,0.5,0.5,,,,,
600519.SH,20250618,1440.0,1443.44,1421.01,1425.0,1427.0,-2.0,-0.1402,30760.99,4404131.364,0.5,0.5,,,,,
600519.SH,20250619,1426.0,1433.67,1417.18,1426.0,1425.0,1.0,0.0702,24500.72,3490268.568,0.5,0.5,,,,,
600519.SH,20250620,1423.58,1441.14,1420.2,1428.66,1426.0,2.66,0.1865,34815.81,4990683.314,0.5,0.5,,,,,
600519.SH,20250623,1420.0,1433.0,1405.18,1420.0,1428.66,-8.66,-0.6062,26723.31,3794012.343,0.5,0.5,,,,,
600519.SH,20250624,1423.35,1451.68,1423.35,1437.2,1420.0,17.2,1.2113,36311.51,5229183.514,0.5,0.5,,,,,
600519.SH,20250625,1439.11,1449.2,1420.51,1435.86,1437.2,-1.34,-0.0932,41050.07,5869292.227,0.5,0.5,,,,,
600519.SH,20250626,1415.0,1428.0,1410.08,1420.0,1408.26,11.74,0.8337,34860.25,4955829.982,0.5,0.5,,,,,
600519.SH,20250627,1420.01,1423.0,1403.09,1403.09,1420.0,-16.91,-1.1908,38249.73,5404312.675,0.5,0.5,,,,,
600519.SH,20250630,1403.5,1413.23,1402.0,1409.52,1403.09,6.43,0.4583,30457.3,4287373.691,0.5,0.5,,,,,
600519.SH,20250701,1409.0,1411.94,1403.31,1405.1,1409.52,-4.42,-0.3136,19878.19,2794423.203,0.5,0.5,,,,,
600519.SH,20250702,1409.5,1414.8,1400.0,1409.6,1405.1,4.5,0.3203,26218.25,3689246.316,0.5,0.5,,,,,
600519.SH,20250703,1412.0,1422.69,1408.0,1415.6,1409.6,6.0,0.4257,24412.67,3456733.002,0.5,0.5,,,,,
600519.SH,20250704,1415.7,1431.89,1410.01,1422.22,1415.6,6.62,0.4676,28766.91,4086547.268,0.5,0.5,,,,,
600519.SH,20250707,1422.28,1423.5,1410.01,1410.7,1422.22,-11.52,-0.81,23854.67,3370562.659,0.5,0.5,,,,,
600519.SH,20250708,1410.71,1420.0,1410.7,1416.11,1410.7,5.41,0.3835,18673.7,2643302.691,0.5,0.5,,,,,
600519.SH,20250709,1415.0,1429.97,1414.17,1418.88,1416.11,2.77,0.1956,27745.32,3950810.723,0.5,0.5,,,,,
600519.SH,20250710,1418.97,1436.18,1410.4,1426.5,1418.88,7.62,0.537,38725.03,5503329.754,0.5,0.5,,,,,
600519.SH,20250711,1423.16,1458.0,1423.16,1427.0,1426.5,0.5,0.0351,57243.35,8239010.39,0.5,0.5,,,,,
600519.SH,20250714,1430.0,1434.98,1421.6,1423.6,1427.0,-3.4,-0.2383,27780.94,3961736.006,0.5,0.5,,,,,
600519.SH,20250715,1420.98,1422.93,1408.32,1411.0,1423.6,-12.6,-0.8851,35405.78,5005150.165,0.5,0.5,,,,,
600519.SH,20250716,1410.01,1417.49,1409.95,1411.03,1411.0,0.03,0.0021,21286.05,3006882.579,0.5,0.5,,,,,
600519.SH,20250717,1413.98,1423.01,1412.88,1416.35,1411.03,5.32,0.377,23105.54,3273100.406,0.5,0.5,,,,,
600519.SH,20250718,1420.0,1437.81,1416.38,1437.0,1416.35,20.65,1.458,41823.41,5984949.774,0.5,0.5,,,,,
600519.SH,20250721,1436.99,1446.8,1435.0,1443.0,1437.0,6.0,0.4175,26203.31,3779891.829,0.5,0.5,,,,,
600519.SH,20250722,1444.0,1466.6,1440.68,1464.98,1443.0,21.98,1.5232,42118.98,6127636.851,0.5,0.5,,,,,
600519.SH,20250723,1469.0,1495.0,1468.95,1475.5,1464.98,10.52,0.7181,45044.84,6676301.462,0.5,0.5,,,,,
600519.SH,20250724,1476.0,1499.0,1475.0,1491.5,1475.5,16.0,1.0844,38803.64,5786337.377,0.5,0.5,,,,,
600519.SH,20250725,1491.4,1491.4,1453.0,1455.0,1491.5,-36.5,-2.4472,41911.26,6140078.741,0.5,0.5,,,,,
600519.SH,20250728,1453.0,1454.99,1436.3,1438.66,1455.0,-16.34,-1.123,38586.32,5560966.386,0.5,0.5,,,,,
600519.SH,20250729,1439.6,1448.79,1435.01,1439.0,1438.66,0.34,0.0236,26304.08,3785848.102,0.5,0.5,,,,,
600519.SH,20250730,1444.0,1457.16,1437.0,1449.44,1439.0,10.44,0.7255,31867.71,4612883.04,0.5,0.5,,,,,
600519.SH,20250731,1443.0,1444.87,1418.0,1421.67,1449.44,-27.77,-1.9159,51797.51,7386302.758,0.5,0.5,,,,,
600519.SH,20250801,1421.87,1425.96,1414.0,1417.0,1421.67,-4.67,-0.3285,29635.59,4200850.79,0.5,0.5,,,,,
600519.SH,20250804,1415.0,1419.8,1414.0,1419.0,1417.0,2.0,0.1411,18687.95,2647105.74,0.5,0.5,,,,,
600519.SH,20250805,1421.0,1429.94,1417.11,1427.74,1419.0,8.74,0.6159,25342.27,3607931.488,0.5,0.5,,,,,
600519.SH,20250806,1429.0,1429.0,1419.3,1423.88,1427.74,-3.86,-0.2704,23699.28,3372334.94,0.5,0.5,,,,,
600519.SH,20250807,1423.88,1427.7,1420.06,1422.35,1423.88,-1.53,-0.1075,28001.34,3988765.795,0.5,0.5,,,,,
600519.SH,20250808,1423.05,1426.5,1418.0,1420.97,1422.35,-1.38,-0.097,18655.28,2651478.118,0.5,0.5,,,,,
600519.SH,20250811,1423.5,1451.99,1423.0,1445.0,1420.97,24.03,1.6911,47159.07,6794034.09,0.5,0.5,,,,,
600519.SH,20250812,1449.0,1465.07,1436.0,1437.04,1445.0,-7.96,-0.5509,42019.23,6095342.036,0.5,0.5,,,,,
600519.SH,20250813,1425.0,1433.68,1420.0,1420.05,1437.04,-16.99,-1.1823,65527.54,9325460.101,0.5,0.5,,,,,
600519.SH,20250814,1420.94,1447.51,1420.94,1426.99,1420.05,6.94,0.4887,48129.3,6897535.33,0.5,0.5,,,,,
600519.SH,20250815,1426.01,1428.66,1420.22,1422.08,1426.99,-4.91,-0.3441,47581.65,6772436.997,0.5,0.5,,,,,
600519.SH,20250818,1426.99,1436.64,1423.1,1428.5,1422.08,6.42,0.4515,47377.98,6773477.871,0.5,0.5,,,,,
600519.SH,20250819,1433.5,1446.66,1432.0,1438.0,1428.5,9.5,0.665,46371.86,6678541.001,0.5,0.5,,,,,
600519.SH,20250820,1438.0,1452.8,1430.02,1450.0,1438.0,12.0,0.8345,45804.66,6623095.725,0.5,0.5,,,,,
600519.SH,20250821,1453.45,1454.99,1443.65,1448.25,1450.0,-1.75,-0.1207,30890.57,4470441.662,0.5,0.5,,,,,
600519.SH,20250822,1448.88,1464.0,1444.77,1463.95,1448.25,15.7,1.0841,44970.58,6544867.368,0.5,0.5,,,,,
600519.SH,20250825,1470.01,1496.0,1466.0,1490.33,1463.95,26.38,1.802,65324.55,9676719.498,0.5,0.5,,,,,
600519.SH,20250826,1490.32,1494.23,1480.01,1481.61,1490.33,-8.72,-0.5851,39602.13,5883917.0,0.5,0.5,,,,,
600519.SH,20250827,1481.88,1484.93,1448.0,1448.0,1481.61,-33.61,-2.2685,56006.09,8184169.113,0.5,0.5,,,,,
600519.SH,20250828,1447.97,1456.1,1438.77,1446.1,1448.0,-1.9,-0.1312,39281.77,5683673.273,0.5,0.5,,,,,
600519.SH,20250829,1453.0,1482.58,1452.0,1480.0,1446.1,33.9,2.3442,62256.48,9159701.454,0.5,0.5,,,,,
600519.SH,20250901,1482.2,1488.0,1465.7,1476.1,1480.0,-3.9,-0.2635,45123.38,6658918.555,0.5,0.5,,,,,
600519.SH,20250902,1478.66,1509.0,1478.0,1491.3,1476.1,15.2,1.0297,56688.37,8470012.816,0.5,0.5,,,,,
600519.SH,20250903,1491.0,1503.5,1466.0,1480.55,1491.3,-10.75,-0.7208,45045.03,6656011.145,0.5,0.5,,,,,
600519.SH,20250904,1472.0,1479.3,1460.47,1472.66,1480.55,-7.89,-0.5329,47746.76,7017084.75,0.5,0.5,,,,,
600519.SH,20250905,1471.0,1486.97,1464.0,1483.0,1472.66,10.34,0.7021,37388.48,5519312.163,0.5,0.5,,,,,
600519.SH,20250908,1483.0,1506.44,1477.5,1501.23,1483.0,18.23,1.2293,51382.98,7682065.696,0.5,0.5,,,,,
600519.SH,20250909,1505.0,1509.95,1493.42,1505.0,1501.23,3.77,0.2511,35742.77,5366650.005,0.5,0.5,,,,,
600519.SH,20250910,1506.66,1529.95,1496.0,1522.01,1505.0,17.01,1.1302,49663.31,7541460.049,0.5,0.5,,,,,
600519.SH,20250911,1522.01,1526.02,1508.5,1523.5,1522.01,1.49,0.0979,37238.96,5642778.456,0.5,0.5,,,,,
600519.SH,20250912,1526.0,1538.02,1510.53,1516.0,1523.5,-7.5,-0.4923,33722.09,5132184.935,0.5,0.5,,,,,
600519.SH,20250915,1515.87,1517.48,1501.5,1515.1,1516.0,-0.9,-0.0594,25827.03,3901929.718,0.5,0.5,,,,,
600519.SH,20250916,1515.1,1520.99,1496.21,1499.98,1515.1,-15.12,-0.998,32717.89,4928374.478,0.5,0.5,,,,,
600519.SH,20250917,1499.99,1510.28,1490.01,1493.0,1499.98,-6.98,-0.4653,30330.54,4534770.634,0.5,0.5,,,,,
600519.SH,20250918,1492.0,1497.8,1463.5,1467.96,1493.0,-25.04,-1.6772,49721.25,7347477.479,0.5,0.5,,,,,
600519.SH,20250919,1467.99,1475.5,1457.01,1467.97,1467.96,0.01,0.0007,32636.62,4784528.851,0.5,0.5,,,,,
600519.SH,20250922,1465.09,1467.97,1450.01,1453.35,1467.97,-14.62,-0.9959,34947.08,5085057.536,0.5,0.5,,,,,
600519.SH,20250923,1450.5,1457.5,1440.0,1447.42,1453.35,-5.93,-0.408,38663.0,5588384.388,0.5,0.5,,,,,
600519.SH,20250924,1434.07,1456.78,1434.07,1442.0,1447.42,-5.42,-0.3745,30743.5,4443052.872,0.5,0.5,,,,,
600519.SH,20250925,1442.83,1445.21,1436.0,1439.0,1442.0,-3.0,-0.208,33869.73,4873274.661,0.5,0.5,,,,,
600519.SH,20250926,1441.18,1447.11,1428.01,1435.0,1439.0,-4.0,-0.278,45120.71,6480889.597,0.5,0.5,,,,,
600519.SH,20250929,1439.38,1469.99,1435.0,1460.86,1435.0,25.86,1.8021,53684.03,7798434.586,0.5,0.5,,,,,
600519.SH,20250930,1460.0,1460.76,1440.0,1443.99,1460.86,-16.87,-1.1548,39363.62,5687474.876,0.5,0.5,,,,,
600519.SH,20251009,1436.0,1439.38,1420.0,1436.78,1443.99,-7.21,-0.4993,54918.12,7845448.947,0.5,0.5,,,,,
600519.SH,20251010,1437.6,1439.94,1427.5,1430.0,1436.78,-6.78,-0.4719,36001.44,5157459.262,0.5,0.5,,,,,
600519.SH,20251013,1415.7,1422.85,1415.12,1419.2,1430.0,-10.8,-0.7552,46068.8,6533147.458,0.5,0.5,,,,,
600519.SH,20251014,1429.99,1464.0,1429.99,1451.02,1419.2,31.82,2.2421,66672.33,9639484.605,0.5,0.5,,,,,
600519.SH,20251015,1450.98,1463.0,1445.08,1462.0,1451.02,10.98,0.7567,42785.4,6233407.482,0.5,0.5,,,,,
600519.SH,20251016,1461.92,1484.95,1458.88,1484.91,1462.0,22.91,1.567,45730.15,6749162.949,0.5,0.5,,,,,
600519.SH,20251017,1483.1,1488.0,1454.03,1455.0,1484.91,-29.91,-2.0143,38085.89,5594724.9,0.5,0.5,,,,,
600519.SH,20251020,1455.0,1469.5,1454.88,1457.93,1455.0,2.93,0.2014,25949.88,3793283.759,0.5,0.5,,,,,
600519.SH,20251021,1459.0,1469.94,1455.5,1462.26,1457.93,4.33,0.297,25442.67,3727984.13,0.5,0.5,,,,,
600519.SH,20251022,1462.08,1465.73,1456.0,1458.7,1462.26,-3.56,-0.2435,18194.92,2657486.636,0.5,0.5,,,,,
600519.SH,20251023,1455.0,1468.8,1447.2,1467.98,1458.7,9.28,0.6362,29322.35,4274652.09,0.5,0.5,,,,,
600519.SH,20251024,1467.95,1478.88,1449.34,1450.0,1467.98,-17.98,-1.2248,38225.83,5578603.148,0.5,0.5,,,,,
600519.SH,20251027,1440.0,1452.49,1435.99,1440.41,1450.0,-9.59,-0.6614,37102.39,5352667.152,0.5,0.5,,,,,
600519.SH,20251028,1442.0,1451.2,1441.1,1445.0,1440.41,4.59,0.3187,27124.33,3923817.14,0.5,0.5,,,,,
600519.SH,20251029,1440.02,1446.55,1430.04,1431.9,1445.0,-13.1,-0.9066,33937.11,4868780.319,0.5,0.5,,,,,
600519.SH,20251030,1421.81,1436.63,1421.81,1426.74,1431.9,-5.16,-0.3604,47456.1,6768821.311,0.5,0.5,,,,,
600519.SH,20251031,1422.0,1435.98,1420.11,1430.01,1426.74,3.27,0.2292,35693.77,5109623.861,0.5,0.5,,,,,
600519.SH,20251103,1431.0,1448.0,1420.1,1435.0,1430.01,4.99,0.3489,34547.66,4945310.83,0.5,0.5,,,,,
600519.SH,20251104,1435.1,1435.78,1423.78,1429.0,1435.0,-6.0,-0.4181,26565.72,3793892.903,0.5,0.5,,,,,
600519.SH,20251105,1425.89,1430.99,1420.01,1420.08,1429.0,-8.92,-0.6242,34475.27,4908475.373,0.5,0.5,,,,,
600519.SH,20251106,1430.0,1441.45,1429.99,1435.13,1420.08,15.05,1.0598,38347.82,5505960.415,0.5,0.5,,,,,
600519.SH,20251107,1435.11,1439.78,1431.11,1433.33,1435.13,-1.8,-0.1254,18861.39,2704995.856,0.5,0.5,,,,,
600519.SH,20251110,1435.0,1463.69,1434.98,1462.3,1433.33,28.97,2.0212,49451.54,7181246.441,0.5,0.5,,,,,
600519.SH,20251111,1462.0,1462.18,1447.0,1458.99,1462.3,-3.31,-0.2264,26691.56,3882776.772,0.5,0.5,,,,,
600519.SH,20251112,1459.98,1478.36,1459.21,1465.15,1458.99,6.16,0.4222,32992.1,4849073.051,0.5,0.5,,,,,
600519.SH,20251113,1462.12,1473.58,1458.0,1470.38,1465.15,5.23,0.357,31179.23,4569178.269,0.5,0.5,,,,,
600519.SH,20251114,1470.0,1478.95,1456.3,1456.6,1470.38,-13.78,-0.9372,27473.06,4031007.106,0.5,0.5,,,,,
600519.SH,20251117,1454.0,1473.0,1445.79,1471.0,1456.6,14.4,0.9886,34462.21,5035780.027,0.5,0.5,,,,,
600519.SH,20251118,1470.7,1486.07,1469.0,1476.0,1471.0,5.0,0.3399,34204.78,5055675.474,0.5,0.5,,,,,
600519.SH,20251119,1474.0,1479.53,1469.96,1471.01,1476.0,-4.99,-0.3381,22045.37,3249449.214,0.5,0.5,,,,,
600519.SH,20251120,1472.0,1479.9,1465.03,1467.11,1471.01,-3.9,-0.2651,24002.32,3531653.943,0.5,0.5,,,,,
600519.SH,20251121,1470.5,1480.0,1456.0,1466.6,1467.11,-0.51,-0.0348,42607.2,6259873.433,0.5,0.5,,,,,
600519.SH,20251124,1467.0,1471.0,1451.13,1452.0,1466.6,-14.6,-0.9955,33607.44,4901903.705,0.5,0.5,,,,,
600519.SH,20251125,1458.0,1458.0,1444.5,1444.65,1452.0,-7.35,-0.5062,28440.69,4119930.011,0.5,0.5,,,,,
600519.SH,20251126,1448.88,1453.49,1443.58,1449.15,1444.65,4.5,0.3115,20306.16,2938818.095,0.5,0.5,,,,,
600519.SH,20251127,1449.5,1450.0,1439.04,1447.3,1449.15,-1.85,-0.1277,22286.89,3216797.187,0.5,0.5,,,,,
600519.SH,20251128,1446.5,1455.5,1443.0,1450.5,1447.3,3.2,0.2211,23211.21,3366696.622,0.5,0.5,,,,,
600519.SH,20251201,1451.0,1462.27,1442.0,1448.0,1450.5,-2.5,-0.1724,27333.42,3961994.999,0.5,0.5,,,,,
600519.SH,20251202,1448.0,1451.92,1435.02,1436.03,1448.0,-11.97,-0.8267,25047.26,3607543.825,0.5,0.5,,,,,
600519.SH,20251203,1435.81,1435.97,1428.0,1429.1,1436.03,-6.93,-0.4826,23572.79,3370080.066,0.5,0.5,,,,,
600519.SH,20251204,1429.1,1432.5,1418.38,1423.98,1429.1,-5.12,-0.3583,29075.39,4134921.902,0.5,0.5,,,,,
600519.SH,20251205,1423.98,1433.09,1419.5,1430.01,1423.98,6.03,0.4235,25401.66,3622681.597,0.5,0.5,,,,,
600519.SH,20251208,1429.2,1436.67,1418.0,1418.22,1430.01,-11.79,-0.8245,33602.8,4789155.77,0.5,0.5,,,,,
600519.SH,20251209,1418.23,1421.0,1400.05,1401.01,1418.22,-17.21,-1.2135,42634.43,5995722.121,0.5,0.5,,,,,
600519.SH,20251210,1400.0,1402.8,1383.18,1402.8,1401.01,1.79,0.1278,33133.47,4625906.139,0.5,0.5,,,,,
600519.SH,20251211,1406.66,1411.99,1401.55,1411.99,1402.8,9.19,0.6551,22385.01,3149974.074,0.5,0.5,,,,,
600519.SH,20251212,1418.0,1425.0,1413.57,1420.65,1411.99,8.66,0.6133,37159.19,5273563.274,0.5,0.5,,,,,
600519.SH,20251215,1439.59,1439.99,1425.57,1426.0,1420.65,5.35,0.3766,33358.79,4774362.06,0.5,0.5,,,,,
600519.SH,20251216,1426.2,1428.78,1415.0,1422.0,1426.0,-4.0,-0.2805,23963.67,3403139.194,0.5,0.5,,,,,
600519.SH,20251217,1425.0,1439.94,1417.68,1433.1,1422.0,11.1,0.7806,31382.49,4489482.138,0.5,0.5,,,,,
600519.SH,20251218,1433.5,1438.88,1426.11,1431.0,1433.1,-2.1,-0.1465,17829.95,2551177.659,0.5,0.5,,,,,
600519.SH,20251219,1410.0,1412.45,1401.01,1410.0,1407.04,2.96,0.2104,26508.68,3733028.357,0.5,0.5,,,,,
600519.SH,20251222,1410.0,1414.14,1406.58,1408.26,1410.0,-1.74,-0.1234,20425.65,2881636.856,0.5,0.5,,,,,
600519.SH,20251223,1408.26,1412.93,1397.19,1407.86,1408.26,-0.4,-0.0284,24506.81,3445377.032,0.5,0.5,,,,,
600519.SH,20251224,1404.99,1406.36,1400.0,1400.9,1407.86,-6.96,-0.4944,25186.69,3533253.565,0.5,0.5,,,,,
600519.SH,20251225,1405.0,1419.48,1401.38,1414.17,1400.9,13.27,0.9472,23386.21,3299572.096,0.5,0.5,,,,,
600519.SH,20251226,1414.17,1419.14,1410.0,1414.13,1414.17,-0.04,-0.0028,17802.99,2520605.635,0.5,0.5,,,,,
600519.SH,20251229,1414.13,1414.13,1401.0,1402.0,1414.13,-12.13,-0.8578,26308.1,3694660.107,0.5,0.5,,,,,
600519.SH,20251230,1401.0,1401.9,1386.0,1389.72,1402.0,-12.28,-0.8759,33791.94,4702489.813,0.5,0.5,,,,,
600519.SH,20251231,1390.0,1394.0,1377.17,1377.18,1389.72,-12.54,-0.9023,34765.63,4799456.452,0.5,0.5,,,,,
600519.SH,20260105,1385.0,1431.88,1385.0,1426.0,1377.18,48.82,3.5449,70949.42,10018086.372,0.5,0.5,,,,,
600519.SH,20260106,1432.55,1436.97,1416.53,1428.01,1426.0,2.01,0.141,39586.18,5649710.153,0.5,0.5,,,,,
600519.SH,20260107,1432.88,1435.0,1420.2,1423.36,1428.01,-4.65,-0.3256,29683.8,4234255.286,0.5,0.5,,,,,
600519.SH,20260108,1423.33,1423.36,1408.14,1412.3,1423.36,-11.06,-0.777,29134.54,4117925.041,0.5,0.5,,,,,
600519.SH,20260109,1417.0,1428.6,1416.01,1419.1,1412.3,6.8,0.4815,29847.74,4243865.418,0.5,0.5,,,,,
600519.SH,20260112,1419.1,1431.0,1417.1,1423.23,1419.1,4.13,0.291,36082.66,5135636.033,0.5,0.5,,,,,
600519.SH,20260113,1426.79,1429.52,1408.99,1411.0,1423.23,-12.23,-0.8593,39168.66,5555633.779,0.5,0.5,,,,,
600519.SH,20260114,1411.0,1422.25,1396.18,1398.01,1411.0,-12.99,-0.9206,51757.97,7285041.159,0.5,0.5,,,,,
600519.SH,20260115,1396.02,1402.83,1388.58,1388.89,1398.01,-9.12,-0.6524,40907.14,5698739.671,0.5,0.5,,,,,
600519.SH,20260116,1395.0,1397.5,1380.0,1382.0,1388.89,-6.89,-0.4961,55120.68,7643061.998,0.5,0.5,,,,,
600519.SH,20260119,1381.9,1387.49,1375.0,1376.0,1382.0,-6.0,-0.4342,42286.4,5833745.442,0.5,0.5,,,,,
600519.SH,20260120,1379.5,1381.58,1372.05,1373.55,1376.0,-2.45,-0.1781,36484.43,5021900.765,0.5,0.5,,,,,
600519.SH,20260121,1373.56,1374.4,1350.0,1351.06,1373.55,-22.49,-1.6374,64516.25,8775880.803,0.5,0.5,,,,,
600519.SH,20260122,1352.01,1361.76,1337.48,1340.06,1351.06,-11.0,-0.8142,59010.89,7962441.434,0.5,0.5,,,,,
600519.SH,20260123,1340.1,1348.0,1332.47,1337.0,1340.06,-3.06,-0.2283,61948.9,8301311.489,0.5,0.5,,,,,
600519.SH,20260126,1340.51,1355.0,1325.12,1342.0,1337.0,5.0,0.374,80166.06,10751225.525,0.5,0.5,,,,,
600519.SH,20260127,1344.98,1353.7,1338.0,1343.01,1342.0,1.01,0.0753,48415.96,6514513.216,0.5,0.5,,,,,
600519.SH,20260128,1343.04,1346.71,1322.01,1323.69,1343.01,-19.32,-1.4386,76218.01,10135019.524,0.5,0.5,,,,,
600519.SH,20260129,1335.0,1445.0,1329.06,1437.72,1323.69,114.03,8.6146,189534.4,26305591.086,0.5,0.5,,,,,
600519.SH,20260130,1435.0,1435.0,1401.0,1401.0,1437.72,-36.72,-2.554,94479.74,13366329.414,0.5,0.5,,,,,
600519.SH,20260202,1425.0,1458.58,1411.62,1427.0,1401.0,26.0,1.8558,85724.27,12312646.443,0.5,0.5,,,,,
600519.SH,20260203,1445.0,1476.81,1443.03,1474.92,1427.0,47.92,3.3581,86320.66,12628439.703,0.5,0.5,,,,,
600519.SH,20260204,1485.0,1533.27,1474.0,1525.0,1474.92,50.08,3.3954,109122.93,16444345.98,0.5,0.5,,,,,
600519.SH,20260205,1520.0,1565.0,1515.0,1555.0,1525.0,30.0,1.9672,91622.74,14183456.476,0.5,0.5,,,,,
600519.SH,20260206,1555.0,1568.0,1505.88,1515.01,1555.0,-39.99,-2.5717,78965.38,12019878.669,0.5,0.5,,,,,
600519.SH,20260209,1518.0,1542.88,1513.49,1524.96,1515.01,9.95,0.6568,51168.46,7809067.705,0.5,0.5,,,,,
600519.SH,20260210,1524.97,1524.97,1496.5,1504.8,1524.96,-20.16,-1.322,39575.96,5953269.321,0.5,0.5,,,,,
600519.SH,20260211,1504.8,1514.0,1496.0,1504.33,1504.8,-0.47,-0.0312,30928.46,4648360.03,0.5,0.5,,,,,
600519.SH,20260212,1500.2,1502.82,1473.36,1486.6,1504.33,-17.73,-1.1786,46245.82,6874370.113,0.5,0.5,,,,,
600519.SH,20260213,1486.6,1507.8,1470.58,1485.3,1486.6,-1.3,-0.0874,41679.01,6216379.203,0.5,0.5,,,,,
600519.SH,20260224,1521.0,1524.4,1463.6,1466.8,1485.3,-18.5,-1.2455,41912.53,6198840.572,0.5,0.5,,,,,
600519.SH,20260225,1470.0,1509.66,1467.88,1491.66,1466.8,24.86,1.6948,36880.67,5490316.149,0.5,0.5,,,,,
600519.SH,20260226,1486.6,1489.49,1464.67,1466.21,1491.66,-25.45,-1.7062,32958.01,4855471.43,0.5,0.5,,,,,
600519.SH,20260227,1466.99,1476.21,1455.02,1455.02,1466.21,-11.19,-0.7632,32160.16,4697692.477,0.5,0.5,,,,,
600519.SH,20260302,1450.0,1457.0,1436.66,1440.11,1455.02,-14.91,-1.0247,35453.86,5115063.511,0.5,0.5,,,,,
600519.SH,20260303,1440.1,1452.87,1422.13,1426.19,1440.11,-13.92,-0.9666,45890.86,6565381.648,0.5,0.5,,,,,
600519.SH,20260304,1415.0,1423.0,1392.09,1401.18,1426.19,-25.01,-1.7536,48014.43,6743267.103,0.5,0.5,,,,,
600519.SH,20260305,1406.0,1412.96,1395.0,1399.04,1401.18,-2.14,-0.1527,30505.24,4276226.062,0.5,0.5,,,,,
600519.SH,20260306,1395.0,1407.5,1388.0,1402.0,1399.04,2.96,0.2116,29154.15,4072328.833,0.5,0.5,,,,,
600519.SH,20260309,1390.0,1404.9,1383.2,1397.0,1402.0,-5.0,-0.3566,37441.62,5220095.639,0.5,0.5,,,,,
600519.SH,20260310,1404.9,1409.49,1398.0,1401.88,1397.0,4.88,0.3493,24625.92,3457808.916,0.5,0.5,,,,,
600519.SH,20260311,1402.99,1405.99,1398.02,1400.0,1401.88,-1.88,-0.1341,24456.73,3425363.892,0.5,0.5,,,,,
600519.SH,20260312,1395.0,1403.95,1391.01,1392.0,1400.0,-8.0,-0.5714,27586.46,3850521.717,0.5,0.5,,,,,
600519.SH,20260313,1392.48,1417.62,1392.0,1413.64,1392.0,21.64,1.5546,33607.83,4738808.558,0.5,0.5,,,,,
600519.SH,20260316,1420.0,1466.0,1420.0,1460.18,1413.64,46.54,3.2922,60086.35,8711525.836,0.5,0.5,,,,,
600519.SH,20260317,1468.0,1498.07,1461.19,1485.0,1460.18,24.82,1.6998,49453.61,7347310.632,0.5,0.5,,,,,
600519.SH,20260318,1489.0,1496.5,1463.15,1468.8,1485.0,-16.2,-1.0909,35551.0,5239992.522,0.5,0.5,,,,,
600519.SH,20260319,1472.96,1473.0,1446.0,1452.87,1468.8,-15.93,-1.0846,30318.59,4404953.481,0.5,0.5,,,,,
600519.SH,20260320,1452.96,1462.5,1439.0,1445.0,1452.87,-7.87,-0.5417,26132.34,3782818.26,0.5,0.5,,,,,
600519.SH,20260323,1433.33,1435.0,1400.03,1408.07,1445.0,-36.93,-2.5557,47255.89,6669708.665,0.5,0.5,,,,,
600519.SH,20260324,1416.0,1417.59,1400.18,1407.33,1408.07,-0.74,-0.0526,28561.79,4017694.387,0.5,0.5,,,,,
600519.SH,20260325,1410.11,1417.87,1401.01,1410.27,1407.33,2.94,0.2089,26093.46,3677905.549,0.5,0.5,,,,,
600519.SH,20260326,1409.0,1413.9,1400.3,1401.18,1410.27,-9.09,-0.6446,23092.89,3243387.502,0.5,0.5,,,,,
600519.SH,20260327,1400.0,1426.0,1396.66,1416.02,1401.18,14.84,1.0591,30087.11,4257499.781,0.5,0.5,,,,,
600519.SH,20260330,1407.0,1431.0,1402.52,1420.0,1416.02,3.98,0.2811,28684.59,4060684.934,0.5,0.5,,,,,
600519.SH,20260331,1468.0,1479.93,1448.41,1450.0,1420.0,30.0,2.1127,61690.66,9015486.797,0.5,0.5,,,,,
600519.SH,20260401,1464.49,1469.99,1452.88,1459.44,1450.0,9.44,0.651,29125.14,4256185.472,0.5,0.5,,,,,
600519.SH,20260402,1459.44,1464.88,1452.1,1459.88,1459.44,0.44,0.0301,21064.37,3071809.846,0.5,0.5,,,,,
600519.SH,20260403,1459.54,1469.96,1455.0,1460.0,1459.88,0.12,0.0082,20193.73,2953993.081,0.5,0.5,,,,,
600519.SH,20260407,1460.05,1470.0,1435.05,1440.02,1460.0,-19.98,-1.3685,24152.18,3507471.653,0.5,0.5,,,,,
600519.SH,20260408,1460.0,1469.08,1452.13,1465.02,1440.02,25.0,1.7361,33836.1,4947937.007,0.5,0.5,,,,,
600519.SH,20260409,1465.02,1465.02,1447.5,1460.49,1465.02,-4.53,-0.3092,20704.76,3012278.579,0.5,0.5,,,,,
600519.SH,20260410,1459.14,1459.71,1441.1,1453.96,1460.49,-6.53,-0.4471,28865.56,4187181.529,0.5,0.5,,,,,
600519.SH,20260413,1444.0,1446.5,1433.0,1443.31,1453.96,-10.65,-0.7325,25213.64,3629675.49,0.5,0.5,,,,,
600519.SH,20260414,1442.6,1448.6,1435.0,1446.9,1443.31,3.59,0.2487,24232.61,3492544.23,0.5,0.5,,,,,
600519.SH,20260415,1444.98,1470.79,1442.0,1467.5,1446.9,20.6,1.4237,34553.48,5049317.187,0.5,0.5,,,,,
600519.SH,20260416,1467.45,1477.41,1460.0,1462.84,1467.5,-4.66,-0.3175,24512.84,3597294.838,0.5,0.5,,,,,
600519.SH,20260417,1400.0,1421.0,1399.87,1407.24,1462.84,-55.6,-3.8008,96824.99,13631929.446,0.5,0.5,,,,,
600519.SH,20260420,1403.0,1413.94,1400.0,1410.89,1407.24,3.65,0.2594,36451.39,5127146.041,0.5,0.5,,,,,
600519.SH,20260421,1411.0,1419.9,1410.0,1412.01,1410.89,1.12,0.0794,21754.27,3074595.192,0.5,0.5,,,,,
600519.SH,20260422,1415.0,1419.0,1404.98,1409.5,1412.01,-2.51,-0.1778,26915.93,3793827.534,0.5,0.5,,,,,
600519.SH,20260423,1408.0,1419.7,1405.1,1419.0,1409.5,9.5,0.674,37701.09,5332831.151,0.5,0.5,,,,,
600519.SH,20260424,1413.1,1458.88,1413.1,1458.49,1419.0,39.49,2.7829,55455.31,8003410.999,0.5,0.5,,,,,
600519.SH,20260427,1420.0,1420.0,1402.2,1403.2,1458.49,-55.29,-3.7909,72797.74,10239763.452,0.5,0.5,,,,,
600519.SH,20260428,1402.0,1409.39,1400.11,1405.0,1403.2,1.8,0.1283,34004.42,4772513.712,0.5,0.5,,,,,
600519.SH,20260429,1405.0,1409.75,1400.28,1401.17,1405.0,-3.83,-0.2726,34813.13,4881691.348,0.5,0.5,,,,,
600519.SH,20260430,1400.0,1401.17,1380.0,1384.79,1401.17,-16.38,-1.169,52752.67,7316111.748,0.5,0.5,,,,,
600519.SH,20260506,1365.1,1379.0,1360.05,1375.0,1384.79,-9.79,-0.707,47806.04,6550750.94,0.5,0.5,,,,,
600519.SH,20260507,1375.0,1388.0,1370.01,1371.05,1375.0,-3.95,-0.2873,40461.47,5573286.315,0.5,0.5,,,,,
600519.SH,20260508,1371.66,1382.77,1370.0,1372.99,1371.05,1.94,0.1415,33368.53,4582855.939,0.5,0.5,,,,,
600519.SH,20260511,1372.89,1372.89,1361.0,1361.33,1372.99,-11.66,-0.8492,57135.1,7790721.392,0.5,0.5,,,,,
600519.SH,20260512,1362.0,1363.58,1350.5,1354.55,1361.33,-6.78,-0.498,50837.43,6886304.982,0.5,0.5,,,,,
600519.SH,20260513,1354.5,1358.6,1338.0,1344.09,1354.55,-10.46,-0.7722,56967.87,7653257.144,0.5,0.5,,,,,
600519.SH,20260514,1338.0,1369.06,1335.18,1342.17,1344.09,-1.92,-0.1428,55244.34,7428592.859,0.5,0.5,,,,,
600519.SH,20260515,1335.15,1339.28,1327.11,1332.95,1342.17,-9.22,-0.6869,58183.65,7749366.54,0.5,0.5,,,,,
600519.SH,20260518,1336.0,1342.68,1319.61,1323.0,1332.95,-9.95,-0.7465,49660.97,6594983.723,0.5,0.5,,,,,
600519.SH,20260519,1321.9,1329.99,1318.0,1324.3,1323.0,1.3,0.0983,43254.64,5719170.335,0.5,0.5,,,,,
600519.SH,20260520,1321.0,1332.99,1314.0,1315.0,1324.3,-9.3,-0.7023,47487.33,6271273.748,0.5,0.5,,,,,
600519.SH,20260521,1312.98,1323.52,1311.0,1311.0,1315.0,-4.0,-0.3042,38868.38,5112740.391,0.5,0.5,,,,,
600519.SH,20260522,1310.95,1311.91,1290.12,1290.2,1311.0,-20.8,-1.5866,49157.14,6372389.482,0.5,0.5,,,,,
600519.SH,20260525,1287.0,1304.79,1277.0,1285.88,1290.2,-4.32,-0.3348,46352.76,5978725.158,0.5,0.5,,,,,
600519.SH,20260526,1285.35,1289.89,1270.01,1273.38,1285.88,-12.5,-0.9721,45931.62,5867830.633,0.5,0.5,,,,,
600519.SH,20260527,1268.02,1319.0,1250.1,1303.0,1273.38,29.62,2.3261,82727.91,10586574.902,0.5,0.5,,,,,
600519.SH,20260528,1290.0,1304.0,1271.0,1275.98,1303.0,-27.02,-2.0737,45889.98,5895475.019,0.5,0.5,,,,,
600519.SH,20260529,1270.6,1329.0,1270.0,1326.0,1275.98,50.02,3.9201,76478.05,10037388.211,0.5,0.5,,,,,
600519.SH,20260601,1327.0,1327.0,1301.31,1309.6,1326.0,-16.4,-1.2368,43844.6,5741133.268,0.5,0.5,,,,,
600519.SH,20260602,1306.0,1326.36,1301.0,1307.22,1309.6,-2.38,-0.1817,36361.85,4769963.104,0.5,0.5,,,,,
600519.SH,20260603,1304.0,1304.0,1276.0,1281.91,1307.22,-25.31,-1.9362,52476.52,6743202.681,0.5,0.5,,,,,
600519.SH,20260604,1278.99,1288.99,1266.69,1268.0,1281.91,-13.91,-1.0851,33506.17,4273269.325,0.5,0.5,,,,,
600519.SH,20260605,1278.0,1283.0,1267.74,1272.86,1268.0,4.86,0.3833,31303.97,3984001.862,0.5,0.5,,,,,
600519.SH,20260608,1272.0,1278.0,1260.0,1262.98,1272.86,-9.88,-0.7762,30828.36,3898027.116,0.5,0.5,,,,,
600519.SH,20260609,1262.99,1263.0,1252.55,1256.0,1262.98,-6.98,-0.5527,27860.12,3500590.715,0.5,0.5,,,,,
600519.SH,20260610,1252.08,1282.0,1250.21,1275.88,1256.0,19.88,1.5828,39244.14,4991686.419,0.5,0.5,,,,,
600519.SH,20260611,1272.12,1282.88,1266.91,1279.0,1275.88,3.12,0.2445,25351.98,3230008.22,0.5,0.5,,,,,
000001.SZ,20210615,23.35,23.43,22.8,23.22,23.37,-0.15,-0.6418,660622.59,1524503.477,0.5,0.5,,,,,
000001.SZ,20210616,23.22,23.4,23.01,23.26,23.22,0.04,0.1723,378208.04,878470.834,0.5,0.5,,,,,
000001.SZ,20210617,23.02,23.69,23.02,23.1,23.26,-0.16,-0.6879,453282.09,1059121.804,0.5,0.5,,,,,
000001.SZ,20210618,23.13,23.28,22.39,22.65,23.1,-0.45,-1.9481,694099.3,1574437.729,0.5,0.5,,,,,
000001.SZ,20210621,22.6,22.67,22.01,22.16,22.65,-0.49,-2.1634,718272.74,1600119.859,0.5,0.5,,,,,
000001.SZ,20210622,22.38,23.09,22.25,22.97,22.16,0.81,3.6552,757751.41,1720058.046,0.5,0.5,,,,,
000001.SZ,20210623,22.85,23.41,22.72,23.14,22.97,0.17,0.7401,447907.78,1035835.695,0.5,0.5,,,,,
000001.SZ,20210624,23.03,23.12,22.68,23.08,23.14,-0.06,-0.2593,390283.49,894502.108,0.5,0.5,,,,,
000001.SZ,20210625,23.08,23.6,23.06,23.36,23.08,0.28,1.2132,559972.95,1310287.389,0.5,0.5,,,,,
000001.SZ,20210628,23.36,23.39,22.48,22.78,23.36,-0.58,-2.4829,626257.37,1425702.202,0.5,0.5,,,,,
000001.SZ,20210629,22.58,22.79,22.0,22.34,22.78,-0.44,-1.9315,1049749.39,2341926.371,0.5,0.5,,,,,
000001.SZ,20210630,22.36,22.93,22.35,22.62,22.34,0.28,1.2534,403435.46,913285.187,0.5,0.5,,,,,
000001.SZ,20210701,22.81,23.5,22.52,23.2,22.62,0.58,2.5641,664833.3,1530548.798,0.5,0.5,,,,,
000001.SZ,20210702,22.72,22.74,21.76,21.81,23.2,-1.39,-5.9914,1070677.56,2360189.793,0.5,0.5,,,,,
000001.SZ,20210705,21.69,22.15,21.09,22.06,21.81,0.25,1.1463,859341.29,1859394.323,0.5,0.5,,,,,
000001.SZ,20210706,22.08,23.0,21.85,22.78,22.06,0.72,3.2638,791957.26,1784792.785,0.5,0.5,,,,,
000001.SZ,20210707,22.68,23.05,22.5,22.55,22.78,-0.23,-1.0097,468944.87,1063910.095,0.5,0.5,,,,,
000001.SZ,20210708,22.78,22.78,21.2,21.51,22.55,-1.04,-4.612,1457059.47,3140657.439,0.5,0.5,,,,,
000001.SZ,20210709,21.3,21.63,21.02,21.27,21.51,-0.24,-1.1158,762364.74,1625461.607,0.5,0.5,,,,,
000001.SZ,20210712,21.5,21.5,20.89,21.16,21.27,-0.11,-0.5172,877901.02,1859059.51,0.5,0.5,,,,,
000001.SZ,20210713,21.15,21.34,20.54,21.12,21.16,-0.04,-0.189,657613.95,1382029.13,0.5,0.5,,,,,
000001.SZ,20210714,21.0,21.0,20.41,20.76,21.12,-0.36,-1.7045,847950.55,1755810.875,0.5,0.5,,,,,
000001.SZ,20210715,20.72,21.72,20.63,21.62,20.76,0.86,4.1426,956003.05,2040266.258,0.5,0.5,,,,,
000001.SZ,20210716,21.41,21.82,21.3,21.34,21.62,-0.28,-1.2951,573002.61,1230180.813,0.5,0.5,,,,,
000001.SZ,20210719,21.36,21.43,20.78,21.21,21.34,-0.13,-0.6092,522135.95,1098434.741,0.5,0.5,,,,,
000001.SZ,20210720,21.1,21.2,20.47,20.6,21.21,-0.61,-2.876,804034.33,1665315.545,0.5,0.5,,,,,
000001.SZ,20210721,20.58,20.8,20.2,20.45,20.6,-0.15,-0.7282,753076.52,1535327.561,0.5,0.5,,,,,
000001.SZ,20210722,20.45,20.66,20.24,20.38,20.45,-0.07,-0.3423,868648.09,1773999.331,0.5,0.5,,,,,
000001.SZ,20210723,20.38,20.38,20.0,20.1,20.38,-0.28,-1.3739,727404.33,1461467.511,0.5,0.5,,,,,
000001.SZ,20210726,19.96,19.99,18.43,18.8,20.1,-1.3,-6.4677,1451303.94,2770236.696,0.5,0.5,,,,,
000001.SZ,20210727,18.87,18.99,17.6,17.76,18.8,-1.04,-5.5319,1357551.48,2461708.369,0.5,0.5,,,,,
000001.SZ,20210728,17.85,18.07,17.68,17.75,17.76,-0.01,-0.0563,1062994.21,1898562.591,0.5,0.5,,,,,
000001.SZ,20210729,17.91,18.24,17.78,17.96,17.75,0.21,1.1831,872378.12,1566107.824,0.5,0.5,,,,,
000001.SZ,20210730,17.92,18.05,17.24,17.69,17.96,-0.27,-1.5033,950155.88,1679747.318,0.5,0.5,,,,,
000001.SZ,20210802,17.64,18.14,17.18,18.01,17.69,0.32,1.8089,1159922.63,2056014.242,0.5,0.5,,,,,
000001.SZ,20210803,17.99,18.15,17.66,17.89,18.01,-0.12,-0.6663,896948.57,1609422.575,0.5,0.5,,,,,
000001.SZ,20210804,18.04,18.07,17.6,17.81,17.89,-0.08,-0.4472,729620.08,1300164.293,0.5,0.5,,,,,
000001.SZ,20210805,17.7,18.05,17.58,17.68,17.81,-0.13,-0.7299,621573.88,1104903.004,0.5,0.5,,,,,
000001.SZ,20210806,17.55,17.9,17.45,17.86,17.68,0.18,1.0181,567454.13,1005870.948,0.5,0.5,,,,,
000001.SZ,20210809,17.91,19.25,17.84,19.06,17.86,1.2,6.7189,1752798.0,3313803.23,0.5,0.5,,,,,
000001.SZ,20210810,19.09,19.98,18.9,19.73,19.06,0.67,3.5152,1301988.44,2535427.989,0.5,0.5,,,,,
000001.SZ,20210811,19.99,20.58,19.7,19.81,19.73,0.08,0.4055,1048308.44,2104975.144,0.5,0.5,,,,,
000001.SZ,20210812,19.79,20.3,19.63,19.89,19.81,0.08,0.4038,666458.0,1330388.046,0.5,0.5,,,,,
000001.SZ,20210813,19.78,19.92,19.5,19.89,19.89,0.0,0.0,562885.02,1110191.399,0.5,0.5,,,,,
000001.SZ,20210816,20.09,20.2,19.57,19.95,19.89,0.06,0.3017,627050.22,1247681.171,0.5,0.5,,,,,
000001.SZ,20210817,19.85,20.22,19.61,19.67,19.95,-0.28,-1.4035,476021.94,947385.521,0.5,0.5,,,,,
000001.SZ,20210818,19.67,21.2,19.55,20.62,19.67,0.95,4.8297,1332732.16,2732213.549,0.5,0.5,,,,,
000001.SZ,20210819,20.48,20.62,20.02,20.34,20.62,-0.28,-1.3579,649975.61,1315320.351,0.5,0.5,,,,,
000001.SZ,20210820,19.97,20.07,18.7,19.42,20.34,-0.92,-4.5231,1614627.93,3119152.554,0.5,0.5,,,,,
000001.SZ,20210823,19.5,20.05,19.11,19.3,19.42,-0.12,-0.6179,1191849.35,2315871.646,0.5,0.5,,,,,
000001.SZ,20210824,19.35,19.97,19.21,19.36,19.3,0.06,0.3109,868953.3,1690760.837,0.5,0.5,,,,,
000001.SZ,20210825,19.42,19.47,18.95,19.16,19.36,-0.2,-1.0331,698083.97,1341330.418,0.5,0.5,,,,,
000001.SZ,20210826,19.2,19.26,18.41,18.46,19.16,-0.7,-3.6534,951619.0,1783725.035,0.5,0.5,,,,,
000001.SZ,20210827,18.56,18.88,18.31,18.39,18.46,-0.07,-0.3792,728820.23,1354408.976,0.5,0.5,,,,,
000001.SZ,20210830,18.21,18.29,17.55,17.72,18.39,-0.67,-3.6433,1252211.01,2221855.858,0.5,0.5,,,,,
000001.SZ,20210831,17.72,17.93,17.31,17.8,17.72,0.08,0.4515,1174867.86,2072006.842,0.5,0.5,,,,,
000001.SZ,20210901,17.48,17.92,17.01,17.88,17.8,0.08,0.4494,2316894.09,4046284.162,0.5,0.5,,,,,
000001.SZ,20210902,18.0,18.78,17.8,18.4,17.88,0.52,2.9083,2422603.54,4454545.28,0.5,0.5,,,,,
000001.SZ,20210903,18.5,18.5,17.7,18.04,18.4,-0.36,-1.9565,1394818.71,2523273.155,0.5,0.5,,,,,
000001.SZ,20210906,17.93,18.6,17.78,18.45,18.04,0.41,2.2727,1515225.56,2780281.08,0.5,0.5,,,,,
000001.SZ,20210907,18.6,19.56,18.35,19.24,18.45,0.79,4.2818,1622344.16,3067365.668,0.5,0.5,,,,,
000001.SZ,20210908,19.24,19.55,19.1,19.23,19.24,-0.01,-0.052,1026201.05,1979771.479,0.5,0.5,,,,,
000001.SZ,20210909,19.11,19.15,18.8,19.0,19.23,-0.23,-1.196,739505.85,1399536.02,0.5,0.5,,,,,
000001.SZ,20210910,18.89,20.77,18.84,20.57,19.0,1.57,8.2632,2314945.28,4668361.827,0.5,0.5,,,,,
000001.SZ,20210913,20.36,20.51,19.81,20.21,20.57,-0.36,-1.7501,1297228.02,2606152.378,0.5,0.5,,,,,
000001.SZ,20210914,20.18,20.27,19.27,19.37,20.21,-0.84,-4.1564,1158173.15,2272080.156,0.5,0.5,,,,,
000001.SZ,20210915,19.31,20.99,19.19,19.52,19.37,0.15,0.7744,841618.41,1639298.361,0.5,0.5,,,,,
000001.SZ,20210916,19.3,19.5,18.73,19.08,19.52,-0.44,-2.2541,1176953.56,2234474.948,0.5,0.5,,,,,
000001.SZ,20210917,18.9,19.0,18.41,18.53,19.08,-0.55,-2.8826,1124879.63,2098715.196,0.5,0.5,,,,,
000001.SZ,20210922,17.87,18.05,17.42,17.98,18.53,-0.55,-2.9682,1473365.21,2616707.242,0.5,0.5,,,,,
000001.SZ,20210923,18.1,18.32,17.65,17.68,17.98,-0.3,-1.6685,1379837.59,2465683.704,0.5,0.5,,,,,
000001.SZ,20210924,17.6,17.68,17.34,17.35,17.68,-0.33,-1.8665,1265696.28,2209461.934,0.5,0.5,,,,,
000001.SZ,20210927,17.21,17.68,17.06,17.57,17.35,0.22,1.268,1140667.59,1979196.739,0.5,0.5,,,,,
000001.SZ,20210928,17.47,18.17,17.45,17.97,17.57,0.4,2.2766,1293167.47,2311265.535,0.5,0.5,,,,,
000001.SZ,20210929,17.86,18.44,17.71,18.15,17.97,0.18,1.0017,1230121.75,2225416.488,0.5,0.5,,,,,
000001.SZ,20210930,18.09,18.2,17.71,17.93,18.15,-0.22,-1.2121,795611.05,1424675.916,0.5,0.5,,,,,
000001.SZ,20211008,18.17,18.89,18.02,18.64,17.93,0.71,3.9598,1159200.62,2146983.881,0.5,0.5,,,,,
000001.SZ,20211011,19.0,19.74,19.0,19.4,18.64,0.76,4.0773,1455338.35,2829310.843,0.5,0.5,,,,,
000001.SZ,20211012,19.3,19.71,19.2,19.35,19.4,-0.05,-0.2577,1031232.18,2004823.967,0.5,0.5,,,,,
000001.SZ,20211013,19.3,19.91,19.17,19.58,19.35,0.23,1.1886,807896.68,1577612.469,0.5,0.5,,,,,
000001.SZ,20211014,19.59,19.92,18.89,19.21,19.58,-0.37,-1.8897,842989.87,1623970.431,0.5,0.5,,,,,
000001.SZ,20211015,19.0,19.9,19.0,19.66,19.21,0.45,2.3425,993493.78,1948647.236,0.5,0.5,,,,,
000001.SZ,20211018,19.45,19.55,19.1,19.29,19.66,-0.37,-1.882,729622.5,1408737.777,0.5,0.5,,,,,
000001.SZ,20211019,19.15,19.68,19.15,19.57,19.29,0.28,1.4515,682415.15,1330501.301,0.5,0.5,,,,,
000001.SZ,20211020,19.75,19.78,19.19,19.24,19.57,-0.33,-1.6863,662955.55,1283356.219,0.5,0.5,,,,,
000001.SZ,20211021,19.52,20.06,19.25,20.0,19.24,0.76,3.9501,1621661.01,3198266.215,0.5,0.5,,,,,
000001.SZ,20211022,20.16,20.59,19.8,20.04,20.0,0.04,0.2,1134963.63,2287284.921,0.5,0.5,,,,,
000001.SZ,20211025,19.71,20.2,19.5,20.12,20.04,0.08,0.3992,730828.23,1458800.089,0.5,0.5,,,,,
000001.SZ,20211026,20.06,20.45,19.86,20.05,20.12,-0.07,-0.3479,652806.84,1313475.882,0.5,0.5,,,,,
000001.SZ,20211027,20.0,20.17,19.59,19.92,20.05,-0.13,-0.6484,687600.19,1365982.833,0.5,0.5,,,,,
000001.SZ,20211028,19.8,19.94,19.37,19.72,19.92,-0.2,-1.004,619010.89,1211946.109,0.5,0.5,,,,,
000001.SZ,20211029,19.63,19.74,19.32,19.5,19.72,-0.22,-1.1156,539929.76,1052760.273,0.5,0.5,,,,,
000001.SZ,20211101,19.33,19.73,19.01,19.39,19.5,-0.11,-0.5641,841490.2,1626762.029,0.5,0.5,,,,,
000001.SZ,20211102,19.37,19.49,17.99,18.18,19.39,-1.21,-6.2403,1997690.5,3691356.324,0.5,0.5,,,,,
000001.SZ,20211103,18.1,18.24,17.85,18.03,18.18,-0.15,-0.8251,1114972.04,2009325.065,0.5,0.5,,,,,
000001.SZ,20211104,18.08,18.1,17.8,17.87,18.03,-0.16,-0.8874,983410.98,1760671.898,0.5,0.5,,,,,
000001.SZ,20211105,17.85,18.0,17.57,17.64,17.87,-0.23,-1.2871,1096039.88,1942415.605,0.5,0.5,,,,,
000001.SZ,20211108,17.62,17.81,17.36,17.42,17.64,-0.22,-1.2472,1376814.82,2406417.771,0.5,0.5,,,,,
000001.SZ,20211109,17.48,17.65,17.26,17.53,17.42,0.11,0.6315,1240572.75,2163193.119,0.5,0.5,,,,,
000001.SZ,20211110,17.46,17.47,17.16,17.4,17.53,-0.13,-0.7416,1220850.88,2109735.147,0.5,0.5,,,,,
000001.SZ,20211111,17.35,18.43,17.32,18.35,17.4,0.95,5.4598,2084729.0,3752413.858,0.5,0.5,,,,,
000001.SZ,20211112,18.31,18.63,18.11,18.27,18.35,-0.08,-0.436,957546.46,1753072.716,0.5,0.5,,,,,
000001.SZ,20211115,18.35,18.63,18.2,18.43,18.27,0.16,0.8758,655089.99,1203764.095,0.5,0.5,,,,,
000001.SZ,20211116,18.36,18.54,18.17,18.22,18.43,-0.21,-1.1394,601110.48,1099113.409,0.5,0.5,,,,,
000001.SZ,20211117,18.15,18.3,17.98,18.11,18.22,-0.11,-0.6037,664640.38,1203859.18,0.5,0.5,,,,,
000001.SZ,20211118,18.09,18.12,17.73,17.8,18.11,-0.31,-1.7118,799843.77,1430058.311,0.5,0.5,,,,,
000001.SZ,20211119,17.8,18.24,17.7,18.15,17.8,0.35,1.9663,786371.56,1414506.38,0.5,0.5,,,,,
000001.SZ,20211122,18.03,18.25,17.9,18.12,18.15,-0.03,-0.1653,738617.8,1337768.172,0.5,0.5,,,,,
000001.SZ,20211123,18.11,18.35,17.68,17.88,18.12,-0.24,-1.3245,1235977.96,2213817.59,0.5,0.5,,,,,
000001.SZ,20211124,17.77,17.95,17.66,17.87,17.88,-0.01,-0.0559,741310.84,1316774.397,0.5,0.5,,,,,
000001.SZ,20211125,17.74,17.79,17.63,17.68,17.87,-0.19,-1.0632,603532.7,1068221.304,0.5,0.5,,,,,
000001.SZ,20211126,17.62,17.67,17.52,17.58,17.68,-0.1,-0.5656,694499.88,1219937.312,0.5,0.5,,,,,
000001.SZ,20211129,17.41,17.57,17.36,17.51,17.58,-0.07,-0.3982,512594.71,895105.981,0.5,0.5,,,,,
000001.SZ,20211130,17.54,17.68,17.35,17.44,17.51,-0.07,-0.3998,733616.06,1280384.552,0.5,0.5,,,,,
000001.SZ,20211201,17.43,17.77,17.37,17.64,17.44,0.2,1.1468,706925.19,1243666.842,0.5,0.5,,,,,
000001.SZ,20211202,17.62,17.81,17.37,17.59,17.64,-0.05,-0.2834,994798.35,1749164.558,0.5,0.5,,,,,
000001.SZ,20211203,17.64,17.7,17.41,17.65,17.59,0.06,0.3411,707599.74,1242375.057,0.5,0.5,,,,,
000001.SZ,20211206,17.85,18.56,17.8,18.1,17.65,0.45,2.5496,2145625.28,3896385.171,0.5,0.5,,,,,
000001.SZ,20211207,18.3,18.67,18.15,18.46,18.1,0.36,1.989,1616443.87,2979968.976,0.5,0.5,,,,,
000001.SZ,20211208,18.45,18.55,18.16,18.47,18.46,0.01,0.0542,980281.18,1798691.052,0.5,0.5,,,,,
000001.SZ,20211209,18.49,19.06,18.37,18.7,18.47,0.23,1.2453,1455886.68,2726663.443,0.5,0.5,,,,,
000001.SZ,20211210,18.51,18.7,18.27,18.38,18.7,-0.32,-1.7112,989255.13,1824076.523,0.5,0.5,,,,,
000001.SZ,20211213,18.47,18.88,18.18,18.27,18.38,-0.11,-0.5985,1314490.27,2427803.721,0.5,0.5,,,,,
000001.SZ,20211214,18.16,18.17,17.52,17.58,18.27,-0.69,-3.7767,1937208.9,3434156.327,0.5,0.5,,,,,
000001.SZ,20211215,17.51,17.66,17.4,17.55,17.58,-0.03,-0.1706,1294627.41,2269821.045,0.5,0.5,,,,,
000001.SZ,20211216,17.55,17.73,17.46,17.72,17.55,0.17,0.9687,819479.51,1445483.375,0.5,0.5,,,,,
000001.SZ,20211217,17.7,17.75,17.57,17.57,17.72,-0.15,-0.8465,602369.67,1062875.482,0.5,0.5,,,,,
000001.SZ,20211220,17.56,17.65,17.45,17.52,17.57,-0.05,-0.2846,746435.2,1309029.268,0.5,0.5,,,,,
000001.SZ,20211221,17.49,17.71,17.48,17.59,17.52,0.07,0.3995,893734.04,1572895.581,0.5,0.5,,,,,
000001.SZ,20211222,17.62,17.64,17.3,17.39,17.59,-0.2,-1.137,976927.75,1701772.583,0.5,0.5,,,,,
000001.SZ,20211223,17.4,17.43,17.21,17.32,17.39,-0.07,-0.4025,1059575.94,1831122.716,0.5,0.5,,,,,
000001.SZ,20211224,17.33,17.35,17.21,17.31,17.32,-0.01,-0.0577,488251.49,843109.664,0.5,0.5,,,,,
000001.SZ,20211227,17.33,17.35,17.16,17.22,17.31,-0.09,-0.5199,731118.99,1260455.319,0.5,0.5,,,,,
000001.SZ,20211228,17.22,17.33,17.09,17.17,17.22,-0.05,-0.2904,1126638.91,1934461.075,0.5,0.5,,,,,
000001.SZ,20211229,17.16,17.16,16.7,16.75,17.17,-0.42,-2.4461,1469373.98,2480534.592,0.5,0.5,,,,,
000001.SZ,20211230,16.76,16.95,16.72,16.82,16.75,0.07,0.4179,796663.6,1342374.249,0.5,0.5,,,,,
000001.SZ,20211231,16.86,16.9,16.4,16.48,16.82,-0.34,-2.0214,1750760.89,2899617.148,0.5,0.5,,,,,
000001.SZ,20220104,16.48,16.66,16.18,16.66,16.48,0.18,1.0922,1169259.33,1918887.05,0.5,0.5,,,,,
000001.SZ,20220105,16.58,17.22,16.55,17.15,16.66,0.49,2.9412,1961998.17,3344124.589,0.5,0.5,,,,,
000001.SZ,20220106,17.11,17.27,17.0,17.12,17.15,-0.03,-0.1749,1107885.19,1896535.837,0.5,0.5,,,,,
000001.SZ,20220107,17.1,17.28,17.06,17.2,17.12,0.08,0.4673,1126630.7,1937710.958,0.5,0.5,,,,,
000001.SZ,20220110,17.29,17.42,17.03,17.19,17.2,-0.01,-0.0581,909774.01,1563414.572,0.5,0.5,,,,,
000001.SZ,20220111,17.26,17.54,17.14,17.41,17.19,0.22,1.2798,1581999.4,2752485.391,0.5,0.5,,,,,
000001.SZ,20220112,17.41,17.45,16.9,17.0,17.41,-0.41,-2.355,1502163.55,2561266.412,0.5,0.5,,,,,
000001.SZ,20220113,16.91,17.24,16.82,16.98,17.0,-0.02,-0.1176,909422.65,1550319.158,0.5,0.5,,,,,
000001.SZ,20220114,17.0,17.02,16.3,16.33,16.98,-0.65,-3.828,2103094.91,3459950.804,0.5,0.5,,,,,
000001.SZ,20220117,16.35,16.48,16.12,16.22,16.33,-0.11,-0.6736,1143689.43,1855633.789,0.5,0.5,,,,,
000001.SZ,20220118,16.25,16.54,16.16,16.52,16.22,0.3,1.8496,1152974.31,1891094.61,0.5,0.5,,,,,
000001.SZ,20220119,16.54,16.69,16.36,16.5,16.52,-0.02,-0.1211,988391.85,1630973.587,0.5,0.5,,,,,
000001.SZ,20220120,16.47,17.46,16.42,17.33,16.5,0.83,5.0303,3031193.77,5195805.549,0.5,0.5,,,,,
000001.SZ,20220121,17.45,17.56,17.21,17.35,17.33,0.02,0.1154,1481682.95,2575115.124,0.5,0.5,,,,,
000001.SZ,20220124,17.34,17.38,16.98,17.2,17.35,-0.15,-0.8646,874770.87,1501390.339,0.5,0.5,,,,,
000001.SZ,20220125,17.08,17.08,16.81,16.85,17.2,-0.35,-2.0349,1093283.97,1851999.025,0.5,0.5,,,,,
000001.SZ,20220126,16.95,17.1,16.54,16.65,16.85,-0.2,-1.1869,984975.22,1646384.984,0.5,0.5,,,,,
000001.SZ,20220127,16.5,16.54,16.25,16.3,16.65,-0.35,-2.1021,1024643.11,1677261.296,0.5,0.5,,,,,
000001.SZ,20220128,16.39,16.45,15.82,15.83,16.3,-0.47,-2.8834,1675563.67,2695470.33,0.5,0.5,,,,,
000001.SZ,20220207,16.02,16.41,15.89,16.39,15.83,0.56,3.5376,1515476.3,2451798.485,0.5,0.5,,,,,
000001.SZ,20220208,16.3,16.97,16.26,16.83,16.39,0.44,2.6846,1754695.28,2950309.012,0.5,0.5,,,,,
000001.SZ,20220209,16.92,17.0,16.71,16.86,16.83,0.03,0.1783,1051161.66,1774253.636,0.5,0.5,,,,,
000001.SZ,20220210,16.77,17.03,16.67,16.99,16.86,0.13,0.7711,784557.35,1326848.947,0.5,0.5,,,,,
000001.SZ,20220211,17.03,17.34,17.03,17.1,16.99,0.11,0.6474,1078139.14,1852167.493,0.5,0.5,,,,,
000001.SZ,20220214,17.1,17.15,16.51,16.58,17.1,-0.52,-3.0409,1150658.51,1917613.419,0.5,0.5,,,,,
000001.SZ,20220215,16.5,16.67,16.1,16.28,16.58,-0.3,-1.8094,1208264.37,1968985.378,0.5,0.5,,,,,
000001.SZ,20220216,16.35,16.53,16.21,16.41,16.28,0.13,0.7985,782399.59,1282234.15,0.5,0.5,,,,,
000001.SZ,20220217,16.39,16.55,16.32,16.42,16.41,0.01,0.0609,794501.84,1306514.349,0.5,0.5,,,,,
000001.SZ,20220218,16.32,16.77,16.31,16.77,16.42,0.35,2.1315,802499.4,1330233.365,0.5,0.5,,,,,
000001.SZ,20220221,16.66,16.67,16.32,16.51,16.77,-0.26,-1.5504,800994.55,1316023.718,0.5,0.5,,,,,
000001.SZ,20220222,16.31,16.44,16.16,16.23,16.51,-0.28,-1.6959,894956.73,1454156.224,0.5,0.5,,,,,
000001.SZ,20220223,16.3,16.31,16.04,16.19,16.23,-0.04,-0.2465,886742.44,1431289.852,0.5,0.5,,,,,
000001.SZ,20220224,16.13,16.15,15.8,15.91,16.19,-0.28,-1.7295,1324086.85,2112842.553,0.5,0.5,,,,,
000001.SZ,20220225,15.99,16.08,15.87,15.9,15.91,-0.01,-0.0629,726397.07,1157890.268,0.5,0.5,,,,,
000001.SZ,20220228,15.9,15.92,15.62,15.75,15.9,-0.15,-0.9434,723990.45,1137154.094,0.5,0.5,,,,,
000001.SZ,20220301,15.79,15.95,15.62,15.92,15.75,0.17,1.0794,935040.34,1474693.965,0.5,0.5,,,,,
000001.SZ,20220302,15.79,15.87,15.66,15.68,15.92,-0.24,-1.5075,760760.86,1196321.948,0.5,0.5,,,,,
000001.SZ,20220303,15.73,15.81,15.63,15.71,15.68,0.03,0.1913,578285.05,908171.588,0.5,0.5,,,,,
000001.SZ,20220304,15.62,15.63,15.28,15.33,15.71,-0.38,-2.4188,990935.66,1523793.664,0.5,0.5,,,,,
000001.SZ,20220307,15.17,15.17,14.66,14.72,15.33,-0.61,-3.9791,1113158.99,1655959.941,0.5,0.5,,,,,
000001.SZ,20220308,14.62,14.86,14.25,14.31,14.72,-0.41,-2.7853,1003032.69,1463145.93,0.5,0.5,,,,,
000001.SZ,20220309,14.4,14.45,13.22,13.84,14.31,-0.47,-3.2844,1800760.17,2492042.993,0.5,0.5,,,,,
000001.SZ,20220310,14.18,14.75,14.09,14.57,13.84,0.73,5.2746,2249158.16,3269867.788,0.5,0.5,,,,,
000001.SZ,20220311,14.4,14.98,14.15,14.9,14.57,0.33,2.2649,1493646.97,2187480.61,0.5,0.5,,,,,
000001.SZ,20220314,14.63,14.93,14.45,14.49,14.9,-0.41,-2.7517,1118407.34,1637278.471,0.5,0.5,,,,,
000001.SZ,20220315,14.4,14.4,13.6,13.68,14.49,-0.81,-5.5901,1781408.87,2479769.555,0.5,0.5,,,,,
000001.SZ,20220316,13.86,14.4,13.51,14.31,13.68,0.63,4.6053,1531779.06,2141637.065,0.5,0.5,,,,,
000001.SZ,20220317,14.66,14.71,14.24,14.45,14.31,0.14,0.9783,1730061.42,2506504.217,0.5,0.5,,,,,
000001.SZ,20220318,14.36,14.85,14.14,14.7,14.45,0.25,1.7301,1528807.13,2222158.762,0.5,0.5,,,,,
000001.SZ,20220321,14.5,14.82,14.39,14.59,14.7,-0.11,-0.7483,1208868.05,1765673.892,0.5,0.5,,,,,
000001.SZ,20220322,14.59,15.22,14.5,15.18,14.59,0.59,4.0439,1628656.58,2443174.055,0.5,0.5,,,,,
000001.SZ,20220323,15.11,15.19,14.9,15.0,15.18,-0.18,-1.1858,1050102.38,1577561.341,0.5,0.5,,,,,
000001.SZ,20220324,14.92,15.31,14.81,15.2,15.0,0.2,1.3333,1002359.95,1518870.08,0.5,0.5,,,,,
000001.SZ,20220325,15.15,15.25,14.82,14.98,15.2,-0.22,-1.4474,742933.35,1116354.595,0.5,0.5,,,,,
000001.SZ,20220328,14.8,15.05,14.63,14.85,14.98,-0.13,-0.8678,727136.99,1078327.302,0.5,0.5,,,,,
000001.SZ,20220329,14.88,14.95,14.6,14.68,14.85,-0.17,-1.1448,615643.15,909169.631,0.5,0.5,,,,,
000001.SZ,20220330,14.86,15.27,14.76,15.21,14.68,0.53,3.6104,1236791.55,1859617.04,0.5,0.5,,,,,
000001.SZ,20220331,15.1,15.57,15.06,15.38,15.21,0.17,1.1177,1163746.74,1789209.946,0.5,0.5,,,,,
000001.SZ,20220401,15.37,15.79,15.2,15.75,15.38,0.37,2.4057,1484878.74,2319616.863,0.5,0.5,,,,,
000001.SZ,20220406,15.64,16.54,15.63,16.39,15.75,0.64,4.0635,2488540.05,4064051.491,0.5,0.5,,,,,
000001.SZ,20220407,16.38,16.66,16.2,16.28,16.39,-0.11,-0.6711,1659064.55,2724002.904,0.5,0.5,,,,,
000001.SZ,20220408,16.26,16.45,16.13,16.4,16.28,0.12,0.7371,1066779.46,1741072.072,0.5,0.5,,,,,
000001.SZ,20220411,16.35,16.4,15.8,16.05,16.4,-0.35,-2.1341,1416735.36,2277469.055,0.5,0.5,,,,,
000001.SZ,20220412,16.05,16.26,15.66,15.92,16.05,-0.13,-0.81,1039261.42,1654820.082,0.5,0.5,,,,,
000001.SZ,20220413,15.89,16.08,15.72,15.8,15.92,-0.12,-0.7538,890628.06,1415496.125,0.5,0.5,,,,,
000001.SZ,20220414,16.0,16.25,15.92,16.04,15.8,0.24,1.519,929614.94,1493343.952,0.5,0.5,,,,,
000001.SZ,20220415,15.9,16.53,15.86,16.42,16.04,0.38,2.3691,1231761.03,2014010.094,0.5,0.5,,,,,
000001.SZ,20220418,16.15,16.2,15.81,15.9,16.42,-0.52,-3.1669,1086887.56,1734236.523,0.5,0.5,,,,,
000001.SZ,20220419,15.9,15.97,15.62,15.81,15.9,-0.09,-0.566,821772.49,1294226.951,0.5,0.5,,,,,
000001.SZ,20220420,15.81,16.05,15.7,15.85,15.81,0.04,0.253,716555.28,1137697.846,0.5,0.5,,,,,
000001.SZ,20220421,15.77,15.98,15.7,15.81,15.85,-0.04,-0.2524,709891.16,1124663.651,0.5,0.5,,,,,
000001.SZ,20220422,15.64,16.19,15.4,16.06,15.81,0.25,1.5813,921274.08,1468452.957,0.5,0.5,,,,,
000001.SZ,20220425,15.67,15.91,14.78,14.85,16.06,-1.21,-7.5342,1664480.98,2527610.217,0.5,0.5,,,,,
000001.SZ,20220426,14.88,14.98,14.45,14.73,14.85,-0.12,-0.8081,988209.56,1456929.632,0.5,0.5,,,,,
000001.SZ,20220427,14.98,15.65,14.96,15.65,14.73,0.92,6.2458,1490295.03,2296798.759,0.5,0.5,,,,,
000001.SZ,20220428,15.57,15.93,15.37,15.65,15.65,0.0,0.0,911771.87,1426381.925,0.5,0.5,,,,,
000001.SZ,20220429,15.69,15.74,14.97,15.32,15.65,-0.33,-2.1086,1645013.08,2503476.827,0.5,0.5,,,,,
000001.SZ,20220505,15.2,15.45,15.15,15.32,15.32,0.0,0.0,790196.2,1208735.141,0.5,0.5,,,,,
000001.SZ,20220506,15.02,15.2,14.91,14.96,15.32,-0.36,-2.3499,832431.82,1250995.594,0.5,0.5,,,,,
000001.SZ,20220509,14.94,14.94,14.46,14.55,14.96,-0.41,-2.7406,818621.35,1197104.247,0.5,0.5,,,,,
000001.SZ,20220510,14.5,14.6,14.11,14.59,14.55,0.04,0.2749,992285.02,1425836.927,0.5,0.5,,,,,
000001.SZ,20220511,14.54,14.84,14.44,14.63,14.59,0.04,0.2742,848573.62,1240700.426,0.5,0.5,,,,,
000001.SZ,20220512,14.48,14.56,14.33,14.38,14.63,-0.25,-1.7088,685064.23,987061.607,0.5,0.5,,,,,
000001.SZ,20220513,14.5,14.66,14.49,14.61,14.38,0.23,1.5994,676311.91,985962.932,0.5,0.5,,,,,
000001.SZ,20220516,14.66,14.73,14.35,14.41,14.61,-0.2,-1.3689,668227.82,965652.298,0.5,0.5,,,,,
000001.SZ,20220517,14.51,14.72,14.32,14.71,14.41,0.3,2.0819,931406.39,1357428.407,0.5,0.5,,,,,
000001.SZ,20220518,14.85,14.89,14.67,14.75,14.71,0.04,0.2719,778578.33,1150500.438,0.5,0.5,,,,,
000001.SZ,20220519,14.55,14.7,14.5,14.62,14.75,-0.13,-0.8814,590921.72,863214.131,0.5,0.5,,,,,
000001.SZ,20220520,14.7,15.04,14.67,15.02,14.62,0.4,2.736,948597.78,1415164.711,0.5,0.5,,,,,
000001.SZ,20220523,15.07,15.07,14.76,14.83,15.02,-0.19,-1.265,647725.92,962683.729,0.5,0.5,,,,,
000001.SZ,20220524,14.87,14.87,14.4,14.4,14.83,-0.43,-2.8995,933557.06,1358693.535,0.5,0.5,,,,,
000001.SZ,20220525,14.43,14.49,14.3,14.39,14.4,-0.01,-0.0694,603228.26,866228.924,0.5,0.5,,,,,
000001.SZ,20220526,14.41,14.43,14.07,14.19,14.39,-0.2,-1.3899,1011317.56,1435689.342,0.5,0.5,,,,,
000001.SZ,20220527,14.29,14.35,14.11,14.18,14.19,-0.01,-0.0705,723066.74,1029702.186,0.5,0.5,,,,,
000001.SZ,20220530,14.26,14.28,14.04,14.08,14.18,-0.1,-0.7052,896901.23,1265573.048,0.5,0.5,,,,,
000001.SZ,20220531,14.07,14.18,14.0,14.16,14.08,0.08,0.5682,938868.55,1325012.048,0.5,0.5,,,,,
000001.SZ,20220601,14.14,14.14,14.0,14.08,14.16,-0.08,-0.565,845298.98,1187423.732,0.5,0.5,,,,,
000001.SZ,20220602,14.02,14.03,13.88,13.95,14.08,-0.13,-0.9233,979268.22,1363740.798,0.5,0.5,,,,,
000001.SZ,20220606,13.91,14.17,13.64,14.17,13.95,0.22,1.5771,1710851.75,2370807.61,0.5,0.5,,,,,
000001.SZ,20220607,14.02,14.25,13.99,14.16,14.17,-0.01,-0.0706,1315112.62,1860366.716,0.5,0.5,,,,,
000001.SZ,20220608,14.16,14.17,14.01,14.16,14.16,0.0,0.0,1145521.24,1613524.958,0.5,0.5,,,,,
000001.SZ,20220609,14.14,14.46,14.1,14.35,14.16,0.19,1.3418,1632901.34,2339986.708,0.5,0.5,,,,,
000001.SZ,20220610,14.26,14.33,14.13,14.32,14.35,-0.03,-0.2091,1346012.31,1914639.698,0.5,0.5,,,,,
000001.SZ,20220613,14.18,14.19,13.88,13.91,14.32,-0.41,-2.8631,1547752.85,2163340.109,0.5,0.5,,,,,
000001.SZ,20220614,13.71,14.13,13.71,14.12,13.91,0.21,1.5097,1151429.39,1602169.898,0.5,0.5,,,,,
000001.SZ,20220615,14.1,15.11,14.06,14.74,14.12,0.62,4.3909,3413543.71,5010292.727,0.5,0.5,,,,,
000001.SZ,20220616,14.74,14.83,14.42,14.44,14.74,-0.3,-2.0353,1332546.31,1939976.255,0.5,0.5,,,,,
000001.SZ,20220617,14.32,14.53,14.2,14.45,14.44,0.01,0.0693,1053787.94,1513925.914,0.5,0.5,,,,,
000001.SZ,20220620,14.44,14.44,14.26,14.34,14.45,-0.11,-0.7612,1032166.8,1479529.787,0.5,0.5,,,,,
000001.SZ,20220621,14.34,14.63,14.23,14.37,14.34,0.03,0.2092,1321793.98,1905346.057,0.5,0.5,,,,,
000001.SZ,20220622,14.36,14.36,14.08,14.08,14.37,-0.29,-2.0181,1056045.92,1498415.784,0.5,0.5,,,,,
000001.SZ,20220623,14.09,14.23,14.06,14.2,14.08,0.12,0.8523,806028.03,1140899.092,0.5,0.5,,,,,
000001.SZ,20220624,14.2,14.25,14.11,14.23,14.2,0.03,0.2113,866040.61,1227798.687,0.5,0.5,,,,,
000001.SZ,20220627,14.24,14.56,14.22,14.49,14.23,0.26,1.8271,1497278.18,2166380.438,0.5,0.5,,,,,
000001.SZ,20220628,14.47,14.67,14.41,14.63,14.49,0.14,0.9662,1125110.48,1638673.242,0.5,0.5,,,,,
000001.SZ,20220629,14.65,14.9,14.55,14.64,14.63,0.01,0.0684,1266547.28,1865064.678,0.5,0.5,,,,,
000001.SZ,20220630,14.63,15.02,14.55,14.98,14.64,0.34,2.3224,1548745.01,2304888.692,0.5,0.5,,,,,
000001.SZ,20220701,15.0,15.07,14.84,14.92,14.98,-0.06,-0.4005,779243.32,1164030.776,0.5,0.5,,,,,
000001.SZ,20220704,14.95,14.98,14.75,14.94,14.92,0.02,0.134,834968.07,1241453.402,0.5,0.5,,,,,
000001.SZ,20220705,14.99,15.27,14.82,14.91,14.94,-0.03,-0.2008,1115172.1,1674719.025,0.5,0.5,,,,,
000001.SZ,20220706,14.83,14.93,14.46,14.53,14.91,-0.38,-2.5486,1043335.23,1520022.515,0.5,0.5,,,,,
000001.SZ,20220707,14.54,14.65,14.38,14.42,14.53,-0.11,-0.7571,730160.98,1057696.547,0.5,0.5,,,,,
000001.SZ,20220708,14.5,14.65,14.37,14.54,14.42,0.12,0.8322,639698.23,928850.349,0.5,0.5,,,,,
000001.SZ,20220711,14.5,14.57,14.36,14.46,14.54,-0.08,-0.5502,611691.94,883613.754,0.5,0.5,,,,,
000001.SZ,20220712,14.41,14.73,14.38,14.42,14.46,-0.04,-0.2766,742882.42,1078431.99,0.5,0.5,,,,,
000001.SZ,20220713,14.42,14.47,13.89,13.97,14.42,-0.45,-3.1207,2175996.06,3056913.118,0.5,0.5,,,,,
000001.SZ,20220714,13.7,13.71,13.29,13.37,13.97,-0.6,-4.2949,2632120.87,3534578.702,0.5,0.5,,,,,
000001.SZ,20220715,13.48,13.56,13.22,13.24,13.37,-0.13,-0.9723,1598637.4,2139915.274,0.5,0.5,,,,,
000001.SZ,20220718,13.25,13.44,13.21,13.39,13.24,0.15,1.1329,1153505.81,1536340.973,0.5,0.5,,,,,
000001.SZ,20220719,13.34,13.43,13.28,13.42,13.39,0.03,0.224,755597.1,1008562.417,0.5,0.5,,,,,
000001.SZ,20220720,13.43,13.47,13.35,13.39,13.42,-0.03,-0.2235,801458.66,1073936.3,0.5,0.5,,,,,
000001.SZ,20220721,13.32,13.34,12.99,13.01,13.39,-0.38,-2.8379,1970387.89,2588696.13,0.5,0.5,,,,,
000001.SZ,20220722,12.84,12.93,12.62,12.81,12.78,0.03,0.2347,1376509.74,1755555.714,0.5,0.5,,,,,
000001.SZ,20220725,12.8,12.85,12.67,12.82,12.81,0.01,0.0781,763955.81,976071.707,0.5,0.5,,,,,
000001.SZ,20220726,12.75,12.91,12.71,12.91,12.82,0.09,0.702,1024048.81,1314310.442,0.5,0.5,,,,,
000001.SZ,20220727,12.85,12.88,12.73,12.79,12.91,-0.12,-0.9295,923914.08,1182889.761,0.5,0.5,,,,,
000001.SZ,20220728,12.81,12.91,12.78,12.88,12.79,0.09,0.7037,750346.52,964903.658,0.5,0.5,,,,,
000001.SZ,20220729,12.88,12.9,12.65,12.68,12.88,-0.2,-1.5528,831497.47,1059518.585,0.5,0.5,,,,,
000001.SZ,20220801,12.66,12.66,12.4,12.42,12.68,-0.26,-2.0505,1025732.71,1277987.01,0.5,0.5,,,,,
000001.SZ,20220802,12.22,12.34,11.94,12.26,12.42,-0.16,-1.2882,1373009.3,1664397.666,0.5,0.5,,,,,
000001.SZ,20220803,12.19,12.27,12.01,12.03,12.26,-0.23,-1.876,746136.53,905653.325,0.5,0.5,,,,,
000001.SZ,20220804,12.1,12.17,12.02,12.16,12.03,0.13,1.0806,602675.62,729351.71,0.5,0.5,,,,,
000001.SZ,20220805,12.13,12.33,11.98,12.31,12.16,0.15,1.2336,765297.87,930836.354,0.5,0.5,,,,,
000001.SZ,20220808,12.25,12.36,12.16,12.2,12.31,-0.11,-0.8936,551999.69,674950.921,0.5,0.5,,,,,
000001.SZ,20220809,12.21,12.22,12.08,12.12,12.2,-0.08,-0.6557,558447.57,677098.633,0.5,0.5,,,,,
000001.SZ,20220810,12.12,12.24,12.02,12.06,12.12,-0.06,-0.495,683023.21,825806.008,0.5,0.5,,,,,
000001.SZ,20220811,12.08,12.39,12.04,12.35,12.06,0.29,2.4046,1399303.61,1710719.478,0.5,0.5,,,,,
000001.SZ,20220812,12.26,12.41,12.2,12.38,12.35,0.03,0.2429,820503.56,1010612.433,0.5,0.5,,,,,
000001.SZ,20220815,12.29,12.36,12.09,12.11,12.38,-0.27,-2.1809,1172010.0,1425087.455,0.5,0.5,,,,,
000001.SZ,20220816,12.11,12.2,12.1,12.13,12.11,0.02,0.1652,631223.7,765907.219,0.5,0.5,,,,,
000001.SZ,20220817,12.15,12.42,12.07,12.4,12.13,0.27,2.2259,1348506.58,1656961.619,0.5,0.5,,,,,
000001.SZ,20220818,12.48,12.54,12.16,12.25,12.4,-0.15,-1.2097,1269700.94,1560630.568,0.5,0.5,,,,,
000001.SZ,20220819,12.27,12.75,12.23,12.57,12.25,0.32,2.6122,2106417.24,2653471.09,0.5,0.5,,,,,
000001.SZ,20220822,12.58,12.68,12.41,12.5,12.57,-0.07,-0.5569,1138076.58,1423361.879,0.5,0.5,,,,,
000001.SZ,20220823,12.45,12.49,12.28,12.34,12.5,-0.16,-1.28,921463.07,1137300.431,0.5,0.5,,,,,
000001.SZ,20220824,12.33,12.54,12.33,12.4,12.34,0.06,0.4862,1295375.33,1613309.589,0.5,0.5,,,,,
000001.SZ,20220825,12.4,12.66,12.3,12.62,12.4,0.22,1.7742,1064010.61,1329230.362,0.5,0.5,,,,,
000001.SZ,20220826,12.68,12.75,12.46,12.61,12.62,-0.01,-0.0792,927634.26,1168951.099,0.5,0.5,,,,,
000001.SZ,20220829,12.5,12.56,12.31,12.42,12.61,-0.19,-1.5067,924490.65,1145189.174,0.5,0.5,,,,,
000001.SZ,20220830,12.43,12.54,12.28,12.48,12.42,0.06,0.4831,799712.38,991447.627,0.5,0.5,,,,,
000001.SZ,20220831,12.38,12.78,12.36,12.75,12.48,0.27,2.1635,1653041.58,2091408.315,0.5,0.5,,,,,
000001.SZ,20220901,12.65,12.79,12.58,12.61,12.75,-0.14,-1.098,861981.95,1092666.277,0.5,0.5,,,,,
000001.SZ,20220902,12.62,12.69,12.43,12.51,12.61,-0.1,-0.793,786362.81,983433.863,0.5,0.5,,,,,
000001.SZ,20220905,12.46,12.6,12.37,12.57,12.51,0.06,0.4796,632039.98,788451.089,0.5,0.5,,,,,
000001.SZ,20220906,12.58,12.66,12.43,12.5,12.57,-0.07,-0.5569,731294.99,914692.184,0.5,0.5,,,,,
000001.SZ,20220907,12.42,12.42,12.28,12.33,12.5,-0.17,-1.36,979812.81,1208329.759,0.5,0.5,,,,,
000001.SZ,20220908,12.32,12.44,12.3,12.36,12.33,0.03,0.2433,621116.92,768913.484,0.5,0.5,,,,,
000001.SZ,20220909,12.4,12.74,12.36,12.72,12.36,0.36,2.9126,1951297.31,2469131.334,0.5,0.5,,,,,
000001.SZ,20220913,12.88,13.02,12.66,12.95,12.72,0.23,1.8082,1722689.89,2223707.38,0.5,0.5,,,,,
000001.SZ,20220914,12.75,12.87,12.7,12.73,12.95,-0.22,-1.6988,858035.84,1095054.829,0.5,0.5,,,,,
000001.SZ,20220915,12.8,13.1,12.77,13.0,12.73,0.27,2.121,1841017.88,2393239.453,0.5,0.5,,,,,
000001.SZ,20220916,12.92,12.95,12.56,12.56,13.0,-0.44,-3.3846,1357447.81,1719252.822,0.5,0.5,,,,,
000001.SZ,20220919,12.54,12.67,12.48,12.57,12.56,0.01,0.0796,632121.04,793491.306,0.5,0.5,,,,,
000001.SZ,20220920,12.61,12.63,12.32,12.34,12.57,-0.23,-1.8298,889988.53,1102212.204,0.5,0.5,,,,,
000001.SZ,20220921,12.31,12.48,12.2,12.43,12.34,0.09,0.7293,684197.39,845477.182,0.5,0.5,,,,,
000001.SZ,20220922,12.33,12.36,12.25,12.29,12.43,-0.14,-1.1263,586133.38,720058.21,0.5,0.5,,,,,
000001.SZ,20220923,12.24,12.43,12.23,12.29,12.29,0.0,0.0,586441.06,722703.128,0.5,0.5,,,,,
000001.SZ,20220926,12.16,12.28,11.99,12.0,12.29,-0.29,-2.3596,903729.04,1094060.839,0.5,0.5,,,,,
000001.SZ,20220927,12.0,12.16,11.81,12.15,12.0,0.15,1.25,789622.29,946732.994,0.5,0.5,,,,,
000001.SZ,20220928,12.09,12.25,11.92,12.11,12.15,-0.04,-0.3292,780925.58,946211.767,0.5,0.5,,,,,
000001.SZ,20220929,12.25,12.28,11.82,11.86,12.11,-0.25,-2.0644,917718.04,1100405.198,0.5,0.5,,,,,
000001.SZ,20220930,11.87,11.96,11.83,11.84,11.86,-0.02,-0.1686,537230.19,638906.948,0.5,0.5,,,,,
000001.SZ,20221010,11.7,11.77,11.46,11.47,11.84,-0.37,-3.125,966080.18,1119089.731,0.5,0.5,,,,,
000001.SZ,20221011,11.54,11.58,11.41,11.48,11.47,0.01,0.0872,415253.37,476749.227,0.5,0.5,,,,,
000001.SZ,20221012,11.45,11.62,11.35,11.6,11.48,0.12,1.0453,559572.43,641776.509,0.5,0.5,,,,,
000001.SZ,20221013,11.51,11.54,11.31,11.34,11.6,-0.26,-2.2414,852615.97,970021.739,0.5,0.5,,,,,
000001.SZ,20221014,11.45,11.63,11.4,11.53,11.34,0.19,1.6755,1096061.58,1265486.55,0.5,0.5,,,,,
000001.SZ,20221017,11.42,11.52,11.34,11.48,11.53,-0.05,-0.4337,1024822.71,1171523.55,0.5,0.5,,,,,
000001.SZ,20221018,11.55,11.64,11.46,11.48,11.48,0.0,0.0,946837.09,1091646.644,0.5,0.5,,,,,
000001.SZ,20221019,11.42,11.49,11.28,11.29,11.48,-0.19,-1.6551,923989.68,1049700.767,0.5,0.5,,,,,
000001.SZ,20221020,11.23,11.31,11.16,11.2,11.29,-0.09,-0.7972,781923.23,876967.151,0.5,0.5,,,,,
000001.SZ,20221021,11.21,11.25,11.07,11.09,11.2,-0.11,-0.9821,785574.29,876648.491,0.5,0.5,,,,,
000001.SZ,20221024,11.09,11.1,10.61,10.62,11.09,-0.47,-4.2381,1383390.65,1496043.94,0.5,0.5,,,,,
000001.SZ,20221025,10.7,10.81,10.6,10.65,10.62,0.03,0.2825,1316979.4,1406437.766,0.5,0.5,,,,,
000001.SZ,20221026,10.64,10.73,10.61,10.66,10.65,0.01,0.0939,1143829.88,1220733.278,0.5,0.5,,,,,
000001.SZ,20221027,10.7,10.77,10.66,10.68,10.66,0.02,0.1876,957383.46,1024868.047,0.5,0.5,,,,,
000001.SZ,20221028,10.63,10.7,10.41,10.42,10.68,-0.26,-2.4345,1057947.01,1114999.302,0.5,0.5,,,,,
000001.SZ,20221031,10.33,10.45,10.22,10.34,10.42,-0.08,-0.7678,983095.69,1016230.012,0.5,0.5,,,,,
000001.SZ,20221101,10.38,10.68,10.36,10.67,10.34,0.33,3.1915,1381234.13,1459758.367,0.5,0.5,,,,,
000001.SZ,20221102,10.61,10.68,10.48,10.63,10.67,-0.04,-0.3749,1302988.18,1377816.22,0.5,0.5,,,,,
000001.SZ,20221103,10.54,10.57,10.38,10.44,10.63,-0.19,-1.7874,983535.61,1028904.286,0.5,0.5,,,,,
000001.SZ,20221104,10.4,10.85,10.39,10.82,10.44,0.38,3.6398,1776112.23,1903720.944,0.5,0.5,,,,,
000001.SZ,20221107,10.81,10.91,10.73,10.88,10.82,0.06,0.5545,988082.04,1070554.833,0.5,0.5,,,,,
000001.SZ,20221108,10.89,10.92,10.78,10.85,10.88,-0.03,-0.2757,583222.05,632835.805,0.5,0.5,,,,,
000001.SZ,20221109,10.84,11.08,10.82,10.89,10.85,0.04,0.3687,832106.85,911153.622,0.5,0.5,,,,,
000001.SZ,20221110,10.79,10.9,10.69,10.87,10.89,-0.02,-0.1837,552021.19,596916.589,0.5,0.5,,,,,
000001.SZ,20221111,11.13,11.66,11.01,11.43,10.87,0.56,5.1518,2545070.55,2878557.392,0.5,0.5,,,,,
000001.SZ,20221114,11.7,12.28,11.7,11.95,11.43,0.52,4.5494,3872084.1,4637823.414,0.5,0.5,,,,,
000001.SZ,20221115,11.86,12.18,11.83,12.01,11.95,0.06,0.5021,1573901.34,1891249.648,0.5,0.5,,,,,
000001.SZ,20221116,11.97,12.05,11.79,11.82,12.01,-0.19,-1.582,1278692.88,1519133.932,0.5,0.5,,,,,
000001.SZ,20221117,11.81,11.84,11.58,11.69,11.82,-0.13,-1.0998,1091047.16,1273790.881,0.5,0.5,,,,,
000001.SZ,20221118,11.74,11.78,11.57,11.59,11.69,-0.1,-0.8554,868093.29,1011078.68,0.5,0.5,,,,,
000001.SZ,20221121,11.48,11.5,11.22,11.46,11.59,-0.13,-1.1217,1047737.07,1189388.618,0.5,0.5,,,,,
000001.SZ,20221122,11.46,11.93,11.44,11.82,11.46,0.36,3.1414,1491323.88,1748727.407,0.5,0.5,,,,,
000001.SZ,20221123,11.78,12.05,11.72,11.82,11.82,0.0,0.0,1247656.53,1483352.652,0.5,0.5,,,,,
000001.SZ,20221124,11.92,11.99,11.69,11.77,11.82,-0.05,-0.423,796718.82,941002.373,0.5,0.5,,,,,
000001.SZ,20221125,11.79,12.23,11.77,12.17,11.77,0.4,3.3985,1760728.17,2130171.605,0.5,0.5,,,,,
000001.SZ,20221128,11.9,11.92,11.69,11.81,12.17,-0.36,-2.9581,1331562.95,1568351.12,0.5,0.5,,,,,
000001.SZ,20221129,12.16,12.99,12.13,12.99,11.81,1.18,9.9915,4749276.5,6026006.642,0.5,0.5,,,,,
000001.SZ,20221130,12.9,13.34,12.82,13.03,12.99,0.04,0.3079,3209628.3,4206404.173,0.5,0.5,,,,,
000001.SZ,20221201,13.38,13.66,13.07,13.1,13.03,0.07,0.5372,2002688.83,2658203.027,0.5,0.5,,,,,
000001.SZ,20221202,13.14,13.15,12.69,12.9,13.1,-0.2,-1.5267,1404202.78,1803658.762,0.5,0.5,,,,,
000001.SZ,20221205,13.09,13.57,13.01,13.53,12.9,0.63,4.8837,2287627.42,3057231.973,0.5,0.5,,,,,
000001.SZ,20221206,13.34,13.66,13.25,13.43,13.53,-0.1,-0.7391,1252578.91,1680593.516,0.5,0.5,,,,,
000001.SZ,20221207,13.33,13.37,13.03,13.15,13.43,-0.28,-2.0849,1377376.9,1815667.663,0.5,0.5,,,,,
000001.SZ,20221208,13.15,13.52,13.12,13.36,13.15,0.21,1.597,1065722.8,1422047.905,0.5,0.5,,,,,
000001.SZ,20221209,13.4,13.75,13.35,13.7,13.36,0.34,2.5449,1615831.92,2197501.649,0.5,0.5,,,,,
000001.SZ,20221212,13.58,13.58,13.06,13.11,13.7,-0.59,-4.3066,1392584.28,1848277.967,0.5,0.5,,,,,
000001.SZ,20221213,13.15,13.36,13.14,13.24,13.11,0.13,0.9916,902285.13,1194285.343,0.5,0.5,,,,,
000001.SZ,20221214,13.23,13.4,13.08,13.23,13.24,-0.01,-0.0755,974061.1,1287867.945,0.5,0.5,,,,,
000001.SZ,20221215,13.14,13.28,12.94,13.1,13.23,-0.13,-0.9826,835349.26,1094434.006,0.5,0.5,,,,,
000001.SZ,20221216,13.02,13.4,13.02,13.34,13.1,0.24,1.8321,924251.67,1225269.166,0.5,0.5,,,,,
000001.SZ,20221219,13.33,13.47,12.95,13.04,13.34,-0.3,-2.2489,1030866.06,1355435.567,0.5,0.5,,,,,
000001.SZ,20221220,12.97,13.08,12.67,12.76,13.04,-0.28,-2.1472,896212.23,1150630.681,0.5,0.5,,,,,
000001.SZ,20221221,12.85,12.99,12.74,12.89,12.76,0.13,1.0188,614589.64,791782.473,0.5,0.5,,,,,
000001.SZ,20221222,13.0,13.15,12.9,12.95,12.89,0.06,0.4655,672394.3,876159.828,0.5,0.5,,,,,
000001.SZ,20221223,12.85,13.06,12.8,12.98,12.95,0.03,0.2317,564426.41,730705.959,0.5,0.5,,,,,
000001.SZ,20221226,12.99,13.04,12.71,12.77,12.98,-0.21,-1.6179,797119.87,1021903.963,0.5,0.5,,,,,
000001.SZ,20221227,12.87,13.22,12.87,13.11,12.77,0.34,2.6625,886004.12,1160090.119,0.5,0.5,,,,,
000001.SZ,20221228,13.16,13.38,13.0,13.14,13.11,0.03,0.2288,791191.98,1042402.08,0.5,0.5,,,,,
000001.SZ,20221229,13.07,13.13,12.85,13.03,13.14,-0.11,-0.8371,666890.09,865144.967,0.5,0.5,,,,,
000001.SZ,20221230,13.04,13.28,12.96,13.16,13.03,0.13,0.9977,818035.98,1074756.754,0.5,0.5,,,,,
000001.SZ,20230103,13.2,13.85,13.05,13.77,13.16,0.61,4.6353,2194127.94,2971546.989,0.5,0.5,,,,,
000001.SZ,20230104,13.71,14.42,13.63,14.32,13.77,0.55,3.9942,2189682.53,3110729.449,0.5,0.5,,,,,
000001.SZ,20230105,14.4,14.74,14.37,14.48,14.32,0.16,1.1173,1665425.18,2417272.356,0.5,0.5,,,,,
000001.SZ,20230106,14.5,14.72,14.48,14.62,14.48,0.14,0.9669,1195744.71,1747915.169,0.5,0.5,,,,,
000001.SZ,20230109,14.75,14.88,14.52,14.8,14.62,0.18,1.2312,1057659.11,1561368.487,0.5,0.5,,,,,
000001.SZ,20230110,14.76,14.89,14.39,14.44,14.8,-0.36,-2.4324,1269423.39,1851093.717,0.5,0.5,,,,,
000001.SZ,20230111,14.45,14.78,14.39,14.67,14.44,0.23,1.5928,830566.12,1217450.812,0.5,0.5,,,,,
000001.SZ,20230112,14.77,14.77,14.53,14.67,14.67,0.0,0.0,625694.84,914367.7,0.5,0.5,,,,,
000001.SZ,20230113,14.67,14.95,14.55,14.95,14.67,0.28,1.9087,949085.83,1407181.074,0.5,0.5,,,,,
000001.SZ,20230116,14.95,15.28,14.85,15.08,14.95,0.13,0.8696,1560039.89,2356399.993,0.5,0.5,,,,,
000001.SZ,20230117,15.13,15.18,14.77,14.97,15.08,-0.11,-0.7294,935834.54,1396151.515,0.5,0.5,,,,,
000001.SZ,20230118,14.95,15.18,14.91,15.11,14.97,0.14,0.9352,718434.03,1083362.998,0.5,0.5,,,,,
000001.SZ,20230119,15.13,15.25,14.87,15.09,15.11,-0.02,-0.1324,641875.2,963744.633,0.5,0.5,,,,,
000001.SZ,20230120,15.16,15.24,15.0,15.13,15.09,0.04,0.2651,608590.08,920144.806,0.5,0.5,,,,,
000001.SZ,20230130,15.6,15.74,14.89,15.15,15.13,0.02,0.1322,1374317.5,2096867.649,0.5,0.5,,,,,
000001.SZ,20230131,15.24,15.51,14.96,14.99,15.15,-0.16,-1.0561,1030497.84,1568639.326,0.5,0.5,,,,,
000001.SZ,20230201,15.03,15.08,14.51,14.7,14.99,-0.29,-1.9346,1653421.48,2426471.973,0.5,0.5,,,,,
000001.SZ,20230202,14.74,14.78,14.27,14.6,14.7,-0.1,-0.6803,1577900.39,2280744.883,0.5,0.5,,,,,
000001.SZ,20230203,14.45,14.55,14.16,14.32,14.6,-0.28,-1.9178,1246382.98,1782105.891,0.5,0.5,,,,,
000001.SZ,20230206,14.1,14.13,13.86,14.0,14.32,-0.32,-2.2346,1317610.1,1838428.709,0.5,0.5,,,,,
000001.SZ,20230207,14.06,14.32,14.03,14.21,14.0,0.21,1.5,869460.46,1235297.763,0.5,0.5,,,,,
000001.SZ,20230208,14.24,14.32,14.03,14.04,14.21,-0.17,-1.1963,657892.57,928708.934,0.5,0.5,,,,,
000001.SZ,20230209,14.01,14.3,13.96,14.13,14.04,0.09,0.641,830350.02,1174361.963,0.5,0.5,,,,,
000001.SZ,20230210,14.1,14.12,13.86,13.98,14.13,-0.15,-1.0616,847283.66,1184283.386,0.5,0.5,,,,,
000001.SZ,20230213,13.94,13.94,13.6,13.82,13.98,-0.16,-1.1445,1800054.16,2473405.203,0.5,0.5,,,,,
000001.SZ,20230214,13.85,13.98,13.8,13.96,13.82,0.14,1.013,909937.09,1263892.078,0.5,0.5,,,,,
000001.SZ,20230215,13.95,13.96,13.62,13.67,13.96,-0.29,-2.0774,1250243.98,1713566.673,0.5,0.5,,,,,
000001.SZ,20230216,13.68,13.91,13.5,13.6,13.67,-0.07,-0.5121,1279123.29,1757431.084,0.5,0.5,,,,,
000001.SZ,20230217,13.63,13.72,13.43,13.43,13.6,-0.17,-1.25,918363.69,1246777.397,0.5,0.5,,,,,
000001.SZ,20230220,13.5,14.15,13.49,14.15,13.43,0.72,5.3611,2116191.17,2945969.773,0.5,0.5,,,,,
000001.SZ,20230221,14.06,14.2,13.92,14.1,14.15,-0.05,-0.3534,990494.99,1393153.377,0.5,0.5,,,,,
000001.SZ,20230222,14.0,14.12,13.94,14.02,14.1,-0.08,-0.5674,638922.39,895742.534,0.5,0.5,,,,,
000001.SZ,20230223,14.0,14.32,13.98,14.05,14.02,0.03,0.214,824490.68,1165539.851,0.5,0.5,,,,,
000001.SZ,20230224,14.02,14.03,13.8,13.86,14.05,-0.19,-1.3523,729989.04,1012652.972,0.5,0.5,,,,,
000001.SZ,20230227,13.75,13.88,13.68,13.69,13.86,-0.17,-1.2266,621461.93,854854.041,0.5,0.5,,,,,
000001.SZ,20230228,13.75,13.85,13.61,13.78,13.69,0.09,0.6574,607935.92,833316.018,0.5,0.5,,,,,
000001.SZ,20230301,13.8,14.19,13.74,14.17,13.78,0.39,2.8302,1223451.78,1719710.647,0.5,0.5,,,,,
000001.SZ,20230302,14.13,14.44,14.06,14.24,14.17,0.07,0.494,1015876.84,1447565.98,0.5,0.5,,,,,
000001.SZ,20230303,14.35,14.37,14.14,14.29,14.24,0.05,0.3511,690954.39,985552.121,0.5,0.5,,,,,
000001.SZ,20230306,14.3,14.3,13.72,13.85,14.29,-0.44,-3.0791,1455824.14,2023954.547,0.5,0.5,,,,,
000001.SZ,20230307,13.85,14.1,13.65,13.69,13.85,-0.16,-1.1552,1279266.29,1773654.737,0.5,0.5,,,,,
000001.SZ,20230308,13.63,13.64,13.4,13.53,13.69,-0.16,-1.1687,1096897.91,1479838.98,0.5,0.5,,,,,
000001.SZ,20230309,13.54,13.58,13.13,13.2,13.53,-0.33,-2.439,1736064.76,2305765.842,0.5,0.5,,,,,
000001.SZ,20230310,13.0,13.27,13.0,13.14,13.2,-0.06,-0.4545,856996.1,1128558.36,0.5,0.5,,,,,
000001.SZ,20230313,13.12,13.29,13.0,13.05,13.14,-0.09,-0.6849,1000634.96,1309490.079,0.5,0.5,,,,,
000001.SZ,20230314,12.99,13.0,12.73,12.87,13.05,-0.18,-1.3793,1149075.58,1474124.199,0.5,0.5,,,,,
000001.SZ,20230315,13.05,13.18,12.94,13.05,12.87,0.18,1.3986,979363.72,1278262.225,0.5,0.5,,,,,
000001.SZ,20230316,12.89,13.03,12.8,12.82,13.05,-0.23,-1.7625,916792.49,1182054.434,0.5,0.5,,,,,
000001.SZ,20230317,12.99,13.04,12.65,12.75,12.82,-0.07,-0.546,1556814.14,2000832.408,0.5,0.5,,,,,
000001.SZ,20230320,12.76,12.85,12.55,12.57,12.75,-0.18,-1.4118,1188816.33,1505893.659,0.5,0.5,,,,,
000001.SZ,20230321,12.65,12.78,12.5,12.7,12.57,0.13,1.0342,840743.17,1060914.056,0.5,0.5,,,,,
000001.SZ,20230322,12.75,12.88,12.71,12.79,12.7,0.09,0.7087,876690.77,1121080.753,0.5,0.5,,,,,
000001.SZ,20230323,12.7,12.9,12.63,12.9,12.79,0.11,0.86,804306.04,1029380.497,0.5,0.5,,,,,
000001.SZ,20230324,12.85,12.86,12.76,12.82,12.9,-0.08,-0.6202,621518.75,796319.542,0.5,0.5,,,,,
000001.SZ,20230327,12.8,12.81,12.46,12.6,12.82,-0.22,-1.7161,1008422.14,1266945.056,0.5,0.5,,,,,
000001.SZ,20230328,12.66,12.73,12.55,12.64,12.6,0.04,0.3175,673868.43,851797.869,0.5,0.5,,,,,
000001.SZ,20230329,12.73,12.74,12.5,12.53,12.64,-0.11,-0.8703,596064.33,750687.551,0.5,0.5,,,,,
000001.SZ,20230330,12.55,12.71,12.41,12.68,12.53,0.15,1.1971,824546.24,1035422.932,0.5,0.5,,,,,
000001.SZ,20230331,12.69,12.77,12.51,12.53,12.68,-0.15,-1.183,865491.66,1092263.437,0.5,0.5,,,,,
000001.SZ,20230403,12.55,12.69,12.46,12.67,12.53,0.14,1.1173,740428.86,934285.179,0.5,0.5,,,,,
000001.SZ,20230404,12.64,12.72,12.59,12.65,12.67,-0.02,-0.1579,647457.22,817726.527,0.5,0.5,,,,,
000001.SZ,20230406,12.6,12.61,12.5,12.58,12.65,-0.07,-0.5534,563321.3,706480.66,0.5,0.5,,,,,
000001.SZ,20230407,12.57,12.69,12.5,12.62,12.58,0.04,0.318,607925.26,767354.797,0.5,0.5,,,,,
000001.SZ,20230410,12.64,12.7,12.58,12.68,12.62,0.06,0.4754,640181.81,809943.148,0.5,0.5,,,,,
000001.SZ,20230411,12.7,12.72,12.52,12.54,12.68,-0.14,-1.1041,777779.62,978302.908,0.5,0.5,,,,,
000001.SZ,20230412,12.58,12.59,12.45,12.48,12.54,-0.06,-0.4785,909957.06,1136997.696,0.5,0.5,,,,,
000001.SZ,20230413,12.41,12.67,12.3,12.56,12.48,0.08,0.641,1131591.46,1413919.037,0.5,0.5,,,,,
000001.SZ,20230414,12.6,12.9,12.58,12.69,12.56,0.13,1.035,1297994.84,1653539.531,0.5,0.5,,,,,
000001.SZ,20230417,12.66,12.94,12.6,12.93,12.69,0.24,1.8913,1304212.59,1669357.649,0.5,0.5,,,,,
000001.SZ,20230418,12.93,13.2,12.89,13.0,12.93,0.07,0.5414,1538936.15,2009934.875,0.5,0.5,,,,,
000001.SZ,20230419,13.02,13.07,12.83,12.85,13.0,-0.15,-1.1538,1014378.15,1309536.002,0.5,0.5,,,,,
000001.SZ,20230420,12.9,12.9,12.62,12.75,12.85,-0.1,-0.7782,811788.41,1033330.704,0.5,0.5,,,,,
000001.SZ,20230421,12.7,12.83,12.48,12.5,12.75,-0.25,-1.9608,918668.39,1160509.766,0.5,0.5,,,,,
000001.SZ,20230424,12.48,12.5,12.03,12.1,12.5,-0.4,-3.2,1467671.92,1798133.967,0.5,0.5,,,,,
000001.SZ,20230425,12.14,12.37,12.12,12.28,12.1,0.18,1.4876,1301900.82,1595320.17,0.5,0.5,,,,,
000001.SZ,20230426,12.25,12.25,11.99,12.12,12.28,-0.16,-1.3029,991260.4,1197555.724,0.5,0.5,5.1674,0.6242,1.3074,0.5108,23519972.856
000001.SZ,20230427,12.06,12.35,12.0,12.26,12.12,0.14,1.1551,1004093.37,1222755.932,1.0,1.0,5.2271,0.6314,1.3225,0.5174,23791655.7107
000001.SZ,20230428,12.26,12.78,12.22,12.55,12.26,0.29,2.3654,1445254.34,1816868.033,1.0,1.0,5.3507,0.6463,1.3538,0.7448,24354427.3385
000001.SZ,20230504,12.4,12.83,12.19,12.73,12.55,0.18,1.4343,1478264.38,1863146.144,1.0,1.0,5.4275,0.6556,1.3732,0.7618,24703733.8661
000001.SZ,20230505,12.78,13.11,12.75,12.91,12.73,0.18,1.414,1762188.65,2283981.032,1.0,1.0,5.5042,0.6649,1.3926,0.9081,25053040.3936
000001.SZ,20230508,12.94,13.49,12.84,13.32,12.91,0.41,3.1758,2630718.61,3478891.629,1.0,1.0,5.679,0.686,1.4369,1.3557,25848683.0397
000001.SZ,20230509,13.4,13.6,13.13,13.16,13.32,-0.16,-1.2012,2422534.45,3238716.471,0.8666927286942925,0.8673139158576038,5.6108,0.6778,1.4196,1.2484,25538188.3486
000001.SZ,20230510,13.17,13.26,12.8,12.84,13.16,-0.32,-2.4316,1237053.39,1600189.994,0.6000781860828774,0.6003236245954688,5.4744,0.6613,1.3851,0.6375,24917198.9662
000001.SZ,20230511,12.95,13.12,12.8,12.85,12.84,0.01,0.0779,903758.44,1166479.365,0.6082877247849884,0.6084142394822012,5.4786,0.6618,1.3862,0.4657,24936604.8844
000001.SZ,20230512,12.82,12.87,12.61,12.62,12.85,-0.23,-1.7899,885603.68,1124579.091,0.4167318217357316,0.41747572815534,5.3806,0.65,1.3614,0.4564,24490268.7659
000001.SZ,20230515,12.68,12.85,12.45,12.83,12.62,0.21,1.664,928325.63,1173804.243,0.5916731821735738,0.5922330097087384,5.4701,0.6608,1.384,0.4784,24897793.048
000001.SZ,20230516,12.8,12.92,12.57,12.62,12.83,-0.21,-1.6368,998301.69,1267712.09,0.4167318217357316,0.41747572815534,5.3806,0.65,1.3614,0.5144,24490268.7659
000001.SZ,20230517,12.58,12.64,12.44,12.49,12.62,-0.13,-1.0301,754621.2,945315.193,0.3084440969507424,0.3090614886731389,5.3252,0.6433,1.3473,0.3889,24237991.8293
000001.SZ,20230518,12.57,12.64,12.43,12.49,12.49,0.0,0.0,687186.87,861347.534,0.3084440969507424,0.3090614886731389,5.3252,0.6433,1.3473,0.3541,24237991.8293
000001.SZ,20230519,12.43,12.44,12.32,12.34,12.49,-0.15,-1.201,688413.68,851165.594,0.1833463643471458,0.18284789644012883,5.2612,0.6355,1.3312,0.3548,23946903.0563
000001.SZ,20230522,12.31,12.45,12.31,12.38,12.34,0.04,0.3241,549327.85,679754.868,0.21677091477716945,0.2168284789644005,5.2783,0.6376,1.3355,0.2831,24024526.7291
000001.SZ,20230523,12.38,12.41,12.21,12.21,12.38,-0.17,-1.3732,694364.36,852871.175,0.07505863956215827,0.0744336569579295,5.2058,0.6288,1.3171,0.3578,23694626.1198
000001.SZ,20230524,12.2,12.21,12.01,12.01,12.21,-0.2,-1.638,824250.88,996600.578,0.0,0.0,5.1205,0.6185,1.2956,0.4248,23306507.7558
000001.SZ,20230525,11.99,12.0,11.81,11.93,12.01,-0.08,-0.6661,882744.3,1050002.542,0.0,0.0,5.0864,0.6144,1.2869,0.4549,23151260.4102
000001.SZ,20230526,11.93,12.13,11.84,12.1,11.93,0.17,1.425,511428.64,613772.897,0.1223422207222406,0.12290502793296113,5.1589,0.6232,1.3053,0.2635,23481161.0196
000001.SZ,20230529,12.11,12.13,11.95,11.98,12.1,-0.12,-0.9917,566073.82,680275.578,0.035943300708741306,0.03631284916201177,5.1077,0.617,1.2923,0.2917,23248290.0012
000001.SZ,20230530,11.98,11.99,11.8,11.87,11.98,-0.11,-0.9182,763996.92,906316.374,0.0,0.0,5.0608,0.6113,1.2805,0.3937,23034824.901
000001.SZ,20230531,11.82,11.84,11.58,11.6,11.87,-0.27,-2.2746,1179586.71,1376758.357,0.0,0.0,4.9457,0.5974,1.2513,0.6079,22510865.1097
000001.SZ,20230601,11.6,11.68,11.5,11.59,11.6,-0.01,-0.0862,743022.93,861646.489,0.0,0.0,4.9414,0.5969,1.2503,0.3829,22491459.1915
000001.SZ,20230602,11.68,11.97,11.64,11.93,11.59,0.34,2.9336,1221842.53,1446502.669,0.19658351409978359,0.1964085297418625,5.0864,0.6144,1.2869,0.6296,23151260.4102
000001.SZ,20230605,11.88,12.0,11.82,11.91,11.93,-0.02,-0.1676,521846.19,620531.416,0.18505965292841614,0.1851851851851846,5.0779,0.6134,1.2848,0.2689,23112448.5738
000001.SZ,20230606,11.91,12.09,11.82,11.84,11.91,-0.07,-0.5877,833273.47,997039.312,0.14452277657266835,0.14478114478114493,5.048,0.6098,1.2772,0.4294,22976607.1464
000001.SZ,20230607,11.89,12.07,11.88,11.94,11.84,0.1,0.8446,643697.84,770386.878,0.20241323210412163,0.20202020202020204,5.0907,0.6149,1.288,0.3317,23170666.3284
000001.SZ,20230608,11.96,12.2,11.86,12.12,11.94,0.18,1.5075,869397.12,1048266.236,0.306399132321041,0.30639730639730606,5.1674,0.6242,1.3074,0.448,23519972.856
000001.SZ,20230609,12.06,12.09,11.85,11.88,12.12,-0.24,-1.9802,1315284.76,1566929.274,0.16770607375271188,0.16722783389450072,5.0651,0.6118,1.2815,0.6778,23054230.8192
000001.SZ,20230612,11.82,11.9,11.76,11.79,11.88,-0.09,-0.7576,758747.03,896015.709,0.11564533622559667,0.11560044893378191,5.0267,0.6072,1.2718,0.391,22879577.5554
000001.SZ,20230613,11.76,11.84,11.69,11.77,11.79,-0.02,-0.1696,849988.05,1000183.567,0.10412147505423044,0.10437710437710401,5.0182,0.6062,1.2697,0.438,22840765.719
000001.SZ,20230614,11.55,11.73,11.46,11.47,11.49,-0.02,-0.1741,1069200.04,1237376.776,0.0,0.029180695847363016,4.8903,0.5995,1.2373,0.551,22258588.1731
000001.SZ,20230615,11.49,11.63,11.39,11.61,11.47,0.14,1.2206,925300.56,1064567.231,0.07569418029669112,0.11111111111111124,4.95,0.6068,1.2524,0.4768,22530271.0279
000001.SZ,20230616,11.61,11.67,11.57,11.63,11.61,0.02,0.1723,842033.65,978869.317,0.08647140864714087,0.12345679012345681,4.9585,0.6079,1.2546,0.4339,22569082.8643
000001.SZ,20230619,11.63,11.63,11.41,11.45,11.63,-0.18,-1.5477,953997.07,1096351.097,0.0,0.017957351290685125,4.8818,0.5985,1.2352,0.4916,22219776.3367
000001.SZ,20230620,11.44,11.46,11.35,11.36,11.45,-0.09,-0.786,544550.79,620374.308,0.0,0.0,4.8434,0.5938,1.2254,0.2806,22045123.0729
000001.SZ,20230621,11.36,11.48,11.34,11.35,11.36,-0.01,-0.088,616582.96,703681.564,0.0,0.0,4.8391,0.5933,1.2244,0.3177,22025717.1547
000001.SZ,20230626,11.3,11.3,11.15,11.18,11.35,-0.17,-1.4978,676577.43,757975.992,0.0,0.0,4.7666,0.5844,1.206,0.3487,21695816.5454
000001.SZ,20230627,11.2,11.32,11.17,11.28,11.18,0.1,0.8945,461701.78,519520.687,0.04679964927663302,0.051181102362204536,4.8093,0.5896,1.2168,0.2379,21889875.7273
000001.SZ,20230628,11.28,11.33,11.22,11.3,11.28,0.02,0.1773,365396.44,412039.354,0.056115738711091295,0.06102362204724392,4.8178,0.5906,1.219,0.1883,21928687.5637
000001.SZ,20230629,11.29,11.29,11.17,11.18,11.3,-0.12,-1.0619,485906.3,544534.826,0.0,0.0,4.7666,0.5844,1.206,0.2504,21695816.5454
000001.SZ,20230630,11.18,11.31,11.15,11.23,11.18,0.05,0.4472,519052.58,583494.655,0.023454625164401433,0.025590551181101723,4.788,0.587,1.2114,0.2675,21792846.1364
000001.SZ,20230703,11.24,11.53,11.23,11.49,11.23,0.26,2.3152,885090.71,1009887.429,0.14489259096887244,0.15944881889763768,4.8988,0.6006,1.2395,0.4561,22297400.0095
000001.SZ,20230704,11.46,11.49,11.32,11.4,11.49,-0.09,-0.7833,616300.56,701885.27,0.10280578693555446,0.11318897637795228,4.8604,0.5959,1.2298,0.3176,22122746.7457
000001.SZ,20230705,11.36,11.4,11.3,11.34,11.4,-0.06,-0.5263,423482.4,479726.282,0.07485751863217867,0.0816929133858265,4.8349,0.5927,1.2233,0.2182,22006311.2365
000001.SZ,20230706,11.3,11.34,11.21,11.24,11.34,-0.1,-0.8818,597095.91,672396.816,0.028057869355545648,0.03051181102362196,4.7922,0.5875,1.2125,0.3077,21812252.0546
000001.SZ,20230707,11.2,11.27,11.18,11.2,11.24,-0.04,-0.3559,484440.83,543212.456,0.009425690486628122,0.009842519685039377,4.7752,0.5854,1.2082,0.2496,21734628.3818
000001.SZ,20230710,11.25,11.28,11.17,11.2,11.2,0.0,0.0,495882.28,556581.582,0.009425690486628122,0.009842519685039377,4.7752,0.5854,1.2082,0.2555,21734628.3818
000001.SZ,20230711,11.22,11.26,11.19,11.21,11.2,0.01,0.0893,570809.09,640131.787,0.014028934677772336,0.014763779527558519,4.7794,0.5859,1.2093,0.2941,21754034.3
000001.SZ,20230712,11.23,11.36,11.22,11.24,11.21,0.03,0.2676,736083.67,830230.821,0.028057869355545648,0.03051181102362196,4.7922,0.5875,1.2125,0.3793,21812252.0546
000001.SZ,20230713,11.32,11.47,11.27,11.43,11.24,0.19,1.6904,1124229.73,1281848.379,0.11683472161332681,0.1279527559055119,4.8732,0.5974,1.233,0.5793,22180964.5003
000001.SZ,20230714,11.43,11.55,11.4,11.46,11.43,0.03,0.2625,719146.99,825295.738,0.1308636562911001,0.14370078740157424,4.886,0.599,1.2362,0.3706,22239182.2549
000001.SZ,20230717,11.41,11.41,11.26,11.31,11.46,-0.15,-1.3089,608342.58,687262.894,0.06082858395440535,0.06692913385826689,4.8221,0.5912,1.2201,0.3135,21948093.4819
000001.SZ,20230718,11.29,11.32,11.22,11.25,11.31,-0.06,-0.5305,471966.18,531299.773,0.03277071459885971,0.0354330708661411,4.7965,0.588,1.2136,0.2432,21831657.9728
000001.SZ,20230719,11.23,11.32,11.23,11.31,11.25,0.06,0.5333,382195.96,430771.279,0.06082858395440535,0.06692913385826689,4.8221,0.5912,1.2201,0.197,21948093.4819
000001.SZ,20230720,11.33,11.44,11.29,11.32,11.31,0.01,0.0884,554069.57,629696.111,0.06543182814554957,0.07185039370078712,4.8263,0.5917,1.2211,0.2855,21967499.4001
000001.SZ,20230721,11.31,11.39,11.28,11.34,11.32,0.02,0.1767,377102.56,427375.95,0.07485751863217867,0.0816929133858265,4.8349,0.5927,1.2233,0.1943,22006311.2365
000001.SZ,20230724,11.33,11.33,11.24,11.26,11.34,-0.08,-0.7055,426852.18,480713.396,0.03737395879000392,0.04035433070866133,4.8007,0.5885,1.2147,0.22,21851063.8909
000001.SZ,20230725,11.45,11.73,11.44,11.72,11.26,0.46,4.0853,2032958.19,2358815.16,0.25241122314774195,0.2775590551181102,4.9969,0.6126,1.2643,1.0476,22743736.1281
000001.SZ,20230726,11.65,11.74,11.56,11.67,11.72,-0.05,-0.4266,751662.68,875260.135,0.22895659798334053,0.25196850393700737,4.9755,0.61,1.2589,0.3873,22646706.5371
000001.SZ,20230727,11.68,11.87,11.65,11.75,11.67,0.08,0.6855,1115195.86,1314228.294,0.2664401578255143,0.29330708661417254,5.0097,0.6142,1.2675,0.5747,22801953.8827
000001.SZ,20230728,11.69,12.3,11.67,12.26,11.75,0.51,4.3404,2347013.46,2839828.237,0.5047128452433141,0.5551181102362204,5.2271,0.6408,1.3225,1.2095,23791655.7107
000001.SZ,20230731,12.3,12.5,12.23,12.32,12.26,0.06,0.4894,1854952.39,2288940.411,0.5327707145988597,0.5866141732283462,5.2527,0.644,1.329,0.9559,23908091.2199
000001.SZ,20230801,12.26,12.37,12.13,12.16,12.32,-0.16,-1.2987,957734.78,1169570.705,0.4580227970188509,0.5039370078740159,5.1845,0.6356,1.3117,0.4935,23597596.5288
000001.SZ,20230802,12.06,12.24,11.93,12.03,12.16,-0.13,-1.0691,1115900.04,1343864.165,0.3971942130644446,0.43700787401574787,5.129,0.6288,1.2977,0.575,23345319.5922
000001.SZ,20230803,11.99,12.37,11.95,12.33,12.03,0.3,2.4938,1175847.71,1433255.493,0.5373739587900039,0.5915354330708653,5.2569,0.6445,1.3301,0.6059,23927497.1381
000001.SZ,20230804,12.42,12.53,12.21,12.3,12.33,-0.03,-0.2433,1303131.02,1611435.431,0.5234546251644014,0.575787401574803,5.2442,0.6429,1.3268,0.6715,23869279.3835
000001.SZ,20230807,12.21,12.25,12.12,12.16,12.3,-0.14,-1.1382,646913.26,786506.452,0.4580227970188509,0.5039370078740159,5.1845,0.6356,1.3117,0.3334,23597596.5288
000001.SZ,20230808,12.12,12.21,12.0,12.1,12.16,-0.06,-0.4934,725704.56,877489.188,0.42996492766330524,0.4734251968503928,5.1589,0.6325,1.3053,0.374,23481161.0196
000001.SZ,20230809,12.06,12.2,12.05,12.17,12.1,0.07,0.5785,577607.74,702060.797,0.4626260412099951,0.508858267716535,5.1887,0.6361,1.3128,0.2977,23617002.447
000001.SZ,20230810,12.15,12.21,12.06,12.16,12.17,-0.01,-0.0822,475594.53,577123.92,0.4580227970188509,0.5039370078740159,5.1845,0.6356,1.3117,0.2451,23597596.5288
000001.SZ,20230811,12.17,12.27,11.89,11.89,12.16,-0.27,-2.2204,943538.57,1132867.239,0.331762384918895,0.36515748031496076,5.0693,0.6215,1.2826,0.4862,23073636.7374
000001.SZ,20230814,11.76,11.78,11.59,11.67,11.89,-0.22,-1.8503,975920.18,1139185.249,0.22895659798334053,0.25196850393700737,4.9755,0.61,1.2589,0.5029,22646706.5371
000001.SZ,20230815,11.69,11.8,11.6,11.73,11.67,0.06,0.5141,712812.77,834163.04,0.25701446733888617,0.28248031496062936,5.0011,0.6131,1.2654,0.3673,22763142.0463
000001.SZ,20230816,11.67,11.85,11.61,11.73,11.73,0.0,0.0,572904.37,671706.045,0.25701446733888617,0.28248031496062936,5.0011,0.6131,1.2654,0.2952,22763142.0463
000001.SZ,20230817,11.67,11.7,11.46,11.57,11.73,-0.16,-1.364,965057.75,1116292.662,0.18226654975887735,0.20078740157480285,4.9329,0.6048,1.2481,0.4973,22452647.3551
000001.SZ,20230818,11.58,11.74,11.53,11.56,11.57,-0.01,-0.0864,659818.85,767047.287,0.1775537045155633,0.1948818897637788,4.9286,0.6042,1.247,0.34,22433241.4369
000001.SZ,20230821,11.56,11.58,11.32,11.32,11.56,-0.24,-2.0761,701497.85,799641.424,0.06543182814554957,0.07185039370078712,4.8263,0.5917,1.2211,0.3615,21967499.4001
000001.SZ,20230822,11.38,11.45,11.31,11.37,11.32,0.05,0.4417,606808.09,689991.238,0.08877685225778116,0.09744094488188994,4.8476,0.5943,1.2265,0.3127,22064528.9911
000001.SZ,20230823,11.35,11.42,11.24,11.25,11.37,-0.12,-1.0554,691809.98,783102.827,0.03277071459885971,0.0354330708661411,4.7965,0.588,1.2136,0.3565,21831657.9728
000001.SZ,20230824,11.29,11.32,11.05,11.13,11.25,-0.12,-1.0667,1291270.7,1439197.084,0.0,0.0,4.7453,0.5652,1.2006,0.6654,21598786.9544
000001.SZ,20230825,11.1,11.33,11.08,11.23,11.13,0.1,0.8985,845349.92,946760.251,0.04573203384384702,0.042218543046357554,4.788,0.5703,1.2114,0.4356,21792846.1364
000001.SZ,20230828,11.84,11.93,11.49,11.52,11.23,0.29,2.5824,1997609.87,2336205.801,0.17810860019278105,0.16390728476821131,4.9116,0.585,1.2427,1.0294,22355617.7641
000001.SZ,20230829,11.47,11.49,11.13,11.31,11.52,-0.21,-1.8229,1964961.43,2217588.61,0.0822534004498228,0.07615894039735087,4.8221,0.5744,1.2201,1.0126,21948093.4819
000001.SZ,20230830,11.27,11.27,11.13,11.13,11.31,-0.18,-1.5915,1375638.29,1537573.551,0.0,0.0,4.7453,0.5652,1.2006,0.7089,21598786.9544
000001.SZ,20230831,11.14,11.22,11.12,11.13,11.13,0.0,0.0,806474.03,900123.575,0.0,0.0,4.7453,0.5652,1.2006,0.4156,21598786.9544
000001.SZ,20230901,11.19,11.36,11.19,11.32,11.13,0.19,1.7071,1138704.83,1285169.019,0.08675163328692248,0.08029801324503252,4.8263,0.5749,1.2211,0.5868,21967499.4001
000001.SZ,20230904,11.35,11.59,11.33,11.56,11.32,0.24,2.1201,1410029.23,1621769.196,0.1963157331048517,0.18129139072847614,4.9286,0.5871,1.247,0.7266,22433241.4369
000001.SZ,20230905,11.5,11.51,11.36,11.39,11.56,-0.17,-1.4706,804177.16,917888.859,0.11877476705579951,0.10927152317880784,4.8562,0.5784,1.2287,0.4144,22103340.8275
000001.SZ,20230906,11.33,11.46,11.3,11.43,11.39,0.04,0.3512,634840.51,721905.682,0.1369818999678692,0.12665562913907266,4.8732,0.5805,1.233,0.3271,22180964.5003
000001.SZ,20230907,11.4,11.44,11.32,11.33,11.43,-0.1,-0.8749,540041.57,613812.176,0.09135696690585762,0.08443708609271511,4.8306,0.5754,1.2222,0.2783,21986905.3183
000001.SZ,20230908,11.28,11.32,11.23,11.27,11.33,-0.06,-0.5296,479029.67,539624.963,0.0639391667559167,0.058774834437086046,4.805,0.5723,1.2157,0.2469,21870469.8091
000001.SZ,20230911,11.3,11.4,11.27,11.34,11.27,0.07,0.6211,654485.58,741764.911,0.09596230052479372,0.08857615894039678,4.8349,0.5759,1.2233,0.3373,22006311.2365
000001.SZ,20230912,11.35,11.35,11.25,11.28,11.34,-0.06,-0.5291,495485.06,559058.536,0.0685445003748528,0.0629139072847677,4.8093,0.5728,1.2168,0.2553,21889875.7273
000001.SZ,20230913,11.29,11.32,11.21,11.25,11.28,-0.03,-0.266,490217.97,551747.628,0.05483560029988186,0.0504966887417218,4.7965,0.5713,1.2136,0.2526,21831657.9728
000001.SZ,20230914,11.28,11.33,11.25,11.29,11.25,0.04,0.3556,551650.17,622906.053,0.0730427332119525,0.06705298013245028,4.8135,0.5733,1.2179,0.2843,21909281.6455
000001.SZ,20230915,11.35,11.4,11.2,11.22,11.29,-0.07,-0.62,890476.13,1005529.161,0.04112670022491092,0.038079470198674976,4.7837,0.5698,1.2103,0.4589,21773440.2182
000001.SZ,20230918,11.22,11.24,11.14,11.23,11.22,0.01,0.0891,501325.01,561449.77,0.04573203384384702,0.042218543046357554,4.788,0.5703,1.2114,0.2583,21792846.1364
000001.SZ,20230919,11.22,11.23,11.16,11.21,11.23,-0.02,-0.1781,503664.32,564044.044,0.03652136660597577,0.03394039735099331,4.7794,0.5693,1.2093,0.2595,21754034.3
000001.SZ,20230920,11.2,11.22,11.15,11.15,11.21,-0.06,-0.5352,558872.41,624785.495,0.00910356645603484,0.008278145695364244,4.7538,0.5662,1.2028,0.288,21637598.7908
000001.SZ,20230921,11.14,11.14,11.04,11.05,11.15,-0.1,-0.8969,843930.11,934673.194,0.0,0.0,4.7112,0.5612,1.192,0.4349,21443539.6088
000001.SZ,20230922,11.03,11.25,11.03,11.24,11.05,0.19,1.7195,911484.3,1017137.922,0.0836949783013023,0.07692307692307644,4.7922,0.5708,1.2125,0.4697,21812252.0546
000001.SZ,20230925,11.24,11.32,11.19,11.22,11.24,-0.02,-0.1779,761211.25,856022.502,0.07491217193635023,0.06891025641025593,4.7837,0.5698,1.2103,0.3923,21773440.2182
000001.SZ,20230926,11.22,11.26,11.14,11.16,11.22,-0.06,-0.5348,444980.35,497885.811,0.048460425707790786,0.04407051282051241,4.7581,0.5667,1.2039,0.2293,21657004.709
000001.SZ,20230927,11.15,11.22,11.15,11.17,11.16,0.01,0.0896,490310.61,547905.821,0.05290349245711981,0.04887820512820507,4.7624,0.5673,1.2049,0.2527,21676410.6272
000001.SZ,20230928,11.19,11.24,11.18,11.2,11.17,0.03,0.2686,520696.78,583649.73,0.06612936557139908,0.06089743589743541,4.7752,0.5688,1.2082,0.2683,21734628.3818
000001.SZ,20231009,11.16,11.17,11.06,11.11,11.2,-0.09,-0.8036,695828.09,772959.353,0.026451746228559447,0.024038461538461557,4.7368,0.5642,1.1985,0.3586,21559975.118
000001.SZ,20231010,11.19,11.2,11.02,11.02,11.11,-0.09,-0.8101,820748.51,910160.342,0.0,0.0,4.6984,0.5596,1.1888,0.4229,21385321.8542
000001.SZ,20231011,11.09,11.09,10.96,10.98,11.02,-0.04,-0.363,724115.69,797663.827,0.0,0.0,4.6814,0.5576,1.1845,0.3731,21307698.1814
000001.SZ,20231012,11.11,11.16,11.04,11.11,10.98,0.13,1.184,853057.5,947562.325,0.05553327987169172,0.05140186915887887,4.7368,0.5642,1.1985,0.4396,21559975.118
000001.SZ,20231013,11.03,11.07,10.95,11.0,11.11,-0.11,-0.9901,684483.08,753110.726,0.008520449077786416,0.007788161993769473,4.6899,0.5586,1.1866,0.3527,21346510.0178
000001.SZ,20231016,11.0,11.03,10.95,11.01,11.0,0.01,0.0909,501624.32,550988.72,0.012830793905373259,0.011682242990654642,4.6942,0.5591,1.1877,0.2585,21365915.936
000001.SZ,20231017,11.01,11.05,10.96,11.02,11.01,0.01,0.0908,493525.05,543170.901,0.01704089815557372,0.015576323987538946,4.6984,0.5596,1.1888,0.2543,21385321.8542
000001.SZ,20231018,10.99,11.02,10.91,10.95,11.02,-0.07,-0.6352,651824.92,713979.896,0.0,0.0,4.6686,0.5561,1.1812,0.3359,21249480.4268
000001.SZ,20231019,10.91,10.92,10.59,10.6,10.95,-0.35,-3.1963,1188960.83,1271914.677,0.0,0.0,4.5193,0.5383,1.1435,0.6127,20570273.2899
000001.SZ,20231020,10.55,10.67,10.51,10.6,10.6,0.0,0.0,526139.12,557618.632,0.0,0.0,4.5193,0.5383,1.1435,0.2711,20570273.2899
000001.SZ,20231023,10.59,10.6,10.43,10.5,10.6,-0.1,-0.9434,530404.48,557032.229,0.0,0.0,4.4767,0.5332,1.1327,0.2733,20376214.1079
000001.SZ,20231024,10.54,10.61,10.44,10.55,10.5,0.05,0.4762,760652.69,801528.404,0.01771604424852374,0.01701570680628302,4.498,0.5358,1.1381,0.392,20473243.6989
000001.SZ,20231025,10.51,10.54,10.36,10.38,10.55,-0.17,-1.6114,1411449.68,1470971.924,0.0,0.0,4.4256,0.5088,1.1197,0.7273,20143343.0895
000001.SZ,20231026,10.31,10.42,10.3,10.41,10.38,0.03,0.289,599991.47,621915.277,0.010132439763842118,0.00790067720090269,4.4383,0.5102,1.123,0.3092,20201560.8441
000001.SZ,20231027,10.38,10.48,10.33,10.45,10.41,0.04,0.3842,919771.36,957587.534,0.023775331099409467,0.01918735891647832,4.4554,0.5122,1.1273,0.474,20279184.5169
000001.SZ,20231030,10.4,10.47,10.35,10.45,10.45,0.0,0.0,805689.55,837646.002,0.023775331099409467,0.01918735891647832,4.4554,0.5122,1.1273,0.4152,20279184.5169
000001.SZ,20231031,10.43,10.49,10.41,10.46,10.45,0.01,0.0957,652855.23,682212.138,0.027205999680867697,0.02200902934537254,4.4597,0.5127,1.1284,0.3364,20298590.4351
000001.SZ,20231101,10.55,10.56,10.45,10.48,10.46,0.02,0.1912,567300.35,595211.885,0.03398755385351858,0.027652370203160356,4.4682,0.5137,1.1305,0.2923,20337402.2715
000001.SZ,20231102,10.5,10.6,10.47,10.48,10.48,0.0,0.0,619429.95,652316.67,0.03398755385351858,0.027652370203160356,4.4682,0.5137,1.1305,0.3192,20337402.2715
000001.SZ,20231103,10.49,10.52,10.43,10.48,10.48,0.0,0.0,705463.47,738879.704,0.03398755385351858,0.027652370203160356,4.4682,0.5137,1.1305,0.3635,20337402.2715
000001.SZ,20231106,10.51,10.69,10.51,10.69,10.48,0.21,2.0038,1007062.21,1069206.838,0.10539333014201327,0.08577878103837466,4.5577,0.524,1.1532,0.519,20744926.5537
000001.SZ,20231107,10.66,10.66,10.58,10.6,10.69,-0.09,-0.8419,640866.12,679815.569,0.07475666187968734,0.060948081264107896,4.5193,0.5196,1.1435,0.3302,20570273.2899
000001.SZ,20231108,10.58,10.6,10.45,10.5,10.6,-0.1,-0.9434,877818.75,923622.008,0.04076910802616876,0.03329571106094817,4.4767,0.5147,1.1327,0.4524,20376214.1079
000001.SZ,20231109,10.46,10.52,10.43,10.49,10.5,-0.01,-0.0952,639136.48,669639.052,0.03741822243497681,0.030474040632053948,4.4725,0.5142,1.1316,0.3294,20356808.1897
000001.SZ,20231110,10.45,10.47,10.29,10.3,10.49,-0.19,-1.8112,1045044.17,1080649.734,0.0,0.0,4.3914,0.5049,1.1111,0.5385,19988095.7439
000001.SZ,20231113,10.31,10.33,10.22,10.25,10.3,-0.05,-0.4854,770043.1,789007.118,0.0,0.0,4.3701,0.5024,1.1057,0.3968,19891066.153
000001.SZ,20231114,10.24,10.33,10.23,10.27,10.25,0.02,0.1951,596858.88,613377.698,0.006570402628161344,0.005446623093681919,4.3787,0.5034,1.1079,0.3076,19929877.9893
000001.SZ,20231115,10.37,10.45,10.34,10.37,10.27,0.1,0.9737,1109140.15,1152154.78,0.03911681564672601,0.03213507625272338,4.4213,0.5083,1.1186,0.5716,20123937.1713
000001.SZ,20231116,10.38,10.39,10.23,10.24,10.37,-0.13,-1.2536,922621.94,948395.097,0.0,0.0,4.3659,0.5019,1.1046,0.4754,19871660.2348
000001.SZ,20231117,10.22,10.25,10.12,10.15,10.24,-0.09,-0.8789,903362.17,917616.681,0.0,0.0,4.3275,0.4975,1.0949,0.4655,19697006.971
000001.SZ,20231120,10.15,10.22,10.1,10.19,10.15,0.04,0.3941,639528.31,650077.37,0.01257861635220151,0.010610079575596823,4.3445,0.4995,1.0992,0.3296,19774630.6438
000001.SZ,20231121,10.23,10.35,10.22,10.28,10.19,0.09,0.8832,1041165.73,1072311.504,0.04099149093599744,0.033952254641909894,4.3829,0.5039,1.1089,0.5365,19949283.9075
000001.SZ,20231122,10.26,10.31,10.14,10.16,10.28,-0.12,-1.1673,737489.51,753064.758,0.003181650018498435,0.002652519893899206,4.3318,0.498,1.096,0.38,19716412.8892
000001.SZ,20231123,10.15,10.16,10.07,10.15,10.16,-0.01,-0.0984,846655.87,855904.312,0.0,0.0,4.3275,0.4975,1.0949,0.4363,19697006.971
000001.SZ,20231124,10.11,10.13,10.08,10.1,10.15,-0.05,-0.4926,684694.56,691423.444,0.0,0.0,4.3062,0.4951,1.0895,0.3528,19599977.38
000001.SZ,20231127,10.09,10.09,9.97,10.01,10.1,-0.09,-0.8911,836187.85,836268.369,0.0,0.0,4.2678,0.4906,1.0798,0.4309,19425324.1162
000001.SZ,20231128,9.99,10.02,9.95,9.95,10.01,-0.06,-0.5994,786174.69,784405.805,0.0,0.0,4.2422,0.4877,1.0733,0.4051,19308888.607
000001.SZ,20231129,9.95,9.97,9.7,9.72,9.95,-0.23,-2.3116,1467596.62,1438320.264,0.0,0.0,4.1442,0.4764,1.0485,0.7563,18862552.4885
000001.SZ,20231130,9.69,9.73,9.62,9.68,9.72,-0.04,-0.4115,901764.57,871481.712,0.0,0.0,4.1271,0.4745,1.0442,0.4647,18784928.8157
000001.SZ,20231201,9.65,9.68,9.58,9.66,9.68,-0.02,-0.2066,778056.99,749668.364,0.0,0.0,4.1186,0.4735,1.0421,0.4009,18746116.9793
000001.SZ,20231204,9.67,9.68,9.61,9.63,9.66,-0.03,-0.3106,605437.85,583664.338,0.0,0.0,4.1058,0.472,1.0388,0.312,18687899.2247
000001.SZ,20231205,9.61,9.62,9.47,9.48,9.63,-0.15,-1.5576,787378.48,750961.22,0.0,0.0,4.0418,0.4647,1.0226,0.4057,18396810.4517
000001.SZ,20231206,9.44,9.57,9.4,9.5,9.48,0.02,0.211,753055.92,714029.469,0.0052528707549471644,0.004066877541798517,4.0504,0.4656,1.0248,0.3881,18435622.2881
000001.SZ,20231207,9.49,9.49,9.38,9.44,9.5,-0.06,-0.6316,585380.19,552224.831,0.0,0.0,4.0248,0.4627,1.0183,0.3017,18319186.7789
000001.SZ,20231208,9.41,9.45,9.3,9.3,9.44,-0.14,-1.4831,1021151.5,957664.581,0.0,0.0,3.9651,0.4558,1.0032,0.5262,18047503.9241
000001.SZ,20231211,9.22,9.38,9.13,9.35,9.3,0.05,0.5376,1133662.81,1044765.735,0.01242779625415724,0.0108601216333623,3.9864,0.4583,1.0086,0.5842,18144533.5151
000001.SZ,20231212,9.31,9.5,9.3,9.42,9.35,0.07,0.7487,855016.42,805067.628,0.029873388179007018,0.025629887054735075,4.0163,0.4617,1.0162,0.4406,18280374.9425
000001.SZ,20231213,9.38,9.39,9.15,9.16,9.42,-0.26,-2.7601,1061301.65,981001.231,0.0,0.0,3.9054,0.449,0.9881,0.5469,17775821.0694
000001.SZ,20231214,9.21,9.28,9.15,9.15,9.16,-0.01,-0.1092,742900.56,683211.466,0.0,0.0,3.9011,0.4485,0.987,0.3828,17756415.1512
000001.SZ,20231215,9.2,9.35,9.19,9.21,9.15,0.06,0.6557,988939.42,915126.127,0.014399010068057732,0.01221052631578953,3.9267,0.4514,0.9935,0.5096,17872850.6604
000001.SZ,20231218,9.18,9.24,9.09,9.13,9.21,-0.08,-0.8686,654425.62,599379.044,0.0,0.0,3.8926,0.4475,0.9849,0.3372,17717603.3148
000001.SZ,20231219,9.12,9.17,9.07,9.1,9.13,-0.03,-0.3286,644070.88,586716.664,0.0,0.0,3.8798,0.446,0.9816,0.3319,17659385.5602
000001.SZ,20231220,9.11,9.15,9.03,9.03,9.1,-0.07,-0.7692,715633.63,650511.343,0.0,0.0,3.85,0.4426,0.9741,0.3688,17523544.1328
000001.SZ,20231221,9.01,9.19,8.99,9.17,9.03,0.14,1.5504,1017046.76,925407.073,0.03264078731547286,0.02834839769926054,3.9097,0.4495,0.9892,0.5241,17795226.9876
000001.SZ,20231222,9.19,9.28,9.11,9.2,9.17,0.03,0.3272,1005645.02,924998.769,0.0396391470749042,0.034100246507806194,3.9225,0.4509,0.9924,0.5182,17853444.7422
000001.SZ,20231225,9.18,9.2,9.14,9.19,9.2,-0.01,-0.1087,413970.88,379638.234,0.037288135593220355,0.03245686113393598,3.9182,0.4505,0.9914,0.2133,17834038.824
000001.SZ,20231226,9.19,9.2,9.07,9.1,9.19,-0.09,-0.9793,541896.33,493746.623,0.016293056314926092,0.013968775677896521,3.8798,0.446,0.9816,0.2792,17659385.5602
000001.SZ,20231227,9.1,9.13,9.02,9.12,9.1,0.02,0.2198,641534.35,582036.661,0.02094040459267359,0.018077239112571954,3.8883,0.447,0.9838,0.3306,17698197.3966
000001.SZ,20231228,9.11,9.47,9.08,9.45,9.12,0.33,3.6184,1661591.84,1550256.591,0.09786768726079814,0.08463434675431389,4.029,0.4632,1.0194,0.8562,18338592.6971
000001.SZ,20231229,9.42,9.48,9.35,9.39,9.45,-0.06,-0.6349,853852.79,803196.744,0.0839256424275559,0.07271980279375509,4.0035,0.4603,1.0129,0.44,18222157.1879
000001.SZ,20240102,9.39,9.42,9.21,9.21,9.39,-0.18,-1.9169,1158366.45,1075742.252,0.04193548387096761,0.03615447822514391,3.9267,0.4514,0.9935,0.5969,17872850.6604
000001.SZ,20240103,9.19,9.22,9.15,9.2,9.21,-0.01,-0.1086,733610.31,673673.614,0.0396391470749042,0.034100246507806194,3.9225,0.4509,0.9924,0.378,17853444.7422
000001.SZ,20240104,9.19,9.19,9.08,9.11,9.2,-0.09,-0.9783,864193.99,787470.082,0.018644067796610177,0.016023007395234237,3.8841,0.4465,0.9827,0.4453,17678791.4784
000001.SZ,20240105,9.1,9.44,9.07,9.27,9.11,0.16,1.7563,1991622.16,1852659.692,0.055932203389830536,0.04847986852917021,3.9523,0.4544,1.0,1.0263,17989286.1695
000001.SZ,20240108,9.23,9.3,9.11,9.15,9.27,-0.12,-1.2945,1121156.19,1029006.549,0.02793876435210493,0.024239934264585105,3.9011,0.4485,0.987,0.5778,17756415.1512
000001.SZ,20240109,9.16,9.19,9.09,9.18,9.15,0.03,0.3279,766193.88,700375.72,0.03493712411153627,0.030402629416598256,3.9139,0.45,0.9903,0.3948,17814632.9058
000001.SZ,20240110,9.16,9.19,9.09,9.09,9.18,-0.09,-0.9804,858620.91,783771.15,0.01399671951886268,0.011914543960558804,3.8756,0.4455,0.9806,0.4425,17639979.642
000001.SZ,20240111,9.08,9.22,9.03,9.17,9.09,0.08,0.8801,934686.37,853890.237,0.03264078731547286,0.02834839769926054,3.9097,0.4495,0.9892,0.4817,17795226.9876
000001.SZ,20240112,9.13,9.27,9.11,9.19,9.17,0.02,0.2181,772582.15,711018.266,0.037288135593220355,0.03245686113393598,3.9182,0.4505,0.9914,0.3981,17834038.824
000001.SZ,20240115,9.16,9.29,9.13,9.21,9.19,0.02,0.2176,745132.66,685950.951,0.04193548387096761,0.03615447822514391,3.9267,0.4514,0.9935,0.384,17872850.6604
000001.SZ,20240116,9.19,9.35,9.16,9.34,9.21,0.13,1.4115,1438312.58,1334465.409,0.07222525970475663,0.06244864420706651,3.9821,0.4578,1.0075,0.7412,18125127.5969
000001.SZ,20240117,9.33,9.39,9.23,9.23,9.34,-0.11,-1.1777,1482296.21,1380725.065,0.04658283214871511,0.04026294165981934,3.9352,0.4524,0.9957,0.7639,17911662.4968
000001.SZ,20240118,9.21,9.24,9.0,9.2,9.23,-0.03,-0.325,1755132.47,1597853.727,0.0396391470749042,0.034100246507806194,3.9225,0.4509,0.9924,0.9044,17853444.7422
000001.SZ,20240119,9.16,9.2,9.1,9.17,9.2,-0.03,-0.3261,963981.42,881865.024,0.03264078731547286,0.02834839769926054,3.9097,0.4495,0.9892,0.4968,17795226.9876
000001.SZ,20240122,9.16,9.26,9.04,9.1,9.17,-0.07,-0.7634,1580319.66,1449858.242,0.016293056314926092,0.013968775677896521,3.8798,0.446,0.9816,0.8144,17659385.5602
000001.SZ,20240123,9.05,9.18,8.96,9.16,9.1,0.06,0.6593,1135544.58,1030898.421,0.030289775833789015,0.026294165981922822,3.9054,0.449,0.9881,0.5852,17775821.0694
000001.SZ,20240124,9.23,9.34,9.07,9.33,9.16,0.17,1.8559,1759123.16,1620099.272,0.06992892290869321,0.06039441248972879,3.9779,0.4573,1.0065,0.9065,18105721.6787
000001.SZ,20240125,9.33,9.54,9.27,9.5,9.33,0.17,1.8221,2162513.95,2037648.413,0.10956806998359742,0.09449465899753498,4.0504,0.4656,1.0248,1.1144,18435622.2881
000001.SZ,20240126,9.47,9.67,9.44,9.62,9.5,0.12,1.2632,2272287.06,2172799.799,0.13750683433570235,0.11873459326211987,4.1015,0.4715,1.0377,1.1709,18668493.3065
000001.SZ,20240129,9.69,9.88,9.58,9.7,9.62,0.08,0.8316,2376251.84,2312173.346,0.15615090213231275,0.1347576006573541,4.1356,0.4754,1.0464,1.2245,18823740.6521
000001.SZ,20240130,9.61,9.7,9.49,9.5,9.7,-0.2,-2.0619,1579122.14,1515156.604,0.10956806998359742,0.09449465899753498,4.0504,0.4656,1.0248,0.8137,18435622.2881
000001.SZ,20240131,9.46,9.56,9.38,9.46,9.5,-0.04,-0.4211,1357217.47,1286857.397,0.10021869874248199,0.08668857847165161,4.0333,0.4637,1.0205,0.6994,18357998.6153
000001.SZ,20240201,9.41,9.48,9.34,9.41,9.46,-0.05,-0.5285,1055259.87,993481.907,0.08857299070530315,0.07641741988496303,4.012,0.4612,1.0151,0.5438,18260969.0243
000001.SZ,20240202,9.42,9.47,9.07,9.27,9.41,-0.14,-1.4878,1634214.31,1520605.695,0.055932203389830536,0.04847986852917021,3.9523,0.4544,1.0,0.8421,17989286.1695
000001.SZ,20240205,9.19,9.43,9.11,9.38,9.27,0.11,1.1866,1803591.9,1674566.499,0.08157463094587206,0.07066557107641737,3.9992,0.4598,1.0119,0.9294,18202751.2697
000001.SZ,20240206,9.3,9.68,9.29,9.68,9.38,0.3,3.1983,1995409.54,1900324.218,0.15150355385456551,0.13105998356614615,4.1271,0.4745,1.0442,1.0283,18784928.8157
000001.SZ,20240207,9.62,9.67,9.48,9.61,9.68,-0.07,-0.7231,2062014.97,1975435.102,0.13521049753963893,0.11668036154478215,4.0973,0.471,1.0367,1.0626,18649087.3883
000001.SZ,20240208,9.58,9.67,9.52,9.67,9.61,0.06,0.6243,1656813.84,1593505.69,0.14915254237288117,0.12900575184880844,4.1228,0.474,1.0431,0.8538,18765522.8975
000001.SZ,20240219,9.76,9.81,9.65,9.81,9.67,0.14,1.4478,1605242.65,1564088.445,0.1817933296883543,0.15694330320460148,4.1825,0.4808,1.0582,0.8272,19037205.7522
000001.SZ,20240220,9.79,9.84,9.73,9.82,9.81,0.01,0.1019,1123563.98,1098987.813,0.18414434117003814,0.15899753492193922,4.1868,0.4813,1.0593,0.579,19056611.6704
000001.SZ,20240221,9.78,10.8,9.77,10.8,9.82,0.98,9.9796,5055284.6,5295259.397,0.41257517769272795,0.3566146261298273,4.6046,0.5294,1.165,2.6051,20958391.6538
000001.SZ,20240222,10.65,10.91,10.62,10.9,10.8,0.1,0.9259,4922325.12,5307736.374,0.43592126845270657,0.376746096959737,4.6473,0.5343,1.1758,2.5366,21152450.8358
000001.SZ,20240223,10.88,11.24,10.84,10.85,10.9,-0.05,-0.4587,3567479.5,3917316.282,0.4242208857299068,0.3664749383730486,4.6259,0.5318,1.1704,1.8384,21055421.2448
000001.SZ,20240226,10.78,10.88,10.5,10.53,10.85,-0.32,-2.9493,2862608.88,3048205.025,0.34964461454346607,0.30197206244864416,4.4895,0.5161,1.1359,1.4751,20434431.8625
000001.SZ,20240227,10.49,10.6,10.46,10.5,10.53,-0.03,-0.2849,1981904.92,2083027.074,0.342646254784035,0.29622021364009876,4.4767,0.5147,1.1327,1.0213,20376214.1079
000001.SZ,20240228,10.51,10.7,10.4,10.49,10.5,-0.01,-0.0952,3082692.65,3253340.358,0.34034991798797154,0.2941659819227608,4.4725,0.5142,1.1316,1.5886,20356808.1897
000001.SZ,20240229,10.42,10.59,10.41,10.59,10.49,0.1,0.9533,1845344.23,1936020.983,0.36364133406232924,0.31429745275267046,4.5151,0.5191,1.1424,0.9509,20550867.3717
000001.SZ,20240301,10.59,10.6,10.43,10.49,10.59,-0.1,-0.9443,1828102.9,1917689.307,0.34034991798797154,0.2941659819227608,4.4725,0.5142,1.1316,0.9421,20356808.1897
000001.SZ,20240304,10.45,10.5,10.32,10.33,10.49,-0.16,-1.5253,1655929.54,1719562.862,0.30300710770913075,0.2617091207888248,4.4042,0.5063,1.1143,0.8533,20046313.4985
000001.SZ,20240305,10.3,10.47,10.26,10.43,10.33,0.1,0.9681,1817319.07,1889144.33,0.3263531984691089,0.2818405916187345,4.4469,0.5112,1.1251,0.9365,20240372.6805
000001.SZ,20240306,10.4,10.45,10.33,10.33,10.43,-0.1,-0.9588,1345640.16,1396940.06,0.30300710770913075,0.2617091207888248,4.4042,0.5063,1.1143,0.6934,20046313.4985
000001.SZ,20240307,10.33,10.64,10.33,10.38,10.33,0.05,0.484,2016165.89,2109589.237,0.31470749043193,0.27198027937551367,4.4256,0.5088,1.1197,1.039,20143343.0895
000001.SZ,20240308,10.35,10.44,10.3,10.38,10.38,0.0,0.0,1113974.28,1154491.251,0.31470749043193,0.27198027937551367,4.4256,0.5088,1.1197,0.574,20143343.0895
000001.SZ,20240311,10.38,10.47,10.34,10.47,10.38,0.09,0.8671,1210672.98,1260212.02,0.3356478950246034,0.29005751848808536,4.4639,0.5132,1.1294,0.6239,20317996.3533
000001.SZ,20240312,10.48,10.59,10.41,10.56,10.47,0.09,0.8596,1641262.37,1721999.708,0.35664297430289765,0.3081347576006571,4.5023,0.5176,1.1391,0.8458,20492649.6171
000001.SZ,20240313,10.53,10.55,10.3,10.33,10.56,-0.23,-2.178,1768039.11,1834654.994,0.30300710770913075,0.2617091207888248,4.4042,0.5063,1.1143,0.9111,20046313.4985
000001.SZ,20240314,10.3,10.38,10.2,10.23,10.33,-0.1,-0.9681,1409399.73,1448499.698,0.2797156916347731,0.24157764995891515,4.3616,0.5014,1.1035,0.7263,19852254.3166
000001.SZ,20240315,10.55,10.75,10.5,10.6,10.23,0.37,3.6168,3750207.89,3973799.131,0.3160196828868233,0.2818405916187345,4.428,0.5112,1.249,1.9325,20570273.2899
000001.SZ,20240318,10.56,10.61,10.49,10.54,10.6,-0.06,-0.566,1671396.51,1761249.15,0.30229633679606327,0.2699260476581757,4.4029,0.5083,1.2419,0.8613,20453837.7807
000001.SZ,20240319,10.53,10.54,10.39,10.4,10.54,-0.14,-1.3283,1293215.58,1351069.63,0.27036632039365766,0.2423993426458506,4.3445,0.5016,1.2254,0.6664,20182154.9259
000001.SZ,20240320,10.38,10.47,10.37,10.45,10.4,0.05,0.4808,872663.16,910278.573,0.2817386550027339,0.2522596548890715,4.3653,0.504,1.2313,0.4497,20279184.5169
000001.SZ,20240321,10.45,10.52,10.42,10.47,10.45,0.02,0.1914,864466.25,905422.294,0.2863313285948607,0.2559572719802794,4.3737,0.5049,1.2336,0.4455,20317996.3533
000001.SZ,20240322,10.45,10.45,10.31,10.36,10.47,-0.11,-1.0506,1028141.74,1065535.606,0.26118097320940403,0.2341824157764995,4.3277,0.4996,1.2207,0.5298,20104531.2531
000001.SZ,20240325,10.35,10.49,10.32,10.4,10.36,0.04,0.3861,953202.21,993304.12,0.27036632039365766,0.2423993426458506,4.3445,0.5016,1.2254,0.4912,20182154.9259
000001.SZ,20240326,10.45,10.66,10.42,10.6,10.4,0.2,1.9231,1740021.46,1835376.191,0.3160196828868233,0.2818405916187345,4.428,0.5112,1.249,0.8967,20570273.2899
000001.SZ,20240327,10.56,10.63,10.51,10.53,10.6,-0.07,-0.6604,1274135.99,1347397.15,0.30005467468562025,0.2678718159408382,4.3988,0.5078,1.2407,0.6566,20434431.8625
000001.SZ,20240328,10.51,10.57,10.38,10.49,10.53,-0.04,-0.3799,1302188.92,1362980.388,0.2908693275013666,0.2600657354149548,4.382,0.5059,1.236,0.671,20356808.1897
000001.SZ,20240329,10.45,10.57,10.43,10.52,10.49,0.03,0.286,872758.98,917332.316,0.29775833788955686,0.26622843056696777,4.3946,0.5074,1.2395,0.4497,20415025.9443
000001.SZ,20240401,10.52,10.65,10.51,10.64,10.52,0.12,1.1407,1191087.96,1261770.38,0.3251503553854565,0.28964667214461787,4.4447,0.5131,1.2537,0.6138,20647896.9627
000001.SZ,20240402,10.63,10.68,10.53,10.55,10.64,-0.09,-0.8459,1085458.26,1149700.8,0.30459267359212666,0.27198027937551367,4.4071,0.5088,1.2431,0.5594,20473243.6989
000001.SZ,20240403,10.53,10.55,10.42,10.46,10.55,-0.09,-0.8531,981845.85,1028648.883,0.28403499179879726,0.25431388660640897,4.3695,0.5045,1.2325,0.506,20298590.4351
000001.SZ,20240408,10.42,10.49,10.37,10.43,10.46,-0.03,-0.2868,906360.52,945290.441,0.27720065609622746,0.24815119145439604,4.357,0.503,1.2289,0.4671,20240372.6805
000001.SZ,20240409,10.43,10.47,10.36,10.4,10.43,-0.03,-0.2876,857156.73,891468.991,0.27036632039365766,0.2423993426458506,4.3445,0.5016,1.2254,0.4417,20182154.9259
000001.SZ,20240410,10.38,10.41,10.27,10.28,10.4,-0.12,-1.1538,1246390.82,1288696.196,0.24291962821213758,0.218570254724733,4.2943,0.4958,1.2113,0.6423,19949283.9075
000001.SZ,20240411,10.24,10.29,10.12,10.25,10.28,-0.03,-0.2918,1010213.4,1030820.137,0.23608529250956778,0.21240755957271984,4.2818,0.4943,1.2077,0.5206,19891066.153
000001.SZ,20240412,10.22,10.27,10.04,10.06,10.25,-0.19,-1.8537,1305453.71,1322011.754,0.19267359212684515,0.17502054231717346,4.2024,0.4852,1.1853,0.6727,19522353.7072
000001.SZ,20240415,10.07,10.32,10.06,10.29,10.06,0.23,2.2863,1453202.6,1486326.196,0.245215965008201,0.22062448644207072,4.2985,0.4963,1.2124,0.7489,19968689.8257
000001.SZ,20240416,10.28,10.39,10.22,10.28,10.29,-0.01,-0.0972,1478036.43,1523138.499,0.24291962821213758,0.218570254724733,4.2943,0.4958,1.2113,0.7617,19949283.9075
000001.SZ,20240417,10.26,10.63,10.21,10.62,10.28,0.34,3.3074,2232640.57,2337576.587,0.3206123564789501,0.28594905505340995,4.4364,0.5122,1.2513,1.1505,20609085.1263
000001.SZ,20240418,10.58,11.03,10.56,10.8,10.62,0.18,1.6949,3165914.26,3427338.982,0.3616730453799889,0.32169268693508635,4.5115,0.5209,1.2725,1.6314,20958391.6538
000001.SZ,20240419,10.71,10.82,10.66,10.69,10.8,-0.11,-1.0185,1457675.02,1562376.147,0.33657736468015315,0.29991783073130623,4.4656,0.5156,1.2596,0.7512,20744926.5537
000001.SZ,20240422,10.64,10.81,10.45,10.5,10.69,-0.19,-1.7774,2009818.37,2125722.741,0.29316566429743,0.1955628594905506,4.3862,0.4902,1.2372,1.0357,20376214.1079
000001.SZ,20240423,10.51,10.65,10.46,10.54,10.5,0.04,0.381,1240027.0,1308866.093,0.30229633679606327,0.20336894001643377,4.4029,0.4921,1.2419,0.639,20453837.7807
000001.SZ,20240424,10.52,10.57,10.46,10.53,10.54,-0.01,-0.0949,941567.74,989093.538,0.30005467468562025,0.20131470829909603,4.3988,0.4916,1.2407,0.4852,20434431.8625
000001.SZ,20240425,10.5,10.62,10.48,10.61,10.53,0.08,0.7597,1113812.24,1176304.525,0.3183160196828867,0.21692686935086278,4.4322,0.4954,1.2501,0.574,20589679.2081
000001.SZ,20240426,10.59,10.67,10.48,10.6,10.61,-0.01,-0.0943,1607627.51,1698581.437,0.3160196828868233,0.21487263763352507,4.428,0.4949,1.249,0.8284,20570273.2899
000001.SZ,20240429,10.56,10.9,10.52,10.81,10.6,0.21,1.9811,2169177.37,2337350.884,0.3639693821760523,0.2551355792933444,4.5157,0.5047,1.2737,1.1178,20977797.572
000001.SZ,20240430,10.8,10.88,10.73,10.79,10.81,-0.02,-0.185,1324556.53,1431407.709,0.35943138326954593,0.2514379622021365,4.5074,0.5038,1.2713,0.6826,20938985.7356
000001.SZ,20240506,10.96,11.11,10.84,10.89,10.79,0.1,0.9268,1784100.57,1953817.493,0.38223072717331874,0.2707477403451107,4.5491,0.5085,1.2831,0.9194,21133044.9176
000001.SZ,20240507,10.87,10.89,10.76,10.88,10.89,-0.01,-0.0918,1087056.65,1176786.413,0.3799890650628758,0.2686935086277732,4.545,0.508,1.282,0.5602,21113638.9994
000001.SZ,20240508,10.84,10.88,10.71,10.73,10.88,-0.15,-1.3787,1221791.27,1318612.0,0.34570803717878634,0.23993426458504516,4.4823,0.501,1.2643,0.6296,20822550.2265
000001.SZ,20240509,10.71,10.82,10.71,10.76,10.73,0.03,0.2796,1069460.63,1150726.858,0.3525423728813557,0.2456861133935906,4.4948,0.5024,1.2678,0.5511,20880767.981
000001.SZ,20240510,10.77,10.96,10.76,10.94,10.76,0.18,1.6729,1767835.61,1923452.177,0.3936577364680154,0.2801972062448645,4.57,0.5108,1.289,0.911,21230074.5086
000001.SZ,20240513,10.9,11.01,10.81,10.97,10.94,0.03,0.2742,1402498.6,1530058.92,0.4005467468562056,0.28594905505340995,4.5826,0.5122,1.2926,0.7227,21288292.2632
000001.SZ,20240514,11.0,11.06,10.88,10.91,10.97,-0.06,-0.5469,1075783.91,1176577.328,0.3868234007654456,0.27444535743631865,4.5575,0.5094,1.2855,0.5544,21171856.754
000001.SZ,20240515,10.9,10.92,10.81,10.83,10.91,-0.08,-0.7333,868296.6,942907.951,0.36856205576817913,0.2592440427280198,4.5241,0.5057,1.2761,0.4474,21016609.4084
000001.SZ,20240516,10.85,11.21,10.83,11.17,10.83,0.34,3.1394,3076291.65,3410151.917,0.4462001093493712,0.32415776499589133,4.6661,0.5215,1.3161,1.5853,21676410.6272
000001.SZ,20240517,11.18,11.42,11.13,11.42,11.17,0.25,2.2381,2841748.85,3200736.554,0.5032804811372334,0.372226787181594,4.7705,0.5332,1.3456,1.4644,22161558.5821
000001.SZ,20240520,11.43,11.53,11.31,11.38,11.42,-0.04,-0.3503,2170210.3,2475290.152,0.49414980863860025,0.3644207066557107,4.7538,0.5313,1.3409,1.1183,22083934.9093
000001.SZ,20240521,11.32,11.62,11.31,11.55,11.38,0.17,1.4938,2030049.41,2336192.875,0.532968835429196,0.39728841413311416,4.8248,0.5393,1.3609,1.0461,22413835.5187
000001.SZ,20240522,11.56,11.74,11.46,11.56,11.55,0.01,0.0866,2115531.38,2458448.97,0.5559972739663787,0.41284013605442166,4.829,0.5397,1.3621,1.0902,22433241.4369
000001.SZ,20240523,11.53,11.59,11.37,11.4,11.56,-0.16,-1.3841,1841622.9,2110799.282,0.5601129804740267,0.4092153284671532,4.7622,0.5323,1.3432,0.949,22122746.7457
000001.SZ,20240524,11.37,11.49,11.3,11.31,11.4,-0.09,-0.7895,1398275.84,1593330.336,0.5370256662163819,0.39005474452554745,4.7246,0.5281,1.3326,0.7206,21948093.4819
000001.SZ,20240527,11.31,11.53,11.31,11.51,11.31,0.2,1.7683,1454361.43,1663272.118,0.5913832479476572,0.4344637946837762,4.8081,0.5374,1.3562,0.7495,22336211.8459
000001.SZ,20240528,11.5,11.58,11.36,11.4,11.51,-0.11,-0.9557,1204322.85,1377107.204,0.563051663477563,0.41109074243813004,4.7622,0.5323,1.3432,0.6206,22122746.7457
000001.SZ,20240529,11.38,11.45,11.23,11.26,11.4,-0.14,-1.2281,1444811.11,1635445.613,0.5577551287076965,0.40067502410800354,4.7037,0.5257,1.3267,0.7445,21851063.8909
000001.SZ,20240530,11.24,11.34,11.06,11.12,11.26,-0.14,-1.2433,1325496.35,1481608.711,0.5390455531453363,0.37939574046557706,4.6452,0.5192,1.3102,0.6831,21579381.0362
000001.SZ,20240531,11.14,11.19,11.11,11.11,11.12,-0.01,-0.0899,826706.76,921248.146,0.5361984815618223,0.3769192669638438,4.641,0.5187,1.3091,0.426,21559975.118
000001.SZ,20240603,11.12,11.13,10.91,10.98,11.11,-0.13,-1.1701,1326696.75,1456086.024,0.5157879997199472,0.34720158494304143,4.5867,0.5127,1.2937,0.6837,21307698.1814
000001.SZ,20240604,10.95,11.05,10.91,11.02,10.98,0.04,0.3643,981004.95,1079356.561,0.5274802212420359,0.3561168895492817,4.6034,0.5145,1.2984,0.5055,21385321.8542
000001.SZ,20240605,11.04,11.07,10.87,10.87,11.02,-0.15,-1.3612,1018967.75,1114155.999,0.4910086004691165,0.32144626052501224,4.5408,0.5075,1.2808,0.5251,21094233.0812
000001.SZ,20240606,10.9,10.98,10.88,10.9,10.87,0.03,0.276,1049331.53,1145989.426,0.49989338261425836,0.32838038632986644,4.5533,0.5089,1.2843,0.5407,21152450.8358
000001.SZ,20240607,10.92,11.01,10.89,10.99,10.9,0.09,0.8257,1170126.04,1281662.986,0.5266188073068452,0.349182763744428,4.5909,0.5131,1.2949,0.603,21327104.0996
000001.SZ,20240611,10.98,11.02,10.79,10.87,10.99,-0.12,-1.0919,1337628.54,1452841.957,0.4910086004691165,0.32144626052501224,4.5408,0.5075,1.2808,0.6893,21094233.0812
000001.SZ,20240612,10.85,10.91,10.78,10.88,10.87,0.01,0.092,957426.35,1037927.497,0.4939938872698841,0.32392273402674604,4.545,0.508,1.282,0.4934,21113638.9994
000001.SZ,20240613,10.89,10.93,10.8,10.8,10.88,-0.08,-0.7353,1203507.79,1304403.407,0.470182671120904,0.3055968301139177,4.5115,0.5043,1.2725,0.6202,20958391.6538
000001.SZ,20240614,10.15,10.23,9.99,10.18,10.08,0.1,0.9921,1637990.47,1657433.955,0.2861610633307272,0.24368499257057963,4.2526,0.4918,1.1995,0.8441,19755224.7256
000001.SZ,20240617,10.13,10.16,10.08,10.1,10.18,-0.08,-0.7859,681217.02,688669.914,0.26234984718174714,0.22486379395740466,4.2191,0.488,1.19,0.351,19599977.38
000001.SZ,20240618,10.11,10.16,10.04,10.08,10.1,-0.02,-0.198,700653.08,707829.472,0.2564503518373728,0.21991084695393762,4.2108,0.487,1.1877,0.3611,19561165.5436
000001.SZ,20240619,10.1,10.21,10.08,10.15,10.08,0.07,0.6944,796184.18,807676.192,0.2772052029284243,0.23675086676572568,4.24,0.4904,1.1959,0.4103,19697006.971
000001.SZ,20240620,10.16,10.17,10.05,10.05,10.15,-0.1,-0.9852,629627.57,635070.262,0.24749449143506994,0.212481426448737,4.1982,0.4855,1.1842,0.3245,19502947.789
000001.SZ,20240621,10.05,10.09,9.95,10.0,10.05,-0.05,-0.4975,830545.28,831176.895,0.23271021394555372,0.20059435364041597,4.1774,0.4831,1.1783,0.428,19405918.198
000001.SZ,20240624,9.97,10.07,9.88,9.98,10.0,-0.02,-0.2,947081.54,944907.466,0.22673964034401844,0.19613670133729585,4.169,0.4822,1.1759,0.488,19367106.3616
000001.SZ,20240625,9.99,10.13,9.98,10.08,9.98,0.1,1.002,769992.81,775332.072,0.2564503518373728,0.21991084695393762,4.2108,0.487,1.1877,0.3968,19561165.5436
000001.SZ,20240626,10.06,10.13,10.02,10.08,10.08,0.0,0.0,628598.71,633763.882,0.2564503518373728,0.21991084695393762,4.2108,0.487,1.1877,0.3239,19561165.5436
000001.SZ,20240627,10.06,10.21,10.0,10.13,10.08,0.05,0.496,928881.97,938954.398,0.27130570758405004,0.2317979197622586,4.2317,0.4894,1.1936,0.4787,19658195.1346
000001.SZ,20240628,10.1,10.26,10.09,10.15,10.13,0.02,0.1974,918089.92,933947.813,0.2772052029284243,0.23675086676572568,4.24,0.4904,1.1959,0.4731,19697006.971
000001.SZ,20240701,10.09,10.35,10.04,10.35,10.15,0.2,1.9704,1343051.49,1372549.62,0.3366266259151325,0.2842991579990095,4.3236,0.5,1.2195,0.6921,20085125.3349
000001.SZ,20240702,10.3,10.48,10.28,10.4,10.35,0.05,0.4831,1384385.7,1440864.391,0.35148198166180966,0.29618623080733025,4.3445,0.5024,1.2254,0.7134,20182154.9259
000001.SZ,20240703,10.4,10.43,10.29,10.31,10.4,-0.09,-0.8654,713067.46,737326.421,0.3247565569692229,0.274888558692422,4.3069,0.4981,1.2148,0.3675,20007501.6621
000001.SZ,20240704,10.3,10.38,10.25,10.26,10.31,-0.05,-0.485,735044.24,757464.387,0.3099012012225457,0.263001485884101,4.286,0.4957,1.2089,0.3788,19910472.0711
000001.SZ,20240705,10.26,10.29,9.92,9.97,10.26,-0.29,-2.8265,1713353.86,1721256.576,0.22375435354325082,0.1936602278355623,4.1648,0.4817,1.1747,0.8829,19347700.4434
000001.SZ,20240708,9.94,10.02,9.85,9.93,9.97,-0.04,-0.4012,868659.62,864791.776,0.21188428459734188,0.18375433382862816,4.1481,0.4797,1.17,0.4476,19270076.7706
000001.SZ,20240709,9.94,10.1,9.91,10.07,9.93,0.14,1.4099,1032485.3,1034316.511,0.2534650650366052,0.21743437345220407,4.2066,0.4865,1.1865,0.5321,19541759.6254
000001.SZ,20240710,10.07,10.2,10.05,10.14,10.07,0.07,0.6951,873865.11,886626.727,0.27421991612765667,0.23427439326399216,4.2358,0.4899,1.1948,0.4503,19677601.0528
000001.SZ,20240711,10.21,10.23,10.07,10.13,10.14,-0.01,-0.0986,721392.25,731789.332,0.27130570758405004,0.2317979197622586,4.2317,0.4894,1.1936,0.3717,19658195.1346
000001.SZ,20240712,10.12,10.31,10.12,10.31,10.13,0.18,1.7769,1214163.69,1246877.666,0.3247565569692229,0.274888558692422,4.3069,0.4981,1.2148,0.6257,20007501.6621
000001.SZ,20240715,10.31,10.35,10.26,10.33,10.31,0.02,0.194,869412.47,896975.833,0.3306560523135972,0.27984150569588906,4.3152,0.4991,1.2171,0.448,20046313.4985
000001.SZ,20240716,10.33,10.37,10.24,10.3,10.33,-0.03,-0.2904,943008.11,971564.895,0.32177127016845525,0.2724120851906885,4.3027,0.4976,1.2136,0.4859,19988095.7439
000001.SZ,20240717,10.3,10.42,10.28,10.4,10.3,0.1,0.9709,1220168.35,1266412.58,0.35148198166180966,0.29618623080733025,4.3445,0.5024,1.2254,0.6288,20182154.9259
000001.SZ,20240718,10.38,10.43,10.3,10.41,10.4,0.01,0.0962,1087061.02,1127365.071,0.3543961902054163,0.29866270430906405,4.3486,0.5029,1.2266,0.5602,20201560.8441
000001.SZ,20240719,10.38,10.42,10.29,10.37,10.41,-0.04,-0.3842,898723.24,929722.662,0.34252612125950677,0.28925210500247656,4.3319,0.501,1.2219,0.4631,20123937.1713
000001.SZ,20240722,10.36,10.38,10.19,10.23,10.37,-0.14,-1.35,994480.87,1018663.806,0.3009453408202428,0.25557206537890037,4.2734,0.4942,1.2054,0.5125,19852254.3166
000001.SZ,20240723,10.25,10.33,10.16,10.18,10.23,-0.05,-0.4888,1020153.63,1046994.471,0.2861610633307272,0.24368499257057963,4.2526,0.4918,1.1995,0.5257,19755224.7256
000001.SZ,20240724,10.18,10.24,10.12,10.13,10.18,-0.05,-0.4912,724517.57,736332.832,0.27130570758405004,0.2317979197622586,4.2317,0.4894,1.1936,0.3734,19658195.1346
000001.SZ,20240725,10.12,10.15,10.0,10.09,10.13,-0.04,-0.3949,856404.43,861750.366,0.25943563863814045,0.22238732045567114,4.215,0.4875,1.1889,0.4413,19580571.4618
000001.SZ,20240726,10.1,10.12,9.97,10.03,10.09,-0.06,-0.5946,929551.95,931879.546,0.24159499609069562,0.2080237741456166,4.1899,0.4846,1.1818,0.479,19464135.9526
000001.SZ,20240729,10.02,10.14,9.97,10.11,10.03,0.08,0.7976,781552.43,788019.059,0.26533513398251474,0.22684497275879156,4.2233,0.4884,1.1912,0.4027,19619383.2982
000001.SZ,20240730,10.1,10.13,10.03,10.08,10.11,-0.03,-0.2967,613267.95,618056.61,0.2564503518373728,0.21991084695393762,4.2108,0.487,1.1877,0.316,19561165.5436
000001.SZ,20240731,10.08,10.28,10.07,10.27,10.08,0.19,1.8849,1096906.34,1117768.675,0.31281540976615235,0.2654779593858345,4.2901,0.4962,1.2101,0.5653,19929877.9893
000001.SZ,20240801,10.25,10.32,10.17,10.27,10.27,0.0,0.0,733883.77,752688.22,0.31281540976615235,0.2654779593858345,4.2901,0.4962,1.2101,0.3782,19929877.9893
000001.SZ,20240802,10.22,10.25,10.13,10.14,10.27,-0.13,-1.2658,590228.76,601173.371,0.27421991612765667,0.23427439326399216,4.2358,0.4899,1.1948,0.3042,19677601.0528
000001.SZ,20240805,10.11,10.22,10.05,10.05,10.14,-0.09,-0.8876,758978.52,768980.625,0.24749449143506994,0.212481426448737,4.1982,0.4855,1.1842,0.3911,19502947.789
000001.SZ,20240806,10.07,10.12,9.89,9.93,10.05,-0.12,-1.194,1265536.91,1261997.757,0.21188428459734188,0.18375433382862816,4.1481,0.4797,1.17,0.6522,19270076.7706
000001.SZ,20240807,9.95,9.98,9.91,9.93,9.93,0.0,0.0,517608.42,514848.813,0.21188428459734188,0.18375433382862816,4.1481,0.4797,1.17,0.2667,19270076.7706
000001.SZ,20240808,9.92,9.98,9.9,9.94,9.93,0.01,0.1007,500410.67,497548.149,0.21486957139810953,0.1862308073303617,4.1523,0.4802,1.1712,0.2579,19289482.6888
000001.SZ,20240809,9.96,10.1,9.94,10.04,9.94,0.1,1.006,730273.96,732886.456,0.24458028289146327,0.21050024764735012,4.1941,0.4851,1.183,0.3763,19483541.8708
000001.SZ,20240812,10.02,10.05,9.98,10.01,10.04,-0.03,-0.2988,353013.46,353251.351,0.23562442248916038,0.20307082714214952,4.1815,0.4836,1.1794,0.1819,19425324.1162
000001.SZ,20240813,10.02,10.03,9.92,9.95,10.01,-0.06,-0.5994,622077.2,620061.492,0.21785485819887715,0.18870728083209523,4.1565,0.4807,1.1724,0.3206,19308888.607
000001.SZ,20240814,9.94,9.98,9.91,9.92,9.95,-0.03,-0.3015,436380.38,433380.447,0.20889899779657425,0.18177315502724128,4.1439,0.4793,1.1688,0.2249,19250670.8524
000001.SZ,20240815,9.92,10.06,9.87,10.03,9.92,0.11,1.1089,776247.47,775851.461,0.24159499609069562,0.2080237741456166,4.1899,0.4846,1.1818,0.4,19464135.9526
000001.SZ,20240816,10.08,10.21,10.05,10.13,10.03,0.1,0.997,1260367.61,1277042.001,0.27377707645961835,0.17274088866699958,4.2317,0.4772,1.1936,0.6495,19658195.1346
000001.SZ,20240819,10.13,10.3,10.12,10.29,10.13,0.16,1.5795,1482985.26,1520594.688,0.33502651826398727,0.21808785529715768,4.2985,0.4848,1.2124,0.7642,19968689.8257
000001.SZ,20240820,10.32,10.43,10.28,10.34,10.29,0.05,0.4859,1569186.65,1623147.686,0.350638679315754,0.22997416020671826,4.3194,0.4871,1.2183,0.8086,20065719.4167
000001.SZ,20240821,10.3,10.38,10.21,10.35,10.34,0.01,0.0967,1034887.81,1068207.868,0.3537760513931425,0.23255813953488363,4.3236,0.4876,1.2195,0.5333,20085125.3349
000001.SZ,20240822,10.34,10.45,10.32,10.38,10.35,0.03,0.2899,1109030.39,1153871.816,0.36425627575871117,0.24041450777202064,4.3361,0.489,1.223,0.5715,20143343.0895
000001.SZ,20240823,10.39,10.5,10.32,10.47,10.38,0.09,0.8671,1071905.71,1117475.768,0.42950873451980665,0.2828395751816658,4.3737,0.4932,1.2336,0.5524,20317996.3533
000001.SZ,20240826,10.5,10.55,10.42,10.49,10.47,0.02,0.191,740675.24,775921.849,0.4621666232299536,0.3026392961876832,4.382,0.4942,1.236,0.3817,20356808.1897
000001.SZ,20240827,10.47,10.52,10.37,10.43,10.49,-0.06,-0.572,723136.58,755583.764,0.440448266875163,0.28621700879765405,4.357,0.4914,1.2289,0.3726,20240372.6805
000001.SZ,20240828,10.41,10.43,10.28,10.33,10.43,-0.1,-0.9588,942547.54,973872.155,0.40413517504995206,0.2580645161290322,4.3152,0.4866,1.2171,0.4857,20046313.4985
000001.SZ,20240829,10.31,10.38,10.11,10.13,10.33,-0.2,-1.9361,1197676.31,1221351.092,0.3524794533197894,0.21331689272503093,4.2317,0.4772,1.1936,0.6172,19658195.1346
000001.SZ,20240830,10.11,10.26,10.11,10.16,10.13,0.03,0.2962,1294059.08,1318858.688,0.36547376228444284,0.22277227722772303,4.2442,0.4786,1.1971,0.6668,19716412.8892
000001.SZ,20240902,10.12,10.21,10.09,10.11,10.16,-0.05,-0.4921,968835.5,983898.751,0.3460967921379565,0.2221489782465392,4.2233,0.4763,1.1912,0.4993,19619383.2982
000001.SZ,20240903,10.11,10.13,10.0,10.08,10.11,-0.03,-0.2967,916581.22,920884.663,0.33450769516039286,0.2129202373104811,4.2108,0.4749,1.1877,0.4723,19561165.5436
000001.SZ,20240904,10.05,10.15,10.0,10.02,10.08,-0.06,-0.5952,847992.33,852224.67,0.3112367884294452,0.20220082530949096,4.1857,0.472,1.1806,0.437,19444730.0344
000001.SZ,20240905,10.03,10.08,9.98,10.07,10.02,0.05,0.499,594208.76,595845.843,0.3306137585759315,0.22006920415224915,4.2066,0.4744,1.1865,0.3062,19541759.6254
000001.SZ,20240906,10.06,10.21,10.05,10.08,10.07,0.01,0.0993,878865.43,891507.834,0.33450769516039286,0.22352941176470592,4.2108,0.4749,1.1877,0.4529,19561165.5436
000001.SZ,20240909,10.05,10.07,9.84,9.85,10.08,-0.23,-2.2817,1639174.51,1624857.668,0.24541071759688474,0.14809688581314903,4.1147,0.464,1.1606,0.8447,19114829.425
000001.SZ,20240910,9.86,9.92,9.78,9.9,9.85,0.05,0.5076,767901.14,756124.764,0.264787687743371,0.16470588235294115,4.1356,0.4664,1.1665,0.3957,19211859.016
000001.SZ,20240911,9.88,9.88,9.63,9.65,9.9,-0.25,-2.5253,1108727.04,1078602.468,0.1679955497867606,0.08304498269896203,4.0312,0.4546,1.137,0.5713,18726711.0611
000001.SZ,20240912,9.65,9.77,9.61,9.74,9.65,0.09,0.9326,581834.05,564923.216,0.2027628407194508,0.11280276816608986,4.0687,0.4589,1.1476,0.2998,18901364.3249
000001.SZ,20240913,9.73,9.82,9.7,9.7,9.74,-0.04,-0.4107,566461.9,553269.704,0.18727980715742581,0.09965397923875452,4.052,0.457,1.1429,0.2919,18823740.6521
000001.SZ,20240918,9.72,9.78,9.66,9.77,9.7,0.07,0.7216,443610.99,431665.627,0.21444465047283476,0.12249134948096885,4.0813,0.4603,1.1512,0.2286,18959582.0794
000001.SZ,20240919,9.79,9.84,9.68,9.81,9.77,0.04,0.4094,684293.11,669341.182,0.2423768569194682,0.14213197969543148,4.098,0.4622,1.1559,0.3526,19037205.7522
000001.SZ,20240920,9.81,9.9,9.78,9.9,9.81,0.09,0.9174,797297.14,785121.199,0.279124315871775,0.17258883248730952,4.1356,0.4664,1.1665,0.4109,19211859.016
000001.SZ,20240923,9.89,10.09,9.87,10.04,9.9,0.14,1.4141,896907.55,897428.03,0.34937557112397155,0.2280570142535633,4.1941,0.473,1.183,0.4622,19483541.8708
000001.SZ,20240924,10.11,10.37,10.08,10.37,10.04,0.33,3.2869,1638213.19,1678174.482,0.48928825261447856,0.3443360840210053,4.3319,0.4885,1.2219,0.8442,20123937.1713
000001.SZ,20240925,10.52,10.7,10.45,10.5,10.37,0.13,1.2536,2160693.98,2285995.369,0.5444207533759767,0.3908477119279819,4.3862,0.4947,1.2372,1.1134,20376214.1079
000001.SZ,20240926,10.5,11.15,10.5,11.15,10.5,0.65,6.1905,3086457.2,3341759.456,0.8251276813074567,0.6327467482785002,4.6578,0.5253,1.3138,1.5905,21637598.7908
000001.SZ,20240927,11.35,11.56,11.03,11.42,11.15,0.27,2.4215,3840016.37,4337985.143,0.9402451481103171,0.7299158377964806,4.7705,0.538,1.3456,1.9788,22161558.5821
000001.SZ,20240930,11.62,12.3,11.56,12.21,11.42,0.79,6.9177,5430283.64,6467438.838,1.0,1.0,5.1006,0.5752,1.4387,2.7983,23694626.1198
000001.SZ,20241008,13.43,13.43,12.34,12.88,12.21,0.67,5.4873,5888977.78,7602664.024,1.0,1.0,5.3804,0.6068,1.5176,3.0347,24994822.639
000001.SZ,20241009,12.63,12.63,11.66,11.68,12.88,-1.2,-9.3168,4269345.06,5172049.702,0.6725039205436487,0.6552984165651645,4.8792,0.5502,1.3762,2.2001,22666112.4553
000001.SZ,20241010,11.62,12.26,11.6,11.98,11.43,0.55,4.8119,3426421.68,4095573.501,0.7543779404077368,0.7819732034104747,5.0045,0.571,1.4116,1.7657,23248290.0012
000001.SZ,20241011,12.0,12.17,11.58,11.72,11.98,-0.26,-2.1703,2070890.57,2455848.197,0.6834161003659176,0.7064555420219244,4.8959,0.5586,1.3809,1.0672,22743736.1281
000001.SZ,20241014,11.98,12.18,11.79,12.02,11.72,0.3,2.5597,2400595.09,2881934.272,0.7652901202300055,0.7935444579780753,5.0212,0.5729,1.4163,1.2371,23325913.674
000001.SZ,20241015,11.94,12.23,11.88,11.9,12.02,-0.12,-0.9983,2072840.77,2500974.427,0.7325535807631991,0.7588306942752743,4.9711,0.5672,1.4021,1.0682,23093042.6556
000001.SZ,20241016,11.8,12.18,11.77,12.06,11.9,0.16,1.3445,1914493.53,2301340.929,0.7762023000522738,0.8051157125456758,5.0379,0.5748,1.421,0.9866,23403537.3468
000001.SZ,20241017,12.07,12.23,11.93,11.95,12.06,-0.11,-0.9121,1653708.09,1993261.646,0.7461447987454263,0.7734470158343483,4.9919,0.5696,1.408,0.8522,23190072.2466
000001.SZ,20241018,11.91,12.18,11.68,12.04,11.95,0.09,0.7531,2604654.16,3105820.973,0.7707135389440667,0.7996345919610229,5.0295,0.5739,1.4186,1.3422,23364725.5104
000001.SZ,20241021,11.94,11.94,11.63,11.81,12.04,-0.23,-1.9103,2806654.67,3302020.181,0.7079848405645586,0.6619975639464069,4.9335,0.5513,1.3915,1.4463,22918389.3918
000001.SZ,20241022,11.76,11.93,11.72,11.79,11.81,-0.02,-0.1693,1617787.13,1908438.725,0.7024960794563511,0.6559074299634593,4.9251,0.5503,1.3892,0.8337,22879577.5554
000001.SZ,20241023,11.82,11.89,11.75,11.86,11.79,0.07,0.5937,1511866.04,1787236.762,0.7215760585467852,0.6760048721071862,4.9543,0.5536,1.3974,0.7791,23015418.9828
000001.SZ,20241024,11.81,11.86,11.72,11.75,11.86,-0.11,-0.9275,885299.42,1042818.619,0.6915838996340828,0.6449451887941534,4.9084,0.5485,1.3845,0.4562,22801953.8827
000001.SZ,20241025,11.77,11.78,11.69,11.71,11.75,-0.04,-0.3404,1105754.68,1296844.369,0.6806717198118141,0.6333739342265529,4.8917,0.5466,1.3797,0.5698,22724330.2099
000001.SZ,20241028,11.68,11.68,11.53,11.64,11.71,-0.07,-0.5978,1169486.98,1356008.963,0.6615263983272348,0.6132764920828259,4.8624,0.5433,1.3715,0.6027,22588488.7825
000001.SZ,20241029,11.62,11.74,11.53,11.54,11.64,-0.1,-0.8591,1198024.82,1391150.259,0.634278619968636,0.5846528623629718,4.8207,0.5386,1.3597,0.6174,22394429.6005
000001.SZ,20241030,11.5,11.58,11.27,11.32,11.54,-0.22,-1.9064,1482402.79,1686501.658,0.574228959749085,0.5225334957369061,4.7288,0.5284,1.3338,0.7639,21967499.4001
000001.SZ,20241031,11.33,11.44,11.24,11.38,11.32,0.06,0.53,1250205.39,1419624.319,0.5905645582854157,0.5395858708891595,4.7538,0.5312,1.3409,0.6442,22083934.9093
000001.SZ,20241101,11.38,11.55,11.34,11.43,11.38,0.05,0.4394,1589811.11,1821423.447,0.604221118661788,0.553593179049939,4.7747,0.5335,1.3468,0.8193,22180964.5003
000001.SZ,20241104,11.43,11.46,11.26,11.46,11.43,0.03,0.2625,1131516.11,1285874.126,0.6124542603240983,0.562119366626066,4.7873,0.5349,1.3503,0.5831,22239182.2549
000001.SZ,20241105,11.42,11.66,11.39,11.65,11.46,0.19,1.6579,1665418.4,1925260.7,0.6642707788813382,0.6163215590742993,4.8666,0.5438,1.3727,0.8582,22607894.7007
000001.SZ,20241106,11.62,11.64,11.47,11.55,11.65,-0.1,-0.8584,1462286.36,1689977.501,0.6369576581285937,0.587697929354446,4.8248,0.5391,1.3609,0.7535,22413835.5187
000001.SZ,20241107,11.5,11.93,11.48,11.91,11.55,0.36,3.1169,2242843.79,2627007.561,0.7352326189231575,0.6900121802679656,4.9752,0.5559,1.4033,1.1558,23112448.5738
000001.SZ,20241108,11.94,12.01,11.7,11.72,11.91,-0.19,-1.5953,1895104.15,2239060.534,0.6834161003659176,0.636419001218027,4.8959,0.5471,1.3809,0.9766,22743736.1281
000001.SZ,20241111,11.63,11.68,11.47,11.6,11.72,-0.12,-1.0239,1486951.64,1717961.562,0.650614218504966,0.60231425091352,4.8457,0.5415,1.3668,0.7662,22510865.1097
000001.SZ,20241112,11.58,11.84,11.51,11.54,11.6,-0.06,-0.5172,1717662.55,2005791.408,0.634278619968636,0.5846528623629718,4.8207,0.5386,1.3597,0.8851,22394429.6005
000001.SZ,20241113,11.5,11.7,11.48,11.61,11.54,0.07,0.6066,1086263.28,1260161.857,0.6533585990590695,0.6047503045066994,4.8499,0.5419,1.368,0.5598,22530271.0279
000001.SZ,20241114,11.59,11.7,11.53,11.54,11.61,-0.07,-0.6029,1159783.11,1348378.229,0.634278619968636,0.5846528623629718,4.8207,0.5386,1.3597,0.5977,22394429.6005
000001.SZ,20241115,11.5,11.61,11.42,11.44,11.54,-0.1,-0.8666,1215783.51,1399308.729,0.6069654992158914,0.5566382460414131,4.7789,0.534,1.3479,0.6265,22200370.4185
000001.SZ,20241118,11.63,12.04,11.62,11.75,11.44,0.31,2.7098,3797324.45,4493249.093,0.6915838996340828,0.6449451887941534,4.9084,0.5485,1.3845,1.9568,22801953.8827
000001.SZ,20241119,11.75,11.96,11.55,11.68,11.75,-0.07,-0.5957,2430036.65,2849661.696,0.6725039205436487,0.6248477466504264,4.8792,0.5452,1.3762,1.2522,22666112.4553
000001.SZ,20241120,11.67,11.75,11.61,11.64,11.68,-0.04,-0.3425,1286572.48,1498818.034,0.6615263983272348,0.6132764920828259,4.8624,0.5433,1.3715,0.663,22588488.7825
000001.SZ,20241121,11.62,11.65,11.56,11.59,11.64,-0.05,-0.4296,883408.06,1023998.432,0.6479351803450076,0.5992691839220465,4.8416,0.541,1.3656,0.4552,22491459.1915
000001.SZ,20241122,11.59,11.61,11.28,11.28,11.59,-0.31,-2.6747,1625317.44,1858071.592,0.5633167799268168,0.5109622411693056,4.7121,0.5265,1.3291,0.8375,21889875.7273
000001.SZ,20241125,11.28,11.34,11.14,11.18,11.28,-0.1,-0.8865,1166020.32,1310130.629,0.5360036591740722,0.48233861144945217,4.6703,0.5218,1.3173,0.6009,21695816.5454
000001.SZ,20241126,11.18,11.31,11.14,11.27,11.18,0.09,0.805,831078.2,933733.855,0.5605723993727133,0.5079171741778321,4.7079,0.526,1.3279,0.4283,21870469.8091
000001.SZ,20241127,11.24,11.39,11.15,11.39,11.27,0.12,1.0648,895178.05,1010001.964,0.5933089388395191,0.5420219244823383,4.758,0.5316,1.342,0.4613,22103340.8275
000001.SZ,20241128,11.39,11.42,11.32,11.34,11.39,-0.05,-0.439,733168.54,833121.339,0.5796523784631469,0.528014616321559,4.7371,0.5293,1.3362,0.3778,22006311.2365
000001.SZ,20241129,11.37,11.46,11.34,11.38,11.34,0.04,0.3527,1028487.58,1173316.154,0.5905645582854157,0.5395858708891595,4.7538,0.5312,1.3409,0.53,22083934.9093
000001.SZ,20241202,11.39,11.4,11.31,11.39,11.38,0.01,0.0879,975433.66,1108785.597,0.5933089388395191,0.5420219244823383,4.758,0.5316,1.342,0.5027,22103340.8275
000001.SZ,20241203,11.37,11.5,11.35,11.49,11.39,0.1,0.878,1082559.36,1236992.678,0.6206220595922637,0.5706455542021924,4.7998,0.5363,1.3538,0.5579,22297400.0095
000001.SZ,20241204,11.44,11.53,11.37,11.46,11.49,-0.03,-0.2611,1007470.59,1154623.37,0.6124542603240983,0.562119366626066,4.7873,0.5349,1.3503,0.5192,22239182.2549
000001.SZ,20241205,11.44,11.5,11.41,11.44,11.46,-0.02,-0.1745,687108.83,786137.964,0.6069654992158914,0.5566382460414131,4.7789,0.534,1.3479,0.3541,22200370.4185
000001.SZ,20241206,11.44,11.7,11.43,11.66,11.44,0.22,1.9231,1726269.27,2004270.466,0.6670151594354418,0.6193666260657735,4.8708,0.5443,1.3739,0.8896,22627300.6189
000001.SZ,20241209,11.63,11.72,11.59,11.67,11.66,0.01,0.0858,964063.16,1123441.855,0.6697595399895453,0.6218026796589523,4.875,0.5447,1.375,0.4968,22646706.5371
000001.SZ,20241210,11.9,11.95,11.75,11.79,11.67,0.12,1.0283,2167807.24,2564600.677,0.7024960794563511,0.6559074299634593,4.9251,0.5503,1.3892,1.1171,22879577.5554
000001.SZ,20241211,11.79,11.83,11.72,11.73,11.79,-0.06,-0.5089,967691.45,1138374.175,0.6860951385258759,0.6388550548112057,4.9,0.5475,1.3821,0.4987,22763142.0463
000001.SZ,20241212,11.73,11.87,11.71,11.85,11.73,0.12,1.023,986234.59,1164062.448,0.7188970203868268,0.6729598051157127,4.9502,0.5531,1.3962,0.5082,22996013.0646
000001.SZ,20241213,11.79,11.8,11.56,11.56,11.85,-0.29,-2.4473,1343792.89,1565589.089,0.6397020386826971,0.5907429963459194,4.829,0.5396,1.3621,0.6925,22433241.4369
000001.SZ,20241216,11.56,11.66,11.53,11.57,11.56,0.01,0.0865,805717.78,934226.189,0.6424464192368007,0.5937880633373935,4.8332,0.5401,1.3633,0.4152,22452647.3551
000001.SZ,20241217,11.57,11.65,11.52,11.53,11.57,-0.04,-0.3457,802119.95,929225.455,0.6315342394145319,0.582216808769793,4.8165,0.5382,1.3585,0.4133,22375023.6823
000001.SZ,20241218,11.58,11.74,11.57,11.65,11.53,0.12,1.0408,1016589.66,1186285.805,0.6642707788813382,0.6163215590742993,4.8666,0.5438,1.3727,0.5239,22607894.7007
000001.SZ,20241219,11.59,11.64,11.54,11.59,11.65,-0.06,-0.515,697379.04,808465.664,0.6479351803450076,0.5992691839220465,4.8416,0.541,1.3656,0.3594,22491459.1915
000001.SZ,20241220,11.59,11.7,11.58,11.62,11.59,0.03,0.2588,714646.27,831437.46,0.656102979613173,0.6077953714981729,4.8541,0.5424,1.3691,0.3683,22549676.9461
000001.SZ,20241223,11.64,11.84,11.64,11.73,11.62,0.11,0.9466,1659404.76,1953519.499,0.6860951385258759,0.6388550548112057,4.9,0.5475,1.3821,0.8551,22763142.0463
000001.SZ,20241224,11.72,11.87,11.72,11.86,11.73,0.13,1.1083,1350836.91,1595698.79,0.7215760585467852,0.6760048721071862,4.9543,0.5536,1.3974,0.6961,23015418.9828
000001.SZ,20241225,11.86,12.02,11.84,11.92,11.86,0.06,0.5059,1475282.94,1759956.63,0.7379769994772609,0.6930572472594397,4.9794,0.5564,1.4045,0.7602,23131854.492
000001.SZ,20241226,11.92,11.93,11.78,11.86,11.92,-0.06,-0.5034,1000074.7,1183745.519,0.7215760585467852,0.6760048721071862,4.9543,0.5536,1.3974,0.5154,23015418.9828
000001.SZ,20241227,11.87,11.9,11.66,11.83,11.86,-0.03,-0.253,1290012.28,1518383.345,0.7134082592786198,0.6674786845310599,4.9418,0.5522,1.3939,0.6648,22957201.2282
000001.SZ,20241230,11.78,11.97,11.78,11.95,11.83,0.12,1.0144,1351846.36,1610892.096,0.7461447987454263,0.7015834348355662,4.9919,0.5578,1.408,0.6966,23190072.2466
000001.SZ,20241231,11.93,11.99,11.7,11.7,11.95,-0.25,-2.0921,1475367.33,1747242.074,0.6779273392577105,0.6303288672350793,4.8875,0.5461,1.3786,0.7603,22704924.2917
000001.SZ,20250102,11.73,11.77,11.39,11.43,11.7,-0.27,-2.3077,1819596.99,2102923.078,0.604221118661788,0.553593179049939,4.7747,0.5335,1.3468,0.9377,22180964.5003
000001.SZ,20250103,11.44,11.54,11.36,11.38,11.43,-0.05,-0.4374,1154680.44,1320520.978,0.5905645582854157,0.5395858708891595,4.7538,0.5312,1.3409,0.595,22083934.9093
000001.SZ,20250106,11.38,11.48,11.22,11.44,11.38,0.06,0.5272,1085536.3,1234305.778,0.6002791068580544,0.5486670799752016,4.7789,0.534,1.3479,0.5594,22200370.4185
000001.SZ,20250107,11.42,11.53,11.37,11.51,11.44,0.07,0.6119,747862.88,858329.049,0.6196836788942051,0.5685058896466212,4.8081,0.5372,1.3562,0.3854,22336211.8459
000001.SZ,20250108,11.5,11.63,11.4,11.5,11.51,-0.01,-0.0869,1062386.01,1223598.997,0.6169590643274856,0.5660260384376941,4.804,0.5368,1.355,0.5475,22316805.9277
000001.SZ,20250109,11.5,11.5,11.35,11.4,11.5,-0.1,-0.8696,751483.3,857836.086,0.5891812865497077,0.5368877867327961,4.7622,0.5321,1.3432,0.3873,22122746.7457
000001.SZ,20250110,11.4,11.46,11.28,11.3,11.4,-0.1,-0.8772,798133.51,905005.041,0.5614035087719297,0.5077495350278982,4.7204,0.5274,1.3314,0.4113,21928687.5637
000001.SZ,20250113,11.25,11.26,11.08,11.2,11.3,-0.1,-0.885,934966.18,1044904.416,0.5336257309941523,0.4792312461252327,4.6786,0.5228,1.3197,0.4818,21734628.3818
000001.SZ,20250114,11.2,11.4,11.19,11.38,11.2,0.18,1.6071,824628.95,934467.766,0.5835991493886231,0.5313081215127092,4.7538,0.5312,1.3409,0.4249,22083934.9093
000001.SZ,20250115,11.38,11.58,11.36,11.48,11.38,0.1,0.8787,1031630.82,1185403.653,0.6113769271664011,0.5598264104153754,4.7956,0.5358,1.3526,0.5316,22277994.0913
000001.SZ,20250116,11.55,11.59,11.47,11.57,11.48,0.09,0.784,872963.99,1007689.274,0.6363636363636362,0.5864848109113454,4.8332,0.5401,1.3633,0.4499,22452647.3551
000001.SZ,20250117,11.53,11.55,11.42,11.45,11.57,-0.12,-1.0372,689764.86,791230.419,0.6030701754385966,0.5511469311841288,4.7831,0.5344,1.3491,0.3554,22219776.3367
000001.SZ,20250120,11.5,11.52,11.4,11.42,11.45,-0.03,-0.262,832029.13,953092.179,0.59469696969697,0.5424674519528829,4.7705,0.533,1.3456,0.4288,22161558.5821
000001.SZ,20250121,11.45,11.45,11.32,11.33,11.42,-0.09,-0.7881,902068.94,1024879.174,0.5697102604997342,0.5164290142591447,4.7329,0.5288,1.335,0.4648,21986905.3183
000001.SZ,20250122,11.32,11.33,11.08,11.09,11.33,-0.24,-2.1183,1347129.22,1504818.607,0.5031233386496544,0.4469931804091751,4.6327,0.5176,1.3067,0.6942,21521163.2816
000001.SZ,20250123,11.17,11.4,11.17,11.32,11.09,0.23,2.0739,1514920.27,1715172.472,0.5669856459330143,0.5139491630502169,4.7288,0.5284,1.3338,0.7807,21967499.4001
000001.SZ,20250124,11.32,11.39,11.22,11.34,11.32,0.02,0.1767,944944.21,1069899.088,0.5713048114087698,0.5180348258706466,4.7371,0.5293,1.3362,0.4869,22006311.2365
000001.SZ,20250127,11.38,11.55,11.38,11.47,11.34,0.13,1.1464,1151934.71,1324270.607,0.6074903371984542,0.5559701492537312,4.7914,0.5354,1.3515,0.5936,22258588.1731
000001.SZ,20250205,11.5,11.52,11.33,11.37,11.47,-0.1,-0.8718,843433.7,961193.579,0.5797014527522324,0.526741293532338,4.7497,0.5307,1.3397,0.4346,22064528.9911
000001.SZ,20250206,11.35,11.45,11.3,11.36,11.37,-0.01,-0.088,955603.25,1084793.176,0.5769025723044116,0.5236318407960199,4.7455,0.5302,1.3385,0.4924,22045123.0729
000001.SZ,20250207,11.36,11.45,11.31,11.38,11.36,0.02,0.1761,1407492.62,1601621.98,0.582433693189391,0.5298507462686567,4.7538,0.5312,1.3409,0.7253,22083934.9093
000001.SZ,20250210,11.38,11.5,11.36,11.43,11.38,0.05,0.4394,1026590.93,1174044.624,0.596361455417833,0.5441542288557212,4.7747,0.5335,1.3468,0.529,22180964.5003
000001.SZ,20250211,11.4,11.47,11.37,11.42,11.43,-0.01,-0.0875,844520.03,963865.615,0.5935625749700122,0.5410447761194032,4.7705,0.533,1.3456,0.4352,22161558.5821
000001.SZ,20250212,11.41,11.43,11.34,11.42,11.42,0.0,0.0,988806.83,1125323.633,0.5935625749700122,0.5410447761194032,4.7705,0.533,1.3456,0.5095,22161558.5821
000001.SZ,20250213,11.42,11.55,11.4,11.5,11.42,0.08,0.7005,1358639.27,1560709.511,0.6092203389830511,0.5564005069708495,4.804,0.5368,1.355,0.7001,22316805.9277
000001.SZ,20250214,11.49,11.55,11.43,11.55,11.5,0.05,0.4348,973057.74,1118355.997,0.6109516140326307,0.5557742782152232,4.8248,0.5391,1.3609,0.5014,22413835.5187
000001.SZ,20250217,11.6,11.8,11.55,11.78,11.55,0.23,1.9913,2061965.42,2413146.067,0.6782438204607518,0.6266404199475069,4.9209,0.5499,1.388,1.0626,22860171.6372
000001.SZ,20250218,11.76,11.96,11.76,11.81,11.78,0.03,0.2547,1996610.49,2371071.467,0.6870667320215674,0.6358267716535433,4.9335,0.5513,1.3915,1.0289,22918389.3918
000001.SZ,20250219,11.8,11.81,11.68,11.71,11.81,-0.1,-0.8467,1177748.95,1382467.174,0.6577970730341014,0.6049868766404197,4.8917,0.5466,1.3797,0.6069,22724330.2099
000001.SZ,20250220,11.71,11.76,11.65,11.66,11.71,-0.05,-0.427,784396.27,917231.443,0.6431622435403683,0.5898950131233596,4.8708,0.5443,1.3739,0.4042,22627300.6189
000001.SZ,20250221,11.69,11.71,11.55,11.64,11.66,-0.02,-0.1715,973968.97,1131033.824,0.637280302499825,0.5833333333333333,4.8624,0.5433,1.3715,0.5019,22588488.7825
000001.SZ,20250224,11.63,11.69,11.56,11.59,11.64,-0.05,-0.4296,949956.17,1103548.964,0.6227154961137173,0.5682414698162731,4.8416,0.541,1.3656,0.4895,22491459.1915
000001.SZ,20250225,11.56,11.58,11.46,11.47,11.59,-0.12,-1.0354,917156.02,1055685.157,0.5875638960857086,0.5314960629921258,4.7914,0.5354,1.3515,0.4726,22258588.1731
000001.SZ,20250226,11.47,11.6,11.47,11.52,11.47,0.05,0.4359,841645.52,970641.211,0.5886909933391251,0.545992115637319,4.8123,0.5377,1.3574,0.4337,22355617.7641
000001.SZ,20250227,11.53,11.63,11.46,11.62,11.52,0.1,0.8681,977309.75,1130386.662,0.6099169878446487,0.5768725361366622,4.8541,0.5424,1.3691,0.5036,22549676.9461
000001.SZ,20250228,11.58,11.68,11.5,11.53,11.62,-0.09,-0.7745,949088.06,1100335.054,0.5820486214052769,0.5492772667542707,4.8165,0.5382,1.3585,0.4891,22375023.6823
000001.SZ,20250303,11.52,11.56,11.45,11.51,11.53,-0.02,-0.1735,830456.95,955266.366,0.575822709753928,0.5427069645203679,4.8081,0.5372,1.3562,0.4279,22336211.8459
000001.SZ,20250304,11.47,11.55,11.44,11.51,11.51,0.0,0.0,683178.73,785447.989,0.575822709753928,0.5427069645203679,4.8081,0.5372,1.3562,0.3521,22336211.8459
000001.SZ,20250305,11.52,11.67,11.48,11.66,11.51,0.15,1.3032,1080645.44,1254892.074,0.6222946931514972,0.5893561103810775,4.8708,0.5443,1.3739,0.5569,22627300.6189
000001.SZ,20250306,11.69,11.7,11.6,11.63,11.66,-0.03,-0.2573,877407.71,1021780.609,0.613029943670323,0.5801576872536139,4.8583,0.5429,1.3703,0.4521,22569082.8643
000001.SZ,20250307,11.63,11.69,11.6,11.67,11.63,0.04,0.3439,835536.69,973236.69,0.6254076489771717,0.5919842312746384,4.875,0.5447,1.375,0.4306,22646706.5371
000001.SZ,20250310,11.66,11.67,11.55,11.59,11.67,-0.08,-0.6855,663833.93,769261.385,0.6006522383634745,0.5676741130091987,4.8416,0.541,1.3656,0.3421,22491459.1915
000001.SZ,20250311,11.54,11.61,11.52,11.61,11.59,0.02,0.1726,608975.27,704240.464,0.6068040320189741,0.5735873850197112,4.8499,0.5419,1.368,0.3138,22530271.0279
000001.SZ,20250312,11.6,11.87,11.56,11.85,11.61,0.24,2.0672,1877318.4,2210904.482,0.6811443818559144,0.647174770039422,4.9502,0.5531,1.3962,0.9674,22996013.0646
000001.SZ,20250313,11.81,11.91,11.78,11.84,11.85,-0.01,-0.0844,1312371.21,1555123.174,0.67803142603024,0.6445466491458605,4.946,0.5527,1.3951,0.6763,22976607.1464
000001.SZ,20250314,11.82,12.0,11.82,11.97,11.84,0.13,1.098,1722417.65,2057970.454,0.7182774977764603,0.683968462549277,5.0003,0.5587,1.4104,0.8876,23228884.083
000001.SZ,20250317,11.63,11.67,11.46,11.5,11.97,-0.47,-3.9265,4603612.1,5315522.817,0.7285057812036763,0.4638633377135348,5.0141,0.5252,1.5213,2.3723,22316805.9277
000001.SZ,20250318,11.52,11.54,11.48,11.49,11.5,-0.01,-0.087,1605290.0,1846500.421,0.7253187073821526,0.461235216819974,5.0098,0.5248,1.52,0.8272,22297400.0095
000001.SZ,20250319,11.48,11.53,11.46,11.52,11.49,0.03,0.2611,1362454.91,1566452.161,0.7349540468425736,0.46977660972404733,5.0228,0.5261,1.524,0.7021,22355617.7641
000001.SZ,20250320,11.51,11.61,11.49,11.49,11.52,-0.03,-0.2604,1101157.24,1268849.14,0.7253187073821526,0.461235216819974,5.0098,0.5248,1.52,0.5674,22297400.0095
000001.SZ,20250321,11.49,11.52,11.39,11.42,11.49,-0.07,-0.6092,1376388.97,1576151.833,0.7026386006522382,0.44021024967148453,4.9792,0.5216,1.5107,0.7093,22161558.5821
000001.SZ,20250324,11.41,11.44,11.34,11.38,11.42,-0.04,-0.3503,1164577.34,1325564.002,0.6897420693744443,0.42838370565046013,4.9618,0.5198,1.5054,0.6001,22083934.9093
000001.SZ,20250325,11.38,11.43,11.36,11.43,11.38,0.05,0.4394,735608.88,839142.044,0.7058997924696117,0.4428383705650461,4.9836,0.522,1.512,0.3791,22180964.5003
000001.SZ,20250326,11.42,11.43,11.37,11.38,11.43,-0.05,-0.4374,740863.07,843536.936,0.6897420693744443,0.42838370565046013,4.9618,0.5198,1.5054,0.3818,22083934.9093
000001.SZ,20250327,11.37,11.41,11.35,11.39,11.38,0.01,0.0879,553349.4,629863.383,0.6930032611918172,0.431011826544021,4.9662,0.5202,1.5068,0.2851,22103340.8275
000001.SZ,20250328,11.39,11.4,11.34,11.35,11.39,-0.04,-0.3512,644945.55,732420.874,0.6800326119181735,0.41918528252299586,4.9487,0.5184,1.5015,0.3324,22025717.1547
000001.SZ,20250331,11.36,11.38,11.26,11.26,11.35,-0.09,-0.793,1116125.64,1262598.263,0.6509783575452124,0.3922470433639946,4.9095,0.5143,1.4896,0.5752,21851063.8909
000001.SZ,20250401,11.27,11.3,11.22,11.27,11.26,0.01,0.0888,681470.42,767424.131,0.654165431366736,0.39487516425755614,4.9138,0.5147,1.4909,0.3512,21870469.8091
000001.SZ,20250402,11.25,11.41,11.25,11.37,11.27,0.1,0.8873,932641.76,1058747.241,0.6864808775570708,0.4250985545335084,4.9574,0.5193,1.5041,0.4806,22064528.9911
000001.SZ,20250403,11.31,11.39,11.3,11.34,11.37,-0.03,-0.2639,643913.91,730375.808,0.6767714201008006,0.4159001314060448,4.9443,0.5179,1.5001,0.3318,22006311.2365
000001.SZ,20250407,11.0,11.05,10.48,10.7,11.34,-0.64,-5.6437,2545560.48,2751055.412,0.4699822116809963,0.22404730617608423,4.6653,0.4887,1.4155,1.3118,20764332.4719
000001.SZ,20250408,10.68,10.85,10.66,10.82,10.7,0.12,1.1215,1463987.71,1576590.04,0.5087459235102283,0.26018396846254904,4.7176,0.4942,1.4314,0.7544,20997203.4902
000001.SZ,20250409,10.73,10.83,10.66,10.8,10.82,-0.02,-0.1848,1064394.05,1145238.958,0.5022976578713311,0.25427069645203687,4.7089,0.4933,1.4287,0.5485,20958391.6538
000001.SZ,20250410,10.86,10.93,10.82,10.9,10.8,0.1,0.9259,866548.05,943352.302,0.5346131040616665,0.28383705650459934,4.7525,0.4978,1.4419,0.4465,21152450.8358
000001.SZ,20250411,10.87,10.9,10.83,10.89,10.9,-0.01,-0.0917,583879.02,634311.78,0.5313519122442929,0.28120893561103816,4.7481,0.4974,1.4406,0.3009,21133044.9176
000001.SZ,20250414,10.95,11.04,10.92,10.93,10.89,0.04,0.3673,785993.45,862557.144,0.5443225615179366,0.2930354796320629,4.7656,0.4992,1.4459,0.405,21210668.5904
000001.SZ,20250415,10.92,10.97,10.9,10.95,10.93,0.02,0.183,722754.1,790139.077,0.5507708271568339,0.29894875164257545,4.7743,0.5001,1.4485,0.3724,21249480.4268
000001.SZ,20250416,10.93,11.01,10.91,11.0,10.95,0.05,0.4566,842822.17,923316.063,0.5669285502520013,0.3140604467805516,4.7961,0.5024,1.4552,0.4343,21346510.0178
000001.SZ,20250417,10.95,11.08,10.93,11.06,11.0,0.06,0.5455,823919.31,907597.513,0.5863474651645422,0.3318002628120893,4.8223,0.5051,1.4631,0.4246,21462945.527
000001.SZ,20250418,11.04,11.19,11.03,11.18,11.06,0.12,1.085,727098.15,810031.605,0.6251111769937742,0.36793692509855486,4.8746,0.5106,1.479,0.3747,21695816.5454
000001.SZ,20250421,11.0,11.13,10.97,11.02,11.18,-0.16,-1.4311,1114184.18,1230804.536,0.5733768158908985,0.23455978975032857,4.8048,0.4903,1.4578,0.5742,21385321.8542
000001.SZ,20250422,11.02,11.06,10.98,11.04,11.02,0.02,0.1815,831128.87,915967.678,0.5798250815297957,0.24047306176084113,4.8135,0.4912,1.4605,0.4283,21424133.6906
000001.SZ,20250423,11.04,11.05,10.97,11.01,11.04,-0.03,-0.2717,586382.93,645842.4,0.5701897420693748,0.2319316688567674,4.8005,0.4899,1.4565,0.3022,21365915.936
000001.SZ,20250424,11.0,11.06,10.99,11.03,11.01,0.02,0.1817,689256.13,760348.555,0.5766380077082713,0.23784494086727995,4.8092,0.4908,1.4591,0.3552,21404727.7724
000001.SZ,20250425,11.04,11.05,10.99,11.01,11.03,-0.02,-0.1813,637546.86,702315.255,0.5701897420693748,0.2319316688567674,4.8005,0.4899,1.4565,0.3285,21365915.936
000001.SZ,20250428,11.0,11.04,10.96,11.0,11.01,-0.01,-0.0908,642018.37,706520.176,0.5669285502520013,0.228646517739816,4.7961,0.4894,1.4552,0.3308,21346510.0178
000001.SZ,20250429,11.0,11.02,10.95,10.98,11.0,-0.02,-0.1818,649044.94,712792.543,0.560480284613104,0.22273324572930345,4.7874,0.4885,1.4525,0.3345,21307698.1814
000001.SZ,20250430,10.96,10.97,10.89,10.91,10.98,-0.07,-0.6375,869834.92,949911.03,0.5378742958790393,0.20236530880420495,4.7569,0.4854,1.4433,0.4482,21171856.754
000001.SZ,20250506,10.92,11.0,10.89,10.96,10.91,0.05,0.4583,854671.27,935212.114,0.5540320189742067,0.2168199737187909,4.7787,0.4876,1.4499,0.4404,21268886.345
000001.SZ,20250507,11.01,11.04,10.97,11.03,10.96,0.07,0.6387,1126270.01,1240098.147,0.5766380077082713,0.23784494086727995,4.8092,0.4908,1.4591,0.5804,21404727.7724
000001.SZ,20250508,11.0,11.08,10.99,11.08,11.03,0.05,0.4533,1056613.66,1167913.498,0.5927957308034394,0.2522996057818659,4.831,0.493,1.4657,0.5445,21501757.3634
000001.SZ,20250509,11.07,11.17,11.06,11.15,11.08,0.07,0.6318,999897.47,1113688.153,0.615401719537504,0.2726675427069644,4.8615,0.4961,1.475,0.5153,21637598.7908
000001.SZ,20250512,11.16,11.22,11.13,11.16,11.15,0.01,0.0897,895604.6,1000478.411,0.6186629113548769,0.2752956636005256,4.8659,0.4965,1.4763,0.4615,21657004.709
000001.SZ,20250513,11.19,11.33,11.15,11.29,11.16,0.13,1.1649,1261030.62,1420501.315,0.6606136970056332,0.3134034165571614,4.9225,0.5023,1.4935,0.6498,21909281.6455
000001.SZ,20250514,11.29,11.47,11.25,11.43,11.29,0.14,1.24,1683513.58,1912995.433,0.7058997924696117,0.35479632063074934,4.9836,0.5086,1.512,0.8675,22180964.5003
000001.SZ,20250515,11.43,11.5,11.38,11.39,11.43,-0.04,-0.35,1035460.26,1183732.832,0.6930032611918172,0.3429697766097242,4.9662,0.5068,1.5068,0.5336,22103340.8275
000001.SZ,20250516,11.37,11.43,11.31,11.38,11.39,-0.01,-0.0878,914744.45,1039223.623,0.6897420693744443,0.33968462549277245,4.9618,0.5063,1.5054,0.4714,22083934.9093
000001.SZ,20250519,11.4,11.47,11.36,11.37,11.38,-0.01,-0.0879,831390.6,949883.545,0.6864808775570708,0.33705650459921166,4.9574,0.5059,1.5041,0.4284,22064528.9911
000001.SZ,20250520,11.4,11.47,11.37,11.39,11.37,0.02,0.1759,643634.8,734455.266,0.6930032611918172,0.3429697766097242,4.9662,0.5068,1.5068,0.3317,22103340.8275
000001.SZ,20250521,11.4,11.59,11.39,11.48,11.39,0.09,0.7902,1328278.1,1528350.368,0.722057515564779,0.36925098554533525,5.0054,0.5108,1.5187,0.6845,22277994.0913
000001.SZ,20250522,11.45,11.56,11.44,11.55,11.48,0.07,0.6098,1002968.06,1155265.064,0.7446635042988436,0.3896189224704338,5.0359,0.5139,1.5279,0.5168,22413835.5187
000001.SZ,20250523,11.55,11.6,11.43,11.46,11.55,-0.09,-0.7792,962643.11,1108636.101,0.7156092499258818,0.3633377135348227,4.9967,0.5099,1.516,0.4961,22239182.2549
000001.SZ,20250526,11.44,11.5,11.4,11.42,11.46,-0.04,-0.349,699158.58,800495.685,0.7026386006522382,0.3515111695137976,4.9792,0.5081,1.5107,0.3603,22161558.5821
000001.SZ,20250527,11.45,11.54,11.42,11.49,11.42,0.07,0.613,801915.14,921912.281,0.7253187073821526,0.3718791064388961,5.0098,0.5112,1.52,0.4132,22297400.0095
000001.SZ,20250528,11.5,11.55,11.44,11.53,11.49,0.04,0.3481,658179.47,757571.319,0.7382152386599464,0.3837056504599212,5.0272,0.513,1.5253,0.3392,22375023.6823
000001.SZ,20250529,11.52,11.55,11.45,11.46,11.53,-0.07,-0.6071,919806.76,1056726.384,0.7156092499258818,0.3633377135348227,4.9967,0.5099,1.516,0.474,22239182.2549
000001.SZ,20250530,11.47,11.58,11.44,11.56,11.46,0.1,0.8726,1130849.31,1303433.716,0.7479246961162173,0.3922470433639946,5.0403,0.5143,1.5292,0.5827,22433241.4369
000001.SZ,20250603,11.54,11.91,11.53,11.81,11.56,0.25,2.1626,2192479.66,2580962.601,0.8287133115920547,0.4658344283837054,5.1493,0.5255,1.5623,1.1298,22918389.3918
000001.SZ,20250604,11.82,11.88,11.78,11.84,11.81,0.03,0.254,1167959.5,1383019.682,0.8384227690483249,0.4743758212877795,5.1624,0.5268,1.5663,0.6019,22976607.1464
000001.SZ,20250605,11.88,11.91,11.66,11.67,11.84,-0.17,-1.4358,1166803.49,1369212.336,0.7834272161280756,0.4244415243101182,5.0882,0.5192,1.5438,0.6013,22646706.5371
000001.SZ,20250606,11.7,11.79,11.68,11.7,11.67,0.03,0.2571,682352.51,799900.024,0.7931366735843465,0.4336399474375818,5.1013,0.5206,1.5478,0.3516,22704924.2917
000001.SZ,20250609,11.73,11.75,11.65,11.71,11.7,0.01,0.0855,773254.68,905092.605,0.7963978654017194,0.43626806833114334,5.1057,0.521,1.5491,0.3985,22724330.2099
000001.SZ,20250610,11.72,11.89,11.71,11.81,11.71,0.1,0.854,1428131.8,1689018.78,0.8287133115920547,0.4658344283837054,5.1493,0.5255,1.5623,0.7359,22918389.3918
000001.SZ,20250611,11.82,11.93,11.79,11.85,11.81,0.04,0.3387,1094666.64,1298656.315,0.8416098428698486,0.47700394218134035,5.1667,0.5272,1.5676,0.5641,22996013.0646
000001.SZ,20250612,11.56,11.7,11.52,11.68,11.49,0.19,1.6536,1290220.47,1500287.176,0.7866884079454493,0.4835742444152431,5.0926,0.5282,1.5451,0.6649,22666112.4553
000001.SZ,20250613,11.68,11.74,11.56,11.58,11.68,-0.1,-0.8562,1095494.19,1272773.101,0.7543729617551145,0.454007884362681,5.049,0.5237,1.5319,0.5645,22472053.2733
000001.SZ,20250616,11.57,11.79,11.53,11.79,11.58,0.21,1.8135,1174438.27,1371041.708,0.8222650459531575,0.5164257555847569,5.1406,0.5332,1.5597,0.6052,22879577.5554
000001.SZ,20250617,11.79,11.88,11.71,11.76,11.79,-0.03,-0.2545,890027.34,1048960.749,0.8125555884968874,0.5072273324572933,5.1275,0.5318,1.5557,0.4586,22821359.8008
000001.SZ,20250618,11.78,11.81,11.66,11.77,11.76,0.01,0.085,683521.11,802908.098,0.8157426623184111,0.5105124835742444,5.1318,0.5323,1.557,0.3522,22840765.719
000001.SZ,20250619,11.76,11.78,11.65,11.7,11.77,-0.07,-0.5947,832247.16,974127.331,0.7931366735843465,0.48948751642575566,5.1013,0.5291,1.5478,0.4289,22704924.2917
000001.SZ,20250620,11.7,11.86,11.67,11.84,11.7,0.14,1.1966,1309197.82,1544541.881,0.8384227690483249,0.5308804204993428,5.1624,0.5354,1.5663,0.6747,22976607.1464
000001.SZ,20250623,11.81,11.97,11.67,11.93,11.84,0.09,0.7601,1389170.48,1646476.917,0.8674770234212867,0.5578186596583441,5.2016,0.5395,1.5782,0.7159,23151260.4102
000001.SZ,20250624,11.9,12.01,11.84,11.93,11.93,0.0,0.0,1308525.31,1560621.893,0.8674770234212867,0.5578186596583441,5.2016,0.5395,1.5782,0.6743,23151260.4102
000001.SZ,20250625,11.93,12.08,11.83,12.06,11.93,0.13,1.0897,1675116.47,2007989.727,0.9095019270678923,0.5965834428383705,5.2583,0.5454,1.5954,0.8632,23403537.3468
000001.SZ,20250626,12.05,12.48,12.01,12.41,12.06,0.35,2.9022,2174577.66,2672207.529,1.0,0.7003942181340344,5.4109,0.5612,1.6417,1.1206,24082744.4837
000001.SZ,20250627,12.37,12.58,12.13,12.2,12.41,-0.21,-1.6922,2377600.15,2937865.058,0.933608755526564,0.6379763469119577,5.3193,0.5517,1.6139,1.2252,23675220.2016
000001.SZ,20250630,12.14,12.17,11.96,12.07,12.2,-0.13,-1.0656,1504819.65,1812492.377,0.8925128651156049,0.5992115637319313,5.2626,0.5458,1.5967,0.7755,23422943.265
000001.SZ,20250701,12.06,12.33,12.06,12.3,12.07,0.23,1.9056,1354341.08,1653806.75,0.9652098282235269,0.6675427069645206,5.3629,0.5562,1.6271,0.6979,23869279.3835
000001.SZ,20250702,12.31,12.41,12.23,12.32,12.3,0.02,0.1626,1200411.84,1481842.213,0.9715155468580127,0.6734559789750331,5.3716,0.5571,1.6298,0.6186,23908091.2199
000001.SZ,20250703,12.33,12.42,12.28,12.35,12.32,0.03,0.2435,794085.97,980546.007,0.9810103645720082,0.6826544021024966,5.3847,0.5585,1.6338,0.4092,23966308.9745
000001.SZ,20250704,12.35,12.72,12.3,12.6,12.35,0.25,2.0243,1775332.67,2224874.056,1.0,0.7568988173455977,5.4937,0.5698,1.6668,0.9149,24451456.9295
000001.SZ,20250707,12.6,12.82,12.6,12.78,12.6,0.18,1.4286,1495406.53,1901755.851,1.0,0.81011826544021,5.5722,0.5779,1.6906,0.7706,24800763.457
000001.SZ,20250708,12.75,12.84,12.65,12.69,12.78,-0.09,-0.7042,1090985.97,1387093.602,0.9745619727449712,0.7838370565045989,5.533,0.5739,1.6787,0.5622,24626110.1933
000001.SZ,20250709,12.66,12.9,12.66,12.84,12.69,0.15,1.182,1205963.3,1542699.035,1.0,0.8278580814717477,5.5984,0.5806,1.6986,0.6215,24917198.9662
000001.SZ,20250710,12.82,13.33,12.79,13.18,12.84,0.34,2.648,2481415.53,3249454.029,1.0,0.9290407358738499,5.7466,0.596,1.7435,1.2787,25577000.185
000001.SZ,20250711,13.19,13.3,12.89,12.91,13.18,-0.27,-2.0486,2443743.5,3200219.566,0.9313862655940305,0.8488830486202364,5.6289,0.5838,1.7078,1.2593,25053040.3936
000001.SZ,20250714,12.87,13.17,12.86,12.98,12.91,0.07,0.5422,1872895.85,2440924.105,0.9491663751894601,0.8699080157687251,5.6594,0.587,1.7171,0.9651,25188881.821
000001.SZ,20250715,12.99,13.04,12.71,12.73,12.98,-0.25,-1.926,1810531.31,2322277.285,0.8856243441762853,0.7956636005256241,5.5504,0.5757,1.684,0.933,24703733.8661
000001.SZ,20250716,12.73,12.76,12.5,12.64,12.73,-0.09,-0.707,1927863.79,2424983.973,0.862772531188061,0.7687253613666228,5.5112,0.5716,1.6721,0.9935,24529080.6023
000001.SZ,20250717,12.61,12.7,12.54,12.59,12.64,-0.05,-0.3956,944641.4,1189666.227,0.850064124985426,0.7536136662286467,5.4894,0.5693,1.6655,0.4868,24432051.0113
000001.SZ,20250718,12.62,12.75,12.6,12.7,12.59,0.11,0.8737,1241206.11,1574176.824,0.8779876413664452,0.7864651773981605,5.5373,0.5743,1.6801,0.6396,24645516.1115
000001.SZ,20250721,12.64,12.71,12.55,12.61,12.7,-0.09,-0.7087,1079026.62,1360155.719,0.8551358283782209,0.7595269382391592,5.4981,0.5702,1.6681,0.556,24470862.8477
000001.SZ,20250722,12.6,12.6,12.32,12.49,12.61,-0.12,-0.9516,1935229.16,2408337.286,0.8246473125801563,0.7240473061760838,5.4458,0.5648,1.6523,0.9973,24237991.8293
000001.SZ,20250723,12.46,12.63,12.45,12.53,12.49,0.04,0.3203,1370520.0,1719158.803,0.8347907193657454,0.7358738501971089,5.4632,0.5666,1.6576,0.7063,24315615.5021
000001.SZ,20250724,12.53,12.53,12.33,12.35,12.53,-0.18,-1.4366,1959350.57,2426175.236,0.7890287979480003,0.6826544021024966,5.3847,0.5585,1.6338,1.0097,23966308.9745
000001.SZ,20250725,12.33,12.46,12.32,12.35,12.35,0.0,0.0,1108266.66,1372103.731,0.7890287979480003,0.6826544021024966,5.3847,0.5585,1.6338,0.5711,23966308.9745
000001.SZ,20250728,12.35,12.53,12.32,12.46,12.35,0.11,0.8907,1238242.78,1541317.047,0.8170106097703158,0.7155059132720105,5.4327,0.5635,1.6483,0.6381,24179774.0747
000001.SZ,20250729,12.46,12.51,12.34,12.34,12.46,-0.12,-0.9631,1012818.01,1255113.972,0.7865220939722513,0.6793692509855457,5.3804,0.558,1.6324,0.5219,23946903.0563
000001.SZ,20250730,12.35,12.64,12.34,12.49,12.34,0.15,1.2156,1715163.6,2149934.405,0.8246473125801563,0.7240473061760838,5.4458,0.5648,1.6523,0.8839,24237991.8293
000001.SZ,20250731,12.51,12.55,12.22,12.23,12.49,-0.26,-2.0817,1690081.25,2079630.602,0.7585402821499357,0.647174770039422,5.3324,0.5531,1.6179,0.8709,23733437.9562
000001.SZ,20250801,12.24,12.33,12.15,12.28,12.23,0.05,0.4088,1012186.98,1240239.18,0.7712486883525707,0.6616294349540079,5.3542,0.5553,1.6245,0.5216,23830467.5471
000001.SZ,20250804,12.24,12.38,12.21,12.3,12.28,0.02,0.1629,1032689.69,1271376.407,0.7763203917453654,0.6675427069645206,5.3629,0.5562,1.6271,0.5322,23869279.3835
000001.SZ,20250805,12.3,12.5,12.28,12.47,12.3,0.17,1.3821,1132078.2,1405152.349,0.8195173137460653,0.7181340341655713,5.437,0.5639,1.6496,0.5834,24199179.9929
000001.SZ,20250806,12.47,12.52,12.4,12.46,12.47,-0.01,-0.0802,690447.65,859684.675,0.8170106097703158,0.7155059132720105,5.4327,0.5635,1.6483,0.3558,24179774.0747
000001.SZ,20250807,12.44,12.53,12.39,12.47,12.46,0.01,0.0803,722053.05,900760.013,0.8195173137460653,0.7181340341655713,5.437,0.5639,1.6496,0.3721,24199179.9929
000001.SZ,20250808,12.48,12.53,12.39,12.4,12.47,-0.07,-0.5613,829795.91,1032586.759,0.8017372041506357,0.6971090670170826,5.4065,0.5607,1.6404,0.4276,24063338.5655
000001.SZ,20250811,12.4,12.42,12.27,12.3,12.4,-0.1,-0.8065,934353.15,1150305.113,0.7763203917453654,0.6675427069645206,5.3629,0.5562,1.6271,0.4815,23869279.3835
000001.SZ,20250812,12.3,12.4,12.3,12.33,12.3,0.03,0.2439,680056.19,839635.63,0.783957094555206,0.6767411300919841,5.376,0.5576,1.6311,0.3504,23927497.1381
000001.SZ,20250813,12.37,12.4,12.23,12.26,12.33,-0.07,-0.5677,1119813.05,1376777.909,0.7661769849597764,0.6557161629434954,5.3455,0.5544,1.6218,0.5771,23791655.7107
000001.SZ,20250814,12.27,12.34,12.19,12.2,12.26,-0.06,-0.4894,1241041.29,1523447.932,0.7509035793400957,0.6379763469119577,5.3193,0.5517,1.6139,0.6395,23675220.2016
000001.SZ,20250815,12.23,12.23,11.94,12.08,12.2,-0.12,-0.9836,1948502.95,2344073.499,0.7204150635420312,0.6024967148488831,5.267,0.5463,1.598,1.0041,23442349.1832
000001.SZ,20250818,12.06,12.15,12.03,12.08,12.08,0.0,0.0,1239058.37,1496527.039,0.7204150635420312,0.6024967148488831,5.267,0.5463,1.598,0.6385,23442349.1832
000001.SZ,20250819,12.1,12.12,12.02,12.06,12.08,-0.02,-0.1656,892859.89,1077380.173,0.7153433601492365,0.5965834428383705,5.2583,0.5454,1.5954,0.4601,23403537.3468
000001.SZ,20250820,12.06,12.12,11.98,12.07,12.06,0.01,0.0829,1048738.53,1265435.773,0.7178500641249854,0.5992115637319313,5.2626,0.5458,1.5967,0.5404,23422943.265
000001.SZ,20250821,12.05,12.19,12.03,12.15,12.07,0.08,0.6628,1217418.25,1477053.292,0.7381951731374609,0.6228646517739815,5.2975,0.5494,1.6073,0.6274,23578190.6106
000001.SZ,20250822,12.15,12.17,11.98,12.06,12.15,-0.09,-0.7407,1644259.77,1979461.311,0.7153433601492365,0.5965834428383705,5.2583,0.5454,1.5954,0.8473,23403537.3468
000001.SZ,20250825,12.12,12.53,12.1,12.45,12.06,0.39,3.2338,3045087.53,3761289.076,0.8144456103532705,0.6202365308804207,5.4283,0.549,1.647,1.5692,24160368.1565
000001.SZ,20250826,12.45,12.5,12.3,12.36,12.45,-0.09,-0.7229,1383598.61,1709560.923,0.7915937973650461,0.5939553219448097,5.3891,0.545,1.6351,0.713,23985714.8927
000001.SZ,20250827,12.32,12.36,12.05,12.06,12.36,-0.3,-2.4272,1860049.5,2268070.721,0.7153433601492365,0.5072273324572933,5.2583,0.5318,1.5954,0.9585,23403537.3468
000001.SZ,20250828,12.09,12.14,11.97,12.08,12.06,0.02,0.1658,1653587.93,1991723.374,0.7204150635420312,0.5124835742444149,5.267,0.5326,1.598,0.8521,23442349.1832
000001.SZ,20250829,12.05,12.22,12.03,12.05,12.08,-0.03,-0.2483,1805125.68,2186232.853,0.7127783607321906,0.5039421813403416,5.2539,0.5313,1.5941,0.9302,23384131.4286
000001.SZ,20250901,12.05,12.05,11.85,11.89,12.05,-0.16,-1.3278,1858459.02,2214306.332,0.6721464381485366,0.4579500657030222,5.1842,0.5243,1.5729,0.9577,23073636.7374
000001.SZ,20250902,11.85,11.99,11.84,11.98,11.89,0.09,0.7569,1492715.66,1780010.209,0.6949982511367611,0.4835742444152431,5.2234,0.5282,1.5848,0.7692,23248290.0012
000001.SZ,20250903,11.98,12.01,11.74,11.75,11.98,-0.23,-1.9199,1367232.49,1619322.977,0.636527923516381,0.4172141918528252,5.1231,0.5181,1.5544,0.7046,22801953.8827
000001.SZ,20250904,11.76,11.77,11.6,11.74,11.75,-0.01,-0.0851,1295300.02,1513956.779,0.6340212195406321,0.4145860709592644,5.1188,0.5177,1.5531,0.6675,22782547.9645
000001.SZ,20250905,11.73,11.74,11.63,11.72,11.74,-0.02,-0.1704,819661.56,957547.463,0.6288912207065409,0.40867279894875186,5.11,0.5168,1.5504,0.4224,22743736.1281
000001.SZ,20250908,11.71,11.78,11.67,11.7,11.72,-0.02,-0.1706,924431.04,1083054.608,0.6238195173137462,0.4027595269382393,5.1013,0.5159,1.5478,0.4764,22704924.2917
000001.SZ,20250909,11.71,11.78,11.68,11.75,11.7,0.05,0.4274,860539.17,1009279.729,0.636527923516381,0.4172141918528252,5.1231,0.5181,1.5544,0.4434,22801953.8827
000001.SZ,20250910,11.74,11.79,11.71,11.77,11.75,0.02,0.1702,792668.39,932170.201,0.6415996269091758,0.42312746386333777,5.1318,0.519,1.557,0.4085,22840765.719
000001.SZ,20250911,11.77,11.85,11.71,11.85,11.77,0.08,0.6797,963931.63,1134234.367,0.6619447359216507,0.4461235216819971,5.1667,0.5225,1.5676,0.4967,22996013.0646
000001.SZ,20250912,11.83,11.88,11.7,11.72,11.85,-0.13,-1.097,940385.1,1107449.057,0.6288912207065409,0.40867279894875186,5.11,0.5168,1.5504,0.4846,22743736.1281
000001.SZ,20250915,11.7,11.72,11.63,11.65,11.72,-0.07,-0.5973,840386.56,980347.617,0.6111111111111113,0.38830486202365333,5.0795,0.5137,1.5411,0.4331,22607894.7007
000001.SZ,20250916,11.66,11.71,11.61,11.64,11.65,-0.01,-0.0858,708048.49,825169.464,0.6086044071353618,0.3850197109067016,5.0752,0.5132,1.5398,0.3649,22588488.7825
000001.SZ,20250917,11.64,11.67,11.58,11.64,11.64,0.0,0.0,771128.93,896750.27,0.6086044071353618,0.3850197109067016,5.0752,0.5132,1.5398,0.3974,22588488.7825
000001.SZ,20250918,11.65,11.66,11.38,11.41,11.64,-0.23,-1.9759,1386160.4,1594827.2,0.5501340795149818,0.3186596583442837,4.9749,0.5031,1.5094,0.7143,22142152.6639
000001.SZ,20250919,11.41,11.51,11.37,11.45,11.41,0.04,0.3506,834651.23,955004.097,0.5602774863005714,0.3304862023653089,4.9923,0.5049,1.5147,0.4301,22219776.3367
000001.SZ,20250922,11.44,11.47,11.37,11.38,11.45,-0.07,-0.6114,596402.32,680158.439,0.5424973767051418,0.31011826544021037,4.9618,0.5018,1.5054,0.3073,22083934.9093
000001.SZ,20250923,11.37,11.58,11.32,11.52,11.38,0.14,1.2302,1341430.22,1543271.185,0.578057595896001,0.3508541392904074,5.0228,0.508,1.524,0.6913,22355617.7641
000001.SZ,20250924,11.51,11.62,11.43,11.46,11.52,-0.06,-0.5208,1139583.47,1310214.181,0.5628424857176167,0.3331143232588697,4.9967,0.5053,1.516,0.5872,22239182.2549
000001.SZ,20250925,11.43,11.47,11.36,11.4,11.46,-0.06,-0.5236,773275.94,881943.148,0.5420158149415795,0.3050734312416557,4.9705,0.5027,1.5081,0.3985,22122746.7457
000001.SZ,20250926,11.39,11.44,11.32,11.4,11.4,0.0,0.0,753238.75,856917.688,0.5420158149415795,0.3050734312416557,4.9705,0.5027,1.5081,0.3882,22122746.7457
000001.SZ,20250929,11.4,11.48,11.27,11.37,11.4,-0.03,-0.2632,1176012.43,1334456.974,0.5260913949438539,0.2798634812286688,4.9574,0.5013,1.5041,0.606,22064528.9911
000001.SZ,20250930,11.37,11.37,11.29,11.34,11.37,-0.03,-0.2639,832479.47,942224.081,0.5133446560718187,0.26141078838174275,4.9443,0.5,1.5001,0.429,22006311.2365
000001.SZ,20251009,11.33,11.41,11.27,11.4,11.34,0.06,0.5291,1047469.06,1187061.683,0.5182495344506519,0.2585470085470089,4.9705,0.5027,1.5081,0.5398,22122746.7457
000001.SZ,20251010,11.37,11.49,11.36,11.43,11.4,0.03,0.2632,1087947.75,1244213.513,0.5085346215780999,0.2316890881913305,4.9836,0.504,1.512,0.5606,22180964.5003
000001.SZ,20251013,11.32,11.46,11.28,11.4,11.43,-0.03,-0.2625,1168801.73,1328180.364,0.45140312433731555,0.1425041186161453,4.9705,0.5027,1.5081,0.6023,22122746.7457
000001.SZ,20251014,11.39,11.6,11.36,11.57,11.4,0.17,1.4912,1843428.36,2124120.304,0.4839753013819466,0.2042833607907742,5.0446,0.5102,1.5306,0.9499,22452647.3551
000001.SZ,20251015,11.34,11.42,11.26,11.4,11.33,0.07,0.6178,1271061.03,1443458.105,0.30325882036089463,0.1861614497528831,4.9705,0.508,1.5081,0.655,22122746.7457
000001.SZ,20251016,11.38,11.55,11.36,11.54,11.4,0.14,1.2281,1261936.87,1447841.585,0.35811114103599984,0.23723228995057652,5.0316,0.5142,1.5266,0.6503,22394429.6005
000001.SZ,20251017,11.5,11.58,11.38,11.4,11.54,-0.14,-1.2132,1039666.32,1193518.555,0.30325882036089463,0.1861614497528831,4.9705,0.508,1.5081,0.5358,22122746.7457
000001.SZ,20251020,11.41,11.45,11.27,11.42,11.4,0.02,0.1754,952641.1,1081829.7,0.3110692162671692,0.19275123558484375,4.9792,0.5088,1.5107,0.4909,22161558.5821
000001.SZ,20251021,11.4,11.47,11.39,11.43,11.42,0.01,0.0876,761164.62,869658.08,0.31501930155310187,0.2160940325497286,4.9836,0.5093,1.512,0.3922,22180964.5003
000001.SZ,20251022,11.4,11.54,11.4,11.52,11.43,0.09,0.7874,833703.19,957661.636,0.3502109704641353,0.25226039783001797,5.0228,0.5133,1.524,0.4296,22355617.7641
000001.SZ,20251023,11.52,11.71,11.5,11.63,11.52,0.11,0.9549,1373111.58,1593155.218,0.39330280994703326,0.2965641952983725,5.0708,0.5182,1.5385,0.7076,22569082.8643
000001.SZ,20251024,11.6,11.68,11.55,11.56,11.63,-0.07,-0.6019,980475.3,1138026.681,0.3659215369422752,0.2685352622061484,5.0403,0.5151,1.5292,0.5053,22433241.4369
000001.SZ,20251027,11.54,11.61,11.44,11.52,11.56,-0.04,-0.346,1239485.26,1428199.707,0.3502109704641353,0.16998191681735975,5.0228,0.5042,1.524,0.6387,22355617.7641
000001.SZ,20251028,11.53,11.58,11.42,11.47,11.52,-0.05,-0.434,821568.18,943626.835,0.33064009336565264,0.1500904159132008,5.001,0.502,1.5173,0.4234,22258588.1731
000001.SZ,20251029,11.46,11.46,11.36,11.39,11.47,-0.08,-0.6975,966213.64,1100783.363,0.2993985097405511,0.11844484629294759,4.9662,0.4985,1.5068,0.4979,22103340.8275
000001.SZ,20251030,11.38,11.47,11.36,11.38,11.39,-0.01,-0.0878,943770.15,1077182.643,0.2954484244546192,0.11482820976491855,4.9618,0.4981,1.5054,0.4863,22083934.9093
000001.SZ,20251031,11.38,11.4,11.3,11.32,11.38,-0.06,-0.5272,970192.93,1099179.193,0.2719274620702039,0.09041591320072342,4.9356,0.4954,1.4975,0.5,21967499.4001
000001.SZ,20251103,11.34,11.44,11.3,11.43,11.32,0.11,0.9717,952326.43,1084422.504,0.31501930155310187,0.1347197106690775,4.9836,0.5003,1.512,0.4907,22180964.5003
000001.SZ,20251104,11.42,11.64,11.4,11.59,11.43,0.16,1.3998,1503007.48,1737289.514,0.3776820181344825,0.1980108499095839,5.0534,0.5073,1.5332,0.7745,22491459.1915
000001.SZ,20251105,11.59,11.6,11.5,11.52,11.59,-0.07,-0.604,794926.05,918112.474,0.3502109704641353,0.16998191681735975,5.0228,0.5042,1.524,0.4096,22355617.7641
000001.SZ,20251106,11.5,11.58,11.47,11.51,11.52,-0.01,-0.0868,766585.46,882799.462,0.3463506598437926,0.1663652802893312,5.0185,0.5038,1.5226,0.395,22336211.8459
000001.SZ,20251107,11.52,11.58,11.5,11.55,11.51,0.04,0.3475,734850.55,848177.984,0.36197145165634254,0.1817359855334535,5.0359,0.5055,1.5279,0.3787,22413835.5187
000001.SZ,20251110,11.52,11.64,11.45,11.63,11.55,0.08,0.6926,827208.33,957555.601,0.39330280994703326,0.2133815551537072,5.0708,0.509,1.5385,0.4263,22569082.8643
000001.SZ,20251111,11.62,11.69,11.57,11.67,11.63,0.04,0.3439,886508.87,1033284.776,0.4089236017595832,0.22965641952983762,5.0882,0.5108,1.5438,0.4568,22646706.5371
000001.SZ,20251112,11.7,11.79,11.65,11.68,11.67,0.01,0.0857,1141325.38,1337963.805,0.4128736870455159,0.23327305605786613,5.0926,0.5112,1.5451,0.5881,22666112.4553
000001.SZ,20251113,11.68,11.72,11.57,11.7,11.68,0.02,0.1712,978991.03,1139765.204,0.42068408295179127,0.24141048824593134,5.1013,0.5121,1.5478,0.5045,22704924.2917
000001.SZ,20251114,11.67,11.84,11.66,11.75,11.7,0.05,0.4274,1316994.98,1551867.288,0.4402549600502739,0.2613019891500903,5.1231,0.5143,1.5544,0.6787,22801953.8827
000001.SZ,20251117,11.75,11.75,11.62,11.67,11.75,-0.08,-0.6809,995232.87,1161416.222,0.4089236017595832,0.22965641952983762,5.0882,0.5108,1.5438,0.5129,22646706.5371
000001.SZ,20251118,11.65,11.69,11.57,11.59,11.67,-0.08,-0.6855,670077.35,778887.578,0.3776820181344825,0.1980108499095839,5.0534,0.5073,1.5332,0.3453,22491459.1915
000001.SZ,20251119,11.58,11.83,11.57,11.8,11.59,0.21,1.8119,1334996.19,1565428.547,0.4598258371487566,0.2802893309222421,5.1449,0.5164,1.561,0.6879,22898983.4736
000001.SZ,20251120,11.79,11.99,11.74,11.85,11.8,0.05,0.4237,1637039.85,1948415.94,0.47939671424723923,0.3001808318264011,5.1667,0.5186,1.5676,0.8436,22996013.0646
000001.SZ,20251121,11.8,11.88,11.66,11.69,11.85,-0.16,-1.3502,1465358.88,1721871.193,0.41682377233144857,0.23688969258589568,5.097,0.5116,1.5464,0.7551,22685518.3735
000001.SZ,20251124,11.7,11.73,11.6,11.6,11.69,-0.09,-0.7699,1117118.8,1302444.63,0.3815423287548252,0.20162748643761344,5.0577,0.5077,1.5345,0.5757,22510865.1097
000001.SZ,20251125,11.61,11.8,11.58,11.8,11.6,0.2,1.7241,1028080.52,1203879.797,0.4598258371487566,0.2802893309222421,5.1449,0.5164,1.561,0.5298,22898983.4736
000001.SZ,20251126,11.81,11.85,11.65,11.69,11.8,-0.11,-0.9322,821301.09,962935.43,0.41682377233144857,0.23688969258589568,5.097,0.5116,1.5464,0.4232,22685518.3735
000001.SZ,20251127,11.66,11.71,11.58,11.71,11.69,0.02,0.1711,1011847.1,1178308.953,0.42463416823772315,0.24502712477395988,5.1057,0.5125,1.5491,0.5214,22724330.2099
000001.SZ,20251128,11.67,11.68,11.58,11.61,11.71,-0.1,-0.854,884358.45,1027933.464,0.38549241404075785,0.20524412296564198,5.0621,0.5081,1.5359,0.4557,22530271.0279
000001.SZ,20251201,11.6,11.7,11.53,11.69,11.61,0.08,0.6891,1037322.71,1205480.323,0.41682377233144857,0.23688969258589568,5.097,0.5116,1.5464,0.5345,22685518.3735
000001.SZ,20251202,11.68,11.73,11.59,11.64,11.69,-0.05,-0.4277,768059.93,894720.592,0.39725289523296514,0.21699819168173573,5.0752,0.5094,1.5398,0.3958,22588488.7825
000001.SZ,20251203,11.64,11.7,11.54,11.55,11.64,-0.09,-0.7732,944601.09,1099167.227,0.36197145165634254,0.1817359855334535,5.0359,0.5055,1.5279,0.4868,22413835.5187
000001.SZ,20251204,11.55,11.58,11.46,11.49,11.55,-0.06,-0.5195,886089.88,1019178.99,0.3385402639375172,0.158227848101266,5.0098,0.5029,1.52,0.4566,22297400.0095
000001.SZ,20251205,11.49,11.54,11.4,11.53,11.49,0.04,0.3481,890766.09,1022334.912,0.3541610557500672,0.1735985533453893,5.0272,0.5046,1.5253,0.459,22375023.6823
000001.SZ,20251208,11.49,11.6,11.48,11.52,11.53,-0.01,-0.0867,855898.93,988510.035,0.3502109704641353,0.16998191681735975,5.0228,0.5042,1.524,0.4411,22355617.7641
000001.SZ,20251209,11.52,11.54,11.43,11.43,11.52,-0.09,-0.7813,733957.45,842732.358,0.31501930155310187,0.1347197106690775,4.9836,0.5003,1.512,0.3782,22180964.5003
000001.SZ,20251210,11.44,11.46,11.29,11.33,11.43,-0.1,-0.8749,1044064.72,1184087.688,0.27587754735613657,0.0949367088607596,4.94,0.4959,1.4988,0.538,21986905.3183
000001.SZ,20251211,11.35,11.39,11.3,11.37,11.33,0.04,0.353,925261.29,1049906.216,0.29149833916868656,0.11030741410488239,4.9574,0.4976,1.5041,0.4768,22064528.9911
000001.SZ,20251212,11.37,11.43,11.3,11.35,11.37,-0.02,-0.1759,1191894.72,1357465.371,0.28368794326241115,0.10216998191681717,4.9487,0.4967,1.5015,0.6142,22025717.1547
000001.SZ,20251215,11.34,11.54,11.33,11.51,11.35,0.16,1.4097,940832.53,1080642.231,0.3463506598437926,0.1663652802893312,5.0185,0.5038,1.5226,0.4848,22336211.8459
000001.SZ,20251216,11.49,11.55,11.44,11.48,11.51,-0.03,-0.2606,647351.36,743389.002,0.3345901786515845,0.1537070524412293,5.0054,0.5024,1.5187,0.3336,22277994.0913
000001.SZ,20251217,11.47,11.58,11.42,11.53,11.48,0.05,0.4355,701495.33,807135.164,0.3541610557500672,0.1735985533453893,5.0272,0.5046,1.5253,0.3615,22375023.6823
000001.SZ,20251218,11.51,11.65,11.48,11.64,11.53,0.11,0.954,790466.54,916247.611,0.39725289523296514,0.21699819168173573,5.0752,0.5094,1.5398,0.4073,22588488.7825
000001.SZ,20251219,11.63,11.65,11.58,11.62,11.64,-0.02,-0.1718,649886.19,755106.127,0.3893527246611006,0.20976491862567864,5.0664,0.5086,1.5372,0.3349,22549676.9461
000001.SZ,20251222,11.61,11.61,11.51,11.52,11.62,-0.1,-0.8606,742369.16,857197.057,0.3502109704641353,0.16998191681735975,5.0228,0.5042,1.524,0.3826,22355617.7641
000001.SZ,20251223,11.52,11.6,11.5,11.56,11.52,0.04,0.3472,666265.74,770081.94,0.3659215369422752,0.18535262206148304,5.0403,0.5059,1.5292,0.3433,22433241.4369
000001.SZ,20251224,11.55,11.58,11.49,11.54,11.56,-0.02,-0.173,505243.56,582458.735,0.35811114103599984,0.17811934900542495,5.0316,0.5051,1.5266,0.2604,22394429.6005
000001.SZ,20251225,11.54,11.62,11.52,11.56,11.54,0.02,0.1733,547455.23,633772.625,0.3659215369422752,0.18535262206148304,5.0403,0.5059,1.5292,0.2821,22433241.4369
000001.SZ,20251226,11.56,11.59,11.53,11.54,11.56,-0.02,-0.173,436339.84,504079.28,0.35811114103599984,0.17811934900542495,5.0316,0.5051,1.5266,0.2249,22394429.6005
000001.SZ,20251229,11.54,11.62,11.5,11.56,11.54,0.02,0.1733,648295.42,749082.978,0.3659215369422752,0.18535262206148304,5.0403,0.5059,1.5292,0.3341,22433241.4369
000001.SZ,20251230,11.53,11.56,11.45,11.48,11.56,-0.08,-0.692,582584.33,669409.275,0.3345901786515845,0.1537070524412293,5.0054,0.5024,1.5187,0.3002,22277994.0913
000001.SZ,20251231,11.48,11.49,11.4,11.41,11.48,-0.07,-0.6098,590620.37,675457.357,0.3072089056468265,0.1265822784810128,4.9749,0.4994,1.5094,0.3044,22142152.6639
000001.SZ,20260105,11.42,11.51,11.41,11.5,11.41,0.09,0.7888,875491.18,1003479.224,0.3424005745578599,0.16184448462929454,5.0141,0.5033,1.5213,0.4512,22316805.9277
000001.SZ,20260106,11.5,11.68,11.48,11.67,11.5,0.17,1.4783,1304648.42,1512911.584,0.4089236017595832,0.22965641952983762,5.0882,0.5108,1.5438,0.6723,22646706.5371
000001.SZ,20260107,11.66,11.82,11.62,11.64,11.67,-0.03,-0.2571,966236.24,1131165.699,0.39725289523296514,0.21699819168173573,5.0752,0.5094,1.5398,0.4979,22588488.7825
000001.SZ,20260108,11.64,11.65,11.49,11.51,11.64,-0.13,-1.1168,1100085.11,1268647.295,0.3463506598437926,0.1663652802893312,5.0185,0.5038,1.5226,0.5669,22336211.8459
000001.SZ,20260109,11.53,11.53,11.44,11.46,11.51,-0.05,-0.4344,983390.04,1128076.547,0.3267797827453091,0.14647377938517225,4.9967,0.5016,1.516,0.5068,22239182.2549
000001.SZ,20260112,11.45,11.49,11.42,11.48,11.46,0.02,0.1745,855212.98,979700.148,0.3345901786515845,0.1537070524412293,5.0054,0.5024,1.5187,0.4407,22277994.0913
000001.SZ,20260113,11.48,11.54,11.44,11.47,11.48,-0.01,-0.0871,1061541.22,1219755.569,0.33064009336565264,0.1500904159132008,5.001,0.502,1.5173,0.547,22258588.1731
000001.SZ,20260114,11.47,11.47,11.35,11.36,11.47,-0.11,-0.959,1274757.14,1454416.591,0.28763802854834386,0.10669077757685334,4.9531,0.4972,1.5028,0.6569,22045123.0729
000001.SZ,20260115,11.33,11.37,11.3,11.31,11.36,-0.05,-0.4401,884959.77,1002514.947,0.2680671514498612,0.0867992766726944,4.9313,0.495,1.4962,0.456,21948093.4819
000001.SZ,20260116,11.34,11.34,11.16,11.19,11.31,-0.12,-1.061,1119472.54,1257713.579,0.22102522668103056,0.038878842676311275,4.8789,0.4897,1.4803,0.5769,21715222.4636
000001.SZ,20260119,11.15,11.21,11.11,11.12,11.19,-0.07,-0.6256,804741.31,896712.443,0.19364395367627255,0.011754068716094246,4.8484,0.4867,1.471,0.4147,21579381.0362
000001.SZ,20260120,11.12,11.2,11.11,11.16,11.12,0.04,0.3597,772276.09,861694.178,0.20935452015441247,0.02712477396021703,4.8659,0.4884,1.4763,0.398,21657004.709
000001.SZ,20260121,11.15,11.18,11.06,11.07,11.16,-0.09,-0.8065,900124.91,1001045.288,0.1740730765777899,0.0,4.8266,0.4845,1.4644,0.4638,21482351.4452
000001.SZ,20260122,11.07,11.15,11.05,11.07,11.07,0.0,0.0,788634.62,873985.785,0.1740730765777899,0.0,4.8266,0.4845,1.4644,0.4064,21482351.4452
000001.SZ,20260123,11.07,11.09,10.98,10.99,11.07,-0.08,-0.7227,1109994.29,1224886.436,0.1427417182870992,0.0,4.7917,0.481,1.4538,0.572,21327104.0996
000001.SZ,20260126,10.98,11.06,10.92,10.96,10.99,-0.03,-0.273,1106246.65,1214803.431,0.1310710117604811,0.0,4.7787,0.4797,1.4499,0.5701,21268886.345
000001.SZ,20260127,10.96,11.03,10.93,10.94,10.96,-0.02,-0.1825,894091.21,981119.838,0.12317084118861656,0.0,4.7699,0.4788,1.4472,0.4607,21230074.5086
000001.SZ,20260128,10.94,10.99,10.82,10.84,10.94,-0.1,-0.9141,1438766.03,1570012.85,0.08402908699165126,0.0,4.7263,0.4744,1.434,0.7414,21036015.3266
000001.SZ,20260129,10.84,10.98,10.66,10.96,10.84,0.12,1.107,1852993.83,2001845.208,0.1310710117604811,0.0435855263157897,4.7787,0.4797,1.4499,0.9549,21268886.345
000001.SZ,20260130,10.94,11.03,10.83,10.83,10.96,-0.13,-1.1861,1091754.97,1191181.198,0.08016877637130855,0.0,4.722,0.474,1.4327,0.5626,21016609.4084
000001.SZ,20260202,10.82,11.03,10.8,10.86,10.83,0.03,0.277,1223173.02,1337643.445,0.0919292575635158,0.010655737704918225,4.7351,0.4753,1.4366,0.6303,21074827.163
000001.SZ,20260203,10.89,10.9,10.77,10.84,10.86,-0.02,-0.1842,806628.16,872562.155,0.08402908699165126,0.003278688524590258,4.7263,0.4744,1.434,0.4157,21036015.3266
000001.SZ,20260204,10.85,10.98,10.84,10.97,10.84,0.13,1.1993,695415.47,760107.689,0.13493132238082461,0.05000000000000041,4.783,0.4801,1.4512,0.3584,21288292.2632
000001.SZ,20260205,10.98,11.11,10.96,11.09,10.97,0.12,1.0939,1177591.09,1301134.142,0.15721816332192728,0.09344262295081984,4.8353,0.4854,1.4671,0.6068,21521163.2816
000001.SZ,20260206,11.08,11.14,10.99,11.05,11.09,-0.04,-0.3607,727709.59,803862.241,0.14112642189956504,0.07868852459016391,4.8179,0.4836,1.4618,0.375,21443539.6088
000001.SZ,20260209,11.05,11.11,11.01,11.07,11.05,0.02,0.181,619716.7,685218.215,0.14917229261074616,0.08606557377049188,4.8266,0.4845,1.4644,0.3193,21482351.4452
000001.SZ,20260210,11.07,11.1,11.02,11.06,11.07,-0.01,-0.0903,600429.99,664140.162,0.14519559789142705,0.08278688524590162,4.8223,0.4841,1.4631,0.3094,21462945.527
000001.SZ,20260211,11.06,11.09,11.02,11.07,11.06,0.01,0.0904,431040.98,476801.864,0.14917229261074616,0.08606557377049188,4.8266,0.4845,1.4644,0.2221,21482351.4452
000001.SZ,20260212,11.07,11.08,10.93,10.96,11.07,-0.11,-0.9937,681340.24,748338.547,0.10487376306297931,0.04672131147541015,4.7787,0.4797,1.4499,0.3511,21268886.345
000001.SZ,20260213,10.96,10.99,10.9,10.91,10.96,-0.05,-0.4562,555047.36,607501.376,0.08471284564875585,0.02868852459016396,4.7569,0.4775,1.4433,0.286,21171856.754
000001.SZ,20260224,10.93,10.95,10.88,10.91,10.91,0.0,0.0,602512.4,657487.7,0.08471284564875585,0.02868852459016396,4.7569,0.4775,1.4433,0.3105,21171856.754
000001.SZ,20260225,10.91,10.95,10.78,10.86,10.91,-0.05,-0.4583,1063134.87,1156693.737,0.0645519282345324,0.010655737704918225,4.7351,0.4753,1.4366,0.5478,21074827.163
000001.SZ,20260226,10.86,10.91,10.8,10.87,10.86,0.01,0.0921,712730.19,772947.727,0.06852862295385151,0.013934426229508483,4.7394,0.4757,1.438,0.3673,21094233.0812
000001.SZ,20260227,10.86,10.92,10.84,10.9,10.87,0.03,0.276,612227.96,666177.346,0.08064366965689465,0.02540983606557416,4.7525,0.4771,1.4419,0.3155,21152450.8358
000001.SZ,20260302,10.85,10.89,10.77,10.85,10.9,-0.05,-0.4587,838873.55,908747.812,0.06048275224267038,0.007377049180327966,4.7307,0.4749,1.4353,0.4323,21055421.2448
000001.SZ,20260303,10.85,10.95,10.8,10.88,10.85,0.03,0.2765,1028694.83,1119402.076,0.07259779894571353,0.01803278688524619,4.7438,0.4762,1.4393,0.5301,21113638.9994
000001.SZ,20260304,10.84,10.84,10.67,10.71,10.88,-0.17,-1.5625,1089713.96,1167995.856,0.004069175991861201,0.0,4.6697,0.4687,1.4168,0.5615,20783738.3901
000001.SZ,20260305,10.72,10.84,10.7,10.81,10.71,0.1,0.9337,712641.18,768553.598,0.04439101082030894,0.03456402199528685,4.7133,0.4731,1.43,0.3672,20977797.572
000001.SZ,20260306,10.78,10.84,10.77,10.82,10.81,0.01,0.0925,476576.8,514733.55,0.04836770553962805,0.03849175176747853,4.7176,0.4736,1.4314,0.2456,20997203.4902
000001.SZ,20260309,10.79,10.82,10.74,10.76,10.82,-0.06,-0.5545,835892.38,900716.851,0.02423009340608466,0.017282010997643208,4.6915,0.4709,1.4234,0.4307,20880767.981
000001.SZ,20260310,10.77,10.81,10.73,10.81,10.76,0.05,0.4647,790111.68,850573.536,0.04439101082030894,0.03456402199528685,4.7133,0.4731,1.43,0.4072,20977797.572
000001.SZ,20260311,10.79,10.9,10.77,10.89,10.81,0.08,0.7401,720534.64,781041.009,0.07657449366503263,0.062058130400628596,4.7481,0.4766,1.4406,0.3713,21133044.9176
000001.SZ,20260312,10.87,10.96,10.85,10.94,10.89,0.05,0.4591,754905.58,824171.954,0.0967354110792561,0.07934014139827181,4.7699,0.4788,1.4472,0.389,21230074.5086
000001.SZ,20260313,10.93,11.0,10.87,10.93,10.94,-0.01,-0.0914,841939.15,920839.356,0.09275871635993699,0.07619795758051837,4.7656,0.4784,1.4459,0.4339,21210668.5904
000001.SZ,20260316,10.93,10.97,10.88,10.92,10.93,-0.01,-0.0915,715603.01,782089.441,0.08868954036807496,0.07227022780832669,4.7612,0.4779,1.4446,0.3688,21191262.6722
000001.SZ,20260317,10.91,11.07,10.9,11.03,10.92,0.11,1.0073,1076656.81,1187565.492,0.1330805511883839,0.10997643362136697,4.8092,0.4827,1.4591,0.5548,21404727.7724
000001.SZ,20260318,11.04,11.04,10.91,10.96,11.03,-0.07,-0.6346,791079.4,867711.25,0.10487376306297931,0.08641005498821691,4.7787,0.4797,1.4499,0.4077,21268886.345
000001.SZ,20260319,10.92,10.97,10.86,10.88,10.96,-0.08,-0.7299,624211.95,681086.519,0.07259779894571353,0.05891594658287516,4.7438,0.4762,1.4393,0.3217,21113638.9994
000001.SZ,20260320,10.87,10.94,10.76,10.77,10.88,-0.11,-1.011,834082.56,903819.004,0.028206788125404586,0.021209740769834885,4.6958,0.4714,1.4247,0.4298,20900173.8992
000001.SZ,20260323,10.68,10.68,10.43,10.45,10.77,-0.32,-2.9712,1580088.33,1666328.348,0.08452788310367167,0.0,4.7567,0.4494,1.5428,0.8142,20279184.5169
000001.SZ,20260324,10.52,10.89,10.52,10.88,10.45,0.43,4.1148,1622251.27,1744746.708,0.26551373346897233,0.12619372442019078,4.9524,0.4679,1.6063,0.836,21113638.9994
000001.SZ,20260325,10.89,10.95,10.79,10.94,10.88,0.06,0.5515,744779.91,809739.89,0.2907611208730233,0.14392905866302838,4.9797,0.4705,1.6152,0.3838,21230074.5086
000001.SZ,20260326,10.91,11.05,10.9,10.94,10.94,0.0,0.0,827664.09,909199.431,0.2907611208730233,0.14392905866302838,4.9797,0.4705,1.6152,0.4265,21230074.5086
000001.SZ,20260327,10.91,11.05,10.83,11.02,10.94,0.08,0.7313,884128.62,972821.27,0.3244243040784238,0.16712141882673925,5.0161,0.4739,1.627,0.4556,21385321.8542
000001.SZ,20260330,10.98,11.05,10.94,10.99,11.02,-0.03,-0.2722,632522.1,696208.267,0.3118468510126702,0.15825375170532063,5.0025,0.4726,1.6225,0.3259,21327104.0996
000001.SZ,20260331,11.0,11.18,10.99,11.08,10.99,0.09,0.8189,1164565.34,1294675.716,0.34976417275501687,0.18485675306957686,5.0435,0.4765,1.6358,0.6001,21501757.3634
000001.SZ,20260401,11.09,11.23,11.08,11.15,11.08,0.07,0.6318,918925.39,1025538.833,0.379173217423472,0.2053206002728511,5.0753,0.4795,1.6462,0.4735,21637598.7908
000001.SZ,20260402,11.15,11.32,11.13,11.27,11.15,0.12,1.0762,1148895.22,1292756.712,0.42966799223157315,0.24079126875852666,5.1299,0.4847,1.6639,0.592,21870469.8091
000001.SZ,20260403,11.28,11.28,11.09,11.12,11.27,-0.15,-1.331,757757.33,845283.641,0.3665957643577175,0.19645293315143247,5.0617,0.4782,1.6417,0.3905,21579381.0362
000001.SZ,20260407,11.12,11.14,10.97,11.03,11.12,-0.09,-0.8094,607955.21,671322.755,0.32867844261537,0.17053206002728497,5.0207,0.4744,1.6285,0.3133,21404727.7724
000001.SZ,20260408,11.11,11.22,11.05,11.22,11.03,0.19,1.7226,812975.89,906308.305,0.40867474336446835,0.22578444747612533,5.1072,0.4825,1.6565,0.4189,21773440.2182
000001.SZ,20260409,11.17,11.22,11.06,11.1,11.22,-0.12,-1.0695,602364.93,669239.285,0.3581799685563672,0.1909959072305592,5.0526,0.4774,1.6388,0.3104,21540569.1998
000001.SZ,20260410,11.1,11.13,11.07,11.09,11.1,-0.01,-0.0901,481046.93,534088.991,0.353925830019421,0.1875852660300135,5.048,0.4769,1.6373,0.2479,21521163.2816
000001.SZ,20260413,11.05,11.09,11.03,11.07,11.09,-0.02,-0.1803,406104.13,449056.814,0.3455100342180707,0.18212824010914058,5.0389,0.4761,1.6344,0.2093,21482351.4452
000001.SZ,20260414,11.07,11.17,11.07,11.17,11.07,0.1,0.9033,496151.09,551741.633,0.3875890132248215,0.21145975443383344,5.0844,0.4804,1.6491,0.2557,21676410.6272
000001.SZ,20260415,11.16,11.22,11.15,11.21,11.17,0.04,0.3581,503937.93,564031.568,0.4044206048275221,0.2230559345156887,5.1026,0.4821,1.655,0.2597,21754034.3
000001.SZ,20260416,11.2,11.23,11.07,11.09,11.21,-0.12,-1.0705,680914.6,758006.903,0.353925830019421,0.1875852660300135,5.048,0.4769,1.6373,0.3509,21521163.2816
000001.SZ,20260417,11.09,11.11,10.99,11.01,11.09,-0.08,-0.7214,722530.42,797678.406,0.32026264681401967,0.16439290586630262,5.0116,0.4735,1.6255,0.3723,21365915.936
000001.SZ,20260420,11.01,11.07,10.96,11.06,11.01,0.05,0.4541,630033.66,695097.194,0.34134837695366654,0.17939972714870395,5.0344,0.4757,1.6329,0.3247,21462945.527
000001.SZ,20260421,11.04,11.16,11.03,11.08,11.06,0.02,0.1808,806946.34,896659.539,0.347107438016529,0.18485675306957686,5.0435,0.4765,1.6358,0.4158,21501757.3634
000001.SZ,20260422,11.08,11.09,10.95,10.98,11.08,-0.1,-0.9025,839053.99,923203.009,0.3047636735072892,0.155525238744884,4.9979,0.4722,1.6211,0.4324,21307698.1814
000001.SZ,20260423,10.98,11.03,10.93,11.0,10.98,0.02,0.1821,648066.61,711757.543,0.3132138545825981,0.16166439290586634,5.007,0.4731,1.624,0.334,21346510.0178
000001.SZ,20260424,10.98,11.03,10.92,11.0,11.0,0.0,0.0,582710.12,639781.173,0.3132138545825981,0.16166439290586634,5.007,0.4731,1.624,0.3003,21346510.0178
000001.SZ,20260427,11.33,11.57,11.29,11.38,11.0,0.38,3.4545,3401275.67,3891707.615,0.4738601541461602,0.18076398362892207,5.18,0.4759,1.6801,1.7527,22083934.9093
000001.SZ,20260428,11.36,11.46,11.32,11.46,11.38,0.08,0.703,1674258.83,1908333.959,0.5076608784473956,0.2032742155525239,5.2164,0.4792,1.6919,0.8628,22239182.2549
000001.SZ,20260429,11.43,11.54,11.39,11.52,11.46,0.06,0.5236,1378423.44,1583294.869,0.5330114216733214,0.22032742155525242,5.2437,0.4817,1.7008,0.7103,22355617.7641
000001.SZ,20260430,11.5,11.6,11.46,11.49,11.52,-0.03,-0.2604,1139241.62,1312827.776,0.5203825796267066,0.21214188267394252,5.2301,0.4805,1.6964,0.5871,22297400.0095
000001.SZ,20260506,11.5,11.5,11.3,11.36,11.49,-0.13,-1.1314,1216387.55,1380730.921,0.4654099730708513,0.17462482946793972,5.1709,0.475,1.6772,0.6268,22045123.0729
000001.SZ,20260507,11.37,11.39,11.3,11.37,11.36,0.01,0.088,936958.06,1062755.239,0.4696814931748543,0.17735334242837636,5.1755,0.4754,1.6787,0.4828,22064528.9911
000001.SZ,20260508,11.34,11.42,11.3,11.3,11.37,-0.07,-0.6157,798819.86,905737.835,0.4400594298449256,0.1575716234652112,5.1436,0.4725,1.6683,0.4116,21928687.5637
000001.SZ,20260511,11.29,11.31,11.16,11.28,11.3,-0.02,-0.177,931865.21,1047435.369,0.4316092487696167,0.1521145975443383,5.1345,0.4717,1.6654,0.4802,21889875.7273
000001.SZ,20260512,11.28,11.36,11.21,11.25,11.28,-0.03,-0.266,1029038.42,1158241.866,0.41888754759030566,0.1432469304229193,5.1208,0.4704,1.6609,0.5303,21831657.9728
000001.SZ,20260513,11.25,11.28,11.11,11.14,11.25,-0.11,-0.9778,1017973.92,1136724.107,0.37245798124245555,0.11186903137789887,5.0708,0.4658,1.6447,0.5246,21618192.8726
000001.SZ,20260514,11.14,11.15,11.05,11.05,11.14,-0.09,-0.8079,794368.41,881960.631,0.33438573683721795,0.0866302864938608,5.0298,0.4621,1.6314,0.4094,21443539.6088
000001.SZ,20260515,11.05,11.11,10.96,10.99,11.05,-0.06,-0.543,974741.76,1074648.533,0.3090351936112922,0.06957708049113226,5.0025,0.4596,1.6225,0.5023,21327104.0996
000001.SZ,20260518,10.96,10.97,10.82,10.86,10.99,-0.13,-1.1829,856381.57,931697.164,0.25406258705543694,0.032060027285129494,4.9433,0.4541,1.6034,0.4413,21074827.163
000001.SZ,20260519,10.83,10.92,10.83,10.86,10.86,0.0,0.0,793529.13,862561.883,0.25406258705543694,0.032060027285129494,4.9433,0.4541,1.6034,0.4089,21074827.163
000001.SZ,20260520,10.86,10.88,10.76,10.77,10.86,-0.09,-0.8287,747632.14,808079.589,0.21599034265020015,0.006821282401091413,4.9023,0.4504,1.5901,0.3853,20900173.8992
000001.SZ,20260521,10.78,10.8,10.69,10.7,10.77,-0.07,-0.65,1110211.08,1194144.112,0.1864611384529669,0.0,4.8705,0.4474,1.5797,0.5721,20764332.4719
000001.SZ,20260522,10.7,10.73,10.65,10.68,10.7,-0.02,-0.1869,954132.73,1020057.083,0.17801095737765804,0.0,4.8614,0.4466,1.5768,0.4917,20725520.6355
000001.SZ,20260525,10.68,10.76,10.64,10.68,10.68,0.0,0.0,663102.95,709614.128,0.17801095737765804,0.0,4.8614,0.4466,1.5768,0.3417,20725520.6355
000001.SZ,20260526,10.71,10.83,10.66,10.79,10.68,0.11,1.03,837346.9,900879.538,0.22453338285820448,0.030789825970548818,4.9115,0.4512,1.593,0.4315,20938985.7356
000001.SZ,20260527,10.76,10.85,10.72,10.76,10.79,-0.03,-0.278,839727.18,905710.898,0.21181168167889347,0.02208835341365479,4.8978,0.4499,1.5886,0.4327,20880767.981
000001.SZ,20260528,10.76,10.79,10.63,10.66,10.76,-0.1,-0.9294,900711.07,963695.781,0.1695607763023492,0.0,4.8523,0.4458,1.5738,0.4642,20686708.7991
000001.SZ,20260529,10.65,10.93,10.62,10.93,10.66,0.27,2.5328,1399367.8,1515692.068,0.28368465038536567,0.07456724367510016,4.9752,0.457,1.6137,0.7211,21210668.5904
000001.SZ,20260601,10.9,10.99,10.81,10.99,10.93,0.06,0.5489,954595.69,1042306.456,0.3090351936112922,0.09187749667110542,5.0025,0.4596,1.6225,0.4919,21327104.0996
000001.SZ,20260602,10.98,11.1,10.94,11.08,10.99,0.09,0.8189,885428.42,978159.337,0.347107438016529,0.11651131824234365,5.0435,0.4633,1.6358,0.4563,21501757.3634
000001.SZ,20260603,11.03,11.06,10.92,10.99,11.08,-0.09,-0.8123,825271.72,906870.268,0.3090351936112922,0.09187749667110542,5.0025,0.4596,1.6225,0.4253,21327104.0996
000001.SZ,20260604,10.91,10.97,10.77,10.82,10.99,-0.17,-1.5469,869270.83,943329.311,0.2371622249048192,0.043941411451398474,4.9251,0.4524,1.5975,0.4479,20997203.4902
000001.SZ,20260605,10.83,11.03,10.83,10.98,10.82,0.16,1.4787,1003503.34,1102446.143,0.3047636735072892,0.08854860186418131,4.9979,0.4591,1.6211,0.5171,21307698.1814
000001.SZ,20260608,10.97,11.1,10.96,11.03,10.98,0.05,0.4554,1090926.46,1203946.343,0.3259355557619091,0.10252996005326248,5.0207,0.4612,1.6285,0.5622,21404727.7724
000001.SZ,20260609,11.01,11.19,10.96,11.13,11.03,0.1,0.9066,1149672.34,1277122.41579,0.3259355557619091,0.10252996005326248,,,,,
000001.SZ,20260610,11.07,11.35,11.07,11.32,11.13,0.19,1.7071,1543176.39,1738056.71203,0.3259355557619091,0.10252996005326248,,,,,
000001.SZ,20260611,11.32,11.39,11.25,11.3,11.32,-0.02,-0.1767,1156222.22,1308133.97213,0.3259355557619091,0.10252996005326248,,,,,
600036.SH,20210615,55.83,55.83,54.12,54.8,56.33,-1.53,-2.7161,529240.52,2899483.734,0.5,0.5,,,,,
600036.SH,20210616,54.8,56.36,54.5,55.6,54.8,0.8,1.4599,518772.28,2879681.826,0.5,0.5,,,,,
600036.SH,20210617,55.52,56.0,54.86,55.12,55.6,-0.48,-0.8633,319019.34,1765863.526,0.5,0.5,,,,,
600036.SH,20210618,54.75,55.7,54.07,54.69,55.12,-0.43,-0.7801,427116.81,2337303.193,0.5,0.5,,,,,
600036.SH,20210621,54.3,54.79,53.12,53.69,54.69,-1.0,-1.8285,579715.5,3119639.562,0.5,0.5,,,,,
600036.SH,20210622,53.86,55.58,53.86,55.46,53.69,1.77,3.2967,643592.18,3544466.664,0.5,0.5,,,,,
600036.SH,20210623,55.38,55.47,54.48,54.82,55.46,-0.64,-1.154,408719.65,2243392.897,0.5,0.5,,,,,
600036.SH,20210624,54.82,55.1,54.13,55.0,54.82,0.18,0.3283,363603.89,1988184.927,0.5,0.5,,,,,
600036.SH,20210625,55.0,56.55,54.78,56.4,55.0,1.4,2.5455,469559.64,2631903.465,0.5,0.5,,,,,
600036.SH,20210628,56.2,56.29,54.03,54.7,56.4,-1.7,-3.0142,698824.74,3825857.05,0.5,0.5,,,,,
600036.SH,20210629,54.2,54.85,53.7,53.8,54.7,-0.9,-1.6453,532449.31,2878196.932,0.5,0.5,,,,,
600036.SH,20210630,53.9,54.44,53.86,54.19,53.8,0.39,0.7249,357303.5,1935227.659,0.5,0.5,,,,,
600036.SH,20210701,54.21,56.0,53.8,56.0,54.19,1.81,3.3401,652987.35,3585284.669,0.5,0.5,,,,,
600036.SH,20210702,55.0,55.2,52.7,53.05,56.0,-2.95,-5.2679,929818.51,4969147.605,0.5,0.5,,,,,
600036.SH,20210705,52.94,53.09,51.5,52.94,53.05,-0.11,-0.2074,568609.27,2979267.518,0.5,0.5,,,,,
600036.SH,20210706,53.0,53.54,52.41,53.54,52.94,0.6,1.1334,452507.13,2401387.63,0.5,0.5,,,,,
600036.SH,20210707,53.3,53.91,53.01,53.43,53.54,-0.11,-0.2055,365978.33,1956147.233,0.5,0.5,,,,,
600036.SH,20210708,53.76,53.76,50.0,50.35,53.43,-3.08,-5.7646,1554188.68,7890344.986,0.5,0.5,,,,,
600036.SH,20210709,50.35,50.91,49.51,49.9,50.35,-0.45,-0.8937,827018.78,4141886.765,0.5,0.5,,,,,
600036.SH,20210712,50.6,51.14,49.8,50.4,49.9,0.5,1.002,839563.74,4227182.16,0.5,0.5,,,,,
600036.SH,20210713,49.5,50.8,48.71,49.97,49.15,0.82,1.6684,594450.17,2969602.398,0.5,0.5,,,,,
600036.SH,20210714,49.8,49.88,47.92,48.95,49.97,-1.02,-2.0412,885514.24,4295785.383,0.5,0.5,,,,,
600036.SH,20210715,49.0,51.46,48.97,51.05,48.95,2.1,4.2901,877272.98,4426680.806,0.5,0.5,,,,,
600036.SH,20210716,50.76,51.6,50.42,51.0,51.05,-0.05,-0.0979,462103.77,2357681.005,0.5,0.5,,,,,
600036.SH,20210719,51.0,51.2,49.41,50.83,51.0,-0.17,-0.3333,469630.76,2357941.868,0.5,0.5,,,,,
600036.SH,20210720,50.45,51.49,49.61,49.91,50.83,-0.92,-1.81,446889.3,2245908.475,0.5,0.5,,,,,
600036.SH,20210721,50.02,50.57,49.25,49.7,49.91,-0.21,-0.4208,506319.17,2512788.212,0.5,0.5,,,,,
600036.SH,20210722,49.69,51.1,49.38,50.25,49.7,0.55,1.1066,592355.89,2987211.474,0.5,0.5,,,,,
600036.SH,20210723,50.33,50.65,49.5,50.05,50.25,-0.2,-0.398,420352.8,2101810.738,0.5,0.5,,,,,
600036.SH,20210726,49.62,49.65,47.55,47.7,50.05,-2.35,-4.6953,749929.71,3616845.775,0.5,0.5,,,,,
600036.SH,20210727,47.65,47.93,45.8,46.17,47.7,-1.53,-3.2075,749495.18,3512047.045,0.5,0.5,,,,,
600036.SH,20210728,46.31,48.34,46.31,47.47,46.17,1.3,2.8157,847309.81,4027574.991,0.5,0.5,,,,,
600036.SH,20210729,48.2,48.3,47.5,47.95,47.47,0.48,1.0112,642745.21,3083677.744,0.5,0.5,,,,,
600036.SH,20210730,47.75,47.8,46.11,46.5,47.95,-1.45,-3.024,591958.97,2760620.844,0.5,0.5,,,,,
600036.SH,20210802,46.8,48.22,45.21,47.71,46.5,1.21,2.6022,836146.84,3925085.945,0.5,0.5,,,,,
600036.SH,20210803,47.6,48.1,46.95,47.59,47.71,-0.12,-0.2515,518758.28,2456399.176,0.5,0.5,,,,,
600036.SH,20210804,47.58,47.95,46.8,47.0,47.59,-0.59,-1.2398,511499.88,2410938.956,0.5,0.5,,,,,
600036.SH,20210805,46.68,47.3,46.09,46.75,47.0,-0.25,-0.5319,442303.11,2070051.63,0.5,0.5,,,,,
600036.SH,20210806,46.47,47.8,46.1,47.59,46.75,0.84,1.7968,507557.57,2392067.817,0.5,0.5,,,,,
600036.SH,20210809,47.58,50.0,47.58,49.06,47.59,1.47,3.0889,730430.2,3599567.2,0.5,0.5,,,,,
600036.SH,20210810,49.08,50.53,48.56,50.21,49.06,1.15,2.3441,663575.48,3291349.066,0.5,0.5,,,,,
600036.SH,20210811,50.21,51.77,50.0,50.9,50.21,0.69,1.3742,568554.59,2905233.228,0.5,0.5,,,,,
600036.SH,20210812,50.7,51.5,50.41,50.68,50.9,-0.22,-0.4322,397182.45,2021030.379,0.5,0.5,,,,,
600036.SH,20210813,50.71,51.35,50.31,51.18,50.68,0.5,0.9866,467404.7,2379825.404,0.5,0.5,,,,,
600036.SH,20210816,51.2,51.24,49.5,50.87,51.18,-0.31,-0.6057,744139.69,3770118.258,0.5,0.5,,,,,
600036.SH,20210817,50.87,51.4,49.52,49.62,50.87,-1.25,-2.4572,603231.96,3044300.923,0.5,0.5,,,,,
600036.SH,20210818,49.99,53.57,49.92,53.14,49.62,3.52,7.0939,1231242.36,6434458.385,0.5,0.5,,,,,
600036.SH,20210819,52.8,53.1,51.36,51.58,53.14,-1.56,-2.9356,676300.59,3515991.219,0.5,0.5,,,,,
600036.SH,20210820,51.74,52.57,49.9,51.03,51.58,-0.55,-1.0663,693764.73,3537372.069,0.5,0.5,,,,,
600036.SH,20210823,51.48,52.87,51.21,51.89,51.03,0.86,1.6853,539017.21,2806624.18,0.5,0.5,,,,,
600036.SH,20210824,52.02,52.85,51.01,52.2,51.89,0.31,0.5974,528276.9,2748379.141,0.5,0.5,,,,,
600036.SH,20210825,52.58,52.71,51.21,51.43,52.2,-0.77,-1.4751,407380.77,2107816.696,0.5,0.5,,,,,
600036.SH,20210826,51.93,51.93,49.48,49.6,51.43,-1.83,-3.5582,763035.07,3825334.082,0.5,0.5,,,,,
600036.SH,20210827,49.7,50.82,49.5,50.35,49.6,0.75,1.5121,386141.76,1942863.649,0.5,0.5,,,,,
600036.SH,20210830,50.35,50.35,47.61,48.45,50.35,-1.9,-3.7736,1079682.02,5224229.635,0.5,0.5,,,,,
600036.SH,20210831,48.45,49.45,47.85,48.96,48.45,0.51,1.0526,710440.24,3451030.103,0.5,0.5,,,,,
600036.SH,20210901,48.88,50.95,48.6,50.79,48.96,1.83,3.7377,826055.36,4129767.782,0.5,0.5,,,,,
600036.SH,20210902,50.69,51.88,50.3,51.6,50.79,0.81,1.5948,726200.98,3729206.237,0.5,0.5,,,,,
600036.SH,20210903,51.7,52.33,50.41,52.0,51.6,0.4,0.7752,642573.32,3321589.086,0.5,0.5,,,,,
600036.SH,20210906,51.51,52.75,51.18,51.2,52.0,-0.8,-1.5385,547428.47,2830673.161,0.5,0.5,,,,,
600036.SH,20210907,51.29,53.08,50.45,52.81,51.2,1.61,3.1445,772320.09,4026086.396,0.5,0.5,,,,,
600036.SH,20210908,52.72,53.55,52.26,52.41,52.81,-0.4,-0.7574,553906.68,2921088.035,0.5,0.5,,,,,
600036.SH,20210909,52.1,52.68,51.68,52.1,52.41,-0.31,-0.5915,357800.25,1863278.532,0.5,0.5,,,,,
600036.SH,20210910,52.0,54.52,51.75,54.12,52.1,2.02,3.8772,1070977.99,5766878.119,0.5,0.5,,,,,
600036.SH,20210913,53.67,54.5,53.5,53.92,54.12,-0.2,-0.3695,592830.43,3202583.507,0.5,0.5,,,,,
600036.SH,20210914,54.3,54.89,51.8,52.1,53.92,-1.82,-3.3754,631165.69,3336827.188,0.5,0.5,,,,,
600036.SH,20210915,52.0,52.49,50.8,51.4,52.1,-0.7,-1.3436,542337.93,2799380.278,0.5,0.5,,,,,
600036.SH,20210916,51.23,51.83,50.21,50.7,51.4,-0.7,-1.3619,629896.14,3193865.17,0.5,0.5,,,,,
600036.SH,20210917,50.78,51.54,50.5,51.25,50.7,0.55,1.0848,420164.72,2143690.281,0.5,0.5,,,,,
600036.SH,20210922,48.68,49.98,48.1,49.41,51.25,-1.84,-3.5902,1122596.22,5492053.805,0.5,0.5,,,,,
600036.SH,20210923,49.5,50.53,48.61,48.84,49.41,-0.57,-1.1536,861024.53,4246316.974,0.5,0.5,,,,,
600036.SH,20210924,48.45,49.33,48.4,48.77,48.84,-0.07,-0.1433,532039.33,2596408.378,0.5,0.5,,,,,
600036.SH,20210927,48.29,49.8,48.21,49.09,48.77,0.32,0.6561,667905.15,3265832.147,0.5,0.5,,,,,
600036.SH,20210928,49.1,50.98,49.09,50.42,49.09,1.33,2.7093,709925.47,3562616.329,0.5,0.5,,,,,
600036.SH,20210929,49.95,52.17,49.61,51.56,50.42,1.14,2.261,904609.86,4619317.49,0.5,0.5,,,,,
600036.SH,20210930,51.4,51.43,50.1,50.45,51.56,-1.11,-2.1528,586118.08,2960621.631,0.5,0.5,,,,,
600036.SH,20211008,50.02,51.08,50.02,50.93,50.45,0.48,0.9514,645552.92,3266919.267,0.5,0.5,,,,,
600036.SH,20211011,51.44,54.18,51.44,53.0,50.93,2.07,4.0644,971778.65,5171368.866,0.5,0.5,,,,,
600036.SH,20211012,52.7,53.79,52.3,53.09,53.0,0.09,0.1698,589373.29,3129716.165,0.5,0.5,,,,,
600036.SH,20211013,52.95,53.4,52.05,53.03,53.09,-0.06,-0.113,442556.73,2335530.448,0.5,0.5,,,,,
600036.SH,20211014,52.99,53.25,52.2,52.36,53.03,-0.67,-1.2634,288996.21,1518009.834,0.5,0.5,,,,,
600036.SH,20211015,52.45,53.44,52.35,53.31,52.36,0.95,1.8144,420357.59,2230147.908,0.5,0.5,,,,,
600036.SH,20211018,53.31,53.35,51.55,51.86,53.31,-1.45,-2.7199,577945.39,3008070.372,0.5,0.5,,,,,
600036.SH,20211019,52.25,53.32,52.0,52.88,51.86,1.02,1.9668,481692.57,2545615.998,0.5,0.5,,,,,
600036.SH,20211020,53.21,53.64,52.28,52.4,52.88,-0.48,-0.9077,305709.59,1612336.024,0.5,0.5,,,,,
600036.SH,20211021,52.85,54.0,52.6,53.75,52.4,1.35,2.5763,576586.98,3084324.265,0.5,0.5,,,,,
600036.SH,20211022,54.09,54.8,53.73,54.29,53.75,0.54,1.0047,547150.58,2967094.16,0.5,0.5,,,,,
600036.SH,20211025,53.83,54.93,53.1,54.59,54.29,0.3,0.5526,623341.26,3376970.796,0.5,0.5,,,,,
600036.SH,20211026,54.59,56.23,54.3,55.3,54.59,0.71,1.3006,715423.69,3961794.95,0.5,0.5,,,,,
600036.SH,20211027,55.2,55.2,53.83,54.52,55.3,-0.78,-1.4105,420394.41,2287323.386,0.5,0.5,,,,,
600036.SH,20211028,54.3,55.0,53.85,54.22,54.52,-0.3,-0.5503,346232.28,1883008.799,0.5,0.5,,,,,
600036.SH,20211029,54.22,54.75,53.7,53.97,54.22,-0.25,-0.4611,405439.43,2197661.117,0.5,0.5,,,,,
600036.SH,20211101,54.0,54.9,53.3,54.12,53.97,0.15,0.2779,425017.81,2300857.413,0.5,0.5,,,,,
600036.SH,20211102,54.35,54.49,51.67,52.25,54.12,-1.87,-3.4553,752206.49,3957181.527,0.5,0.5,,,,,
600036.SH,20211103,52.35,52.49,51.67,51.7,52.25,-0.55,-1.0526,444372.41,2312474.223,0.5,0.5,,,,,
600036.SH,20211104,52.0,52.1,51.28,51.75,51.7,0.05,0.0967,482914.75,2492815.499,0.5,0.5,,,,,
600036.SH,20211105,51.72,52.11,51.42,51.56,51.75,-0.19,-0.3671,361974.16,1871325.317,0.5,0.5,,,,,
600036.SH,20211108,51.32,51.9,50.8,51.3,51.56,-0.26,-0.5043,386749.06,1984383.358,0.5,0.5,,,,,
600036.SH,20211109,51.4,51.7,50.6,51.06,51.3,-0.24,-0.4678,387883.64,1979827.705,0.5,0.5,,,,,
600036.SH,20211110,51.06,51.15,50.04,50.63,51.06,-0.43,-0.8421,558071.06,2812533.072,0.5,0.5,,,,,
600036.SH,20211111,50.55,52.87,50.46,52.82,50.63,2.19,4.3255,849731.7,4430680.097,0.5,0.5,,,,,
600036.SH,20211112,52.82,53.18,52.25,52.4,52.82,-0.42,-0.7952,343596.56,1807134.405,0.5,0.5,,,,,
600036.SH,20211115,52.79,53.61,52.37,52.93,52.4,0.53,1.0115,366950.32,1941710.247,0.5,0.5,,,,,
600036.SH,20211116,52.9,53.38,52.16,52.5,52.93,-0.43,-0.8124,322315.09,1699581.537,0.5,0.5,,,,,
600036.SH,20211117,52.22,52.83,51.81,51.84,52.5,-0.66,-1.2571,339385.51,1768981.458,0.5,0.5,,,,,
600036.SH,20211118,51.8,52.0,51.0,51.41,51.84,-0.43,-0.8295,342442.67,1762554.164,0.5,0.5,,,,,
600036.SH,20211119,51.48,52.74,51.11,52.33,51.41,0.92,1.7895,464667.97,2419758.611,0.5,0.5,,,,,
600036.SH,20211122,52.1,52.34,51.59,51.69,52.33,-0.64,-1.223,376538.34,1952025.765,0.5,0.5,,,,,
600036.SH,20211123,51.75,52.3,51.44,51.75,51.69,0.06,0.1161,389148.91,2014132.978,0.5,0.5,,,,,
600036.SH,20211124,51.59,51.9,51.17,51.74,51.75,-0.01,-0.0193,315039.65,1622099.211,0.5,0.5,,,,,
600036.SH,20211125,51.7,51.7,51.24,51.42,51.74,-0.32,-0.6185,215660.2,1107928.517,0.5,0.5,,,,,
600036.SH,20211126,51.2,51.45,49.88,50.1,51.42,-1.32,-2.5671,823357.31,4141774.917,0.5,0.5,,,,,
600036.SH,20211129,49.78,50.1,48.82,49.82,50.1,-0.28,-0.5589,827247.04,4081227.201,0.5,0.5,,,,,
600036.SH,20211130,49.48,49.85,48.91,49.49,49.82,-0.33,-0.6624,610042.56,3008854.122,0.5,0.5,,,,,
600036.SH,20211201,49.48,50.2,49.28,49.99,49.49,0.5,1.0103,500361.03,2498326.167,0.5,0.5,,,,,
600036.SH,20211202,50.01,51.0,49.49,50.89,49.99,0.9,1.8004,556070.48,2814606.846,0.5,0.5,,,,,
600036.SH,20211203,51.07,51.28,50.47,51.25,50.89,0.36,0.7074,494076.47,2518566.499,0.5,0.5,,,,,
600036.SH,20211206,51.49,52.4,51.33,51.82,51.25,0.57,1.1122,604716.43,3140183.373,0.5,0.5,,,,,
600036.SH,20211207,52.29,52.58,51.1,51.84,51.82,0.02,0.0386,540773.71,2797815.012,0.5,0.5,,,,,
600036.SH,20211208,51.98,52.28,51.4,52.04,51.84,0.2,0.3858,490974.72,2543266.829,0.5,0.5,,,,,
600036.SH,20211209,52.25,53.84,51.8,53.13,52.04,1.09,2.0945,840557.21,4454333.955,0.5,0.5,,,,,
600036.SH,20211210,52.9,53.49,52.68,53.49,53.13,0.36,0.6776,564262.81,2996780.162,0.5,0.5,,,,,
600036.SH,20211213,53.56,54.2,52.41,52.42,53.49,-1.07,-2.0004,645545.66,3432179.789,0.5,0.5,,,,,
600036.SH,20211214,52.32,52.5,50.85,51.15,52.42,-1.27,-2.4227,810629.47,4165403.558,0.5,0.5,,,,,
600036.SH,20211215,51.0,51.34,50.78,51.0,51.15,-0.15,-0.2933,378493.27,1929195.599,0.5,0.5,,,,,
600036.SH,20211216,50.91,51.3,50.61,51.2,51.0,0.2,0.3922,383653.39,1957514.899,0.5,0.5,,,,,
600036.SH,20211217,51.09,51.4,50.66,50.77,51.2,-0.43,-0.8398,476449.05,2422698.276,0.5,0.5,,,,,
600036.SH,20211220,50.7,51.3,50.39,50.69,50.77,-0.08,-0.1576,470826.27,2394420.816,0.5,0.5,,,,,
600036.SH,20211221,50.65,50.99,50.3,50.63,50.69,-0.06,-0.1184,356944.42,1808288.477,0.5,0.5,,,,,
600036.SH,20211222,50.63,50.75,49.88,50.01,50.63,-0.62,-1.2246,436828.19,2189842.1,0.5,0.5,,,,,
600036.SH,20211223,50.11,50.26,49.68,50.22,50.01,0.21,0.4199,423708.71,2115301.002,0.5,0.5,,,,,
600036.SH,20211224,50.22,50.22,49.84,49.86,50.22,-0.36,-0.7168,344650.68,1721265.879,0.5,0.5,,,,,
600036.SH,20211227,49.87,50.06,49.0,49.33,49.86,-0.53,-1.063,735943.33,3634240.465,0.5,0.5,,,,,
600036.SH,20211228,49.33,49.8,49.2,49.63,49.33,0.3,0.6081,653220.73,3237655.243,0.5,0.5,,,,,
600036.SH,20211229,49.67,49.72,47.61,47.62,49.63,-2.01,-4.05,1438902.68,6964711.566,0.5,0.5,,,,,
600036.SH,20211230,47.89,48.78,47.66,48.5,47.62,0.88,1.848,967916.51,4682207.989,0.5,0.5,,,,,
600036.SH,20211231,48.54,48.88,48.33,48.71,48.5,0.21,0.433,492935.01,2399746.929,0.5,0.5,,,,,
600036.SH,20220104,48.71,48.71,47.51,48.35,48.71,-0.36,-0.7391,719606.45,3452352.17,0.5,0.5,,,,,
600036.SH,20220105,48.49,49.68,48.4,49.05,48.35,0.7,1.4478,837173.75,4114524.304,0.5,0.5,,,,,
600036.SH,20220106,48.82,49.39,48.1,48.15,49.05,-0.9,-1.8349,681866.64,3299825.727,0.5,0.5,,,,,
600036.SH,20220107,48.14,49.14,48.04,49.05,48.15,0.9,1.8692,660737.05,3219523.408,0.5,0.5,,,,,
600036.SH,20220110,49.47,50.0,48.91,49.23,49.05,0.18,0.367,570936.34,2818145.071,0.5,0.5,,,,,
600036.SH,20220111,49.49,50.1,48.89,49.85,49.23,0.62,1.2594,715617.48,3558651.499,0.5,0.5,,,,,
600036.SH,20220112,49.87,50.1,49.19,49.76,49.85,-0.09,-0.1805,518411.18,2574764.177,0.5,0.5,,,,,
600036.SH,20220113,49.85,50.05,49.12,49.34,49.76,-0.42,-0.8441,401407.54,1989903.367,0.5,0.5,,,,,
600036.SH,20220114,49.47,49.47,48.0,48.02,49.34,-1.32,-2.6753,666570.98,3218203.4,0.5,0.5,,,,,
600036.SH,20220117,48.37,48.85,47.89,48.58,48.02,0.56,1.1662,531807.61,2574842.95,0.5,0.5,,,,,
600036.SH,20220118,48.65,49.34,48.28,49.01,48.58,0.43,0.8851,579077.08,2835126.315,0.5,0.5,,,,,
600036.SH,20220119,49.47,49.98,49.11,49.7,49.01,0.69,1.4079,620280.26,3078947.655,0.5,0.5,,,,,
600036.SH,20220120,49.88,51.89,49.88,51.37,49.7,1.67,3.3602,1386248.71,7089347.716,0.5,0.5,,,,,
600036.SH,20220121,51.39,52.0,51.21,51.82,51.37,0.45,0.876,858080.94,4439219.181,0.5,0.5,,,,,
600036.SH,20220124,51.95,52.0,51.03,51.85,51.82,0.03,0.0579,638155.2,3288272.324,0.5,0.5,,,,,
600036.SH,20220125,51.55,51.79,50.7,50.9,51.85,-0.95,-1.8322,583512.89,2987207.43,0.5,0.5,,,,,
600036.SH,20220126,51.25,51.49,50.6,51.0,50.9,0.1,0.1965,436696.28,2226767.107,0.5,0.5,,,,,
600036.SH,20220127,50.9,51.18,50.12,50.77,51.0,-0.23,-0.451,529400.57,2687973.691,0.5,0.5,,,,,
600036.SH,20220128,51.05,51.2,49.15,49.21,50.77,-1.56,-3.0727,715144.11,3576839.774,0.5,0.5,,,,,
600036.SH,20220207,50.3,51.5,50.13,51.35,49.21,2.14,4.3487,732349.13,3741572.656,0.5,0.5,,,,,
600036.SH,20220208,51.55,52.0,50.99,51.71,51.35,0.36,0.7011,528241.76,2724121.499,0.5,0.5,,,,,
600036.SH,20220209,51.9,52.34,51.28,51.62,51.71,-0.09,-0.174,512207.06,2651984.749,0.5,0.5,,,,,
600036.SH,20220210,51.9,51.9,51.0,51.71,51.62,0.09,0.1744,335542.47,1725040.529,0.5,0.5,,,,,
600036.SH,20220211,51.82,53.0,51.65,52.76,51.71,1.05,2.0306,809932.65,4267478.082,0.5,0.5,,,,,
600036.SH,20220214,52.99,52.99,51.0,51.2,52.76,-1.56,-2.9568,594051.66,3060509.962,0.5,0.5,,,,,
600036.SH,20220215,50.95,51.38,49.95,50.22,51.2,-0.98,-1.9141,566179.03,2851170.329,0.5,0.5,,,,,
600036.SH,20220216,50.56,51.36,50.23,51.07,50.22,0.85,1.6926,404955.79,2065162.806,0.5,0.5,,,,,
600036.SH,20220217,51.27,51.98,50.92,51.46,51.07,0.39,0.7637,441570.43,2281127.847,0.5,0.5,,,,,
600036.SH,20220218,51.25,52.11,51.25,52.06,51.46,0.6,1.166,354390.1,1837821.806,0.5,0.5,,,,,
600036.SH,20220221,51.83,51.89,51.01,51.76,52.06,-0.3,-0.5763,313450.76,1610843.08,0.5,0.5,,,,,
600036.SH,20220222,51.08,51.35,50.74,51.22,51.76,-0.54,-1.0433,369839.93,1887326.607,0.5,0.5,,,,,
600036.SH,20220223,51.46,51.46,50.65,50.83,51.22,-0.39,-0.7614,374999.74,1905978.106,0.5,0.5,,,,,
600036.SH,20220224,50.55,50.58,49.85,50.02,50.83,-0.81,-1.5935,482380.83,2418202.039,0.5,0.5,,,,,
600036.SH,20220225,50.04,50.5,49.55,49.81,50.02,-0.21,-0.4198,451840.5,2256854.494,0.5,0.5,,,,,
600036.SH,20220228,49.59,49.94,49.31,49.8,49.81,-0.01,-0.0201,335289.64,1662895.005,0.5,0.5,,,,,
600036.SH,20220301,50.0,50.5,49.36,50.24,49.8,0.44,0.8835,406454.36,2027737.708,0.5,0.5,,,,,
600036.SH,20220302,49.8,50.23,49.44,49.47,50.24,-0.77,-1.5326,397075.98,1972076.233,0.5,0.5,,,,,
600036.SH,20220303,49.58,49.97,49.45,49.73,49.47,0.26,0.5256,311289.67,1546031.524,0.5,0.5,,,,,
600036.SH,20220304,49.25,49.39,48.5,48.7,49.73,-1.03,-2.0712,577897.2,2818733.866,0.5,0.5,,,,,
600036.SH,20220307,48.01,48.26,46.5,46.76,48.7,-1.94,-3.9836,1014353.69,4773665.662,0.5,0.5,,,,,
600036.SH,20220308,46.56,46.77,45.2,45.48,46.76,-1.28,-2.7374,834664.64,3842685.602,0.5,0.5,,,,,
600036.SH,20220309,45.6,45.73,43.01,44.39,45.48,-1.09,-2.3967,900431.12,4012104.662,0.5,0.5,,,,,
600036.SH,20220310,45.6,45.7,44.63,44.7,44.39,0.31,0.6984,671495.83,3031093.298,0.5,0.5,,,,,
600036.SH,20220311,44.5,44.79,43.1,44.45,44.7,-0.25,-0.5593,740524.88,3252533.334,0.5,0.5,,,,,
600036.SH,20220314,43.5,43.98,42.1,42.15,44.45,-2.3,-5.1744,1080465.57,4627178.709,0.5,0.5,,,,,
600036.SH,20220315,41.61,41.61,39.18,39.45,42.15,-2.7,-6.4057,1313092.49,5293255.402,0.5,0.5,,,,,
600036.SH,20220316,40.06,42.8,39.91,42.58,39.45,3.13,7.9341,1377449.32,5685452.904,0.5,0.5,,,,,
600036.SH,20220317,44.15,45.17,43.67,44.51,42.58,1.93,4.5326,1319647.59,5873750.265,0.5,0.5,,,,,
600036.SH,20220318,44.6,46.17,44.02,46.17,44.51,1.66,3.7295,923585.31,4173209.905,0.5,0.5,,,,,
600036.SH,20220321,45.89,45.89,44.6,44.81,46.17,-1.36,-2.9456,791032.2,3566893.332,0.5,0.5,,,,,
600036.SH,20220322,45.04,45.86,44.82,45.53,44.81,0.72,1.6068,549038.3,2497185.117,0.5,0.5,,,,,
600036.SH,20220323,45.69,45.97,45.3,45.76,45.53,0.23,0.5052,469959.84,2148515.086,0.5,0.5,,,,,
600036.SH,20220324,45.6,46.09,45.36,45.77,45.76,0.01,0.0219,380332.34,1742027.092,0.5,0.5,,,,,
600036.SH,20220325,45.71,45.95,45.0,45.18,45.77,-0.59,-1.2891,318259.36,1445681.951,0.5,0.5,,,,,
600036.SH,20220328,44.84,45.5,44.25,45.05,45.18,-0.13,-0.2877,386458.74,1736237.601,0.5,0.5,,,,,
600036.SH,20220329,45.15,45.55,44.91,45.01,45.05,-0.04,-0.0888,349620.89,1580213.154,0.5,0.5,,,,,
600036.SH,20220330,45.36,46.3,45.35,46.23,45.01,1.22,2.7105,520722.69,2389901.32,0.5,0.5,,,,,
600036.SH,20220331,45.99,47.12,45.82,46.8,46.23,0.57,1.233,615884.9,2878948.597,0.5,0.5,,,,,
600036.SH,20220401,46.49,47.47,46.28,47.1,46.8,0.3,0.641,476139.44,2233625.273,0.5,0.5,,,,,
600036.SH,20220406,46.4,47.73,46.38,47.39,47.1,0.29,0.6157,478268.55,2260412.706,0.5,0.5,,,,,
600036.SH,20220407,47.35,47.59,46.58,46.86,47.39,-0.53,-1.1184,377201.07,1776370.371,0.5,0.5,,,,,
600036.SH,20220408,46.7,47.18,46.6,47.18,46.86,0.32,0.6829,364234.74,1711753.064,0.5,0.5,,,,,
600036.SH,20220411,46.71,46.87,45.59,45.9,47.18,-1.28,-2.713,492611.73,2263984.281,0.5,0.5,,,,,
600036.SH,20220412,46.2,46.46,45.11,45.7,45.9,-0.2,-0.4357,588840.49,2691571.03,0.5,0.5,,,,,
600036.SH,20220413,45.7,46.1,45.31,45.75,45.7,0.05,0.1094,448222.52,2054724.468,0.5,0.5,,,,,
600036.SH,20220414,46.01,46.43,45.75,45.76,45.75,0.01,0.0219,326613.29,1503135.689,0.5,0.5,,,,,
600036.SH,20220415,45.7,47.0,45.49,46.83,45.76,1.07,2.3383,423159.03,1962144.157,0.5,0.5,,,,,
600036.SH,20220418,45.96,45.96,42.78,43.39,46.83,-3.44,-7.3457,2366775.06,10320718.085,0.5,0.5,,,,,
600036.SH,20220419,42.0,42.75,41.4,42.1,43.39,-1.29,-2.973,2504770.22,10505571.111,0.5,0.5,,,,,
600036.SH,20220420,41.8,41.98,40.9,41.1,42.1,-1.0,-2.3753,1318268.51,5440590.528,0.5,0.5,,,,,
600036.SH,20220421,40.7,42.1,40.6,41.28,41.1,0.18,0.438,1143500.98,4747988.004,0.5,0.5,,,,,
600036.SH,20220422,40.66,42.97,40.65,42.5,41.28,1.22,2.9554,1195339.84,5041291.328,0.5,0.5,,,,,
600036.SH,20220425,40.38,40.95,38.72,38.83,42.5,-3.67,-8.6353,2368745.15,9367538.01,0.5,0.5,,,,,
600036.SH,20220426,38.86,39.16,37.6,38.41,38.83,-0.42,-1.0816,1454718.77,5605383.081,0.5,0.5,,,,,
600036.SH,20220427,37.83,38.63,37.61,38.04,38.41,-0.37,-0.9633,1546207.95,5867256.791,0.5,0.5,,,,,
600036.SH,20220428,38.06,40.08,37.95,39.62,38.04,1.58,4.1535,1564523.1,6124749.761,0.5,0.5,,,,,
600036.SH,20220429,39.1,40.21,38.72,39.93,39.62,0.31,0.7824,1236928.61,4884561.443,0.5,0.5,,,,,
600036.SH,20220505,39.66,40.18,39.02,39.26,39.93,-0.67,-1.6779,944251.32,3712525.676,0.5,0.5,,,,,
600036.SH,20220506,38.7,38.75,37.9,37.91,39.26,-1.35,-3.4386,889455.45,3392746.139,0.5,0.5,,,,,
600036.SH,20220509,37.8,37.82,36.15,36.47,37.91,-1.44,-3.7985,1252405.92,4603133.911,0.5,0.5,,,,,
600036.SH,20220510,35.98,37.16,35.26,36.98,36.47,0.51,1.3984,1217637.35,4424738.771,0.5,0.5,,,,,
600036.SH,20220511,36.83,37.56,36.6,37.21,36.98,0.23,0.622,872398.56,3245600.405,0.5,0.5,,,,,
600036.SH,20220512,36.8,37.06,36.43,36.61,37.21,-0.6,-1.6125,630023.11,2309969.909,0.5,0.5,,,,,
600036.SH,20220513,36.98,37.6,36.9,37.15,36.61,0.54,1.475,701300.77,2610117.535,0.5,0.5,,,,,
600036.SH,20220516,37.13,37.13,36.44,36.89,37.15,-0.26,-0.6999,644742.36,2373534.396,0.5,0.5,,,,,
600036.SH,20220517,37.36,38.63,37.36,38.6,36.89,1.71,4.6354,1183954.43,4517008.501,0.5,0.5,,,,,
600036.SH,20220518,39.0,39.08,37.9,38.5,38.6,-0.1,-0.2591,887755.39,3406772.014,0.5,0.5,,,,,
600036.SH,20220519,37.89,38.25,37.52,38.03,38.5,-0.47,-1.2208,542010.95,2054604.084,0.5,0.5,,,,,
600036.SH,20220520,38.75,40.18,38.75,39.96,38.03,1.93,5.0749,1338872.44,5296502.627,0.5,0.5,,,,,
600036.SH,20220523,39.97,40.05,39.45,39.49,39.96,-0.47,-1.1762,618088.29,2449773.575,0.5,0.5,,,,,
600036.SH,20220524,39.6,39.83,38.84,38.9,39.49,-0.59,-1.494,687429.72,2695176.6,0.5,0.5,,,,,
600036.SH,20220525,38.98,39.1,38.64,38.78,38.9,-0.12,-0.3085,489025.4,1897867.054,0.5,0.5,,,,,
600036.SH,20220526,39.0,39.0,38.08,38.43,38.78,-0.35,-0.9025,615429.63,2361966.487,0.5,0.5,,,,,
600036.SH,20220527,38.9,39.41,38.73,39.12,38.43,0.69,1.7955,608395.89,2382330.33,0.5,0.5,,,,,
600036.SH,20220530,39.5,39.5,38.79,39.07,39.12,-0.05,-0.1278,471536.67,1841958.552,0.5,0.5,,,,,
600036.SH,20220531,39.05,39.75,38.8,39.69,39.07,0.62,1.5869,645403.94,2550654.577,0.5,0.5,,,,,
600036.SH,20220601,39.7,39.7,39.27,39.69,39.69,0.0,0.0,433834.08,1714345.935,0.5,0.5,,,,,
600036.SH,20220602,39.3,39.43,38.74,38.92,39.69,-0.77,-1.94,547281.21,2129924.528,0.5,0.5,,,,,
600036.SH,20220606,38.85,39.03,38.1,38.97,38.92,0.05,0.1285,698702.87,2692557.419,0.5,0.5,,,,,
600036.SH,20220607,38.96,39.5,38.67,39.35,38.97,0.38,0.9751,622726.29,2441620.703,0.5,0.5,,,,,
600036.SH,20220608,39.36,39.6,39.02,39.53,39.35,0.18,0.4574,596930.86,2345955.707,0.5,0.5,,,,,
600036.SH,20220609,39.5,40.6,39.41,40.29,39.53,0.76,1.9226,908607.22,3656593.721,0.5,0.5,,,,,
600036.SH,20220610,39.91,40.16,39.5,40.12,40.29,-0.17,-0.4219,795393.75,3166842.6,0.5,0.5,,,,,
600036.SH,20220613,39.56,39.56,38.34,38.57,40.12,-1.55,-3.8634,971312.16,3770847.475,0.5,0.5,,,,,
600036.SH,20220614,38.2,39.3,38.11,39.24,38.57,0.67,1.7371,598362.44,2314895.047,0.5,0.5,,,,,
600036.SH,20220615,39.19,41.1,39.19,40.48,39.24,1.24,3.16,1394894.78,5639026.274,0.5,0.5,,,,,
600036.SH,20220616,40.88,40.98,39.96,39.96,40.48,-0.52,-1.2846,636883.39,2567652.086,0.5,0.5,,,,,
600036.SH,20220617,39.84,40.17,39.27,39.85,39.96,-0.11,-0.2753,550730.77,2188790.58,0.5,0.5,,,,,
600036.SH,20220620,39.89,40.1,39.4,39.7,39.85,-0.15,-0.3764,614206.16,2440349.614,0.5,0.5,,,,,
600036.SH,20220621,39.74,40.65,39.45,40.33,39.7,0.63,1.5869,583913.88,2351462.261,0.5,0.5,,,,,
600036.SH,20220622,40.4,40.47,39.3,39.31,40.33,-1.02,-2.5291,730711.87,2896990.424,0.5,0.5,,,,,
600036.SH,20220623,39.32,40.21,39.32,40.14,39.31,0.83,2.1114,616029.83,2459925.121,0.5,0.5,,,,,
600036.SH,20220624,40.27,40.59,39.66,40.2,40.14,0.06,0.1495,639950.33,2559336.619,0.5,0.5,,,,,
600036.SH,20220627,40.33,41.36,40.15,41.25,40.2,1.05,2.6119,893408.11,3664489.439,0.5,0.5,,,,,
600036.SH,20220628,41.1,41.42,40.9,41.28,41.25,0.03,0.0727,499163.67,2054696.486,0.5,0.5,,,,,
600036.SH,20220629,41.27,41.71,40.99,41.01,41.28,-0.27,-0.6541,622804.11,2571017.815,0.5,0.5,,,,,
600036.SH,20220630,41.04,42.7,40.96,42.2,41.01,1.19,2.9017,832628.23,3502837.233,0.5,0.5,,,,,
600036.SH,20220701,42.38,42.38,41.21,41.38,42.2,-0.82,-1.9431,695748.15,2888674.475,0.5,0.5,,,,,
600036.SH,20220704,41.28,41.37,40.8,41.05,41.38,-0.33,-0.7975,486917.85,2000021.774,0.5,0.5,,,,,
600036.SH,20220705,41.46,41.67,40.76,40.98,41.05,-0.07,-0.1705,534538.41,2198036.073,0.5,0.5,,,,,
600036.SH,20220706,40.96,41.09,39.6,39.8,40.98,-1.18,-2.8795,885266.38,3542584.702,0.5,0.5,,,,,
600036.SH,20220707,39.8,40.17,39.55,39.75,39.8,-0.05,-0.1256,508129.21,2024650.566,0.5,0.5,,,,,
600036.SH,20220708,40.2,40.22,39.63,39.81,39.75,0.06,0.1509,480361.45,1912947.04,0.5,0.5,,,,,
600036.SH,20220711,39.58,39.69,39.2,39.44,39.81,-0.37,-0.9294,403754.87,1589869.33,0.5,0.5,,,,,
600036.SH,20220712,39.36,39.8,39.03,39.3,39.44,-0.14,-0.355,580629.88,2285703.404,0.5,0.5,,,,,
600036.SH,20220713,39.07,39.25,37.69,37.9,39.3,-1.4,-3.5623,1410830.81,5383917.613,0.5,0.5,,,,,
600036.SH,20220714,37.17,37.19,35.5,36.48,37.9,-1.42,-3.7467,2325233.74,8431357.29,0.5,0.5,,,,,
600036.SH,20220715,35.1,35.96,34.86,34.87,34.96,-0.09,-0.2574,1382451.73,4872775.479,0.5,0.5,,,,,
600036.SH,20220718,35.15,35.84,35.01,35.63,34.87,0.76,2.1795,903080.21,3202227.202,0.5,0.5,,,,,
600036.SH,20220719,35.5,35.85,35.2,35.71,35.63,0.08,0.2245,537813.84,1910448.534,0.5,0.5,,,,,
600036.SH,20220720,35.94,36.12,35.71,35.85,35.71,0.14,0.392,469688.71,1685116.916,0.5,0.5,,,,,
600036.SH,20220721,35.54,35.83,35.37,35.46,35.85,-0.39,-1.0879,466240.82,1656137.612,0.5,0.5,,,,,
600036.SH,20220722,35.55,36.05,35.25,35.59,35.46,0.13,0.3666,510332.74,1817477.34,0.5,0.5,,,,,
600036.SH,20220725,35.38,35.98,35.22,35.85,35.59,0.26,0.7305,404648.61,1447583.0,0.5,0.5,,,,,
600036.SH,20220726,35.85,36.35,35.79,36.33,35.85,0.48,1.3389,456285.22,1651632.36,0.5,0.5,,,,,
600036.SH,20220727,36.23,36.35,35.91,36.05,36.33,-0.28,-0.7707,442471.35,1597140.637,0.5,0.5,,,,,
600036.SH,20220728,36.1,36.35,35.75,35.78,36.05,-0.27,-0.749,570667.6,2054633.516,0.5,0.5,,,,,
600036.SH,20220729,35.83,36.18,35.01,35.07,35.78,-0.71,-1.9843,649706.31,2299974.527,0.5,0.5,,,,,
600036.SH,20220801,34.99,35.01,34.45,34.52,35.07,-0.55,-1.5683,705882.73,2445426.274,0.5,0.5,,,,,
600036.SH,20220802,34.2,34.21,33.33,33.91,34.52,-0.61,-1.7671,811607.51,2741206.158,0.5,0.5,,,,,
600036.SH,20220803,33.9,34.49,32.95,33.06,33.91,-0.85,-2.5066,1003206.25,3341394.264,0.5,0.5,,,,,
600036.SH,20220804,33.33,33.7,33.23,33.66,33.06,0.6,1.8149,593072.71,1986094.524,0.5,0.5,,,,,
600036.SH,20220805,33.81,34.34,33.62,34.3,33.66,0.64,1.9014,488719.48,1660667.569,0.5,0.5,,,,,
600036.SH,20220808,34.19,34.49,33.62,33.91,34.3,-0.39,-1.137,572111.97,1942979.975,0.5,0.5,,,,,
600036.SH,20220809,33.95,33.95,33.4,33.6,33.91,-0.31,-0.9142,498671.19,1675279.85,0.5,0.5,,,,,
600036.SH,20220810,33.56,33.7,33.03,33.15,33.6,-0.45,-1.3393,529604.8,1758806.053,0.5,0.5,,,,,
600036.SH,20220811,33.46,34.4,33.18,34.36,33.15,1.21,3.6501,826688.09,2799671.312,0.5,0.5,,,,,
600036.SH,20220812,34.16,34.44,34.03,34.37,34.36,0.01,0.0291,402000.5,1377797.391,0.5,0.5,,,,,
600036.SH,20220815,34.1,34.33,33.53,33.73,34.37,-0.64,-1.8621,459180.83,1554089.642,0.5,0.5,,,,,
600036.SH,20220816,33.86,34.37,33.75,33.91,33.73,0.18,0.5336,479154.54,1629408.747,0.5,0.5,,,,,
600036.SH,20220817,34.0,34.33,33.54,34.24,33.91,0.33,0.9732,453954.76,1545822.426,0.5,0.5,,,,,
600036.SH,20220818,34.13,34.17,33.44,33.72,34.24,-0.52,-1.5187,507344.43,1709182.803,0.5,0.5,,,,,
600036.SH,20220819,33.48,34.15,33.46,33.85,33.72,0.13,0.3855,428449.67,1455096.383,0.5,0.5,,,,,
600036.SH,20220822,33.54,34.12,33.5,33.62,33.85,-0.23,-0.6795,525634.82,1773361.292,0.5,0.5,,,,,
600036.SH,20220823,33.59,33.6,33.02,33.1,33.62,-0.52,-1.5467,539657.2,1791825.378,0.5,0.5,,,,,
600036.SH,20220824,33.14,33.44,32.8,32.84,33.1,-0.26,-0.7855,589658.52,1950217.427,0.5,0.5,,,,,
600036.SH,20220825,32.9,33.77,32.59,33.69,32.84,0.85,2.5883,650738.75,2161568.446,0.5,0.5,,,,,
600036.SH,20220826,33.7,34.04,33.33,33.7,33.69,0.01,0.0297,549683.1,1852196.046,0.5,0.5,,,,,
600036.SH,20220829,33.31,33.82,33.11,33.28,33.7,-0.42,-1.2463,389013.92,1293596.316,0.5,0.5,,,,,
600036.SH,20220830,33.11,33.87,33.08,33.79,33.28,0.51,1.5325,590877.36,1983189.091,0.5,0.5,,,,,
600036.SH,20220831,33.54,35.24,33.47,35.05,33.79,1.26,3.7289,1665451.05,5773783.194,0.5,0.5,,,,,
600036.SH,20220901,34.86,35.04,34.49,34.5,35.05,-0.55,-1.5692,607421.08,2109230.456,0.5,0.5,,,,,
600036.SH,20220902,34.6,34.9,34.12,34.32,34.5,-0.18,-0.5217,476634.98,1638046.863,0.5,0.5,,,,,
600036.SH,20220905,34.25,34.39,33.56,34.23,34.32,-0.09,-0.2622,467372.06,1585571.171,0.5,0.5,,,,,
600036.SH,20220906,34.32,34.75,33.5,33.62,34.23,-0.61,-1.7821,877561.01,2969378.343,0.5,0.5,,,,,
600036.SH,20220907,33.35,33.48,33.06,33.38,33.62,-0.24,-0.7139,625220.16,2077538.98,0.5,0.5,,,,,
600036.SH,20220908,33.37,33.53,33.25,33.3,33.38,-0.08,-0.2397,416672.22,1390770.603,0.5,0.5,,,,,
600036.SH,20220909,33.45,34.76,33.38,34.5,33.3,1.2,3.6036,1351666.15,4636864.234,0.5,0.5,,,,,
600036.SH,20220913,34.45,35.65,34.29,35.35,34.5,0.85,2.4638,1438610.57,5071277.448,0.5,0.5,,,,,
600036.SH,20220914,34.9,35.3,34.71,34.86,35.35,-0.49,-1.3861,560786.36,1960637.593,0.5,0.5,,,,,
600036.SH,20220915,35.15,36.06,35.15,36.01,34.86,1.15,3.2989,1340950.49,4805992.201,0.5,0.5,,,,,
600036.SH,20220916,35.69,36.0,34.92,34.95,36.01,-1.06,-2.9436,865161.34,3050978.941,0.5,0.5,,,,,
600036.SH,20220919,34.89,35.32,34.75,35.09,34.95,0.14,0.4006,449981.29,1578116.277,0.5,0.5,,,,,
600036.SH,20220920,35.1,35.19,34.35,34.54,35.09,-0.55,-1.5674,504345.51,1745868.528,0.5,0.5,,,,,
600036.SH,20220921,34.45,34.88,33.86,34.41,34.54,-0.13,-0.3764,530389.25,1821095.332,0.5,0.5,,,,,
600036.SH,20220922,34.0,34.25,33.91,34.17,34.41,-0.24,-0.6975,385145.51,1310807.203,0.5,0.5,,,,,
600036.SH,20220923,34.0,34.66,34.0,34.36,34.17,0.19,0.556,366437.17,1258753.251,0.5,0.5,,,,,
600036.SH,20220926,34.02,34.52,33.84,33.95,34.36,-0.41,-1.1932,525491.4,1789545.993,0.5,0.5,,,,,
600036.SH,20220927,33.89,34.05,33.44,33.9,33.95,-0.05,-0.1473,475413.62,1604082.625,0.5,0.5,,,,,
600036.SH,20220928,33.79,34.0,33.42,33.67,33.9,-0.23,-0.6785,487298.6,1642543.374,0.5,0.5,,,,,
600036.SH,20220929,33.99,34.32,33.0,33.15,33.67,-0.52,-1.5444,617859.02,2073148.613,0.5,0.5,,,,,
600036.SH,20220930,33.26,33.95,33.12,33.65,33.15,0.5,1.5083,539717.07,1816711.65,0.5,0.5,,,,,
600036.SH,20221010,32.99,33.09,31.25,31.8,33.65,-1.85,-5.4978,1277991.32,4068516.527,0.5,0.5,,,,,
600036.SH,20221011,31.79,32.07,31.31,31.4,31.8,-0.4,-1.2579,618664.47,1953843.165,0.5,0.5,,,,,
600036.SH,20221012,31.25,31.3,30.05,30.95,31.4,-0.45,-1.4331,1173699.75,3590021.718,0.5,0.5,,,,,
600036.SH,20221013,30.47,30.56,29.7,29.89,30.95,-1.06,-3.4249,1350380.91,4045377.68,0.5,0.5,,,,,
600036.SH,20221014,30.3,31.22,30.1,31.08,29.89,1.19,3.9813,1269196.92,3911873.392,0.5,0.5,,,,,
600036.SH,20221017,30.7,31.18,30.54,31.02,31.08,-0.06,-0.1931,646309.61,1997396.404,0.5,0.5,,,,,
600036.SH,20221018,31.3,31.38,30.7,30.8,31.02,-0.22,-0.7092,562813.82,1739815.953,0.5,0.5,,,,,
600036.SH,20221019,30.72,31.07,30.21,30.26,30.8,-0.54,-1.7532,528275.18,1614469.066,0.5,0.5,,,,,
600036.SH,20221020,30.0,30.45,29.88,30.07,30.26,-0.19,-0.6279,551154.04,1657020.702,0.5,0.5,,,,,
600036.SH,20221021,30.15,30.27,29.5,29.58,30.07,-0.49,-1.6295,728710.94,2171956.543,0.5,0.5,,,,,
600036.SH,20221024,29.39,29.49,28.0,28.02,29.58,-1.56,-5.2738,1451458.35,4134436.262,0.5,0.5,,,,,
600036.SH,20221025,28.02,28.47,27.81,28.19,28.02,0.17,0.6067,860282.49,2418347.973,0.5,0.5,,,,,
600036.SH,20221026,27.98,28.32,27.76,27.93,28.19,-0.26,-0.9223,754021.89,2113201.163,0.5,0.5,,,,,
600036.SH,20221027,28.2,28.44,27.9,27.94,27.93,0.01,0.0358,762865.64,2145320.724,0.5,0.5,,,,,
600036.SH,20221028,27.6,28.0,26.99,27.18,27.94,-0.76,-2.7201,949464.22,2601030.856,0.5,0.5,,,,,
600036.SH,20221031,26.9,27.13,26.3,26.82,27.18,-0.36,-1.3245,953032.53,2553633.471,0.5,0.5,,,,,
600036.SH,20221101,27.1,28.25,27.01,28.19,26.82,1.37,5.1081,1059019.01,2937217.653,0.5,0.5,,,,,
600036.SH,20221102,28.16,28.7,27.85,28.42,28.19,0.23,0.8159,728361.02,2060238.785,0.5,0.5,,,,,
600036.SH,20221103,28.35,28.38,27.88,28.05,28.42,-0.37,-1.3019,501722.13,1410971.285,0.5,0.5,,,,,
600036.SH,20221104,28.05,29.25,27.99,29.08,28.05,1.03,3.672,926829.57,2676989.831,0.5,0.5,,,,,
600036.SH,20221107,28.8,29.43,28.62,29.16,29.08,0.08,0.2751,545380.19,1585520.854,0.5,0.5,,,,,
600036.SH,20221108,29.2,29.38,28.94,29.15,29.16,-0.01,-0.0343,439781.88,1281125.722,0.5,0.5,,,,,
600036.SH,20221109,29.15,29.55,29.0,29.18,29.15,0.03,0.1029,463059.56,1353976.618,0.5,0.5,,,,,
600036.SH,20221110,29.0,29.3,28.77,29.19,29.18,0.01,0.0343,400045.62,1163044.393,0.5,0.5,,,,,
600036.SH,20221111,30.1,31.8,29.71,31.24,29.19,2.05,7.023,1688716.88,5192860.256,0.5,0.5,,,,,
600036.SH,20221114,32.5,33.69,32.33,33.14,31.24,1.9,6.0819,2049685.36,6818027.855,0.5,0.5,,,,,
600036.SH,20221115,33.15,33.83,32.75,33.28,33.14,0.14,0.4225,913305.06,3043238.573,0.5,0.5,,,,,
600036.SH,20221116,33.26,33.48,32.86,33.38,33.28,0.1,0.3005,614594.43,2043574.641,0.5,0.5,,,,,
600036.SH,20221117,33.3,33.3,32.0,32.31,33.38,-1.07,-3.2055,1037151.91,3358356.944,0.5,0.5,,,,,
600036.SH,20221118,32.29,32.68,31.83,32.07,32.31,-0.24,-0.7428,562731.94,1805184.083,0.5,0.5,,,,,
600036.SH,20221121,31.6,31.97,31.05,31.87,32.07,-0.2,-0.6236,479104.04,1512009.17,0.5,0.5,,,,,
600036.SH,20221122,32.07,32.88,31.8,32.45,31.87,0.58,1.8199,654166.5,2120960.84,0.5,0.5,,,,,
600036.SH,20221123,32.33,32.95,32.15,32.22,32.45,-0.23,-0.7088,577644.27,1878620.068,0.5,0.5,,,,,
600036.SH,20221124,32.6,32.87,32.08,32.22,32.22,0.0,0.0,406301.0,1314257.028,0.5,0.5,,,,,
600036.SH,20221125,32.21,33.22,32.18,33.02,32.22,0.8,2.4829,830121.55,2729700.885,0.5,0.5,,,,,
600036.SH,20221128,32.1,32.11,31.45,31.96,33.02,-1.06,-3.2102,809376.86,2566010.758,0.5,0.5,,,,,
600036.SH,20221129,32.79,34.91,32.75,34.86,31.96,2.9,9.0738,1753186.95,5977811.958,0.5,0.5,,,,,
600036.SH,20221130,34.33,35.44,34.2,34.96,34.86,0.1,0.2869,873324.61,3048012.198,0.5,0.5,,,,,
600036.SH,20221201,35.9,36.5,34.85,35.0,34.96,0.04,0.1144,831397.23,2948536.902,0.5,0.5,,,,,
600036.SH,20221202,35.0,35.0,34.16,34.39,35.0,-0.61,-1.7429,598462.4,2055897.652,0.5,0.5,,,,,
600036.SH,20221205,34.97,36.1,34.61,36.1,34.39,1.71,4.9724,1050604.39,3735713.567,0.5,0.5,,,,,
600036.SH,20221206,35.91,35.98,35.42,35.85,36.1,-0.25,-0.6925,651103.53,2322429.385,0.5,0.5,,,,,
600036.SH,20221207,35.8,35.95,35.3,35.32,35.85,-0.53,-1.4784,564606.28,2005014.219,0.5,0.5,,,,,
600036.SH,20221208,35.25,35.77,35.16,35.45,35.32,0.13,0.3681,443551.51,1574334.29,0.5,0.5,,,,,
600036.SH,20221209,35.8,36.93,35.63,36.75,35.45,1.3,3.6671,958162.91,3491269.582,0.5,0.5,,,,,
600036.SH,20221212,36.41,36.6,35.68,35.79,36.75,-0.96,-2.6122,606262.4,2186064.378,0.5,0.5,,,,,
600036.SH,20221213,35.73,36.26,35.61,36.14,35.79,0.35,0.9779,382903.98,1379130.447,0.5,0.5,,,,,
600036.SH,20221214,36.14,37.04,36.02,36.91,36.14,0.77,2.1306,644361.67,2361876.16,0.5,0.5,,,,,
600036.SH,20221215,36.62,36.96,36.22,36.33,36.91,-0.58,-1.5714,403403.41,1470344.983,0.5,0.5,,,,,
600036.SH,20221216,36.3,37.2,36.3,37.09,36.33,0.76,2.0919,607820.01,2242781.163,0.5,0.5,,,,,
600036.SH,20221219,37.1,37.34,36.25,36.5,37.09,-0.59,-1.5907,547842.53,2014825.882,0.5,0.5,,,,,
600036.SH,20221220,36.24,36.55,35.3,35.72,36.5,-0.78,-2.137,702911.16,2518741.582,0.5,0.5,,,,,
600036.SH,20221221,35.99,36.23,35.71,35.95,35.72,0.23,0.6439,330497.76,1188825.669,0.5,0.5,,,,,
600036.SH,20221222,36.53,36.85,36.25,36.5,35.95,0.55,1.5299,359714.83,1312827.354,0.5,0.5,,,,,
600036.SH,20221223,36.29,36.8,36.15,36.37,36.5,-0.13,-0.3562,330583.6,1204442.484,0.5,0.5,,,,,
600036.SH,20221226,36.35,36.8,35.89,35.95,36.37,-0.42,-1.1548,360473.52,1309281.788,0.5,0.5,,,,,
600036.SH,20221227,36.45,36.98,36.33,36.67,35.95,0.72,2.0028,367907.47,1350814.519,0.5,0.5,,,,,
600036.SH,20221228,36.67,37.52,36.58,37.33,36.67,0.66,1.7998,528859.97,1970716.248,0.5,0.5,,,,,
600036.SH,20221229,36.9,37.32,36.65,37.23,37.33,-0.1,-0.2679,513629.13,1902491.092,0.5,0.5,,,,,
600036.SH,20221230,37.34,37.63,37.19,37.26,37.23,0.03,0.0806,523228.05,1959907.428,0.5,0.5,,,,,
600036.SH,20230103,37.08,37.78,36.53,37.58,37.26,0.32,0.8588,606266.16,2255334.391,0.5,0.5,,,,,
600036.SH,20230104,37.78,38.83,37.53,38.65,37.58,1.07,2.8473,836454.11,3207024.324,0.5,0.5,,,,,
600036.SH,20230105,38.99,39.27,38.4,38.5,38.65,-0.15,-0.3881,619085.19,2398823.818,0.5,0.5,,,,,
600036.SH,20230106,38.66,38.93,37.89,38.38,38.5,-0.12,-0.3117,590006.99,2255711.424,0.5,0.5,,,,,
600036.SH,20230109,38.41,39.1,38.41,38.8,38.38,0.42,1.0943,499148.86,1937276.819,0.5,0.5,,,,,
600036.SH,20230110,38.78,38.8,38.16,38.25,38.8,-0.55,-1.4175,541971.59,2078031.131,0.5,0.5,,,,,
600036.SH,20230111,38.38,39.18,38.14,38.92,38.25,0.67,1.7516,541706.98,2107076.772,0.5,0.5,,,,,
600036.SH,20230112,39.11,39.15,38.73,39.05,38.92,0.13,0.334,304348.71,1185494.431,0.5,0.5,,,,,
600036.SH,20230113,39.07,39.66,38.97,39.66,39.05,0.61,1.5621,463767.08,1825772.733,0.5,0.5,,,,,
600036.SH,20230116,40.0,41.14,39.8,40.47,39.66,0.81,2.0424,880468.55,3569434.0,0.5,0.5,,,,,
600036.SH,20230117,40.45,40.94,40.28,40.68,40.47,0.21,0.5189,432047.05,1752751.493,0.5,0.5,,,,,
600036.SH,20230118,40.65,40.95,40.23,40.38,40.68,-0.3,-0.7375,294674.72,1191075.289,0.5,0.5,,,,,
600036.SH,20230119,40.2,40.8,39.92,40.65,40.38,0.27,0.6686,472490.21,1910434.244,0.5,0.5,,,,,
600036.SH,20230120,40.98,41.1,40.68,41.05,40.65,0.4,0.984,413402.73,1692997.05,0.5,0.5,,,,,
600036.SH,20230130,42.55,42.63,41.85,42.03,41.05,0.98,2.3873,1007007.4,4255796.7,0.5,0.5,,,,,
600036.SH,20230131,42.35,42.35,41.21,41.21,42.03,-0.82,-1.951,642311.85,2677248.182,0.5,0.5,,,,,
600036.SH,20230201,41.64,41.69,39.95,40.54,41.21,-0.67,-1.6258,916791.3,3709963.959,0.5,0.5,,,,,
600036.SH,20230202,40.7,40.75,39.55,40.03,40.54,-0.51,-1.258,727232.93,2898996.931,0.5,0.5,,,,,
600036.SH,20230203,39.79,39.79,39.01,39.3,40.03,-0.73,-1.8236,638163.64,2506324.574,0.5,0.5,,,,,
600036.SH,20230206,38.72,38.74,37.88,38.35,39.3,-0.95,-2.4173,731000.66,2790029.317,0.5,0.5,,,,,
600036.SH,20230207,38.5,38.94,38.16,38.41,38.35,0.06,0.1565,426570.86,1643882.586,0.5,0.5,,,,,
600036.SH,20230208,38.5,38.92,38.36,38.49,38.41,0.08,0.2083,317065.28,1222704.068,0.5,0.5,,,,,
600036.SH,20230209,38.42,38.89,38.32,38.49,38.49,0.0,0.0,498174.81,1920854.681,0.5,0.5,,,,,
600036.SH,20230210,38.3,38.39,37.9,38.16,38.49,-0.33,-0.8574,411026.39,1567982.948,0.5,0.5,,,,,
600036.SH,20230213,37.9,37.98,37.07,37.72,38.16,-0.44,-1.153,825181.34,3095654.45,0.5,0.5,,,,,
600036.SH,20230214,37.78,38.06,37.51,38.0,37.72,0.28,0.7423,486076.63,1836814.072,0.5,0.5,,,,,
600036.SH,20230215,38.0,38.09,37.0,37.17,38.0,-0.83,-2.1842,771047.78,2872782.991,0.5,0.5,,,,,
600036.SH,20230216,37.2,37.85,37.02,37.27,37.17,0.1,0.269,654152.31,2453427.441,0.5,0.5,,,,,
600036.SH,20230217,37.15,37.38,36.68,36.71,37.27,-0.56,-1.5025,575812.8,2130963.531,0.5,0.5,,,,,
600036.SH,20230220,36.82,38.51,36.82,38.49,36.71,1.78,4.8488,1080228.3,4089276.99,0.5,0.5,,,,,
600036.SH,20230221,38.43,38.82,38.13,38.69,38.49,0.2,0.5196,530465.4,2043801.362,0.5,0.5,,,,,
600036.SH,20230222,38.46,38.6,38.14,38.16,38.69,-0.53,-1.3699,383091.39,1467027.311,0.5,0.5,,,,,
600036.SH,20230223,38.16,38.77,38.16,38.27,38.16,0.11,0.2883,370638.24,1423074.975,0.5,0.5,,,,,
600036.SH,20230224,38.17,38.25,37.4,37.46,38.27,-0.81,-2.1165,533690.15,2011474.6,0.5,0.5,,,,,
600036.SH,20230227,37.27,37.58,37.09,37.16,37.46,-0.3,-0.8009,449333.67,1674343.23,0.5,0.5,,,,,
600036.SH,20230228,37.17,37.48,36.85,37.31,37.16,0.15,0.4037,378225.52,1405386.5,0.5,0.5,,,,,
600036.SH,20230301,37.25,38.34,37.2,38.25,37.31,0.94,2.5194,571194.01,2169732.585,0.5,0.5,,,,,
600036.SH,20230302,38.04,38.5,37.77,38.25,38.25,0.0,0.0,349070.09,1332878.911,0.5,0.5,,,,,
600036.SH,20230303,38.5,38.77,37.9,38.25,38.25,0.0,0.0,357113.9,1365470.222,0.5,0.5,,,,,
600036.SH,20230306,38.02,38.23,36.91,37.0,38.25,-1.25,-3.268,810519.39,3015166.37,0.5,0.5,,,,,
600036.SH,20230307,36.89,37.48,36.41,36.56,37.0,-0.44,-1.1892,737411.49,2722185.234,0.5,0.5,,,,,
600036.SH,20230308,36.25,36.32,35.8,36.0,36.56,-0.56,-1.5317,616583.57,2216886.862,0.5,0.5,,,,,
600036.SH,20230309,36.0,36.08,35.5,35.58,36.0,-0.42,-1.1667,539996.02,1928666.141,0.5,0.5,,,,,
600036.SH,20230310,35.05,35.66,34.95,35.03,35.58,-0.55,-1.5458,558453.66,1963698.972,0.5,0.5,,,,,
600036.SH,20230313,34.92,35.38,34.71,35.05,35.03,0.02,0.0571,584204.63,2046110.685,0.5,0.5,,,,,
600036.SH,20230314,34.68,34.93,34.34,34.58,35.05,-0.47,-1.3409,626667.5,2168927.834,0.5,0.5,,,,,
600036.SH,20230315,35.15,35.71,34.88,34.88,34.58,0.3,0.8676,676383.78,2380639.264,0.5,0.5,,,,,
600036.SH,20230316,34.5,35.15,34.21,34.65,34.88,-0.23,-0.6594,403894.89,1401995.822,0.5,0.5,,,,,
600036.SH,20230317,35.02,35.37,34.02,34.36,34.65,-0.29,-0.8369,832715.78,2893458.533,0.5,0.5,,,,,
600036.SH,20230320,34.44,34.91,34.02,34.12,34.36,-0.24,-0.6985,520725.15,1790157.157,0.5,0.5,,,,,
600036.SH,20230321,34.21,34.5,34.01,34.23,34.12,0.11,0.3224,367475.39,1256872.36,0.5,0.5,,,,,
600036.SH,20230322,34.52,34.73,34.28,34.54,34.23,0.31,0.9056,459867.4,1587045.184,0.5,0.5,,,,,
600036.SH,20230323,34.4,35.34,34.32,35.2,34.54,0.66,1.9108,542146.33,1890730.123,0.5,0.5,,,,,
600036.SH,20230324,34.98,34.98,34.23,34.43,35.2,-0.77,-2.1875,678718.39,2342134.999,0.5,0.5,,,,,
600036.SH,20230327,34.6,34.6,34.05,34.21,34.43,-0.22,-0.639,449836.1,1538661.024,0.5,0.5,,,,,
600036.SH,20230328,34.41,34.72,34.18,34.4,34.21,0.19,0.5554,533234.36,1834470.874,0.5,0.5,,,,,
600036.SH,20230329,34.61,34.7,34.1,34.12,34.4,-0.28,-0.814,418630.12,1433206.733,0.5,0.5,,,,,
600036.SH,20230330,34.15,34.39,33.71,34.35,34.12,0.23,0.6741,562289.7,1915822.304,0.5,0.5,,,,,
600036.SH,20230331,34.36,34.82,34.14,34.27,34.35,-0.08,-0.2329,577794.28,1993103.479,0.5,0.5,,,,,
600036.SH,20230403,34.31,34.45,33.98,34.37,34.27,0.1,0.2918,504675.01,1727952.628,0.5,0.5,,,,,
600036.SH,20230404,34.38,34.42,34.06,34.28,34.37,-0.09,-0.2619,487820.66,1668757.196,0.5,0.5,,,,,
600036.SH,20230406,34.17,34.17,33.73,33.8,34.28,-0.48,-1.4002,486795.67,1650684.312,0.5,0.5,,,,,
600036.SH,20230407,33.85,34.26,33.75,34.14,33.8,0.34,1.0059,394141.2,1343439.511,0.5,0.5,,,,,
600036.SH,20230410,34.15,34.3,33.97,34.24,34.14,0.1,0.2929,330159.49,1128256.665,0.5,0.5,,,,,
600036.SH,20230411,34.24,34.34,33.63,33.73,34.24,-0.51,-1.4895,733991.53,2485887.912,0.5,0.5,,,,,
600036.SH,20230412,33.89,33.95,33.66,33.74,33.73,0.01,0.0296,416127.69,1403968.679,0.5,0.5,,,,,
600036.SH,20230413,33.65,34.24,33.25,34.01,33.74,0.27,0.8002,634304.56,2142100.175,0.5,0.5,,,,,
600036.SH,20230414,34.2,34.79,34.02,34.39,34.01,0.38,1.1173,693923.38,2387857.214,0.5,0.5,,,,,
600036.SH,20230417,34.32,35.2,34.1,35.2,34.39,0.81,2.3553,893730.12,3107511.587,0.5,0.5,,,,,
600036.SH,20230418,35.21,36.35,35.12,35.68,35.2,0.48,1.3636,942714.63,3375509.116,0.5,0.5,,,,,
600036.SH,20230419,35.84,35.84,35.3,35.5,35.68,-0.18,-0.5045,510886.48,1815680.622,0.5,0.5,,,,,
600036.SH,20230420,35.6,35.74,34.86,34.99,35.5,-0.51,-1.4366,680915.3,2393722.845,0.5,0.5,,,,,
600036.SH,20230421,34.99,35.18,34.43,34.5,34.99,-0.49,-1.4004,531591.46,1849378.443,0.5,0.5,,,,,
600036.SH,20230424,34.52,34.69,33.51,33.6,34.5,-0.9,-2.6087,729873.68,2474101.753,0.5,0.5,,,,,
600036.SH,20230425,33.61,34.14,33.51,34.03,33.6,0.43,1.2798,512212.8,1731551.113,0.5,0.5,,,,,
600036.SH,20230426,33.8,33.96,33.35,33.82,34.03,-0.21,-0.6171,496500.7,1673601.45,0.5,0.5,,,,,
600036.SH,20230427,32.97,32.99,32.14,32.63,33.82,-1.19,-3.5186,1559279.39,5072330.698,0.5,0.5,,,,,
600036.SH,20230428,32.46,33.75,32.41,33.6,32.63,0.97,2.9727,940213.08,3136764.115,0.5,0.5,,,,,
600036.SH,20230504,33.29,34.4,32.83,34.13,33.6,0.53,1.5774,725433.03,2457318.979,0.5,0.5,,,,,
600036.SH,20230505,34.18,35.06,34.15,34.69,34.13,0.56,1.6408,800889.73,2785096.474,0.5,0.5,,,,,
600036.SH,20230508,34.86,35.95,34.64,35.6,34.69,0.91,2.6232,1064265.8,3773892.3,0.5,0.5,,,,,
600036.SH,20230509,35.68,36.1,34.96,34.99,35.6,-0.61,-1.7135,985529.78,3503564.878,0.5,0.5,,,,,
600036.SH,20230510,34.9,35.12,34.29,34.4,34.99,-0.59,-1.6862,638373.87,2203715.637,0.5,0.5,,,,,
600036.SH,20230511,34.6,35.33,34.4,34.45,34.4,0.05,0.1453,445802.84,1547837.683,0.5,0.5,,,,,
600036.SH,20230512,34.47,34.55,34.0,34.04,34.45,-0.41,-1.1901,459365.69,1569062.497,0.5,0.5,,,,,
600036.SH,20230515,34.09,34.85,33.71,34.7,34.04,0.66,1.9389,528094.53,1811811.263,0.5,0.5,,,,,
600036.SH,20230516,34.95,35.2,34.57,34.82,34.7,0.12,0.3458,385248.04,1341479.236,0.5,0.5,,,,,
600036.SH,20230517,34.81,35.13,34.43,34.5,34.82,-0.32,-0.919,396376.35,1380094.248,0.5,0.5,,,,,
600036.SH,20230518,34.73,34.84,34.21,34.45,34.5,-0.05,-0.1449,329012.3,1137523.121,0.5,0.5,,,,,
600036.SH,20230519,34.35,34.45,33.94,33.95,34.45,-0.5,-1.4514,392989.8,1339332.375,0.5,0.5,,,,,
600036.SH,20230522,33.98,34.34,33.98,34.2,33.95,0.25,0.7364,296934.41,1014463.033,0.5,0.5,,,,,
600036.SH,20230523,34.21,34.38,33.6,33.6,34.2,-0.6,-1.7544,346921.26,1177389.441,0.5,0.5,,,,,
600036.SH,20230524,33.59,33.59,32.93,32.93,33.6,-0.67,-1.994,463998.73,1541649.339,0.5,0.5,,,,,
600036.SH,20230525,32.76,32.76,32.16,32.42,32.93,-0.51,-1.5487,706051.03,2286618.239,0.5,0.5,,,,,
600036.SH,20230526,32.44,32.86,32.22,32.74,32.42,0.32,0.987,294623.74,958855.792,0.5,0.5,,,,,
600036.SH,20230529,32.95,32.95,32.44,32.69,32.74,-0.05,-0.1527,387300.9,1263259.965,0.5,0.5,,,,,
600036.SH,20230530,32.69,32.9,32.36,32.64,32.69,-0.05,-0.153,340071.78,1108840.1,0.5,0.5,,,,,
600036.SH,20230531,32.6,32.8,32.24,32.3,32.64,-0.34,-1.0417,525413.98,1704091.986,0.5,0.5,,,,,
600036.SH,20230601,32.31,32.5,32.02,32.06,32.3,-0.24,-0.743,472398.81,1521250.952,0.5,0.5,,,,,
600036.SH,20230602,32.22,33.1,32.2,33.07,32.06,1.01,3.1503,558856.07,1829053.08,0.5,0.5,,,,,
600036.SH,20230605,33.07,33.27,32.84,33.04,33.07,-0.03,-0.0907,312730.34,1033695.634,0.5,0.5,,,,,
600036.SH,20230606,33.04,33.8,32.98,33.07,33.04,0.03,0.0908,386633.75,1288946.278,0.5,0.5,,,,,
600036.SH,20230607,33.25,33.61,33.16,33.3,33.07,0.23,0.6955,338906.35,1132209.544,0.5,0.5,,,,,
600036.SH,20230608,33.32,34.22,33.22,34.08,33.3,0.78,2.3423,549615.01,1859578.016,0.5,0.5,,,,,
600036.SH,20230609,34.05,34.25,33.74,33.74,34.08,-0.34,-0.9977,415108.72,1408235.126,0.5,0.5,,,,,
600036.SH,20230612,33.73,33.92,33.38,33.73,33.74,-0.01,-0.0296,406773.76,1370601.854,0.5,0.5,,,,,
600036.SH,20230613,33.56,33.94,33.5,33.73,33.73,0.0,0.0,231245.56,779060.071,0.5,0.5,,,,,
600036.SH,20230614,33.93,34.04,33.39,33.39,33.73,-0.34,-1.008,382633.1,1289658.685,0.5,0.5,,,,,
600036.SH,20230615,33.5,33.79,33.31,33.72,33.39,0.33,0.9883,369537.06,1239411.035,0.5,0.5,,,,,
600036.SH,20230616,33.86,34.04,33.75,33.93,33.72,0.21,0.6228,426806.37,1448460.382,0.5,0.5,,,,,
600036.SH,20230619,33.91,33.91,33.56,33.58,33.93,-0.35,-1.0315,278960.62,939883.957,0.5,0.5,,,,,
600036.SH,20230620,33.5,33.56,33.1,33.19,33.58,-0.39,-1.1614,307648.75,1024392.135,0.5,0.5,,,,,
600036.SH,20230621,33.06,33.64,33.0,33.17,33.19,-0.02,-0.0603,427865.99,1426164.911,0.5,0.5,,,,,
600036.SH,20230626,32.93,33.1,32.42,32.61,33.17,-0.56,-1.6883,432103.0,1410658.235,0.5,0.5,,,,,
600036.SH,20230627,32.63,33.01,32.44,32.82,32.61,0.21,0.644,345715.27,1132557.913,0.5,0.5,,,,,
600036.SH,20230628,32.81,33.18,32.72,33.05,32.82,0.23,0.7008,333818.01,1100128.735,0.5,0.5,,,,,
600036.SH,20230629,33.05,33.18,32.67,32.68,33.05,-0.37,-1.1195,258548.31,848217.753,0.5,0.5,,,,,
600036.SH,20230630,32.73,33.0,32.64,32.76,32.68,0.08,0.2448,293613.27,964762.581,0.5,0.5,,,,,
600036.SH,20230703,32.9,33.76,32.8,33.72,32.76,0.96,2.9304,453667.67,1515242.663,0.5,0.5,,,,,
600036.SH,20230704,33.6,33.6,33.36,33.51,33.72,-0.21,-0.6228,224086.56,749827.211,0.5,0.5,,,,,
600036.SH,20230705,33.5,33.5,32.84,33.03,33.51,-0.48,-1.4324,413071.58,1365494.25,0.5,0.5,,,,,
600036.SH,20230706,33.03,33.12,32.51,32.58,33.03,-0.45,-1.3624,407842.46,1334753.417,0.5,0.5,,,,,
600036.SH,20230707,32.5,32.58,32.29,32.31,32.58,-0.27,-0.8287,472794.4,1530388.129,0.5,0.5,,,,,
600036.SH,20230710,32.52,32.69,32.33,32.45,32.31,0.14,0.4333,272076.77,883689.382,0.5,0.5,,,,,
600036.SH,20230711,32.73,32.8,32.47,32.71,32.45,0.26,0.8012,329166.54,1074347.765,0.5,0.5,,,,,
600036.SH,20230712,32.72,33.44,32.72,33.2,32.71,0.49,1.498,632049.33,2098753.494,0.5,0.5,,,,,
600036.SH,20230713,31.99,32.0,31.45,31.85,31.46,0.39,1.2397,563850.28,1791570.807,0.5,0.5,,,,,
600036.SH,20230714,31.94,32.19,31.78,31.93,31.85,0.08,0.2512,347520.56,1111472.582,0.5,0.5,,,,,
600036.SH,20230717,31.77,31.78,31.43,31.65,31.93,-0.28,-0.8769,262002.79,827190.406,0.5,0.5,,,,,
600036.SH,20230718,31.65,31.77,31.39,31.46,31.65,-0.19,-0.6003,316389.46,996591.508,0.5,0.5,,,,,
600036.SH,20230719,31.29,31.64,31.26,31.58,31.46,0.12,0.3814,240295.64,755090.293,0.5,0.5,,,,,
600036.SH,20230720,31.77,32.1,31.6,31.69,31.58,0.11,0.3483,272394.43,867690.876,0.5,0.5,,,,,
600036.SH,20230721,31.8,31.98,31.61,31.8,31.69,0.11,0.3471,315669.0,1004431.833,0.5,0.5,,,,,
600036.SH,20230724,31.46,31.73,31.4,31.45,31.8,-0.35,-1.1006,239122.03,753332.483,0.5,0.5,,,,,
600036.SH,20230725,32.0,33.35,32.0,33.27,31.45,1.82,5.787,1261620.96,4159900.848,0.5,0.5,,,,,
600036.SH,20230726,33.27,33.73,33.07,33.35,33.27,0.08,0.2405,501751.4,1673625.171,0.5,0.5,,,,,
600036.SH,20230727,33.5,33.82,33.2,33.66,33.35,0.31,0.9295,548488.96,1845231.37,0.5,0.5,,,,,
600036.SH,20230728,33.49,35.29,33.41,35.1,33.66,1.44,4.2781,1256287.59,4358344.107,0.5,0.5,,,,,
600036.SH,20230731,35.52,36.04,35.01,35.56,35.1,0.46,1.3105,1162756.05,4127807.307,0.5,0.5,,,,,
600036.SH,20230801,35.53,35.58,34.77,34.99,35.56,-0.57,-1.6029,660095.85,2316910.863,0.5,0.5,,,,,
600036.SH,20230802,34.16,34.82,33.77,34.03,34.99,-0.96,-2.7436,915357.61,3124298.66,0.5,0.5,,,,,
600036.SH,20230803,34.02,34.78,33.87,34.68,34.03,0.65,1.9101,509293.81,1750414.829,0.5,0.5,,,,,
600036.SH,20230804,35.08,35.5,34.72,34.88,34.68,0.2,0.5767,812642.48,2854335.236,0.5,0.5,,,,,
600036.SH,20230807,34.75,34.78,34.28,34.5,34.88,-0.38,-1.0894,344671.92,1187405.635,0.5,0.5,,,,,
600036.SH,20230808,34.33,34.65,33.81,34.15,34.5,-0.35,-1.0145,502282.55,1715919.7,0.5,0.5,,,,,
600036.SH,20230809,34.02,34.31,33.95,34.02,34.15,-0.13,-0.3807,386832.5,1318960.193,0.5,0.5,,,,,
600036.SH,20230810,33.9,34.25,33.8,34.14,34.02,0.12,0.3527,287724.69,978706.457,0.5,0.5,,,,,
600036.SH,20230811,34.16,34.47,33.15,33.15,34.14,-0.99,-2.8998,606240.04,2032299.867,0.5,0.5,,,,,
600036.SH,20230814,32.8,32.83,32.25,32.46,33.15,-0.69,-2.0814,667072.91,2167337.311,0.5,0.5,,,,,
600036.SH,20230815,32.46,32.64,32.15,32.36,32.46,-0.1,-0.3081,582959.14,1887265.044,0.5,0.5,,,,,
600036.SH,20230816,32.15,32.25,31.88,31.97,32.36,-0.39,-1.2052,580151.81,1857011.416,0.5,0.5,,,,,
600036.SH,20230817,31.78,31.87,31.49,31.79,31.97,-0.18,-0.563,646075.69,2043578.651,0.5,0.5,,,,,
600036.SH,20230818,31.75,32.63,31.75,31.88,31.79,0.09,0.2831,674594.67,2169641.216,0.5,0.5,,,,,
600036.SH,20230821,31.81,31.84,31.13,31.13,31.88,-0.75,-2.3526,809575.31,2537398.399,0.5,0.5,,,,,
600036.SH,20230822,31.21,31.47,31.0,31.32,31.13,0.19,0.6103,601070.44,1877097.295,0.5,0.5,,,,,
600036.SH,20230823,31.2,31.44,30.85,30.85,31.32,-0.47,-1.5006,560743.58,1743312.676,0.5,0.5,,,,,
600036.SH,20230824,31.0,31.15,30.8,31.06,30.85,0.21,0.6807,412256.14,1277299.345,0.5,0.5,,,,,
600036.SH,20230825,31.0,31.85,30.9,31.56,31.06,0.5,1.6098,647471.34,2028793.535,0.5,0.5,,,,,
600036.SH,20230828,33.3,33.93,32.03,32.26,31.56,0.7,2.218,1405093.67,4608776.006,0.5,0.5,,,,,
600036.SH,20230829,32.26,32.44,31.77,32.04,32.26,-0.22,-0.682,721169.98,2310485.794,0.5,0.5,,,,,
600036.SH,20230830,32.19,32.19,31.55,31.66,32.04,-0.38,-1.186,639801.58,2031430.069,0.5,0.5,,,,,
600036.SH,20230831,31.8,32.08,31.49,31.55,31.66,-0.11,-0.3474,503220.17,1595044.491,0.5,0.5,,,,,
600036.SH,20230901,31.95,32.63,31.88,32.27,31.55,0.72,2.2821,697526.19,2250478.414,0.5,0.5,,,,,
600036.SH,20230904,32.58,33.61,32.47,33.53,32.27,1.26,3.9046,1104299.32,3671655.441,0.5,0.5,,,,,
600036.SH,20230905,33.3,33.44,32.97,33.11,33.53,-0.42,-1.2526,447322.61,1483496.734,0.5,0.5,,,,,
600036.SH,20230906,33.1,33.46,32.77,33.36,33.11,0.25,0.7551,546740.47,1812037.299,0.5,0.5,,,,,
600036.SH,20230907,33.31,33.31,33.01,33.14,33.36,-0.22,-0.6595,358701.98,1188879.205,0.5,0.5,,,,,
600036.SH,20230908,33.0,33.26,32.95,33.17,33.14,0.03,0.0905,298500.98,989879.153,0.5,0.5,,,,,
600036.SH,20230911,33.13,33.29,32.91,32.91,33.17,-0.26,-0.7838,632873.69,2091952.941,0.5,0.5,,,,,
600036.SH,20230912,32.9,33.05,32.82,32.88,32.91,-0.03,-0.0912,277590.78,914017.922,0.5,0.5,,,,,
600036.SH,20230913,32.95,33.08,32.66,32.75,32.88,-0.13,-0.3954,298915.34,980129.608,0.5,0.5,,,,,
600036.SH,20230914,32.95,33.19,32.85,33.07,32.75,0.32,0.9771,437343.9,1443840.329,0.5,0.5,,,,,
600036.SH,20230915,33.3,33.42,32.8,32.96,33.07,-0.11,-0.3326,439602.15,1453249.853,0.5,0.5,,,,,
600036.SH,20230918,32.87,33.05,32.7,33.02,32.96,0.06,0.182,360401.92,1186454.306,0.5,0.5,,,,,
600036.SH,20230919,33.0,33.0,32.72,32.96,33.02,-0.06,-0.1817,384652.7,1263587.161,0.5,0.5,,,,,
600036.SH,20230920,32.86,32.86,32.63,32.73,32.96,-0.23,-0.6978,309317.58,1012842.173,0.5,0.5,,,,,
600036.SH,20230921,32.75,32.81,32.37,32.37,32.73,-0.36,-1.0999,390318.54,1270724.458,0.5,0.5,,,,,
600036.SH,20230922,32.59,33.37,32.32,33.34,32.37,0.97,2.9966,712833.16,2349131.841,0.5,0.5,,,,,
600036.SH,20230925,33.28,33.28,32.9,33.0,33.34,-0.34,-1.0198,456515.41,1506238.619,0.5,0.5,,,,,
600036.SH,20230926,32.93,33.08,32.75,32.8,33.0,-0.2,-0.6061,322023.56,1058673.65,0.5,0.5,,,,,
600036.SH,20230927,32.9,33.09,32.75,32.82,32.8,0.02,0.061,352466.79,1159673.83,0.5,0.5,,,,,
600036.SH,20230928,33.02,33.14,32.75,32.97,32.82,0.15,0.457,388564.69,1280959.169,0.5,0.5,,,,,
600036.SH,20231009,32.7,32.7,32.38,32.58,32.97,-0.39,-1.1829,361342.67,1176010.754,0.5,0.5,,,,,
600036.SH,20231010,33.12,33.13,32.59,32.59,32.58,0.01,0.0307,342636.98,1123856.356,0.5,0.5,,,,,
600036.SH,20231011,32.84,32.85,32.4,32.45,32.59,-0.14,-0.4296,376091.24,1226529.938,0.5,0.5,,,,,
600036.SH,20231012,32.99,33.33,32.78,33.07,32.45,0.62,1.9106,617459.63,2041713.576,0.5,0.5,,,,,
600036.SH,20231013,32.78,32.88,32.51,32.61,33.07,-0.46,-1.391,410371.87,1341527.525,0.5,0.5,,,,,
600036.SH,20231016,32.58,32.66,32.24,32.31,32.61,-0.3,-0.92,286774.14,928068.013,0.5,0.5,,,,,
600036.SH,20231017,32.39,32.6,32.22,32.52,32.31,0.21,0.65,286229.14,928757.316,0.5,0.5,,,,,
600036.SH,20231018,32.49,32.64,32.41,32.49,32.52,-0.03,-0.0923,249316.67,810933.178,0.5,0.5,,,,,
600036.SH,20231019,32.4,32.4,31.52,31.57,32.49,-0.92,-2.8316,604293.38,1922080.369,0.5,0.5,,,,,
600036.SH,20231020,31.49,31.81,31.4,31.65,31.57,0.08,0.2534,372589.37,1178535.483,0.5,0.5,,,,,
600036.SH,20231023,31.59,31.65,31.0,31.23,31.65,-0.42,-1.327,393801.84,1232365.016,0.5,0.5,,,,,
600036.SH,20231024,31.38,31.41,31.04,31.3,31.23,0.07,0.2241,365526.63,1142319.006,0.5,0.5,,,,,
600036.SH,20231025,31.6,31.75,31.2,31.42,31.3,0.12,0.3834,375693.32,1179249.724,0.5,0.5,,,,,
600036.SH,20231026,31.36,31.75,31.26,31.5,31.42,0.08,0.2546,287029.85,904374.422,0.5,0.5,,,,,
600036.SH,20231027,31.45,31.65,31.15,31.53,31.5,0.03,0.0952,391452.76,1231933.968,0.5,0.5,,,,,
600036.SH,20231030,31.01,31.13,30.55,30.9,31.53,-0.63,-1.9981,838500.56,2582604.676,0.5,0.5,,,,,
600036.SH,20231031,30.74,30.99,30.61,30.76,30.9,-0.14,-0.4531,528015.99,1624462.29,0.5,0.5,,,,,
600036.SH,20231101,30.8,30.88,30.43,30.45,30.76,-0.31,-1.0078,529897.07,1617976.148,0.5,0.5,,,,,
600036.SH,20231102,30.6,30.81,30.51,30.68,30.45,0.23,0.7553,364667.71,1118895.486,0.5,0.5,,,,,
600036.SH,20231103,30.68,31.04,30.6,30.99,30.68,0.31,1.0104,439568.79,1357177.293,0.5,0.5,,,,,
600036.SH,20231106,31.15,31.35,30.96,31.14,30.99,0.15,0.484,519823.85,1617714.882,0.5,0.5,,,,,
600036.SH,20231107,31.14,31.14,30.65,30.8,31.14,-0.34,-1.0918,516240.67,1589834.114,0.5,0.5,,,,,
600036.SH,20231108,30.74,30.78,30.5,30.6,30.8,-0.2,-0.6494,445182.98,1363161.957,0.5,0.5,,,,,
600036.SH,20231109,30.55,30.78,30.52,30.66,30.6,0.06,0.1961,327649.58,1003833.045,0.5,0.5,,,,,
600036.SH,20231110,30.5,30.56,30.1,30.16,30.66,-0.5,-1.6308,516964.62,1561581.974,0.5,0.5,,,,,
600036.SH,20231113,30.17,30.27,29.61,29.82,30.16,-0.34,-1.1273,634242.73,1891693.842,0.5,0.5,,,,,
600036.SH,20231114,29.87,30.2,29.86,30.2,29.82,0.38,1.2743,448342.67,1347710.79,0.5,0.5,,,,,
600036.SH,20231115,30.45,30.77,30.39,30.64,30.2,0.44,1.457,601939.6,1842095.992,0.5,0.5,,,,,
600036.SH,20231116,30.67,30.77,30.37,30.54,30.64,-0.1,-0.3264,315719.93,965161.754,0.5,0.5,,,,,
600036.SH,20231117,30.46,30.52,30.1,30.33,30.54,-0.21,-0.6876,432452.82,1308022.703,0.5,0.5,,,,,
600036.SH,20231120,30.34,30.59,30.14,30.58,30.33,0.25,0.8243,369227.08,1123420.442,0.5,0.5,,,,,
600036.SH,20231121,30.75,30.87,30.37,30.43,30.58,-0.15,-0.4905,488544.7,1497630.759,0.5,0.5,,,,,
600036.SH,20231122,30.3,30.41,30.15,30.16,30.43,-0.27,-0.8873,273705.42,828342.908,0.5,0.5,,,,,
600036.SH,20231123,30.02,30.21,29.95,30.14,30.16,-0.02,-0.0663,299793.83,900540.283,0.5,0.5,,,,,
600036.SH,20231124,30.06,30.1,29.93,30.0,30.14,-0.14,-0.4645,291162.76,873539.196,0.5,0.5,,,,,
600036.SH,20231127,30.0,30.03,29.29,29.4,30.0,-0.6,-2.0,581019.58,1714186.982,0.5,0.5,,,,,
600036.SH,20231128,29.41,29.49,29.04,29.16,29.4,-0.24,-0.8163,475165.11,1389229.278,0.5,0.5,,,,,
600036.SH,20231129,29.2,29.24,28.68,28.8,29.16,-0.36,-1.2346,620637.52,1789462.813,0.5,0.5,,,,,
600036.SH,20231130,28.8,28.98,28.6,28.79,28.8,-0.01,-0.0347,551560.06,1585194.742,0.5,0.5,,,,,
600036.SH,20231201,28.72,28.74,28.07,28.26,28.79,-0.53,-1.8409,882736.44,2496795.77,0.5,0.5,,,,,
600036.SH,20231204,28.27,28.46,28.02,28.08,28.26,-0.18,-0.6369,557878.3,1569603.288,0.5,0.5,,,,,
600036.SH,20231205,28.06,28.07,27.5,27.51,28.08,-0.57,-2.0299,618901.67,1717656.519,0.5,0.5,,,,,
600036.SH,20231206,27.56,27.96,27.45,27.76,27.51,0.25,0.9088,611259.26,1697947.805,0.5,0.5,,,,,
600036.SH,20231207,27.77,27.94,27.29,27.81,27.76,0.05,0.1801,594966.98,1643064.047,0.5,0.5,,,,,
600036.SH,20231208,27.7,27.95,27.5,27.5,27.81,-0.31,-1.1147,533497.65,1479206.064,0.5,0.5,,,,,
600036.SH,20231211,27.25,27.85,26.9,27.76,27.5,0.26,0.9455,758085.97,2067921.108,0.5,0.5,,,,,
600036.SH,20231212,27.7,28.07,27.61,28.05,27.76,0.29,1.0447,504201.11,1409339.298,0.5,0.5,,,,,
600036.SH,20231213,27.92,27.92,27.2,27.22,28.05,-0.83,-2.959,671239.32,1844591.027,0.5,0.5,,,,,
600036.SH,20231214,27.44,27.64,27.03,27.03,27.22,-0.19,-0.698,445268.08,1214879.008,0.5,0.5,,,,,
600036.SH,20231215,27.47,28.05,27.2,27.23,27.03,0.2,0.7399,980686.59,2697705.037,0.5,0.5,,,,,
600036.SH,20231218,27.0,27.38,26.9,27.28,27.23,0.05,0.1836,477164.25,1299068.335,0.5,0.5,,,,,
600036.SH,20231219,27.2,27.35,27.02,27.29,27.28,0.01,0.0367,376573.73,1024185.206,0.5,0.5,,,,,
600036.SH,20231220,27.31,27.41,27.06,27.06,27.29,-0.23,-0.8428,531128.08,1446520.286,0.5,0.5,,,,,
600036.SH,20231221,26.98,27.75,26.92,27.71,27.06,0.65,2.4021,759104.81,2082187.758,0.5,0.5,,,,,
600036.SH,20231222,27.78,27.85,27.41,27.61,27.71,-0.1,-0.3609,623643.72,1721377.205,0.5,0.5,,,,,
600036.SH,20231225,27.6,27.72,27.42,27.53,27.61,-0.08,-0.2898,419033.86,1154001.375,0.5,0.5,,,,,
600036.SH,20231226,27.49,27.49,27.16,27.27,27.53,-0.26,-0.9444,365257.08,997177.589,0.5,0.5,,,,,
600036.SH,20231227,27.33,27.37,27.05,27.3,27.27,0.03,0.11,410636.87,1117439.216,0.5,0.5,,,,,
600036.SH,20231228,27.25,28.13,27.25,27.99,27.3,0.69,2.5275,1061062.85,2953200.858,0.5,0.5,,,,,
600036.SH,20231229,27.9,28.05,27.77,27.82,27.99,-0.17,-0.6074,655773.45,1827818.811,0.5,0.5,,,,,
600036.SH,20240102,27.95,27.96,27.56,27.58,27.82,-0.24,-0.8627,542194.8,1500865.548,0.5,0.5,,,,,
600036.SH,20240103,27.58,27.84,27.52,27.77,27.58,0.19,0.6889,433955.88,1200383.624,0.5,0.5,,,,,
600036.SH,20240104,27.76,27.83,27.36,27.81,27.77,0.04,0.144,637102.49,1759101.593,0.5,0.5,,,,,
600036.SH,20240105,27.75,28.78,27.62,28.29,27.81,0.48,1.726,1190633.15,3376466.447,0.5,0.5,,,,,
600036.SH,20240108,28.17,28.59,27.95,28.13,28.29,-0.16,-0.5656,816820.7,2305065.736,0.5,0.5,,,,,
600036.SH,20240109,28.12,28.28,27.9,28.17,28.13,0.04,0.1422,558663.06,1569684.23,0.5,0.5,,,,,
600036.SH,20240110,28.02,28.35,28.02,28.05,28.17,-0.12,-0.426,453640.48,1277638.873,0.5,0.5,,,,,
600036.SH,20240111,28.0,28.57,27.85,28.38,28.05,0.33,1.1765,735318.26,2082611.272,0.5,0.5,,,,,
600036.SH,20240112,28.26,28.78,28.26,28.54,28.38,0.16,0.5638,577832.01,1652242.626,0.5,0.5,,,,,
600036.SH,20240115,28.5,28.94,28.37,28.77,28.54,0.23,0.8059,482452.29,1383953.76,0.5,0.5,,,,,
600036.SH,20240116,28.63,29.13,28.6,29.13,28.77,0.36,1.2513,853440.24,2469511.282,0.5,0.5,,,,,
600036.SH,20240117,29.12,29.58,29.03,29.19,29.13,0.06,0.206,1308601.46,3843478.823,0.5,0.5,,,,,
600036.SH,20240118,28.94,29.68,28.6,29.58,29.19,0.39,1.3361,1295126.45,3762050.846,0.5,0.5,,,,,
600036.SH,20240119,29.37,29.9,29.14,29.73,29.58,0.15,0.5071,968616.23,2865398.412,0.5,0.5,,,,,
600036.SH,20240122,29.76,30.5,29.7,30.25,29.73,0.52,1.7491,1549702.67,4691297.1,0.5,0.5,,,,,
600036.SH,20240123,30.01,30.35,29.8,29.99,30.25,-0.26,-0.8595,886055.52,2661547.376,0.5,0.5,,,,,
600036.SH,20240124,30.15,30.29,29.38,30.09,29.99,0.1,0.3334,974892.39,2904947.629,0.5,0.5,,,,,
600036.SH,20240125,30.31,31.0,30.18,30.9,30.09,0.81,2.6919,1234509.22,3791899.866,0.5,0.5,,,,,
600036.SH,20240126,30.92,31.35,30.66,31.12,30.9,0.22,0.712,1009915.78,3132788.305,0.5,0.5,,,,,
600036.SH,20240129,31.2,31.6,31.17,31.35,31.12,0.23,0.7391,838824.33,2632393.04,0.5,0.5,,,,,
600036.SH,20240130,31.2,31.5,30.78,31.0,31.35,-0.35,-1.1164,743999.13,2316762.5,0.5,0.5,,,,,
600036.SH,20240131,30.92,31.19,30.59,30.71,31.0,-0.29,-0.9355,808949.28,2494516.011,0.5,0.5,,,,,
600036.SH,20240201,30.67,30.84,30.2,30.42,30.71,-0.29,-0.9443,859700.09,2621519.218,0.5,0.5,,,,,
600036.SH,20240202,30.45,30.66,29.64,30.23,30.42,-0.19,-0.6246,987291.65,2986530.108,0.5,0.5,,,,,
600036.SH,20240205,30.23,30.95,30.06,30.71,30.23,0.48,1.5878,1063978.81,3246673.368,0.5,0.5,,,,,
600036.SH,20240206,30.71,31.35,30.6,31.33,30.71,0.62,2.0189,1062158.43,3296036.54,0.5,0.5,,,,,
600036.SH,20240207,31.42,31.48,30.81,31.31,31.33,-0.02,-0.0638,1110510.58,3458135.329,0.5,0.5,,,,,
600036.SH,20240208,31.31,31.45,31.02,31.4,31.31,0.09,0.2874,873004.36,2728137.528,0.5,0.5,,,,,
600036.SH,20240219,31.99,31.99,31.41,31.62,31.4,0.22,0.7006,875490.1,2770406.837,0.5,0.5,,,,,
600036.SH,20240220,31.62,31.62,31.29,31.4,31.62,-0.22,-0.6958,606404.69,1907541.533,0.5,0.5,,,,,
600036.SH,20240221,31.4,33.39,31.35,33.0,31.4,1.6,5.0955,1528656.12,5003152.628,0.5,0.5,,,,,
600036.SH,20240222,32.81,32.95,32.39,32.8,33.0,-0.2,-0.6061,752760.38,2461009.465,0.5,0.5,,,,,
600036.SH,20240223,32.81,33.4,32.62,32.95,32.8,0.15,0.4573,639848.72,2118316.307,0.5,0.5,,,,,
600036.SH,20240226,32.86,33.06,32.08,32.25,32.95,-0.7,-2.1244,666390.18,2163023.087,0.5,0.5,,,,,
600036.SH,20240227,32.24,32.4,31.99,32.18,32.25,-0.07,-0.2171,543491.54,1746108.592,0.5,0.5,,,,,
600036.SH,20240228,32.29,32.29,31.6,32.02,32.18,-0.16,-0.4972,683707.52,2186677.932,0.5,0.5,,,,,
600036.SH,20240229,31.89,32.2,31.85,32.04,32.02,0.02,0.0625,498928.29,1595634.178,0.5,0.5,,,,,
600036.SH,20240301,31.92,32.08,31.75,31.94,32.04,-0.1,-0.3121,427173.92,1361853.701,0.5,0.5,,,,,
600036.SH,20240304,31.76,31.87,31.47,31.52,31.94,-0.42,-1.315,591350.15,1868022.544,0.5,0.5,,,,,
600036.SH,20240305,31.42,32.21,31.31,32.18,31.52,0.66,2.0939,894028.67,2850224.114,0.5,0.5,,,,,
600036.SH,20240306,32.14,32.26,31.87,31.87,32.18,-0.31,-0.9633,516101.77,1655425.115,0.5,0.5,,,,,
600036.SH,20240307,31.87,32.13,31.78,32.0,31.87,0.13,0.4079,519491.97,1659111.449,0.5,0.5,,,,,
600036.SH,20240308,31.89,32.01,31.55,31.67,32.0,-0.33,-1.0313,441071.17,1399732.269,0.5,0.5,,,,,
600036.SH,20240311,31.55,31.75,31.2,31.48,31.67,-0.19,-0.5999,738537.94,2318402.185,0.5,0.5,,,,,
600036.SH,20240312,31.42,32.15,31.28,31.95,31.48,0.47,1.493,769253.75,2447163.517,0.5,0.5,,,,,
600036.SH,20240313,31.96,31.99,31.43,31.52,31.95,-0.43,-1.3459,469387.14,1482651.384,0.5,0.5,,,,,
600036.SH,20240314,31.46,31.72,31.16,31.25,31.52,-0.27,-0.8566,508174.98,1595073.269,0.5,0.5,,,,,
600036.SH,20240315,31.24,31.42,31.0,31.18,31.25,-0.07,-0.224,520780.63,1621589.213,0.5,0.5,,,,,
600036.SH,20240318,31.15,31.34,31.0,31.13,31.18,-0.05,-0.1604,461897.7,1436837.36,0.5,0.5,,,,,
600036.SH,20240319,31.1,31.11,30.73,30.8,31.13,-0.33,-1.0601,547025.3,1688506.946,0.5,0.5,,,,,
600036.SH,20240320,30.8,31.2,30.66,31.18,30.8,0.38,1.2338,498272.25,1544956.631,0.5,0.5,,,,,
600036.SH,20240321,31.17,31.76,31.05,31.55,31.18,0.37,1.1867,646761.08,2040298.376,0.5,0.5,,,,,
600036.SH,20240322,31.53,31.55,30.9,31.2,31.55,-0.35,-1.1094,552878.52,1722145.156,0.5,0.5,,,,,
600036.SH,20240325,31.11,31.51,30.92,31.35,31.2,0.15,0.4808,483759.02,1514858.505,0.5,0.5,,,,,
600036.SH,20240326,31.8,32.66,31.73,32.4,31.35,1.05,3.3493,1244307.91,4014510.51,0.5,0.5,,,,,
600036.SH,20240327,32.29,32.65,32.21,32.3,32.4,-0.1,-0.3086,782084.88,2539984.05,0.5,0.5,,,,,
600036.SH,20240328,32.34,32.5,32.07,32.18,32.3,-0.12,-0.3715,694744.92,2242513.222,0.5,0.5,,,,,
600036.SH,20240329,32.1,32.64,32.07,32.2,32.18,0.02,0.0622,514001.31,1663236.764,0.5,0.5,,,,,
600036.SH,20240401,32.18,32.85,32.18,32.64,32.2,0.44,1.3665,570152.32,1861582.316,0.5,0.5,,,,,
600036.SH,20240402,32.7,32.92,32.44,32.55,32.64,-0.09,-0.2757,536618.99,1753251.097,0.5,0.5,,,,,
600036.SH,20240403,32.54,32.63,32.23,32.23,32.55,-0.32,-0.9831,498081.63,1612691.616,0.5,0.5,,,,,
600036.SH,20240408,32.24,32.56,32.03,32.4,32.23,0.17,0.5275,477291.23,1544564.957,0.5,0.5,,,,,
600036.SH,20240409,32.5,32.63,32.31,32.31,32.4,-0.09,-0.2778,384772.07,1248965.235,0.5,0.5,,,,,
600036.SH,20240410,32.19,32.68,32.19,32.49,32.31,0.18,0.5571,504013.72,1638691.786,0.5,0.5,,,,,
600036.SH,20240411,32.31,32.42,32.13,32.3,32.49,-0.19,-0.5848,443747.73,1432073.801,0.5,0.5,,,,,
600036.SH,20240412,32.28,32.47,32.06,32.12,32.3,-0.18,-0.5573,478204.14,1540845.216,0.5,0.5,,,,,
600036.SH,20240415,32.1,33.0,32.09,32.83,32.12,0.71,2.2105,764644.73,2503221.029,0.5,0.5,,,,,
600036.SH,20240416,32.71,32.97,32.45,32.75,32.83,-0.08,-0.2437,741556.1,2429469.045,0.5,0.5,,,,,
600036.SH,20240417,32.69,33.49,32.47,33.3,32.75,0.55,1.6794,948211.96,3131202.074,0.5,0.5,,,,,
600036.SH,20240418,33.26,34.1,33.19,33.65,33.3,0.35,1.0511,1006574.01,3393695.785,0.5,0.5,,,,,
600036.SH,20240419,33.56,33.84,33.42,33.62,33.65,-0.03,-0.0892,540383.5,1818443.521,0.5,0.5,,,,,
600036.SH,20240422,33.78,34.19,33.05,33.34,33.62,-0.28,-0.8328,607535.07,2034006.573,0.5,0.5,,,,,
600036.SH,20240423,33.3,33.82,33.23,33.38,33.34,0.04,0.12,512452.44,1717681.682,0.5,0.5,,,,,
600036.SH,20240424,33.38,33.55,33.1,33.46,33.38,0.08,0.2397,443383.53,1480785.929,0.5,0.5,,,,,
600036.SH,20240425,33.44,34.4,33.38,34.4,33.46,0.94,2.8093,919481.8,3136628.386,0.5,0.5,,,,,
600036.SH,20240426,34.4,34.87,34.22,34.48,34.4,0.08,0.2326,954898.83,3292052.902,0.5,0.5,,,,,
600036.SH,20240429,34.4,35.16,34.2,34.88,34.48,0.4,1.1601,818064.12,2854804.596,0.5,0.5,,,,,
600036.SH,20240430,34.4,34.58,34.05,34.31,34.88,-0.57,-1.6342,868041.8,2982962.844,0.5,0.5,,,,,
600036.SH,20240506,35.1,35.36,34.72,34.88,34.31,0.57,1.6613,1000704.94,3501168.456,0.5,0.5,,,,,
600036.SH,20240507,34.88,34.95,34.63,34.87,34.88,-0.01,-0.0287,473848.57,1649813.221,0.5,0.5,,,,,
600036.SH,20240508,34.82,34.96,34.55,34.57,34.87,-0.3,-0.8603,412861.58,1434042.865,0.5,0.5,,,,,
600036.SH,20240509,34.6,34.93,34.6,34.84,34.57,0.27,0.781,512391.31,1782846.432,0.5,0.5,,,,,
600036.SH,20240510,34.84,35.85,34.8,35.62,34.84,0.78,2.2388,940365.7,3331360.84,0.5,0.5,,,,,
600036.SH,20240513,35.44,36.07,35.33,35.91,35.62,0.29,0.8141,747800.26,2674602.938,0.5,0.5,,,,,
600036.SH,20240514,35.89,36.13,35.2,35.34,35.91,-0.57,-1.5873,687778.84,2440460.309,0.5,0.5,,,,,
600036.SH,20240515,35.33,35.44,34.69,35.05,35.34,-0.29,-0.8206,674944.06,2361226.415,0.5,0.5,,,,,
600036.SH,20240516,35.08,36.45,35.0,36.25,35.05,1.2,3.4237,1291475.53,4659047.071,0.5,0.5,,,,,
600036.SH,20240517,36.3,36.9,36.06,36.85,36.25,0.6,1.6552,916879.44,3342837.158,0.5,0.5,,,,,
600036.SH,20240520,36.85,37.0,36.09,36.38,36.85,-0.47,-1.2754,914250.0,3337501.051,0.5,0.5,,,,,
600036.SH,20240521,36.36,36.52,36.13,36.24,36.38,-0.14,-0.3848,445999.44,1620630.88,0.5,0.5,,,,,
600036.SH,20240522,36.22,36.38,35.76,36.06,36.24,-0.18,-0.4967,664477.39,2398900.244,0.5,0.5,,,,,
600036.SH,20240523,35.9,36.01,35.32,35.5,36.06,-0.56,-1.553,924584.95,3284073.837,0.5,0.5,,,,,
600036.SH,20240524,35.3,35.48,34.66,34.74,35.5,-0.76,-2.1408,870440.0,3051224.758,0.5,0.5,,,,,
600036.SH,20240527,34.85,35.21,34.75,35.14,34.74,0.4,1.1514,570938.14,1997775.669,0.5,0.5,,,,,
600036.SH,20240528,35.1,35.33,34.72,34.83,35.14,-0.31,-0.8822,476190.58,1660811.058,0.5,0.5,,,,,
600036.SH,20240529,34.75,35.06,34.46,34.57,34.83,-0.26,-0.7465,491041.18,1703567.318,0.5,0.5,,,,,
600036.SH,20240530,34.45,34.9,34.18,34.34,34.57,-0.23,-0.6653,559244.84,1928489.154,0.5,0.5,,,,,
600036.SH,20240531,34.53,34.6,34.28,34.28,34.34,-0.06,-0.1747,508932.48,1752657.846,0.5,0.5,,,,,
600036.SH,20240603,34.22,34.38,33.92,34.15,34.28,-0.13,-0.3792,608111.35,2071791.245,0.5,0.5,,,,,
600036.SH,20240604,34.15,34.68,34.1,34.54,34.15,0.39,1.142,533788.42,1840296.169,0.5,0.5,,,,,
600036.SH,20240605,34.68,34.7,33.89,33.99,34.54,-0.55,-1.5924,691041.22,2359792.656,0.5,0.5,,,,,
600036.SH,20240606,34.09,34.2,33.78,34.0,33.99,0.01,0.0294,677240.66,2302856.624,0.5,0.5,,,,,
600036.SH,20240607,34.05,34.25,33.65,33.99,34.0,-0.01,-0.0294,678265.59,2298090.33,0.5,0.5,,,,,
600036.SH,20240611,33.78,33.97,33.12,33.36,33.99,-0.63,-1.8535,690448.31,2309722.313,0.5,0.5,,,,,
600036.SH,20240612,33.35,33.36,32.95,33.09,33.36,-0.27,-0.8094,511380.59,1693037.688,0.5,0.5,,,,,
600036.SH,20240613,33.2,33.22,32.72,32.82,33.09,-0.27,-0.816,550184.21,1808251.998,0.5,0.5,,,,,
600036.SH,20240614,32.82,34.02,32.82,33.81,32.82,0.99,3.0165,991674.29,3324856.785,0.5,0.5,,,,,
600036.SH,20240617,33.6,33.8,33.39,33.73,33.81,-0.08,-0.2366,457682.48,1539063.152,0.5,0.5,,,,,
600036.SH,20240618,33.86,34.3,33.62,33.71,33.73,-0.02,-0.0593,453675.39,1538144.777,0.5,0.5,,,,,
600036.SH,20240619,33.71,34.4,33.66,34.15,33.71,0.44,1.3053,585937.22,1997678.159,0.5,0.5,,,,,
600036.SH,20240620,34.16,34.23,33.9,34.01,34.15,-0.14,-0.41,392466.67,1336247.232,0.5,0.5,,,,,
600036.SH,20240621,33.88,34.08,33.49,33.7,34.01,-0.31,-0.9115,523962.8,1765822.362,0.5,0.5,,,,,
600036.SH,20240624,33.79,34.22,33.49,34.07,33.7,0.37,1.0979,692589.54,2350203.464,0.5,0.5,,,,,
600036.SH,20240625,34.07,34.47,33.97,34.3,34.07,0.23,0.6751,638160.2,2187945.494,0.5,0.5,,,,,
600036.SH,20240626,34.18,34.36,33.95,34.06,34.3,-0.24,-0.6997,452638.01,1545807.548,0.5,0.5,,,,,
600036.SH,20240627,33.96,34.34,33.83,34.26,34.06,0.2,0.5872,555172.6,1894891.373,0.5,0.5,,,,,
600036.SH,20240628,34.2,34.48,34.04,34.19,34.26,-0.07,-0.2043,525749.4,1799951.939,0.5,0.5,,,,,
600036.SH,20240701,34.19,34.4,33.95,34.36,34.19,0.17,0.4972,472238.65,1616131.283,0.5,0.5,,,,,
600036.SH,20240702,34.38,35.25,34.36,35.08,34.36,0.72,2.0955,868770.71,3041833.255,0.5,0.5,,,,,
600036.SH,20240703,35.01,35.09,34.31,34.46,35.08,-0.62,-1.7674,691372.7,2388331.234,0.5,0.5,,,,,
600036.SH,20240704,34.54,35.04,34.48,34.71,34.46,0.25,0.7255,696918.92,2424281.266,0.5,0.5,,,,,
600036.SH,20240705,34.71,34.83,33.66,33.88,34.71,-0.83,-2.3912,967782.76,3295568.199,0.5,0.5,,,,,
600036.SH,20240708,33.85,34.23,33.71,33.99,33.88,0.11,0.3247,545730.02,1855611.836,0.5,0.5,,,,,
600036.SH,20240709,33.99,34.55,33.72,34.47,33.99,0.48,1.4122,621037.01,2124005.154,0.5,0.5,,,,,
600036.SH,20240710,34.47,35.0,34.45,34.68,34.47,0.21,0.6092,726314.24,2524474.646,0.5,0.5,,,,,
600036.SH,20240711,33.08,33.13,32.79,32.9,32.71,0.19,0.5809,732388.96,2411951.386,0.5,0.5,,,,,
600036.SH,20240712,33.01,34.08,33.01,34.0,32.9,1.1,3.3435,944904.25,3199683.547,0.5,0.5,,,,,
600036.SH,20240715,34.0,34.05,33.72,33.78,34.0,-0.22,-0.6471,474603.66,1605883.747,0.5,0.5,,,,,
600036.SH,20240716,33.76,33.89,33.46,33.79,33.78,0.01,0.0296,455792.55,1535668.998,0.5,0.5,,,,,
600036.SH,20240717,33.7,34.19,33.65,34.07,33.79,0.28,0.8286,577954.22,1964635.267,0.5,0.5,,,,,
600036.SH,20240718,34.07,34.25,33.76,34.09,34.07,0.02,0.0587,598627.17,2036474.28,0.5,0.5,,,,,
600036.SH,20240719,34.0,34.3,33.59,34.25,34.09,0.16,0.4693,810072.18,2749172.01,0.5,0.5,,,,,
600036.SH,20240722,34.17,34.17,33.09,33.34,34.25,-0.91,-2.6569,808205.77,2694241.975,0.5,0.5,,,,,
600036.SH,20240723,33.34,33.71,33.23,33.34,33.34,0.0,0.0,538754.68,1803269.6,0.5,0.5,,,,,
600036.SH,20240724,33.45,33.58,33.03,33.18,33.34,-0.16,-0.4799,482452.94,1604648.703,0.5,0.5,,,,,
600036.SH,20240725,33.22,33.32,32.37,32.83,33.18,-0.35,-1.0549,762078.54,2496804.673,0.5,0.5,,,,,
600036.SH,20240726,32.8,33.04,32.11,32.37,32.83,-0.46,-1.4012,601461.67,1952156.132,0.5,0.5,,,,,
600036.SH,20240729,32.38,32.65,32.2,32.45,32.37,0.08,0.2471,413475.33,1343740.115,0.5,0.5,,,,,
600036.SH,20240730,32.4,32.59,32.15,32.42,32.45,-0.03,-0.0924,390781.61,1264925.929,0.5,0.5,,,,,
600036.SH,20240731,32.42,33.0,32.25,32.73,32.42,0.31,0.9562,595369.65,1948675.368,0.5,0.5,,,,,
600036.SH,20240801,32.73,32.85,32.27,32.71,32.73,-0.02,-0.0611,409138.81,1332771.463,0.5,0.5,,,,,
600036.SH,20240802,32.42,32.6,32.23,32.28,32.71,-0.43,-1.3146,386130.24,1250037.017,0.5,0.5,,,,,
600036.SH,20240805,32.2,32.52,32.05,32.1,32.28,-0.18,-0.5576,584419.84,1884940.815,0.5,0.5,,,,,
600036.SH,20240806,32.36,32.39,31.51,31.7,32.1,-0.4,-1.2461,514388.64,1637765.272,0.5,0.5,,,,,
600036.SH,20240807,31.73,31.9,31.55,31.58,31.7,-0.12,-0.3785,390731.73,1238023.516,0.5,0.5,,,,,
600036.SH,20240808,31.61,31.98,31.38,31.93,31.58,0.35,1.1083,394599.78,1252394.782,0.5,0.5,,,,,
600036.SH,20240809,31.97,32.58,31.81,32.33,31.93,0.4,1.2527,482748.47,1561254.687,0.5,0.5,,,,,
600036.SH,20240812,32.3,32.34,31.93,32.12,32.33,-0.21,-0.6496,318943.21,1023447.632,0.5,0.5,,,,,
600036.SH,20240813,32.1,32.23,31.76,31.94,32.12,-0.18,-0.5604,282377.69,902009.896,0.5,0.5,,,,,
600036.SH,20240814,31.9,32.14,31.81,31.86,31.94,-0.08,-0.2505,282446.1,901196.911,0.5,0.5,,,,,
600036.SH,20240815,31.85,32.92,31.65,32.76,31.86,0.9,2.8249,739789.83,2409557.383,0.5,0.5,,,,,
600036.SH,20240816,32.75,33.25,32.72,33.15,32.76,0.39,1.1905,418503.02,1383877.362,0.5,0.5,,,,,
600036.SH,20240819,33.25,33.5,33.03,33.42,33.15,0.27,0.8145,422843.42,1409948.503,0.5,0.5,,,,,
600036.SH,20240820,33.45,33.6,33.16,33.48,33.42,0.06,0.1795,423728.73,1415473.211,0.5,0.5,,,,,
600036.SH,20240821,33.3,33.43,32.82,33.24,33.48,-0.24,-0.7168,378101.05,1254587.421,0.5,0.5,,,,,
600036.SH,20240822,33.28,33.55,33.18,33.3,33.24,0.06,0.1805,382863.99,1276718.683,0.5,0.5,,,,,
600036.SH,20240823,33.27,33.85,33.07,33.7,33.3,0.4,1.2012,465587.26,1561509.818,0.5,0.5,,,,,
600036.SH,20240826,33.7,33.84,33.47,33.77,33.7,0.07,0.2077,351174.6,1182990.04,0.5,0.5,,,,,
600036.SH,20240827,33.77,33.94,33.53,33.7,33.77,-0.07,-0.2073,387208.57,1308314.397,0.5,0.5,,,,,
600036.SH,20240828,33.83,33.98,33.44,33.68,33.7,-0.02,-0.0593,415232.08,1398682.394,0.5,0.5,,,,,
600036.SH,20240829,33.59,33.77,32.9,32.93,33.68,-0.75,-2.2268,516387.82,1712021.359,0.5,0.5,,,,,
600036.SH,20240830,32.8,33.11,32.12,32.15,32.93,-0.78,-2.3687,1112229.83,3618077.5,0.5,0.5,,,,,
600036.SH,20240902,32.0,32.38,31.84,31.93,32.15,-0.22,-0.6843,558020.65,1787602.792,0.5,0.5,,,,,
600036.SH,20240903,32.01,32.08,31.4,31.62,31.93,-0.31,-0.9709,505751.88,1596269.78,0.5,0.5,,,,,
600036.SH,20240904,31.53,31.93,31.35,31.36,31.62,-0.26,-0.8223,380525.9,1198859.446,0.5,0.5,,,,,
600036.SH,20240905,31.36,31.44,30.9,31.2,31.36,-0.16,-0.5102,542063.45,1687017.96,0.5,0.5,,,,,
600036.SH,20240906,31.25,31.74,31.2,31.25,31.2,0.05,0.1603,383182.14,1206615.762,0.5,0.5,,,,,
600036.SH,20240909,30.98,30.99,30.04,30.24,31.25,-1.01,-3.232,871073.47,2641195.521,0.5,0.5,,,,,
600036.SH,20240910,30.25,30.43,29.94,30.19,30.24,-0.05,-0.1653,476023.57,1435849.555,0.5,0.5,,,,,
600036.SH,20240911,30.14,30.2,29.93,30.08,30.19,-0.11,-0.3644,415793.76,1249059.023,0.5,0.5,,,,,
600036.SH,20240912,30.1,30.5,29.94,30.23,30.08,0.15,0.4987,410266.97,1242374.645,0.5,0.5,,,,,
600036.SH,20240913,30.28,30.9,30.0,30.6,30.23,0.37,1.2239,495974.43,1520857.906,0.5,0.5,,,,,
600036.SH,20240918,30.61,31.2,30.61,31.11,30.6,0.51,1.6667,418540.27,1295345.114,0.5,0.5,,,,,
600036.SH,20240919,31.2,31.23,30.63,30.82,31.11,-0.29,-0.9322,451191.26,1393040.942,0.5,0.5,,,,,
600036.SH,20240920,30.82,31.11,30.66,30.94,30.82,0.12,0.3894,487417.55,1505998.312,0.5,0.5,,,,,
600036.SH,20240923,30.85,31.49,30.84,31.39,30.94,0.45,1.4544,344608.72,1076332.365,0.5,0.5,,,,,
600036.SH,20240924,31.68,33.14,31.67,33.13,31.39,1.74,5.5432,1361218.0,4427310.186,0.5,0.5,,,,,
600036.SH,20240925,33.85,34.49,33.7,34.15,33.13,1.02,3.0788,1856242.79,6327661.421,0.5,0.5,,,,,
600036.SH,20240926,34.16,35.38,33.91,35.38,34.15,1.23,3.6018,1745329.99,6068657.572,0.5,0.5,,,,,
600036.SH,20240927,36.11,36.5,34.91,35.63,35.38,0.25,0.7066,745457.82,2653812.67,0.5,0.5,,,,,
600036.SH,20240930,36.35,38.0,35.92,37.61,35.63,1.98,5.5571,2561012.6,9443438.268,0.5,0.5,,,,,
600036.SH,20241008,41.37,41.37,38.82,40.0,37.61,2.39,6.3547,2973038.68,11999361.938,0.5,0.5,,,,,
600036.SH,20241009,39.7,39.72,37.01,37.01,40.0,-2.99,-7.475,1855932.1,7113813.985,0.5,0.5,,,,,
600036.SH,20241010,37.4,39.5,37.4,38.73,37.01,1.72,4.6474,1433298.41,5528664.144,0.5,0.5,,,,,
600036.SH,20241011,38.73,39.22,38.03,38.43,38.73,-0.3,-0.7746,903475.8,3498241.86,0.5,0.5,,,,,
600036.SH,20241014,39.01,39.8,38.69,39.33,38.43,0.9,2.3419,1292938.39,5076841.42,0.5,0.5,,,,,
600036.SH,20241015,39.17,39.99,38.5,38.5,39.33,-0.83,-2.1103,955976.53,3755705.942,0.5,0.5,,,,,
600036.SH,20241016,38.15,39.5,38.13,39.5,38.5,1.0,2.5974,1012548.15,3963555.265,0.5,0.5,,,,,
600036.SH,20241017,39.53,39.79,38.49,38.49,39.5,-1.01,-2.557,848922.28,3315820.471,0.5,0.5,,,,,
600036.SH,20241018,38.51,39.43,38.21,39.05,38.49,0.56,1.4549,928194.33,3603949.498,0.5,0.5,,,,,
600036.SH,20241021,39.15,39.15,38.5,38.85,39.05,-0.2,-0.5122,717539.46,2780905.731,0.5,0.5,,,,,
600036.SH,20241022,38.84,39.6,38.75,39.17,38.85,0.32,0.8237,600526.1,2352800.199,0.5,0.5,,,,,
600036.SH,20241023,39.06,39.94,39.02,39.66,39.17,0.49,1.251,627099.68,2482861.345,0.5,0.5,,,,,
600036.SH,20241024,39.55,39.68,39.14,39.31,39.66,-0.35,-0.8825,336312.2,1323826.643,0.5,0.5,,,,,
600036.SH,20241025,39.25,39.49,39.06,39.1,39.31,-0.21,-0.5342,447931.19,1756222.719,0.5,0.5,,,,,
600036.SH,20241028,39.01,39.1,38.28,38.52,39.1,-0.58,-1.4834,664640.94,2559210.507,0.5,0.5,,,,,
600036.SH,20241029,38.6,39.1,38.41,38.6,38.52,0.08,0.2077,514681.61,1990283.154,0.5,0.5,,,,,
600036.SH,20241030,38.51,38.9,37.61,37.88,38.6,-0.72,-1.8653,703408.28,2680423.056,0.5,0.5,,,,,
600036.SH,20241031,37.8,37.99,36.91,37.36,37.88,-0.52,-1.3728,850392.51,3173924.099,0.5,0.5,,,,,
600036.SH,20241101,37.44,38.3,37.38,38.01,37.36,0.65,1.7398,703102.11,2671523.515,0.5,0.5,,,,,
600036.SH,20241104,38.1,38.75,37.41,38.75,38.01,0.74,1.9469,646612.09,2466019.719,0.5,0.5,,,,,
600036.SH,20241105,38.43,39.1,38.4,39.08,38.75,0.33,0.8516,628744.76,2445317.943,0.5,0.5,,,,,
600036.SH,20241106,39.0,39.08,38.15,38.56,39.08,-0.52,-1.3306,648336.29,2501077.845,0.5,0.5,,,,,
600036.SH,20241107,38.42,39.58,38.38,39.57,38.56,1.01,2.6193,743472.18,2904874.006,0.5,0.5,,,,,
600036.SH,20241108,39.68,39.85,38.75,38.8,39.57,-0.77,-1.9459,745368.46,2920926.027,0.5,0.5,,,,,
600036.SH,20241111,38.3,38.7,37.89,38.33,38.8,-0.47,-1.2113,703145.55,2682610.299,0.5,0.5,,,,,
600036.SH,20241112,38.19,38.84,37.51,37.59,38.33,-0.74,-1.9306,893289.28,3399364.219,0.5,0.5,,,,,
600036.SH,20241113,37.59,37.98,37.51,37.82,37.59,0.23,0.6119,485304.4,1833809.094,0.5,0.5,,,,,
600036.SH,20241114,37.66,38.48,37.53,38.06,37.82,0.24,0.6346,676440.3,2585688.546,0.5,0.5,,,,,
600036.SH,20241115,38.08,38.57,37.81,37.82,38.06,-0.24,-0.6306,699276.88,2671344.642,0.5,0.5,,,,,
600036.SH,20241118,38.05,38.66,37.8,37.9,37.82,0.08,0.2115,763448.07,2918992.44,0.5,0.5,,,,,
600036.SH,20241119,37.91,38.18,37.45,37.72,37.9,-0.18,-0.4749,521248.55,1967719.175,0.5,0.5,,,,,
600036.SH,20241120,37.8,37.85,37.4,37.48,37.72,-0.24,-0.6363,451291.26,1693331.536,0.5,0.5,,,,,
600036.SH,20241121,37.48,37.66,37.27,37.43,37.48,-0.05,-0.1334,350336.14,1309684.433,0.5,0.5,,,,,
600036.SH,20241122,37.43,37.55,36.36,36.45,37.43,-0.98,-2.6182,690490.9,2544524.441,0.5,0.5,,,,,
600036.SH,20241125,36.7,36.86,36.12,36.22,36.45,-0.23,-0.631,534094.73,1945383.41,0.5,0.5,,,,,
600036.SH,20241126,36.03,36.58,35.84,36.39,36.22,0.17,0.4694,459421.21,1666651.768,0.5,0.5,,,,,
600036.SH,20241127,36.39,36.68,36.11,36.6,36.39,0.21,0.5771,392076.88,1429782.933,0.5,0.5,,,,,
600036.SH,20241128,36.6,36.85,36.18,36.47,36.6,-0.13,-0.3552,451939.1,1647865.702,0.5,0.5,,,,,
600036.SH,20241129,36.59,37.0,36.31,36.34,36.47,-0.13,-0.3565,664379.99,2437776.752,0.5,0.5,,,,,
600036.SH,20241202,36.45,36.68,36.2,36.51,36.34,0.17,0.4678,424652.09,1548959.36,0.5,0.5,,,,,
600036.SH,20241203,36.65,37.22,36.38,37.12,36.51,0.61,1.6708,721986.09,2658919.819,0.5,0.5,,,,,
600036.SH,20241204,37.09,37.09,36.53,36.81,37.12,-0.31,-0.8351,620511.24,2285383.469,0.5,0.5,,,,,
600036.SH,20241205,36.66,37.36,36.61,36.91,36.81,0.1,0.2717,568949.34,2108115.265,0.5,0.5,,,,,
600036.SH,20241206,37.01,37.82,37.01,37.7,36.91,0.79,2.1403,877235.87,3296793.042,0.5,0.5,,,,,
600036.SH,20241209,37.59,37.99,37.35,37.7,37.7,0.0,0.0,492995.35,1859542.283,0.5,0.5,,,,,
600036.SH,20241210,38.8,38.99,38.4,38.6,37.7,0.9,2.3873,1038953.19,4022695.501,0.5,0.5,,,,,
600036.SH,20241211,38.54,38.79,38.23,38.3,38.6,-0.3,-0.7772,517709.36,1988895.959,0.5,0.5,,,,,
600036.SH,20241212,38.29,38.83,38.21,38.8,38.3,0.5,1.3055,586888.76,2267252.621,0.5,0.5,,,,,
600036.SH,20241213,38.45,38.6,37.28,37.3,38.8,-1.5,-3.866,1117982.8,4213094.969,0.5,0.5,,,,,
600036.SH,20241216,37.35,37.78,37.32,37.74,37.3,0.44,1.1796,640315.89,2409086.954,0.5,0.5,,,,,
600036.SH,20241217,37.54,38.16,37.54,37.85,37.74,0.11,0.2915,603104.08,2287237.539,0.5,0.5,,,,,
600036.SH,20241218,38.02,38.66,37.86,38.52,37.85,0.67,1.7701,805855.36,3101731.956,0.5,0.5,,,,,
600036.SH,20241219,38.38,38.53,38.0,38.02,38.52,-0.5,-1.298,611195.82,2336249.857,0.5,0.5,,,,,
600036.SH,20241220,38.05,38.28,37.86,37.91,38.02,-0.11,-0.2893,542150.38,2060744.582,0.5,0.5,,,,,
600036.SH,20241223,37.99,38.7,37.98,38.35,37.91,0.44,1.1606,902691.56,3473126.152,0.5,0.5,,,,,
600036.SH,20241224,38.35,39.29,38.32,39.22,38.35,0.87,2.2686,993428.46,3875223.368,0.5,0.5,,,,,
600036.SH,20241225,39.23,39.56,38.99,39.4,39.22,0.18,0.4589,755913.07,2972981.821,0.5,0.5,,,,,
600036.SH,20241226,39.4,39.54,39.01,39.48,39.4,0.08,0.203,539251.94,2125139.425,0.5,0.5,,,,,
600036.SH,20241227,39.48,39.64,38.78,39.34,39.48,-0.14,-0.3546,700319.55,2742768.758,0.5,0.5,,,,,
600036.SH,20241230,39.34,39.8,39.25,39.62,39.34,0.28,0.7117,678845.33,2690314.729,0.5,0.5,,,,,
600036.SH,20241231,39.56,39.9,39.3,39.3,39.62,-0.32,-0.8077,643716.99,2549055.494,0.5,0.5,,,,,
600036.SH,20250102,39.35,39.5,38.34,38.51,39.3,-0.79,-2.0102,642000.7,2493694.677,0.5,0.5,,,,,
600036.SH,20250103,38.6,39.04,38.54,38.66,38.51,0.15,0.3895,682583.06,2646967.329,0.5,0.5,,,,,
600036.SH,20250106,38.9,39.1,38.13,39.05,38.66,0.39,1.0088,617158.63,2394244.404,0.5,0.5,,,,,
600036.SH,20250107,38.97,39.15,38.61,38.9,39.05,-0.15,-0.3841,492752.05,1917344.814,0.5,0.5,,,,,
600036.SH,20250108,38.83,39.55,38.82,39.28,38.9,0.38,0.9769,751481.02,2952943.868,0.5,0.5,,,,,
600036.SH,20250109,39.4,39.43,38.83,39.0,39.28,-0.28,-0.7128,447083.35,1748399.288,0.5,0.5,,,,,
600036.SH,20250110,39.34,39.45,38.81,38.98,39.0,-0.02,-0.0513,481424.8,1881660.497,0.5,0.5,,,,,
600036.SH,20250113,38.93,39.15,38.54,39.07,38.98,0.09,0.2309,606322.74,2360608.444,0.5,0.5,,,,,
600036.SH,20250114,39.09,39.97,38.9,39.85,39.07,0.78,1.9964,708011.88,2802857.578,0.5,0.5,,,,,
600036.SH,20250115,39.99,41.0,39.89,40.64,39.85,0.79,1.9824,796700.88,3234242.853,0.5,0.5,,,,,
600036.SH,20250116,40.65,41.15,40.53,40.99,40.64,0.35,0.8612,592593.86,2423118.469,0.5,0.5,,,,,
600036.SH,20250117,40.96,41.16,40.13,40.71,40.99,-0.28,-0.6831,475900.5,1936832.044,0.5,0.5,,,,,
600036.SH,20250120,40.98,41.07,40.11,40.12,40.71,-0.59,-1.4493,542574.82,2195966.48,0.5,0.5,,,,,
600036.SH,20250121,40.32,40.51,40.01,40.14,40.12,0.02,0.0499,400685.06,1613495.367,0.5,0.5,,,,,
600036.SH,20250122,40.14,40.16,39.32,39.45,40.14,-0.69,-1.719,588912.22,2327377.021,0.5,0.5,,,,,
600036.SH,20250123,39.67,40.23,39.52,39.83,39.45,0.38,0.9632,606618.1,2417576.583,0.5,0.5,,,,,
600036.SH,20250124,39.66,40.55,39.46,40.26,39.83,0.43,1.0796,574652.34,2312073.726,0.5,0.5,,,,,
600036.SH,20250127,40.58,40.97,40.55,40.65,40.26,0.39,0.9687,526060.47,2144848.681,0.5,0.5,,,,,
600036.SH,20250205,40.85,40.9,39.9,40.0,40.65,-0.65,-1.599,504788.89,2030411.802,0.5,0.5,,,,,
600036.SH,20250206,40.0,40.38,39.73,40.2,40.0,0.2,0.5,466088.42,1866867.478,0.5,0.5,,,,,
600036.SH,20250207,40.1,40.4,39.96,40.2,40.2,0.0,0.0,521066.18,2092855.37,0.5,0.5,,,,,
600036.SH,20250210,40.2,40.92,39.96,40.6,40.2,0.4,0.995,581805.95,2357786.974,0.5,0.5,,,,,
600036.SH,20250211,40.75,41.04,40.64,40.98,40.6,0.38,0.936,457771.19,1872296.623,0.5,0.5,,,,,
600036.SH,20250212,40.96,41.66,40.56,41.62,40.98,0.64,1.5617,603591.49,2484722.115,0.5,0.5,,,,,
600036.SH,20250213,41.65,41.95,41.34,41.71,41.62,0.09,0.2162,462206.98,1927409.816,0.5,0.5,,,,,
600036.SH,20250214,41.69,42.03,41.52,42.03,41.71,0.32,0.7672,498736.9,2086301.72,0.5,0.5,,,,,
600036.SH,20250217,41.99,41.99,41.36,41.72,42.03,-0.31,-0.7376,536125.61,2228540.282,0.5,0.5,,,,,
600036.SH,20250218,41.51,42.48,41.51,42.05,41.72,0.33,0.791,546665.39,2301403.254,0.5,0.5,,,,,
600036.SH,20250219,42.0,42.15,41.76,41.98,42.05,-0.07,-0.1665,374702.23,1572476.676,0.5,0.5,,,,,
600036.SH,20250220,42.0,42.09,41.68,41.85,41.98,-0.13,-0.3097,407675.08,1705724.684,0.5,0.5,,,,,
600036.SH,20250221,41.96,41.99,41.22,41.4,41.85,-0.45,-1.0753,595255.79,2467492.898,0.5,0.5,,,,,
600036.SH,20250224,41.39,41.75,41.1,41.27,41.4,-0.13,-0.314,571107.09,2361716.151,0.5,0.5,,,,,
600036.SH,20250225,41.15,41.44,40.91,41.03,41.27,-0.24,-0.5815,507321.2,2088784.244,0.5,0.5,,,,,
600036.SH,20250226,41.13,41.7,41.05,41.48,41.03,0.45,1.0968,476446.61,1974231.834,0.5,0.5,,,,,
600036.SH,20250227,41.6,42.4,41.28,42.38,41.48,0.9,2.1697,622596.57,2611617.503,0.5,0.5,,,,,
600036.SH,20250228,42.38,42.66,42.05,42.05,42.38,-0.33,-0.7787,705423.65,2985755.469,0.5,0.5,,,,,
600036.SH,20250303,42.12,42.62,41.95,42.05,42.05,0.0,0.0,470149.02,1983165.73,0.5,0.5,,,,,
600036.SH,20250304,41.91,42.1,41.77,41.8,42.05,-0.25,-0.5945,317245.42,1329037.847,0.5,0.5,,,,,
600036.SH,20250305,41.96,42.91,41.75,42.89,41.8,1.09,2.6077,632037.43,2689749.944,0.5,0.5,,,,,
600036.SH,20250306,42.89,43.1,42.45,42.96,42.89,0.07,0.1632,572053.04,2450800.591,0.5,0.5,,,,,
600036.SH,20250307,42.9,43.8,42.85,43.57,42.96,0.61,1.4199,605413.19,2626484.644,0.5,0.5,,,,,
600036.SH,20250310,43.49,43.58,42.82,43.07,43.57,-0.5,-1.1476,508749.71,2191791.878,0.5,0.5,,,,,
600036.SH,20250311,42.77,43.64,42.71,43.51,43.07,0.44,1.0216,565741.09,2447134.269,0.5,0.5,,,,,
600036.SH,20250312,43.5,43.86,43.25,43.54,43.51,0.03,0.0689,418258.36,1822497.448,0.5,0.5,,,,,
600036.SH,20250313,43.6,44.38,43.5,43.84,43.54,0.3,0.689,585539.28,2575079.64,0.5,0.5,,,,,
600036.SH,20250314,44.0,45.47,43.94,45.16,43.84,1.32,3.0109,911275.35,4095818.343,0.5,0.5,,,,,
600036.SH,20250317,45.32,45.5,44.98,45.04,45.16,-0.12,-0.2657,654209.73,2957486.225,0.5,0.5,,,,,
600036.SH,20250318,45.29,45.38,44.82,45.14,45.04,0.1,0.222,428220.01,1933102.848,0.5,0.5,,,,,
600036.SH,20250319,45.28,46.1,45.1,46.02,45.14,0.88,1.9495,670705.94,3061182.015,0.5,0.5,,,,,
600036.SH,20250320,45.92,45.92,44.78,45.24,46.02,-0.78,-1.6949,678656.03,3067327.047,0.5,0.5,,,,,
600036.SH,20250321,45.12,45.34,44.52,44.7,45.24,-0.54,-1.1936,675411.7,3030118.215,0.5,0.5,,,,,
600036.SH,20250324,44.55,45.19,44.55,45.05,44.7,0.35,0.783,449576.19,2018232.266,0.5,0.5,,,,,
600036.SH,20250325,45.0,45.5,44.95,45.09,45.05,0.04,0.0888,356871.55,1610425.397,0.5,0.5,,,,,
600036.SH,20250326,44.5,44.59,42.61,42.66,45.09,-2.43,-5.3892,1578326.32,6817699.594,0.5,0.5,,,,,
600036.SH,20250327,42.75,43.74,42.74,43.26,42.66,0.6,1.4065,827950.81,3583722.318,0.5,0.5,,,,,
600036.SH,20250328,43.3,43.45,43.06,43.22,43.26,-0.04,-0.0925,386184.09,1671063.294,0.5,0.5,,,,,
600036.SH,20250331,43.21,43.78,42.61,43.29,43.22,0.07,0.162,539568.88,2334387.177,0.5,0.5,,,,,
600036.SH,20250401,43.28,43.29,42.75,42.87,43.29,-0.42,-0.9702,389360.35,1671945.743,0.5,0.5,,,,,
600036.SH,20250402,42.87,43.15,42.68,42.73,42.87,-0.14,-0.3266,331201.89,1420244.308,0.5,0.5,,,,,
600036.SH,20250403,42.02,42.85,42.02,42.65,42.73,-0.08,-0.1872,464165.5,1977833.089,0.5,0.5,,,,,
600036.SH,20250407,40.94,42.0,39.39,40.83,42.65,-1.82,-4.2673,1815632.92,7360169.684,0.5,0.5,,,,,
600036.SH,20250408,40.78,41.2,40.44,41.15,40.83,0.32,0.7837,1610477.36,6562173.34,0.5,0.5,,,,,
600036.SH,20250409,40.6,41.02,40.3,40.46,41.15,-0.69,-1.6768,973969.35,3956703.949,0.5,0.5,,,,,
600036.SH,20250410,40.99,41.45,40.55,41.1,40.46,0.64,1.5818,743788.75,3057795.208,0.5,0.5,,,,,
600036.SH,20250411,41.11,41.69,40.81,41.51,41.1,0.41,0.9976,583056.91,2404586.566,0.5,0.5,,,,,
600036.SH,20250414,41.68,41.91,41.41,41.48,41.51,-0.03,-0.0723,482159.84,2006762.053,0.5,0.5,,,,,
600036.SH,20250415,41.49,42.29,41.45,42.1,41.48,0.62,1.4947,614563.86,2578602.435,0.5,0.5,,,,,
600036.SH,20250416,41.98,42.58,41.82,42.25,42.1,0.15,0.3563,576293.58,2425842.589,0.5,0.5,,,,,
600036.SH,20250417,42.12,42.36,41.85,42.12,42.25,-0.13,-0.3077,405792.88,1711632.454,0.5,0.5,,,,,
600036.SH,20250418,42.13,42.79,42.05,42.75,42.12,0.63,1.4957,435001.28,1849158.562,0.5,0.5,,,,,
600036.SH,20250421,42.66,43.08,42.28,42.28,42.75,-0.47,-1.0994,416465.85,1774479.138,0.5,0.5,,,,,
600036.SH,20250422,42.31,42.54,42.01,42.01,42.28,-0.27,-0.6386,433788.13,1831804.304,0.5,0.5,,,,,
600036.SH,20250423,42.3,42.3,41.77,41.99,42.01,-0.02,-0.0476,467743.59,1965588.261,0.5,0.5,,,,,
600036.SH,20250424,42.0,42.38,41.95,42.21,41.99,0.22,0.5239,413651.85,1747384.624,0.5,0.5,,,,,
600036.SH,20250425,42.29,42.55,42.04,42.08,42.21,-0.13,-0.308,424349.93,1792844.933,0.5,0.5,,,,,
600036.SH,20250428,42.15,42.56,42.03,42.35,42.08,0.27,0.6416,386973.17,1639160.75,0.5,0.5,,,,,
600036.SH,20250429,42.35,42.65,42.0,42.0,42.35,-0.35,-0.8264,457698.53,1933096.299,0.5,0.5,,,,,
600036.SH,20250430,41.64,41.64,40.51,40.74,42.0,-1.26,-3.0,1172682.1,4782474.914,0.5,0.5,,,,,
600036.SH,20250506,40.9,41.41,40.51,41.37,40.74,0.63,1.5464,666409.99,2734586.584,0.5,0.5,,,,,
600036.SH,20250507,41.79,42.23,41.31,42.02,41.37,0.65,1.5712,712913.88,2985699.306,0.5,0.5,,,,,
600036.SH,20250508,42.01,43.42,42.0,42.8,42.02,0.78,1.8563,833809.64,3581050.505,0.5,0.5,,,,,
600036.SH,20250509,42.8,43.6,42.8,43.48,42.8,0.68,1.5888,668154.72,2897563.045,0.5,0.5,,,,,
600036.SH,20250512,43.45,44.4,43.11,43.8,43.48,0.32,0.736,848974.09,3724155.034,0.5,0.5,,,,,
600036.SH,20250513,44.09,44.65,43.85,44.56,43.8,0.76,1.7352,699124.17,3099990.42,0.5,0.5,,,,,
600036.SH,20250514,44.55,45.3,44.32,44.81,44.56,0.25,0.561,712790.18,3194543.663,0.5,0.5,,,,,
600036.SH,20250515,44.83,45.38,44.65,44.92,44.81,0.11,0.2455,684600.48,3080577.618,0.5,0.5,,,,,
600036.SH,20250516,44.75,44.98,44.03,44.27,44.92,-0.65,-1.447,619655.35,2743750.956,0.5,0.5,,,,,
600036.SH,20250519,44.2,44.46,43.75,43.84,44.27,-0.43,-0.9713,502817.01,2213557.25,0.5,0.5,,,,,
600036.SH,20250520,44.03,44.61,43.87,43.9,43.84,0.06,0.1369,500534.83,2210731.576,0.5,0.5,,,,,
600036.SH,20250521,43.95,44.37,43.84,43.9,43.9,0.0,0.0,499200.35,2199193.618,0.5,0.5,,,,,
600036.SH,20250522,43.9,44.56,43.75,44.51,43.9,0.61,1.3895,565655.62,2503244.591,0.5,0.5,,,,,
600036.SH,20250523,44.51,44.68,43.9,44.05,44.51,-0.46,-1.0335,541460.09,2395482.582,0.5,0.5,,,,,
600036.SH,20250526,43.89,44.17,43.63,43.8,44.05,-0.25,-0.5675,456099.75,2000068.964,0.5,0.5,,,,,
600036.SH,20250527,43.8,44.15,43.67,43.74,43.8,-0.06,-0.137,363750.01,1594752.084,0.5,0.5,,,,,
600036.SH,20250528,43.78,44.05,43.6,43.68,43.74,-0.06,-0.1372,300355.24,1313730.557,0.5,0.5,,,,,
600036.SH,20250529,43.7,43.95,43.45,43.47,43.68,-0.21,-0.4808,492989.7,2152530.686,0.5,0.5,,,,,
600036.SH,20250530,43.55,43.88,43.35,43.43,43.47,-0.04,-0.092,571391.44,2491890.458,0.5,0.5,,,,,
600036.SH,20250603,43.5,44.43,43.5,43.97,43.43,0.54,1.2434,503685.13,2216746.052,0.5,0.5,,,,,
600036.SH,20250604,44.05,44.27,43.9,44.06,43.97,0.09,0.2047,373416.67,1644649.609,0.5,0.5,,,,,
600036.SH,20250605,44.06,44.42,44.0,44.37,44.06,0.31,0.7036,421316.8,1865235.666,0.5,0.5,,,,,
600036.SH,20250606,44.45,44.71,44.3,44.47,44.37,0.1,0.2254,373498.95,1660462.752,0.5,0.5,,,,,
600036.SH,20250609,44.6,44.68,44.21,44.6,44.47,0.13,0.2923,474774.46,2111750.061,0.5,0.5,,,,,
600036.SH,20250610,44.57,45.05,44.45,44.67,44.6,0.07,0.157,528348.92,2364300.624,0.5,0.5,,,,,
600036.SH,20250611,44.72,45.68,44.72,45.31,44.67,0.64,1.4327,776761.08,3518360.401,0.5,0.5,,,,,
600036.SH,20250612,45.4,45.65,45.1,45.23,45.31,-0.08,-0.1766,452390.7,2050510.492,0.5,0.5,,,,,
600036.SH,20250613,45.24,45.35,44.95,45.18,45.23,-0.05,-0.1105,474080.56,2141145.231,0.5,0.5,,,,,
600036.SH,20250616,45.08,45.81,44.95,45.78,45.18,0.6,1.328,414474.35,1885267.746,0.5,0.5,,,,,
600036.SH,20250617,45.88,46.05,45.71,45.98,45.78,0.2,0.4369,474209.01,2177741.322,0.5,0.5,,,,,
600036.SH,20250618,45.92,46.07,45.65,45.85,45.98,-0.13,-0.2827,426428.59,1957406.403,0.5,0.5,,,,,
600036.SH,20250619,45.84,46.06,45.37,45.63,45.85,-0.22,-0.4798,513454.3,2342843.184,0.5,0.5,,,,,
600036.SH,20250620,45.73,46.18,45.55,45.99,45.63,0.36,0.789,448156.52,2059058.897,0.5,0.5,,,,,
600036.SH,20250623,45.9,46.34,45.43,46.25,45.99,0.26,0.5653,538931.48,2475802.504,0.5,0.5,,,,,
600036.SH,20250624,46.31,47.0,46.18,46.75,46.25,0.5,1.0811,655814.61,3058493.531,0.5,0.5,,,,,
600036.SH,20250625,46.75,47.5,46.59,47.5,46.75,0.75,1.6043,607679.87,2862914.073,0.5,0.5,,,,,
600036.SH,20250626,47.49,47.88,47.05,47.88,47.5,0.38,0.8,590200.64,2807185.76,0.5,0.5,,,,,
600036.SH,20250627,47.85,47.87,46.04,46.22,47.88,-1.66,-3.467,954143.2,4461309.935,0.5,0.5,,,,,
600036.SH,20250630,46.13,46.29,45.77,45.95,46.22,-0.27,-0.5842,624613.63,2870068.037,0.5,0.5,,,,,
600036.SH,20250701,45.96,46.67,45.92,46.45,45.95,0.5,1.0881,450613.09,2089060.872,0.5,0.5,,,,,
600036.SH,20250702,46.7,47.16,46.45,46.9,46.45,0.45,0.9688,518563.18,2429269.829,0.5,0.5,,,,,
600036.SH,20250703,46.9,46.95,46.34,46.61,46.9,-0.29,-0.6183,556225.76,2595710.465,0.5,0.5,,,,,
600036.SH,20250704,46.6,47.5,46.4,47.07,46.61,0.46,0.9869,678948.32,3190053.518,0.5,0.5,,,,,
600036.SH,20250707,47.07,47.3,46.7,47.2,47.07,0.13,0.2762,567427.42,2672021.321,0.5,0.5,,,,,
600036.SH,20250708,47.28,47.67,47.1,47.62,47.2,0.42,0.8898,637421.01,3025850.416,0.5,0.5,,,,,
600036.SH,20250709,47.5,47.77,47.13,47.13,47.62,-0.49,-1.029,614566.35,2912999.773,0.5,0.5,,,,,
600036.SH,20250710,47.1,48.55,47.1,48.24,47.13,1.11,2.3552,1219784.04,5860161.557,0.5,0.5,,,,,
600036.SH,20250711,46.28,46.5,45.62,45.64,46.24,-0.6,-1.2976,1184442.84,5446393.735,0.5,0.5,,,,,
600036.SH,20250714,45.65,46.09,45.44,45.57,45.64,-0.07,-0.1534,648484.37,2969040.141,0.5,0.5,,,,,
600036.SH,20250715,45.77,45.92,44.8,45.22,45.57,-0.35,-0.768,666206.26,3018332.344,0.5,0.5,,,,,
600036.SH,20250716,45.26,45.54,44.88,45.11,45.22,-0.11,-0.2433,468186.39,2112241.748,0.5,0.5,,,,,
600036.SH,20250717,45.1,45.33,44.91,45.0,45.11,-0.11,-0.2438,416895.06,1877218.807,0.5,0.5,,,,,
600036.SH,20250718,45.05,45.16,44.74,45.05,45.0,0.05,0.1111,543430.57,2445283.609,0.5,0.5,,,,,
600036.SH,20250721,45.05,45.23,44.83,44.85,45.05,-0.2,-0.444,566412.01,2546034.189,0.5,0.5,,,,,
600036.SH,20250722,44.85,44.98,44.21,44.94,44.85,0.09,0.2007,922319.06,4111116.85,0.5,0.5,,,,,
600036.SH,20250723,44.97,45.7,44.96,45.12,44.94,0.18,0.4005,853249.05,3864679.805,0.5,0.5,,,,,
600036.SH,20250724,45.21,45.36,44.8,44.88,45.12,-0.24,-0.5319,826620.13,3724435.789,0.5,0.5,,,,,
600036.SH,20250725,44.84,45.17,44.75,44.83,44.88,-0.05,-0.1114,696264.23,3129427.563,0.5,0.5,,,,,
600036.SH,20250728,44.8,45.16,44.41,44.44,44.83,-0.39,-0.87,635127.2,2838575.467,0.5,0.5,,,,,
600036.SH,20250729,44.44,44.8,44.14,44.14,44.44,-0.3,-0.6751,785812.82,3487013.44,0.5,0.5,,,,,
600036.SH,20250730,44.17,44.75,43.93,44.42,44.14,0.28,0.6343,725460.85,3222441.776,0.5,0.5,,,,,
600036.SH,20250731,44.4,44.56,43.85,44.48,44.42,0.06,0.1351,733195.17,3247588.211,0.5,0.5,,,,,
600036.SH,20250801,44.5,44.97,44.35,44.42,44.48,-0.06,-0.1349,594620.94,2651723.323,0.5,0.5,,,,,
600036.SH,20250804,44.31,44.97,44.31,44.9,44.42,0.48,1.0806,498008.32,2231447.773,0.5,0.5,,,,,
600036.SH,20250805,44.78,45.4,44.64,45.25,44.9,0.35,0.7795,555258.3,2502003.95,0.5,0.5,,,,,
600036.SH,20250806,45.29,45.73,45.11,45.12,45.25,-0.13,-0.2873,430296.4,1951697.829,0.5,0.5,,,,,
600036.SH,20250807,45.12,45.6,44.96,45.15,45.12,0.03,0.0665,440643.25,1995029.89,0.5,0.5,,,,,
600036.SH,20250808,45.2,45.28,44.53,44.53,45.15,-0.62,-1.3732,456421.53,2044145.472,0.5,0.5,,,,,
600036.SH,20250811,44.53,44.63,44.1,44.1,44.53,-0.43,-0.9656,536723.71,2375089.438,0.5,0.5,,,,,
600036.SH,20250812,44.13,44.48,44.0,44.0,44.1,-0.1,-0.2268,562252.43,2482688.843,0.5,0.5,,,,,
600036.SH,20250813,44.14,44.25,43.49,43.54,44.0,-0.46,-1.0455,876737.36,3837405.883,0.5,0.5,,,,,
600036.SH,20250814,43.55,43.94,43.5,43.78,43.54,0.24,0.5512,676351.68,2959763.586,0.5,0.5,,,,,
600036.SH,20250815,43.66,43.74,43.3,43.3,43.78,-0.48,-1.0964,932956.84,4051326.297,0.5,0.5,,,,,
600036.SH,20250818,43.1,43.67,42.89,43.51,43.3,0.21,0.485,926397.38,4005818.986,0.5,0.5,,,,,
600036.SH,20250819,43.45,43.7,43.29,43.4,43.51,-0.11,-0.2528,574118.52,2493609.522,0.5,0.5,,,,,
600036.SH,20250820,43.3,43.63,43.15,43.45,43.4,0.05,0.1152,547240.13,2374776.328,0.5,0.5,,,,,
600036.SH,20250821,43.5,43.59,43.23,43.47,43.45,0.02,0.046,578540.02,2512170.016,0.5,0.5,,,,,
600036.SH,20250822,43.47,43.48,43.04,43.26,43.47,-0.21,-0.4831,794496.25,3432029.283,0.5,0.5,,,,,
600036.SH,20250825,43.32,43.87,43.11,43.87,43.26,0.61,1.4101,907389.9,3956212.555,0.5,0.5,,,,,
600036.SH,20250826,43.89,44.02,43.42,43.52,43.87,-0.35,-0.7978,755722.31,3296532.147,0.5,0.5,,,,,
600036.SH,20250827,43.5,43.66,43.0,43.0,43.52,-0.52,-1.1949,758140.78,3280973.424,0.5,0.5,,,,,
600036.SH,20250828,43.02,43.3,42.6,42.98,43.0,-0.02,-0.0465,822425.57,3530397.264,0.5,0.5,,,,,
600036.SH,20250829,42.98,43.99,42.89,42.89,42.98,-0.09,-0.2094,1360878.99,5896873.9,0.5,0.5,,,,,
600036.SH,20250901,42.62,42.64,41.88,41.98,42.89,-0.91,-2.1217,1276333.29,5381676.513,0.5,0.5,,,,,
600036.SH,20250902,41.86,43.5,41.86,43.44,41.98,1.46,3.4778,1452141.14,6232062.12,0.5,0.5,,,,,
600036.SH,20250903,43.44,43.57,42.7,42.9,43.44,-0.54,-1.2431,818405.6,3528703.354,0.5,0.5,,,,,
600036.SH,20250904,42.81,43.32,42.14,43.05,42.9,0.15,0.3497,935363.28,3997574.925,0.5,0.5,,,,,
600036.SH,20250905,43.0,43.02,42.53,42.76,43.05,-0.29,-0.6736,572328.38,2449941.047,0.5,0.5,,,,,
600036.SH,20250908,42.7,43.1,42.37,42.43,42.76,-0.33,-0.7717,851681.62,3635065.671,0.5,0.5,,,,,
600036.SH,20250909,42.42,42.88,42.4,42.83,42.43,0.4,0.9427,589526.53,2515896.773,0.5,0.5,,,,,
600036.SH,20250910,42.8,43.15,42.56,43.0,42.83,0.17,0.3969,471386.94,2022413.171,0.5,0.5,,,,,
600036.SH,20250911,43.13,43.33,42.78,43.3,43.0,0.3,0.6977,650730.72,2804175.734,0.5,0.5,,,,,
600036.SH,20250912,43.38,43.47,42.42,42.54,43.3,-0.76,-1.7552,823140.03,3521647.843,0.5,0.5,,,,,
600036.SH,20250915,42.48,42.79,42.11,42.22,42.54,-0.32,-0.7522,699491.06,2964121.228,0.5,0.5,,,,,
600036.SH,20250916,42.32,42.43,41.66,41.75,42.22,-0.47,-1.1132,859050.78,3600259.578,0.5,0.5,,,,,
600036.SH,20250917,41.76,42.19,41.7,41.76,41.75,0.01,0.024,572362.58,2392440.771,0.5,0.5,,,,,
600036.SH,20250918,41.78,41.84,40.8,40.83,41.76,-0.93,-2.227,1003522.4,4131887.418,0.5,0.5,,,,,
600036.SH,20250919,40.8,41.53,40.55,41.0,40.83,0.17,0.4164,836563.07,3440376.826,0.5,0.5,,,,,
600036.SH,20250922,41.15,41.37,40.8,40.92,41.0,-0.08,-0.1951,656110.3,2688228.051,0.5,0.5,,,,,
600036.SH,20250923,40.98,41.75,40.63,41.55,40.92,0.63,1.5396,938850.81,3891395.841,0.5,0.5,,,,,
600036.SH,20250924,41.5,41.89,41.29,41.32,41.55,-0.23,-0.5535,643899.51,2672303.416,0.5,0.5,,,,,
600036.SH,20250925,41.32,41.36,40.81,40.82,41.32,-0.5,-1.2101,666948.87,2730478.547,0.5,0.5,,,,,
600036.SH,20250926,40.81,41.0,40.3,40.8,40.82,-0.02,-0.049,682766.67,2773964.882,0.5,0.5,,,,,
600036.SH,20250929,40.77,41.29,40.36,40.68,40.8,-0.12,-0.2941,835550.55,3407163.055,0.5,0.5,,,,,
600036.SH,20250930,40.65,40.79,40.41,40.41,40.68,-0.27,-0.6637,700025.2,2836889.513,0.5,0.5,,,,,
600036.SH,20251009,40.21,40.44,39.82,40.33,40.41,-0.08,-0.198,972319.53,3900217.891,0.5,0.5,,,,,
600036.SH,20251010,40.3,40.65,40.13,40.18,40.33,-0.15,-0.3719,955049.79,3852817.637,0.5,0.5,,,,,
600036.SH,20251013,39.76,40.3,39.7,40.11,40.18,-0.07,-0.1742,1065936.17,4266014.498,0.5,0.5,,,,,
600036.SH,20251014,40.09,41.49,39.83,41.26,40.11,1.15,2.8671,1733826.68,7102543.598,0.5,0.5,,,,,
600036.SH,20251015,41.25,41.57,41.01,41.5,41.26,0.24,0.5817,1062767.02,4392820.738,0.5,0.5,,,,,
600036.SH,20251016,41.5,41.99,41.13,41.93,41.5,0.43,1.0361,1062487.76,4427156.848,0.5,0.5,,,,,
600036.SH,20251017,41.88,42.22,41.38,41.59,41.93,-0.34,-0.8109,829827.05,3470670.301,0.5,0.5,,,,,
600036.SH,20251020,41.61,41.79,41.1,41.42,41.59,-0.17,-0.4088,649477.29,2694843.445,0.5,0.5,,,,,
600036.SH,20251021,41.49,42.1,41.49,41.98,41.42,0.56,1.352,759931.24,3184239.228,0.5,0.5,,,,,
600036.SH,20251022,41.98,42.2,41.73,41.95,41.98,-0.03,-0.0715,551333.64,2311324.892,0.5,0.5,,,,,
600036.SH,20251023,41.95,42.49,41.78,42.24,41.95,0.29,0.6913,713173.73,3004975.799,0.5,0.5,,,,,
600036.SH,20251024,42.35,42.45,41.85,41.95,42.24,-0.29,-0.6866,698831.94,2938870.335,0.5,0.5,,,,,
600036.SH,20251027,41.9,41.97,41.42,41.59,41.95,-0.36,-0.8582,988948.62,4120096.208,0.5,0.5,,,,,
600036.SH,20251028,41.62,41.72,41.23,41.6,41.59,0.01,0.024,705950.74,2928533.807,0.5,0.5,,,,,
600036.SH,20251029,41.53,41.53,40.69,40.77,41.6,-0.83,-1.9952,910987.6,3735043.026,0.5,0.5,,,,,
600036.SH,20251030,40.8,41.36,40.73,41.2,40.77,0.43,1.0547,1131538.44,4648170.384,0.5,0.5,,,,,
600036.SH,20251031,41.26,41.3,40.84,40.89,41.2,-0.31,-0.7524,702607.0,2881797.758,0.5,0.5,,,,,
600036.SH,20251103,41.14,41.97,41.06,41.79,40.89,0.9,2.201,921980.68,3837027.068,0.5,0.5,,,,,
600036.SH,20251104,41.84,43.11,41.81,43.01,41.79,1.22,2.9194,1340035.92,5731414.416,0.5,0.5,,,,,
600036.SH,20251105,43.1,43.47,42.75,42.8,43.01,-0.21,-0.4883,731713.77,3142006.312,0.5,0.5,,,,,
600036.SH,20251106,42.65,42.89,42.31,42.34,42.8,-0.46,-1.0748,871972.74,3704094.152,0.5,0.5,,,,,
600036.SH,20251107,42.4,42.72,42.28,42.51,42.34,0.17,0.4015,593191.18,2521251.002,0.5,0.5,,,,,
600036.SH,20251110,42.45,42.88,42.28,42.72,42.51,0.21,0.494,532368.73,2272065.471,0.5,0.5,,,,,
600036.SH,20251111,42.69,43.04,42.52,42.96,42.72,0.24,0.5618,544670.66,2335614.86,0.5,0.5,,,,,
600036.SH,20251112,43.12,43.36,42.93,42.93,42.96,-0.03,-0.0698,587928.78,2538488.042,0.5,0.5,,,,,
600036.SH,20251113,42.97,43.3,42.74,43.21,42.93,0.28,0.6522,587980.06,2531083.386,0.5,0.5,,,,,
600036.SH,20251114,43.24,43.59,43.18,43.25,43.21,0.04,0.0926,518209.55,2251121.743,0.5,0.5,,,,,
600036.SH,20251117,43.1,43.2,42.5,42.65,43.25,-0.6,-1.3873,610674.46,2605355.053,0.5,0.5,,,,,
600036.SH,20251118,42.56,42.91,42.44,42.88,42.65,0.23,0.5393,517439.27,2210394.705,0.5,0.5,,,,,
600036.SH,20251119,42.88,43.5,42.8,43.22,42.88,0.34,0.7929,511696.39,2211527.918,0.5,0.5,,,,,
600036.SH,20251120,43.22,43.79,43.05,43.23,43.22,0.01,0.0231,585851.52,2545450.519,0.5,0.5,,,,,
600036.SH,20251121,43.24,43.55,42.76,43.0,43.23,-0.23,-0.532,791264.05,3414438.913,0.5,0.5,,,,,
600036.SH,20251124,43.1,43.21,42.51,42.63,43.0,-0.37,-0.8605,678548.82,2903502.508,0.5,0.5,,,,,
600036.SH,20251125,42.66,43.3,42.44,43.25,42.63,0.62,1.4544,666409.49,2860710.968,0.5,0.5,,,,,
600036.SH,20251126,43.34,43.63,42.97,43.25,43.25,0.0,0.0,451072.06,1950643.252,0.5,0.5,,,,,
600036.SH,20251127,43.18,43.39,42.6,43.19,43.25,-0.06,-0.1387,621434.34,2671439.102,0.5,0.5,,,,,
600036.SH,20251128,43.1,43.12,42.82,42.95,43.19,-0.24,-0.5557,494657.89,2126261.782,0.5,0.5,,,,,
600036.SH,20251201,43.08,43.47,42.93,43.44,42.95,0.49,1.1409,567919.42,2454940.643,0.5,0.5,,,,,
600036.SH,20251202,43.44,43.65,43.22,43.38,43.44,-0.06,-0.1381,406734.97,1765681.348,0.5,0.5,,,,,
600036.SH,20251203,43.27,43.58,43.0,43.01,43.38,-0.37,-0.8529,468959.72,2029264.531,0.5,0.5,,,,,
600036.SH,20251204,43.05,43.42,43.01,43.22,43.01,0.21,0.4883,361207.46,1560898.874,0.5,0.5,,,,,
600036.SH,20251205,43.25,43.55,42.91,43.45,43.22,0.23,0.5322,548906.22,2372985.275,0.5,0.5,,,,,
600036.SH,20251208,43.44,43.64,43.07,43.18,43.45,-0.27,-0.6214,580038.81,2512101.223,0.5,0.5,,,,,
600036.SH,20251209,43.18,43.3,42.83,43.04,43.18,-0.14,-0.3242,465938.7,2007147.248,0.5,0.5,,,,,
600036.SH,20251210,43.08,43.08,41.55,41.7,43.04,-1.34,-3.1134,1083156.86,4546989.729,0.5,0.5,,,,,
600036.SH,20251211,41.86,42.05,41.41,41.68,41.7,-0.02,-0.048,846231.07,3525927.169,0.5,0.5,,,,,
600036.SH,20251212,41.75,41.83,41.48,41.74,41.68,0.06,0.144,717625.47,2991877.687,0.5,0.5,,,,,
600036.SH,20251215,41.74,42.28,41.63,41.8,41.74,0.06,0.1437,562665.57,2361986.962,0.5,0.5,,,,,
600036.SH,20251216,41.78,42.13,41.43,41.7,41.8,-0.1,-0.2392,566176.35,2359934.98,0.5,0.5,,,,,
600036.SH,20251217,41.6,41.85,41.23,41.52,41.7,-0.18,-0.4317,631267.44,2619154.132,0.5,0.5,,,,,
600036.SH,20251218,41.54,42.42,41.4,42.37,41.52,0.85,2.0472,768119.31,3224732.02,0.5,0.5,,,,,
600036.SH,20251219,42.37,42.48,41.91,41.99,42.37,-0.38,-0.8969,573823.41,2421818.093,0.5,0.5,,,,,
600036.SH,20251222,42.08,42.13,41.71,41.77,41.99,-0.22,-0.5239,524739.89,2197149.656,0.5,0.5,,,,,
600036.SH,20251223,41.74,42.04,41.66,41.91,41.77,0.14,0.3352,606510.14,2539576.613,0.5,0.5,,,,,
600036.SH,20251224,41.93,41.99,41.55,41.83,41.91,-0.08,-0.1909,536305.2,2241620.145,0.5,0.5,,,,,
600036.SH,20251225,41.93,42.08,41.7,41.78,41.83,-0.05,-0.1195,499213.51,2090265.137,0.5,0.5,,,,,
600036.SH,20251226,41.79,41.88,41.62,41.7,41.78,-0.08,-0.1915,508809.59,2123779.708,0.5,0.5,,,,,
600036.SH,20251229,41.66,41.93,41.42,41.87,41.7,0.17,0.4077,682551.05,2848984.782,0.5,0.5,,,,,
600036.SH,20251230,41.9,42.48,41.78,42.28,41.87,0.41,0.9792,834782.93,3522122.452,0.5,0.5,,,,,
600036.SH,20251231,42.24,42.33,41.92,42.1,42.28,-0.18,-0.4257,554142.39,2335536.695,0.5,0.5,,,,,
600036.SH,20260105,42.48,42.8,42.27,42.35,42.1,0.25,0.5938,840829.64,3571507.107,0.5,0.5,,,,,
600036.SH,20260106,42.45,42.79,42.09,42.73,42.35,0.38,0.8973,923714.82,3918152.819,0.5,0.5,,,,,
600036.SH,20260107,42.75,43.02,42.14,42.15,42.73,-0.58,-1.3574,880559.52,3735889.227,0.5,0.5,,,,,
600036.SH,20260108,42.2,42.25,41.3,41.58,42.15,-0.57,-1.3523,1115726.92,4642639.925,0.5,0.5,,,,,
600036.SH,20260109,41.54,41.76,41.12,41.3,41.58,-0.28,-0.6734,985470.74,4069939.125,0.5,0.5,,,,,
600036.SH,20260112,41.3,41.43,41.0,41.12,41.3,-0.18,-0.4358,1186640.58,4887859.874,0.5,0.5,,,,,
600036.SH,20260113,41.2,41.38,41.03,41.13,41.12,0.01,0.0243,1159364.73,4772124.912,0.5,0.5,,,,,
600036.SH,20260114,41.13,41.17,40.06,40.07,41.13,-1.06,-2.5772,1917743.8,7803195.415,0.5,0.5,,,,,
600036.SH,20260115,40.11,40.42,40.0,40.11,40.07,0.04,0.0998,1217270.94,4886718.463,0.5,0.5,,,,,
600036.SH,20260116,39.49,39.5,38.65,38.72,39.1,-0.38,-0.9719,1525245.3,5941062.877,0.5,0.5,,,,,
600036.SH,20260119,38.73,38.92,38.5,38.55,38.72,-0.17,-0.439,988702.73,3825610.922,0.5,0.5,,,,,
600036.SH,20260120,38.57,39.13,38.51,38.73,38.55,0.18,0.4669,1113873.22,4327688.233,0.5,0.5,,,,,
600036.SH,20260121,38.92,38.94,38.18,38.24,38.73,-0.49,-1.2652,1214999.85,4683716.085,0.5,0.5,,,,,
600036.SH,20260122,38.27,38.58,37.8,37.85,38.24,-0.39,-1.0199,1877546.33,7138121.617,0.5,0.5,,,,,
600036.SH,20260123,37.85,38.17,37.38,37.5,37.85,-0.35,-0.9247,1892112.73,7135111.003,0.5,0.5,,,,,
600036.SH,20260126,37.5,38.3,37.31,38.02,37.5,0.52,1.3867,2166794.16,8225997.387,0.5,0.5,,,,,
600036.SH,20260127,38.06,38.51,37.87,38.1,38.02,0.08,0.2104,1572406.27,6017368.29,0.5,0.5,,,,,
600036.SH,20260128,38.12,38.44,37.7,37.8,38.1,-0.3,-0.7874,2041666.88,7757392.685,0.5,0.5,,,,,
600036.SH,20260129,37.88,38.65,37.55,38.53,37.8,0.73,1.9312,1999981.87,7627788.339,0.5,0.5,,,,,
600036.SH,20260130,38.53,39.17,38.53,38.67,38.53,0.14,0.3634,1660843.03,6450474.687,0.5,0.5,,,,,
600036.SH,20260202,38.88,39.3,38.41,38.45,38.67,-0.22,-0.5689,1384978.88,5374972.304,0.5,0.5,,,,,
600036.SH,20260203,38.67,38.67,38.14,38.3,38.45,-0.15,-0.3901,842791.56,3228439.117,0.5,0.5,,,,,
600036.SH,20260204,38.3,39.02,38.26,39.01,38.3,0.71,1.8538,1021316.28,3961153.583,0.5,0.5,,,,,
600036.SH,20260205,38.94,39.92,38.91,39.71,39.01,0.7,1.7944,1218894.52,4810048.757,0.5,0.5,,,,,
600036.SH,20260206,39.7,39.95,39.31,39.6,39.71,-0.11,-0.277,802979.78,3178037.639,0.5,0.5,,,,,
600036.SH,20260209,39.6,39.74,39.33,39.48,39.6,-0.12,-0.303,658948.91,2601539.089,0.5,0.5,,,,,
600036.SH,20260210,39.49,39.56,39.31,39.34,39.48,-0.14,-0.3546,495964.65,1953983.696,0.5,0.5,,,,,
600036.SH,20260211,39.36,39.45,39.2,39.4,39.34,0.06,0.1525,528816.96,2080370.293,0.5,0.5,,,,,
600036.SH,20260212,39.4,39.42,38.73,38.99,39.4,-0.41,-1.0406,777525.71,3028037.809,0.5,0.5,,,,,
600036.SH,20260213,38.95,39.09,38.63,38.71,38.99,-0.28,-0.7181,705370.32,2738389.98,0.5,0.5,,,,,
600036.SH,20260224,39.2,39.41,38.82,38.94,38.71,0.23,0.5942,754674.38,2950566.959,0.5,0.5,,,,,
600036.SH,20260225,38.9,39.15,38.72,38.78,38.94,-0.16,-0.4109,723971.49,2817141.58,0.5,0.5,,,,,
600036.SH,20260226,38.8,39.02,38.5,38.7,38.78,-0.08,-0.2063,593325.34,2297277.144,0.5,0.5,,,,,
600036.SH,20260227,38.75,38.95,38.64,38.75,38.7,0.05,0.1292,637034.72,2472164.576,0.5,0.5,,,,,
600036.SH,20260302,38.6,38.87,38.42,38.67,38.75,-0.08,-0.2065,685473.13,2649577.38,0.5,0.5,,,,,
600036.SH,20260303,38.66,39.55,38.56,39.18,38.67,0.51,1.3189,1384656.42,5423934.8,0.5,0.5,,,,,
600036.SH,20260304,39.01,39.03,38.01,38.6,39.18,-0.58,-1.4803,1151939.02,4442287.555,0.5,0.5,,,,,
600036.SH,20260305,38.66,39.24,38.63,39.15,38.6,0.55,1.4249,783369.79,3058463.948,0.5,0.5,,,,,
600036.SH,20260306,39.1,39.32,38.95,39.2,39.15,0.05,0.1277,465956.67,1822138.719,0.5,0.5,,,,,
600036.SH,20260309,38.9,39.18,38.75,38.79,39.2,-0.41,-1.0459,766774.9,2983734.019,0.5,0.5,,,,,
600036.SH,20260310,38.94,39.24,38.8,39.22,38.79,0.43,1.1085,613717.0,2399803.866,0.5,0.5,,,,,
600036.SH,20260311,39.3,39.5,38.95,39.5,39.22,0.28,0.7139,689407.1,2710371.064,0.5,0.5,,,,,
600036.SH,20260312,39.45,39.58,39.33,39.5,39.5,0.0,0.0,527723.3,2081987.13,0.5,0.5,,,,,
600036.SH,20260313,39.46,40.05,39.35,39.76,39.5,0.26,0.6582,765276.68,3041555.947,0.5,0.5,,,,,
600036.SH,20260316,39.77,40.04,39.64,39.91,39.76,0.15,0.3773,610944.51,2435208.936,0.5,0.5,,,,,
600036.SH,20260317,39.89,40.36,39.83,40.12,39.91,0.21,0.5262,656229.27,2637804.783,0.5,0.5,,,,,
600036.SH,20260318,40.13,40.32,39.79,39.92,40.12,-0.2,-0.4985,705831.41,2822439.834,0.5,0.5,,,,,
600036.SH,20260319,39.88,40.04,39.7,39.77,39.92,-0.15,-0.3758,650246.84,2591832.05,0.5,0.5,,,,,
600036.SH,20260320,39.85,40.08,39.66,39.75,39.77,-0.02,-0.0503,615802.73,2453063.18,0.5,0.5,,,,,
600036.SH,20260323,39.58,39.7,38.55,38.68,39.75,-1.07,-2.6918,957738.29,3730145.439,0.5,0.5,,,,,
600036.SH,20260324,38.8,39.32,38.73,39.25,38.68,0.57,1.4736,616336.42,2408674.586,0.5,0.5,,,,,
600036.SH,20260325,39.33,39.4,38.94,39.26,39.25,0.01,0.0255,653816.69,2556622.045,0.5,0.5,,,,,
600036.SH,20260326,39.15,39.69,39.14,39.56,39.26,0.3,0.7641,616790.07,2437289.721,0.5,0.5,,,,,
600036.SH,20260327,39.5,39.7,39.25,39.44,39.56,-0.12,-0.3033,468006.71,1846335.951,0.5,0.5,,,,,
600036.SH,20260330,39.24,39.57,39.13,39.48,39.44,0.04,0.1014,646054.1,2544968.867,0.5,0.5,,,,,
600036.SH,20260331,39.54,39.73,39.28,39.32,39.48,-0.16,-0.4053,663096.71,2617257.387,0.5,0.5,,,,,
600036.SH,20260401,39.56,40.04,39.42,39.82,39.32,0.5,1.2716,881525.81,3510509.345,0.5,0.5,,,,,
600036.SH,20260402,39.86,39.92,39.58,39.76,39.82,-0.06,-0.1507,534629.88,2124222.801,0.5,0.5,,,,,
600036.SH,20260403,39.76,39.82,39.36,39.4,39.76,-0.36,-0.9054,464485.37,1835962.093,0.5,0.5,,,,,
600036.SH,20260407,39.39,39.6,38.96,38.99,39.4,-0.41,-1.0406,528366.61,2071766.646,0.5,0.5,,,,,
600036.SH,20260408,39.5,39.64,39.19,39.62,38.99,0.63,1.6158,669497.89,2643490.434,0.5,0.5,,,,,
600036.SH,20260409,39.48,39.52,39.12,39.26,39.62,-0.36,-0.9086,535854.05,2104306.041,0.5,0.5,,,,,
600036.SH,20260410,39.32,39.38,39.13,39.21,39.26,-0.05,-0.1274,543202.08,2130641.529,0.5,0.5,,,,,
600036.SH,20260413,39.13,39.16,38.92,38.98,39.21,-0.23,-0.5866,525144.95,2047706.85,0.5,0.5,,,,,
600036.SH,20260414,39.0,39.18,38.95,39.13,38.98,0.15,0.3848,503998.61,1967829.54,0.5,0.5,,,,,
600036.SH,20260415,39.25,39.92,39.22,39.9,39.13,0.77,1.9678,1052103.79,4177253.342,0.5,0.5,,,,,
600036.SH,20260416,39.9,40.15,39.75,39.91,39.9,0.01,0.0251,617257.76,2467044.522,0.5,0.5,,,,,
600036.SH,20260417,39.85,39.9,39.5,39.52,39.91,-0.39,-0.9772,587925.18,2331744.88,0.5,0.5,,,,,
600036.SH,20260420,39.5,39.9,39.33,39.87,39.52,0.35,0.8856,588776.42,2337084.804,0.5,0.5,,,,,
600036.SH,20260421,39.91,40.15,39.86,39.87,39.87,0.0,0.0,545949.15,2182431.154,0.5,0.5,,,,,
600036.SH,20260422,39.87,40.03,39.62,39.74,39.87,-0.13,-0.3261,507594.55,2017733.909,0.5,0.5,,,,,
600036.SH,20260423,39.72,39.86,39.52,39.81,39.74,0.07,0.1761,569489.34,2260647.913,0.5,0.5,,,,,
600036.SH,20260424,39.74,39.8,39.36,39.38,39.81,-0.43,-1.0801,629414.38,2485978.699,0.5,0.5,,,,,
600036.SH,20260427,39.52,39.99,39.32,39.38,39.38,0.0,0.0,926168.43,3669782.211,0.5,0.5,,,,,
600036.SH,20260428,39.38,39.63,39.26,39.6,39.38,0.22,0.5587,669305.2,2637104.794,0.5,0.5,,,,,
600036.SH,20260429,38.91,39.02,38.34,38.5,39.6,-1.1,-2.7778,2533117.17,9780526.575,0.5,0.5,,,,,
600036.SH,20260430,38.4,38.51,38.12,38.27,38.5,-0.23,-0.5974,1169574.1,4477499.783,0.5,0.5,,,,,
600036.SH,20260506,38.29,38.35,37.82,38.0,38.27,-0.27,-0.7055,1431771.03,5437169.068,0.5,0.5,,,,,
600036.SH,20260507,38.05,38.16,37.94,37.95,38.0,-0.05,-0.1316,790089.87,3001814.235,0.5,0.5,,,,,
600036.SH,20260508,38.03,38.18,37.9,37.94,37.95,-0.01,-0.0264,869539.12,3303687.174,0.5,0.5,,,,,
600036.SH,20260511,37.95,37.98,37.7,37.97,37.94,0.03,0.0791,925489.34,3502977.208,0.5,0.5,,,,,
600036.SH,20260512,37.98,38.14,37.86,37.9,37.97,-0.07,-0.1844,967299.29,3673345.231,0.5,0.5,,,,,
600036.SH,20260513,37.96,38.09,37.85,37.88,37.9,-0.02,-0.0528,718304.16,2723485.937,0.5,0.5,,,,,
600036.SH,20260514,37.81,38.02,37.73,37.81,37.88,-0.07,-0.1848,867867.9,3286217.937,0.5,0.5,,,,,
600036.SH,20260515,37.81,37.97,37.61,37.65,37.81,-0.16,-0.4232,821737.96,3101358.446,0.5,0.5,,,,,
600036.SH,20260518,37.65,37.66,37.35,37.47,37.65,-0.18,-0.4781,707684.1,2651016.863,0.5,0.5,,,,,
600036.SH,20260519,37.48,37.74,37.34,37.37,37.47,-0.1,-0.2669,719910.07,2698787.184,0.5,0.5,,,,,
600036.SH,20260520,37.37,37.44,37.17,37.17,37.37,-0.2,-0.5352,693184.22,2582329.893,0.5,0.5,,,,,
600036.SH,20260521,37.18,37.34,37.11,37.15,37.17,-0.02,-0.0538,725199.69,2698141.548,0.5,0.5,,,,,
600036.SH,20260522,37.1,37.33,36.97,37.02,37.15,-0.13,-0.3499,797617.12,2961273.37,0.5,0.5,,,,,
600036.SH,20260525,37.01,37.26,36.9,36.94,37.02,-0.08,-0.2161,710668.33,2631256.789,0.5,0.5,,,,,
600036.SH,20260526,36.94,37.29,36.9,37.0,36.94,0.06,0.1624,706202.9,2617323.723,0.5,0.5,,,,,
600036.SH,20260527,37.01,37.19,36.78,37.0,37.0,0.0,0.0,845146.27,3125360.325,0.5,0.5,,,,,
600036.SH,20260528,37.05,37.43,36.97,37.12,37.0,0.12,0.3243,995791.06,3701401.975,0.5,0.5,,,,,
600036.SH,20260529,37.1,38.04,36.93,38.01,37.12,0.89,2.3976,1531383.55,5769643.134,0.5,0.5,,,,,
600036.SH,20260601,38.0,38.2,37.8,38.2,38.01,0.19,0.4999,961378.86,3656722.114,0.5,0.5,,,,,
600036.SH,20260602,38.16,38.88,38.05,38.8,38.2,0.6,1.5707,1256969.53,4860567.502,0.5,0.5,,,,,
600036.SH,20260603,38.81,38.81,38.25,38.5,38.8,-0.3,-0.7732,881274.54,3392945.722,0.5,0.5,,,,,
600036.SH,20260604,38.4,38.65,37.99,38.1,38.5,-0.4,-1.039,738841.28,2826182.655,0.5,0.5,,,,,
600036.SH,20260605,38.18,38.7,38.11,38.58,38.1,0.48,1.2598,778709.0,3000501.535,0.5,0.5,,,,,
600036.SH,20260608,38.4,38.76,38.36,38.5,38.58,-0.08,-0.2074,769477.67,2965291.902,0.5,0.5,,,,,
600036.SH,20260609,38.5,38.64,38.4,38.49,38.5,-0.01,-0.026,664500.37,2559005.933,0.5,0.5,,,,,
600036.SH,20260610,38.45,39.08,38.38,38.9,38.49,0.41,1.0652,935860.76,3632762.822,0.5,0.5,,,,,
600036.SH,20260611,38.93,39.09,38.57,38.73,38.9,-0.17,-0.437,594454.02,2304178.552,0.5,0.5,,,,,
601318.SH,20210615,69.01,69.06,66.95,67.07,69.4,-2.33,-3.3573,1077556.87,7263765.616,0.5,0.5,,,,,
601318.SH,20210616,67.01,67.75,66.81,67.0,67.07,-0.07,-0.1044,527269.75,3540192.781,0.5,0.5,,,,,
601318.SH,20210617,67.01,67.19,66.02,66.25,67.0,-0.75,-1.1194,548040.38,3649035.812,0.5,0.5,,,,,
601318.SH,20210618,66.0,66.0,65.0,65.1,66.25,-1.15,-1.7358,857072.2,5593424.92,0.5,0.5,,,,,
601318.SH,20210621,64.49,64.65,63.76,64.16,65.1,-0.94,-1.4439,810853.63,5198754.494,0.5,0.5,,,,,
601318.SH,20210622,64.5,65.3,64.17,64.73,64.16,0.57,0.8884,620127.04,4014245.115,0.5,0.5,,,,,
601318.SH,20210623,64.75,65.97,64.73,65.82,64.73,1.09,1.6839,586873.35,3847510.814,0.5,0.5,,,,,
601318.SH,20210624,65.84,66.38,65.48,65.96,65.82,0.14,0.2127,417899.71,2758134.577,0.5,0.5,,,,,
601318.SH,20210625,66.03,66.78,65.71,66.68,65.96,0.72,1.0916,535653.58,3555544.932,0.5,0.5,,,,,
601318.SH,20210628,66.68,66.69,65.2,65.6,66.68,-1.08,-1.6197,510134.04,3342960.298,0.5,0.5,,,,,
601318.SH,20210629,65.35,65.4,64.3,64.38,65.6,-1.22,-1.8598,549668.04,3554647.982,0.5,0.5,,,,,
601318.SH,20210630,64.2,64.74,63.8,64.28,64.38,-0.1,-0.1553,476368.9,3053959.406,0.5,0.5,,,,,
601318.SH,20210701,64.26,65.17,63.58,64.76,64.28,0.48,0.7467,692617.35,4449223.158,0.5,0.5,,,,,
601318.SH,20210702,64.03,64.07,62.1,62.3,64.76,-2.46,-3.7986,1028081.62,6464701.802,0.5,0.5,,,,,
601318.SH,20210705,61.99,62.28,61.13,61.91,62.3,-0.39,-0.626,750646.75,4629283.875,0.5,0.5,,,,,
601318.SH,20210706,62.42,63.14,61.85,62.9,61.91,0.99,1.5991,685812.85,4296674.949,0.5,0.5,,,,,
601318.SH,20210707,62.69,63.41,62.09,62.37,62.9,-0.53,-0.8426,523167.54,3272128.188,0.5,0.5,,,,,
601318.SH,20210708,62.37,62.37,60.52,60.78,62.37,-1.59,-2.5493,837558.51,5109707.958,0.5,0.5,,,,,
601318.SH,20210709,60.48,61.15,59.81,60.09,60.78,-0.69,-1.1352,707615.85,4267722.638,0.5,0.5,,,,,
601318.SH,20210712,60.31,60.48,59.32,59.4,60.09,-0.69,-1.1483,818989.22,4899580.737,0.5,0.5,,,,,
601318.SH,20210713,59.4,59.88,59.05,59.7,59.4,0.3,0.5051,513337.45,3058865.43,0.5,0.5,,,,,
601318.SH,20210714,59.65,59.65,57.78,57.91,59.7,-1.79,-2.9983,1065618.35,6199867.459,0.5,0.5,,,,,
601318.SH,20210715,58.29,60.19,57.99,59.98,57.91,2.07,3.5745,1085885.85,6439233.47,0.5,0.5,,,,,
601318.SH,20210716,59.69,60.29,58.88,59.7,59.98,-0.28,-0.4668,578204.03,3441570.857,0.5,0.5,,,,,
601318.SH,20210719,59.88,59.88,58.05,59.35,59.7,-0.35,-0.5863,666500.56,3912636.302,0.5,0.5,,,,,
601318.SH,20210720,58.79,59.2,58.13,58.46,59.35,-0.89,-1.4996,449310.31,2629530.314,0.5,0.5,,,,,
601318.SH,20210721,58.15,58.84,57.9,58.08,58.46,-0.38,-0.65,587044.44,3414125.948,0.5,0.5,,,,,
601318.SH,20210722,57.85,59.07,57.51,58.54,58.08,0.46,0.792,636613.81,3727361.014,0.5,0.5,,,,,
601318.SH,20210723,58.5,58.77,57.62,57.64,58.54,-0.9,-1.5374,593255.14,3438617.482,0.5,0.5,,,,,
601318.SH,20210726,57.09,57.09,54.33,54.5,57.64,-3.14,-5.4476,1174864.67,6496203.84,0.5,0.5,,,,,
601318.SH,20210727,54.5,54.68,52.36,52.67,54.5,-1.83,-3.3578,939010.74,5031582.117,0.5,0.5,,,,,
601318.SH,20210728,52.7,53.59,52.51,53.11,52.67,0.44,0.8354,838365.67,4457853.455,0.5,0.5,,,,,
601318.SH,20210729,53.65,53.68,52.75,53.25,53.11,0.14,0.2636,768004.42,4078215.601,0.5,0.5,,,,,
601318.SH,20210730,53.13,54.15,52.6,53.67,53.25,0.42,0.7887,650888.42,3480202.767,0.5,0.5,,,,,
601318.SH,20210802,53.5,54.98,52.49,54.01,53.67,0.34,0.6335,971610.64,5244071.666,0.5,0.5,,,,,
601318.SH,20210803,53.88,54.41,53.58,54.24,54.01,0.23,0.4258,658202.68,3558132.76,0.5,0.5,,,,,
601318.SH,20210804,54.3,54.3,53.33,53.6,54.24,-0.64,-1.1799,646659.51,3470521.726,0.5,0.5,,,,,
601318.SH,20210805,53.51,55.5,53.35,54.2,53.6,0.6,1.1194,843220.88,4596909.874,0.5,0.5,,,,,
601318.SH,20210806,53.45,53.84,53.05,53.67,54.2,-0.53,-0.9779,502410.86,2685679.366,0.5,0.5,,,,,
601318.SH,20210809,53.2,55.86,53.1,55.12,53.67,1.45,2.7017,918821.27,5048464.776,0.5,0.5,,,,,
601318.SH,20210810,54.85,55.89,54.18,55.73,55.12,0.61,1.1067,763656.42,4201861.227,0.5,0.5,,,,,
601318.SH,20210811,55.73,56.79,55.44,55.8,55.73,0.07,0.1256,822020.18,4613172.523,0.5,0.5,,,,,
601318.SH,20210812,55.73,55.89,54.64,54.74,55.8,-1.06,-1.8996,573069.68,3157627.499,0.5,0.5,,,,,
601318.SH,20210813,54.28,54.97,54.0,54.31,54.74,-0.43,-0.7855,484718.05,2633761.394,0.5,0.5,,,,,
601318.SH,20210816,54.0,55.3,53.9,54.93,54.31,0.62,1.1416,460095.51,2522890.29,0.5,0.5,,,,,
601318.SH,20210817,54.69,55.7,54.18,54.21,54.93,-0.72,-1.3108,690262.07,3790616.959,0.5,0.5,,,,,
601318.SH,20210818,54.02,56.11,53.77,56.04,54.21,1.83,3.3758,963665.6,5322900.808,0.5,0.5,,,,,
601318.SH,20210819,55.59,55.76,53.66,53.71,56.04,-2.33,-4.1577,1148606.03,6231137.142,0.5,0.5,,,,,
601318.SH,20210820,53.11,53.66,52.81,53.01,53.71,-0.7,-1.3033,675606.55,3585422.086,0.5,0.5,,,,,
601318.SH,20210823,53.01,53.46,52.6,52.7,53.01,-0.31,-0.5848,594911.85,3146935.844,0.5,0.5,,,,,
601318.SH,20210824,52.3,52.74,51.39,51.8,52.7,-0.9,-1.7078,946596.63,4915208.405,0.5,0.5,,,,,
601318.SH,20210825,51.92,52.22,51.46,51.58,51.8,-0.22,-0.4247,610595.54,3156821.227,0.5,0.5,,,,,
601318.SH,20210826,51.5,51.5,50.29,50.3,51.58,-1.28,-2.4816,886813.94,4490652.617,0.5,0.5,,,,,
601318.SH,20210827,51.05,52.33,51.04,52.0,50.3,1.7,3.3797,1017818.72,5267788.08,0.5,0.5,,,,,
601318.SH,20210830,52.0,52.0,50.35,50.71,52.0,-1.29,-2.4808,959487.17,4877480.461,0.5,0.5,,,,,
601318.SH,20210831,50.2,50.47,48.88,49.9,50.71,-0.81,-1.5973,1586783.25,7870703.426,0.5,0.5,,,,,
601318.SH,20210901,49.78,52.05,49.61,51.49,49.9,1.59,3.1864,1631600.36,8348618.929,0.5,0.5,,,,,
601318.SH,20210902,51.01,51.74,50.67,51.55,51.49,0.06,0.1165,878585.67,4502512.756,0.5,0.5,,,,,
601318.SH,20210903,51.56,52.51,50.7,51.71,51.55,0.16,0.3104,902603.47,4667297.729,0.5,0.5,,,,,
601318.SH,20210906,51.69,52.15,51.18,51.58,51.71,-0.13,-0.2514,883019.5,4554856.269,0.5,0.5,,,,,
601318.SH,20210907,51.62,52.54,51.08,52.34,51.58,0.76,1.4734,947374.41,4916249.826,0.5,0.5,,,,,
601318.SH,20210908,52.0,52.63,51.68,51.95,52.34,-0.39,-0.7451,843991.93,4395561.676,0.5,0.5,,,,,
601318.SH,20210909,51.4,51.72,51.01,51.62,51.95,-0.33,-0.6352,734907.75,3776998.808,0.5,0.5,,,,,
601318.SH,20210910,51.35,52.5,51.28,51.71,51.62,0.09,0.1744,845490.97,4382584.447,0.5,0.5,,,,,
601318.SH,20210913,51.48,51.59,51.06,51.12,51.71,-0.59,-1.141,669800.0,3430907.757,0.5,0.5,,,,,
601318.SH,20210914,51.44,51.58,49.81,49.86,51.12,-1.26,-2.4648,1082661.66,5452993.893,0.5,0.5,,,,,
601318.SH,20210915,49.5,49.88,49.3,49.47,49.86,-0.39,-0.7822,645423.18,3197409.97,0.5,0.5,,,,,
601318.SH,20210916,49.32,49.98,49.21,49.51,49.47,0.04,0.0809,591155.97,2930501.965,0.5,0.5,,,,,
601318.SH,20210917,49.4,49.78,48.22,48.68,49.51,-0.83,-1.6764,927214.42,4523289.514,0.5,0.5,,,,,
601318.SH,20210922,47.5,48.08,47.3,47.78,48.68,-0.9,-1.8488,723930.1,3447060.474,0.5,0.5,,,,,
601318.SH,20210923,48.5,49.35,48.01,48.22,47.78,0.44,0.9209,758044.82,3676425.703,0.5,0.5,,,,,
601318.SH,20210924,48.23,48.88,47.9,48.08,48.22,-0.14,-0.2903,843583.59,4074494.917,0.5,0.5,,,,,
601318.SH,20210927,47.9,49.24,47.82,49.0,48.08,0.92,1.9135,990080.99,4812486.506,0.5,0.5,,,,,
601318.SH,20210928,48.99,49.63,48.52,49.26,49.0,0.26,0.5306,779506.96,3832059.452,0.5,0.5,,,,,
601318.SH,20210929,48.77,49.54,48.52,49.19,49.26,-0.07,-0.1421,631295.33,3095105.433,0.5,0.5,,,,,
601318.SH,20210930,49.3,49.3,48.23,48.36,49.19,-0.83,-1.6873,680070.25,3300543.923,0.5,0.5,,,,,
601318.SH,20211008,50.5,52.1,50.11,52.1,48.36,3.74,7.7337,2180028.23,11199501.31,0.5,0.5,,,,,
601318.SH,20211011,52.1,53.39,51.94,52.74,52.1,0.64,1.2284,1504499.54,7944560.509,0.5,0.5,,,,,
601318.SH,20211012,52.05,53.04,51.68,52.26,52.74,-0.48,-0.9101,944655.72,4939402.091,0.5,0.5,,,,,
601318.SH,20211013,52.1,52.19,50.9,51.75,52.26,-0.51,-0.9759,649889.16,3345977.425,0.5,0.5,,,,,
601318.SH,20211014,51.7,52.0,51.2,51.41,51.75,-0.34,-0.657,427006.0,2198216.042,0.5,0.5,,,,,
601318.SH,20211015,51.13,51.58,50.62,50.88,51.41,-0.53,-1.0309,733016.99,3738306.563,0.5,0.5,,,,,
601318.SH,20211018,51.08,51.24,49.68,49.86,50.88,-1.02,-2.0047,771971.37,3862682.042,0.5,0.5,,,,,
601318.SH,20211019,49.85,51.85,49.7,51.45,49.86,1.59,3.1889,847527.05,4332898.99,0.5,0.5,,,,,
601318.SH,20211020,51.7,52.04,50.79,51.37,51.45,-0.08,-0.1555,668238.96,3429513.908,0.5,0.5,,,,,
601318.SH,20211021,51.55,54.88,51.51,54.28,51.37,2.91,5.6648,2110058.33,11318517.616,0.5,0.5,,,,,
601318.SH,20211022,54.68,54.85,53.6,54.29,54.28,0.01,0.0184,1026330.32,5559123.303,0.5,0.5,,,,,
601318.SH,20211025,53.2,53.37,52.45,53.21,53.42,-0.21,-0.3931,754446.93,3999143.838,0.5,0.5,,,,,
601318.SH,20211026,53.21,53.98,52.1,52.17,53.21,-1.04,-1.9545,748825.14,3939605.236,0.5,0.5,,,,,
601318.SH,20211027,51.97,52.65,51.54,51.65,52.17,-0.52,-0.9967,589052.49,3060201.712,0.5,0.5,,,,,
601318.SH,20211028,50.73,51.41,50.05,51.3,51.65,-0.35,-0.6776,850619.04,4309021.232,0.5,0.5,,,,,
601318.SH,20211029,50.82,51.23,49.24,49.57,51.3,-1.73,-3.3723,1466626.6,7317467.292,0.5,0.5,,,,,
601318.SH,20211101,49.0,50.45,48.75,50.12,49.57,0.55,1.1095,628761.01,3132879.985,0.5,0.5,,,,,
601318.SH,20211102,50.21,50.67,49.22,50.01,50.12,-0.11,-0.2195,782724.61,3909158.859,0.5,0.5,,,,,
601318.SH,20211103,50.0,50.75,49.85,50.05,50.01,0.04,0.08,476762.9,2394903.861,0.5,0.5,,,,,
601318.SH,20211104,49.9,50.14,49.53,49.7,50.05,-0.35,-0.6993,532052.67,2651047.242,0.5,0.5,,,,,
601318.SH,20211105,49.7,50.34,49.59,49.93,49.7,0.23,0.4628,416654.67,2082833.763,0.5,0.5,,,,,
601318.SH,20211108,49.89,50.7,49.37,50.4,49.93,0.47,0.9413,531724.48,2672600.378,0.5,0.5,,,,,
601318.SH,20211109,50.48,50.83,49.6,49.69,50.4,-0.71,-1.4087,640510.7,3197023.017,0.5,0.5,,,,,
601318.SH,20211110,49.5,49.56,48.33,49.13,49.69,-0.56,-1.127,816048.56,3984320.341,0.5,0.5,,,,,
601318.SH,20211111,49.11,51.16,49.0,51.15,49.13,2.02,4.1115,1110858.45,5599660.442,0.5,0.5,,,,,
601318.SH,20211112,51.13,51.13,50.15,50.61,51.15,-0.54,-1.0557,585958.61,2959880.934,0.5,0.5,,,,,
601318.SH,20211115,50.85,51.2,50.23,50.6,50.61,-0.01,-0.0198,442091.13,2234792.751,0.5,0.5,,,,,
601318.SH,20211116,50.6,50.94,50.0,50.36,50.6,-0.24,-0.4743,477438.13,2408299.422,0.5,0.5,,,,,
601318.SH,20211117,49.99,50.53,49.88,50.05,50.36,-0.31,-0.6156,351531.71,1761772.274,0.5,0.5,,,,,
601318.SH,20211118,49.9,49.91,49.51,49.51,50.05,-0.54,-1.0789,423324.67,2100629.356,0.5,0.5,,,,,
601318.SH,20211119,49.4,50.11,49.25,49.96,49.51,0.45,0.9089,428290.07,2129834.61,0.5,0.5,,,,,
601318.SH,20211122,49.85,49.94,49.55,49.71,49.96,-0.25,-0.5004,340051.23,1689972.482,0.5,0.5,,,,,
601318.SH,20211123,49.68,50.17,49.49,49.62,49.71,-0.09,-0.1811,402240.98,1998608.178,0.5,0.5,,,,,
601318.SH,20211124,49.62,50.0,49.35,49.75,49.62,0.13,0.262,361961.46,1797538.855,0.5,0.5,,,,,
601318.SH,20211125,49.76,49.76,49.36,49.4,49.75,-0.35,-0.7035,407411.47,2015604.61,0.5,0.5,,,,,
601318.SH,20211126,49.24,49.26,48.71,48.72,49.4,-0.68,-1.3765,589023.48,2877589.397,0.5,0.5,,,,,
601318.SH,20211129,48.49,48.85,48.32,48.66,48.72,-0.06,-0.1232,404272.98,1962257.345,0.5,0.5,,,,,
601318.SH,20211130,48.51,48.83,48.17,48.22,48.66,-0.44,-0.9042,466947.34,2261836.625,0.5,0.5,,,,,
601318.SH,20211201,48.27,48.98,48.27,48.87,48.22,0.65,1.348,422136.72,2056563.216,0.5,0.5,,,,,
601318.SH,20211202,48.61,49.14,48.42,48.88,48.87,0.01,0.0205,383300.5,1872134.787,0.5,0.5,,,,,
601318.SH,20211203,48.98,49.25,48.48,48.99,48.88,0.11,0.225,427489.1,2084975.989,0.5,0.5,,,,,
601318.SH,20211206,49.1,49.75,49.1,49.15,48.99,0.16,0.3266,610369.02,3015007.47,0.5,0.5,,,,,
601318.SH,20211207,49.5,50.5,49.21,50.39,49.15,1.24,2.5229,1011501.86,5055319.58,0.5,0.5,,,,,
601318.SH,20211208,50.39,50.4,49.9,50.34,50.39,-0.05,-0.0992,653544.34,3276622.573,0.5,0.5,,,,,
601318.SH,20211209,50.36,51.83,50.13,51.31,50.34,0.97,1.9269,1249296.14,6402621.864,0.5,0.5,,,,,
601318.SH,20211210,51.0,51.49,50.9,51.22,51.31,-0.09,-0.1754,737706.61,3780503.005,0.5,0.5,,,,,
601318.SH,20211213,51.66,52.5,51.12,51.15,51.22,-0.07,-0.1367,918581.48,4747262.45,0.5,0.5,,,,,
601318.SH,20211214,50.9,51.35,50.7,50.85,51.15,-0.3,-0.5865,587334.11,2990682.219,0.5,0.5,,,,,
601318.SH,20211215,50.79,51.08,50.53,50.7,50.85,-0.15,-0.295,363832.53,1846757.807,0.5,0.5,,,,,
601318.SH,20211216,50.79,51.29,50.5,51.2,50.7,0.5,0.9862,514365.92,2622388.752,0.5,0.5,,,,,
601318.SH,20211217,51.02,51.4,50.38,50.54,51.2,-0.66,-1.2891,539670.33,2741367.544,0.5,0.5,,,,,
601318.SH,20211220,50.24,50.85,50.2,50.28,50.54,-0.26,-0.5144,428441.82,2164397.414,0.5,0.5,,,,,
601318.SH,20211221,50.29,51.14,50.28,50.84,50.28,0.56,1.1138,393978.78,2004481.927,0.5,0.5,,,,,
601318.SH,20211222,50.93,51.0,50.13,50.18,50.84,-0.66,-1.2982,425404.66,2143777.014,0.5,0.5,,,,,
601318.SH,20211223,50.19,50.4,49.75,50.22,50.18,0.04,0.0797,404978.88,2027860.561,0.5,0.5,,,,,
601318.SH,20211224,50.19,50.2,49.72,49.82,50.22,-0.4,-0.7965,312935.17,1560671.249,0.5,0.5,,,,,
601318.SH,20211227,49.96,50.2,49.87,49.98,49.82,0.16,0.3212,274701.06,1373481.524,0.5,0.5,,,,,
601318.SH,20211228,50.3,51.13,50.1,50.87,49.98,0.89,1.7807,617358.56,3137430.544,0.5,0.5,,,,,
601318.SH,20211229,51.1,51.16,50.52,50.81,50.87,-0.06,-0.1179,376469.06,1913669.685,0.5,0.5,,,,,
601318.SH,20211230,50.9,50.99,50.41,50.41,50.81,-0.4,-0.7872,427879.89,2167180.06,0.5,0.5,,,,,
601318.SH,20211231,50.43,50.85,50.15,50.41,50.41,0.0,0.0,358000.24,1805071.299,0.5,0.5,,,,,
601318.SH,20220104,50.4,51.06,50.1,51.0,50.41,0.59,1.1704,635837.63,3221366.643,0.5,0.5,,,,,
601318.SH,20220105,51.11,52.4,50.97,52.07,51.0,1.07,2.098,1181246.69,6124173.628,0.5,0.5,,,,,
601318.SH,20220106,51.99,52.02,51.22,51.3,52.07,-0.77,-1.4788,661658.25,3408947.588,0.5,0.5,,,,,
601318.SH,20220107,51.49,53.33,51.45,52.94,51.3,1.64,3.1969,1230759.74,6481039.3,0.5,0.5,,,,,
601318.SH,20220110,52.99,53.56,52.5,53.08,52.94,0.14,0.2645,761134.42,4033301.415,0.5,0.5,,,,,
601318.SH,20220111,53.17,53.74,52.54,52.86,53.08,-0.22,-0.4145,680920.28,3612879.174,0.5,0.5,,,,,
601318.SH,20220112,52.6,52.81,51.86,52.5,52.86,-0.36,-0.681,572922.74,2998981.427,0.5,0.5,,,,,
601318.SH,20220113,52.55,53.68,52.3,52.3,52.5,-0.2,-0.381,728663.29,3862897.678,0.5,0.5,,,,,
601318.SH,20220114,52.35,52.5,51.06,51.1,52.3,-1.2,-2.2945,779396.76,4014279.656,0.5,0.5,,,,,
601318.SH,20220117,51.11,51.43,50.75,50.94,51.1,-0.16,-0.3131,460567.24,2348769.409,0.5,0.5,,,,,
601318.SH,20220118,50.94,51.59,50.6,51.23,50.94,0.29,0.5693,636979.91,3252038.698,0.5,0.5,,,,,
601318.SH,20220119,51.3,51.84,51.11,51.45,51.23,0.22,0.4294,483315.72,2488231.273,0.5,0.5,,,,,
601318.SH,20220120,51.5,53.52,51.45,53.4,51.45,1.95,3.7901,1448359.41,7661793.651,0.5,0.5,,,,,
601318.SH,20220121,53.5,53.8,53.0,53.55,53.4,0.15,0.2809,1041895.34,5564930.631,0.5,0.5,,,,,
601318.SH,20220124,53.53,53.53,52.53,53.13,53.55,-0.42,-0.7843,542640.76,2873364.829,0.5,0.5,,,,,
601318.SH,20220125,52.6,52.9,51.1,51.2,53.13,-1.93,-3.6326,776662.1,4032087.602,0.5,0.5,,,,,
601318.SH,20220126,51.68,52.19,51.22,51.83,51.2,0.63,1.2305,483274.88,2502203.7,0.5,0.5,,,,,
601318.SH,20220127,51.5,51.5,50.77,50.79,51.83,-1.04,-2.0066,586502.21,2992952.669,0.5,0.5,,,,,
601318.SH,20220128,51.02,51.35,49.8,49.97,50.79,-0.82,-1.6145,729355.39,3688023.391,0.5,0.5,,,,,
601318.SH,20220207,51.34,52.47,50.7,51.98,49.97,2.01,4.0224,940416.5,4858781.71,0.5,0.5,,,,,
601318.SH,20220208,51.76,53.03,51.72,53.0,51.98,1.02,1.9623,866115.69,4567112.317,0.5,0.5,,,,,
601318.SH,20220209,53.24,54.0,52.88,53.04,53.0,0.04,0.0755,880434.53,4695366.257,0.5,0.5,,,,,
601318.SH,20220210,53.18,54.18,52.8,54.18,53.04,1.14,2.1493,962787.16,5186085.981,0.5,0.5,,,,,
601318.SH,20220211,54.35,56.23,54.08,55.59,54.18,1.41,2.6024,1583776.87,8759711.015,0.5,0.5,,,,,
601318.SH,20220214,55.01,55.3,53.68,53.9,55.59,-1.69,-3.0401,944654.13,5121073.205,0.5,0.5,,,,,
601318.SH,20220215,53.55,53.9,52.91,53.28,53.9,-0.62,-1.1503,635405.72,3385015.077,0.5,0.5,,,,,
601318.SH,20220216,53.5,54.18,53.28,53.84,53.28,0.56,1.0511,523209.87,2818960.513,0.5,0.5,,,,,
601318.SH,20220217,54.1,54.63,53.36,53.65,53.84,-0.19,-0.3529,504904.47,2723626.777,0.5,0.5,,,,,
601318.SH,20220218,53.6,54.6,53.44,54.5,53.65,0.85,1.5843,484226.11,2621179.79,0.5,0.5,,,,,
601318.SH,20220221,54.1,54.25,53.51,54.16,54.5,-0.34,-0.6239,387928.45,2089115.306,0.5,0.5,,,,,
601318.SH,20220222,53.52,53.6,52.71,53.07,54.16,-1.09,-2.0126,577499.29,3064280.601,0.5,0.5,,,,,
601318.SH,20220223,53.1,53.3,52.69,52.89,53.07,-0.18,-0.3392,463601.66,2449763.789,0.5,0.5,,,,,
601318.SH,20220224,52.15,52.25,51.09,51.46,52.89,-1.43,-2.7037,975396.02,5039207.433,0.5,0.5,,,,,
601318.SH,20220225,51.7,52.06,51.21,51.4,51.46,-0.06,-0.1166,544416.39,2808109.116,0.5,0.5,,,,,
601318.SH,20220228,51.1,51.1,50.25,50.76,51.4,-0.64,-1.2451,731883.26,3707888.597,0.5,0.5,,,,,
601318.SH,20220301,51.01,51.4,50.57,51.39,50.76,0.63,1.2411,568035.79,2895181.121,0.5,0.5,,,,,
601318.SH,20220302,50.9,51.23,50.7,50.76,51.39,-0.63,-1.2259,436922.56,2222138.928,0.5,0.5,,,,,
601318.SH,20220303,50.8,51.19,50.7,50.92,50.76,0.16,0.3152,352675.71,1795901.327,0.5,0.5,,,,,
601318.SH,20220304,50.47,50.48,49.96,50.1,50.92,-0.82,-1.6104,700864.71,3510136.279,0.5,0.5,,,,,
601318.SH,20220307,49.62,49.62,48.66,48.88,50.1,-1.22,-2.4351,784596.73,3847577.92,0.5,0.5,,,,,
601318.SH,20220308,48.72,49.06,47.3,47.47,48.88,-1.41,-2.8846,834402.96,4021028.004,0.5,0.5,,,,,
601318.SH,20220309,47.61,47.93,45.5,46.92,47.47,-0.55,-1.1586,825544.95,3878723.586,0.5,0.5,,,,,
601318.SH,20220310,47.95,48.04,46.86,46.91,46.92,-0.01,-0.0213,587752.8,2783372.911,0.5,0.5,,,,,
601318.SH,20220311,46.0,47.4,45.7,47.14,46.91,0.23,0.4903,667078.23,3085709.544,0.5,0.5,,,,,
601318.SH,20220314,46.0,46.57,45.77,45.81,47.14,-1.33,-2.8214,592578.48,2734567.243,0.5,0.5,,,,,
601318.SH,20220315,45.05,45.2,42.55,42.65,45.81,-3.16,-6.8981,1269378.79,5571772.301,0.5,0.5,,,,,
601318.SH,20220316,43.29,44.65,42.33,44.29,42.65,1.64,3.8453,1009694.26,4391918.356,0.5,0.5,,,,,
601318.SH,20220317,45.5,46.2,44.75,45.5,44.29,1.21,2.732,1095721.99,4982734.513,0.5,0.5,,,,,
601318.SH,20220318,45.05,48.38,44.92,47.93,45.5,2.43,5.3407,1552323.41,7308943.91,0.5,0.5,,,,,
601318.SH,20220321,47.77,47.77,46.63,47.04,47.93,-0.89,-1.8569,949518.66,4472952.775,0.5,0.5,,,,,
601318.SH,20220322,46.5,47.86,46.45,47.8,47.04,0.76,1.6156,742111.55,3516558.054,0.5,0.5,,,,,
601318.SH,20220323,47.56,48.16,47.15,47.9,47.8,0.1,0.2092,577029.18,2748027.97,0.5,0.5,,,,,
601318.SH,20220324,47.53,48.72,47.4,48.25,47.9,0.35,0.7307,610757.14,2943276.289,0.5,0.5,,,,,
601318.SH,20220325,48.01,48.79,47.58,47.63,48.25,-0.62,-1.285,559938.03,2696644.333,0.5,0.5,,,,,
601318.SH,20220328,47.4,48.12,46.93,47.85,47.63,0.22,0.4619,393686.26,1872940.911,0.5,0.5,,,,,
601318.SH,20220329,47.95,48.2,47.15,47.21,47.85,-0.64,-1.3375,322356.84,1532063.82,0.5,0.5,,,,,
601318.SH,20220330,47.55,48.83,47.45,48.7,47.21,1.49,3.1561,575427.13,2776948.845,0.5,0.5,,,,,
601318.SH,20220331,48.4,49.25,48.3,48.45,48.7,-0.25,-0.5133,423497.81,2063589.52,0.5,0.5,,,,,
601318.SH,20220401,48.3,49.11,48.11,48.96,48.45,0.51,1.0526,473676.67,2307234.644,0.5,0.5,,,,,
601318.SH,20220406,49.05,49.92,49.0,49.54,48.96,0.58,1.1846,640052.75,3166678.385,0.5,0.5,,,,,
601318.SH,20220407,49.2,49.52,48.29,48.48,49.54,-1.06,-2.1397,501129.92,2447803.11,0.5,0.5,,,,,
601318.SH,20220408,48.35,49.25,48.35,49.24,48.48,0.76,1.5677,434731.84,2124961.295,0.5,0.5,,,,,
601318.SH,20220411,48.91,48.98,47.52,47.62,49.24,-1.62,-3.29,506404.96,2433396.186,0.5,0.5,,,,,
601318.SH,20220412,47.86,48.88,47.48,48.47,47.62,0.85,1.785,467395.55,2251825.857,0.5,0.5,,,,,
601318.SH,20220413,48.25,48.38,47.68,47.82,48.47,-0.65,-1.341,317751.37,1524357.801,0.5,0.5,,,,,
601318.SH,20220414,48.37,48.52,47.9,48.19,47.82,0.37,0.7737,358848.91,1731655.003,0.5,0.5,,,,,
601318.SH,20220415,48.0,48.74,47.9,48.3,48.19,0.11,0.2283,314115.11,1520937.851,0.5,0.5,,,,,
601318.SH,20220418,47.99,47.99,46.83,47.0,48.3,-1.3,-2.6915,405375.21,1912485.738,0.5,0.5,,,,,
601318.SH,20220419,47.05,47.27,46.13,46.44,47.0,-0.56,-1.1915,369543.0,1723558.436,0.5,0.5,,,,,
601318.SH,20220420,46.65,46.79,45.83,45.91,46.44,-0.53,-1.1413,380609.88,1755500.125,0.5,0.5,,,,,
601318.SH,20220421,45.88,47.18,45.81,46.22,45.91,0.31,0.6752,549043.56,2554919.426,0.5,0.5,,,,,
601318.SH,20220422,46.01,46.97,45.91,46.46,46.22,0.24,0.5193,397325.77,1851934.816,0.5,0.5,,,,,
601318.SH,20220425,45.0,46.18,44.7,44.85,46.46,-1.61,-3.4653,673920.37,3063041.722,0.5,0.5,,,,,
601318.SH,20220426,44.84,45.18,43.51,43.59,44.85,-1.26,-2.8094,638923.64,2826379.496,0.5,0.5,,,,,
601318.SH,20220427,43.41,44.2,43.18,43.91,43.59,0.32,0.7341,531083.52,2325674.73,0.5,0.5,,,,,
601318.SH,20220428,43.79,43.91,43.16,43.66,43.91,-0.25,-0.5693,525999.39,2288623.796,0.5,0.5,,,,,
601318.SH,20220429,43.8,45.12,43.6,44.56,43.66,0.9,2.0614,516386.36,2285939.805,0.5,0.5,,,,,
601318.SH,20220505,44.79,45.58,44.75,45.02,44.56,0.46,1.0323,428781.54,1935547.321,0.5,0.5,,,,,
601318.SH,20220506,44.45,44.98,44.0,44.06,45.02,-0.96,-2.1324,372314.82,1649081.44,0.5,0.5,,,,,
601318.SH,20220509,44.08,44.41,43.87,44.35,44.06,0.29,0.6582,256119.5,1131162.026,0.5,0.5,,,,,
601318.SH,20220510,43.85,44.68,43.7,44.47,44.35,0.12,0.2706,404693.05,1788324.114,0.5,0.5,,,,,
601318.SH,20220511,44.44,45.01,44.21,44.73,44.47,0.26,0.5847,607284.82,2710550.32,0.5,0.5,,,,,
601318.SH,20220512,44.35,44.58,43.85,44.0,44.73,-0.73,-1.632,427738.36,1889495.299,0.5,0.5,,,,,
601318.SH,20220513,44.18,44.5,43.59,43.96,44.0,-0.04,-0.0909,412334.83,1813781.044,0.5,0.5,,,,,
601318.SH,20220516,44.15,44.21,43.18,43.36,43.96,-0.6,-1.3649,468862.81,2039402.751,0.5,0.5,,,,,
601318.SH,20220517,43.5,43.88,43.27,43.82,43.36,0.46,1.0609,401372.98,1750419.696,0.5,0.5,,,,,
601318.SH,20220518,43.99,44.1,43.36,43.63,43.82,-0.19,-0.4336,352341.71,1534485.032,0.5,0.5,,,,,
601318.SH,20220519,43.1,43.44,43.03,43.29,43.63,-0.34,-0.7793,282816.29,1221097.064,0.5,0.5,,,,,
601318.SH,20220520,43.4,44.36,43.4,44.31,43.29,1.02,2.3562,549751.15,2416391.969,0.5,0.5,,,,,
601318.SH,20220523,44.15,44.27,43.69,43.89,44.31,-0.42,-0.9479,359098.22,1576944.733,0.5,0.5,,,,,
601318.SH,20220524,43.8,44.11,43.11,43.14,43.89,-0.75,-1.7088,393424.26,1713116.64,0.5,0.5,,,,,
601318.SH,20220525,43.03,43.5,43.02,43.23,43.14,0.09,0.2086,263748.91,1140221.233,0.5,0.5,,,,,
601318.SH,20220526,43.31,43.55,42.95,43.15,43.23,-0.08,-0.1851,400992.22,1731580.781,0.5,0.5,,,,,
601318.SH,20220527,43.41,43.85,43.4,43.53,43.15,0.38,0.8806,387900.63,1691969.135,0.5,0.5,,,,,
601318.SH,20220530,43.93,44.36,43.72,44.15,43.53,0.62,1.4243,522174.89,2305387.12,0.5,0.5,,,,,
601318.SH,20220531,44.23,44.78,44.0,44.2,44.15,0.05,0.1133,540652.61,2405912.877,0.5,0.5,,,,,
601318.SH,20220601,44.25,44.55,43.91,44.17,44.2,-0.03,-0.0679,328520.73,1451299.033,0.5,0.5,,,,,
601318.SH,20220602,43.8,44.03,43.55,44.0,44.17,-0.17,-0.3849,340828.91,1492824.853,0.5,0.5,,,,,
601318.SH,20220606,43.99,44.27,43.33,44.26,44.0,0.26,0.5909,543267.45,2379234.043,0.5,0.5,,,,,
601318.SH,20220607,44.26,44.38,43.95,44.15,44.26,-0.11,-0.2485,431574.6,1905453.944,0.5,0.5,,,,,
601318.SH,20220608,44.25,44.71,44.06,44.59,44.15,0.44,0.9966,529562.01,2348846.221,0.5,0.5,,,,,
601318.SH,20220609,44.7,45.03,44.47,44.62,44.59,0.03,0.0673,532430.46,2381813.809,0.5,0.5,,,,,
601318.SH,20220610,44.35,45.0,44.08,44.94,44.62,0.32,0.7172,565319.53,2516496.823,0.5,0.5,,,,,
601318.SH,20220613,44.5,44.6,44.02,44.14,44.94,-0.8,-1.7802,537121.24,2376099.098,0.5,0.5,,,,,
601318.SH,20220614,43.9,45.25,43.8,45.22,44.14,1.08,2.4468,628957.92,2792817.386,0.5,0.5,,,,,
601318.SH,20220615,45.0,48.56,44.91,47.65,45.22,2.43,5.3737,1985892.28,9379923.906,0.5,0.5,,,,,
601318.SH,20220616,47.38,47.5,46.5,46.5,47.65,-1.15,-2.4134,844931.03,3962136.64,0.5,0.5,,,,,
601318.SH,20220617,46.37,47.26,46.25,47.03,46.5,0.53,1.1398,566703.96,2653020.563,0.5,0.5,,,,,
601318.SH,20220620,45.72,45.85,45.05,45.36,45.54,-0.18,-0.3953,570614.89,2589929.721,0.5,0.5,,,,,
601318.SH,20220621,45.68,46.78,45.45,46.13,45.36,0.77,1.6975,684569.32,3156745.209,0.5,0.5,,,,,
601318.SH,20220622,46.2,46.32,45.4,45.4,46.13,-0.73,-1.5825,436906.89,2001539.98,0.5,0.5,,,,,
601318.SH,20220623,45.63,46.5,45.63,46.25,45.4,0.85,1.8722,494265.23,2279310.521,0.5,0.5,,,,,
601318.SH,20220624,46.43,46.85,46.22,46.76,46.25,0.51,1.1027,536723.89,2498586.725,0.5,0.5,,,,,
601318.SH,20220627,46.85,47.1,46.5,46.8,46.76,0.04,0.0855,449858.21,2106674.711,0.5,0.5,,,,,
601318.SH,20220628,46.82,47.19,46.35,46.9,46.8,0.1,0.2137,351706.89,1642425.117,0.5,0.5,,,,,
601318.SH,20220629,46.89,47.44,46.58,46.79,46.9,-0.11,-0.2345,412772.46,1939726.83,0.5,0.5,,,,,
601318.SH,20220630,46.8,47.2,46.46,46.69,46.79,-0.1,-0.2137,391852.66,1837626.219,0.5,0.5,,,,,
601318.SH,20220701,46.7,46.98,46.12,46.31,46.69,-0.38,-0.8139,357568.42,1657492.966,0.5,0.5,,,,,
601318.SH,20220704,46.2,46.5,45.8,46.46,46.31,0.15,0.3239,407129.6,1877564.069,0.5,0.5,,,,,
601318.SH,20220705,46.48,47.55,46.38,46.61,46.46,0.15,0.3229,452568.5,2123843.409,0.5,0.5,,,,,
601318.SH,20220706,46.62,46.63,45.75,45.85,46.61,-0.76,-1.6306,389560.93,1790455.442,0.5,0.5,,,,,
601318.SH,20220707,45.65,46.14,45.59,45.6,45.85,-0.25,-0.5453,293722.1,1344724.7,0.5,0.5,,,,,
601318.SH,20220708,45.91,46.38,45.68,45.82,45.6,0.22,0.4825,292283.42,1342052.754,0.5,0.5,,,,,
601318.SH,20220711,45.61,45.77,45.22,45.38,45.82,-0.44,-0.9603,281135.11,1278575.006,0.5,0.5,,,,,
601318.SH,20220712,45.38,45.74,45.12,45.51,45.38,0.13,0.2865,254055.48,1155657.117,0.5,0.5,,,,,
601318.SH,20220713,45.42,45.63,45.0,45.08,45.51,-0.43,-0.9448,296588.29,1343407.216,0.5,0.5,,,,,
601318.SH,20220714,44.9,45.04,43.43,43.6,45.08,-1.48,-3.2831,903044.14,3963303.835,0.5,0.5,,,,,
601318.SH,20220715,43.61,44.09,42.7,42.71,43.6,-0.89,-2.0413,694041.57,3006689.109,0.5,0.5,,,,,
601318.SH,20220718,42.75,43.69,42.72,43.45,42.71,0.74,1.7326,355244.25,1539005.271,0.5,0.5,,,,,
601318.SH,20220719,43.42,43.77,42.9,43.4,43.45,-0.05,-0.1151,356106.07,1540543.119,0.5,0.5,,,,,
601318.SH,20220720,43.78,43.83,43.36,43.4,43.4,0.0,0.0,249565.69,1086228.779,0.5,0.5,,,,,
601318.SH,20220721,43.23,43.25,42.65,42.74,43.4,-0.66,-1.5207,405567.7,1740841.568,0.5,0.5,,,,,
601318.SH,20220722,42.8,43.36,42.78,43.05,42.74,0.31,0.7253,294355.98,1268468.017,0.5,0.5,,,,,
601318.SH,20220725,43.0,43.12,42.72,42.92,43.05,-0.13,-0.302,225135.04,965101.818,0.5,0.5,,,,,
601318.SH,20220726,42.95,43.29,42.92,43.2,42.92,0.28,0.6524,228474.47,986279.479,0.5,0.5,,,,,
601318.SH,20220727,43.06,43.18,42.7,42.79,43.2,-0.41,-0.9491,296398.69,1269990.091,0.5,0.5,,,,,
601318.SH,20220728,42.9,43.25,42.71,42.72,42.79,-0.07,-0.1636,348749.52,1497610.795,0.5,0.5,,,,,
601318.SH,20220729,42.79,43.15,42.1,42.12,42.72,-0.6,-1.4045,460703.87,1954616.265,0.5,0.5,,,,,
601318.SH,20220801,42.11,42.12,41.75,41.84,42.12,-0.28,-0.6648,306550.94,1283322.797,0.5,0.5,,,,,
601318.SH,20220802,41.53,41.55,40.53,41.17,41.84,-0.67,-1.6013,604008.23,2476611.786,0.5,0.5,,,,,
601318.SH,20220803,41.14,41.4,40.74,40.83,41.17,-0.34,-0.8258,407851.71,1673612.768,0.5,0.5,,,,,
601318.SH,20220804,41.12,41.3,40.9,41.08,40.83,0.25,0.6123,251163.35,1032245.453,0.5,0.5,,,,,
601318.SH,20220805,41.29,41.68,40.98,41.54,41.08,0.46,1.1198,296710.19,1224704.136,0.5,0.5,,,,,
601318.SH,20220808,41.3,41.54,41.0,41.18,41.54,-0.36,-0.8666,301594.03,1242870.5,0.5,0.5,,,,,
601318.SH,20220809,41.17,41.21,40.92,40.96,41.18,-0.22,-0.5342,251397.03,1031147.757,0.5,0.5,,,,,
601318.SH,20220810,40.96,41.08,40.36,40.4,40.96,-0.56,-1.3672,460088.81,1866972.936,0.5,0.5,,,,,
601318.SH,20220811,40.59,41.68,40.42,41.46,40.4,1.06,2.6238,610701.38,2510973.87,0.5,0.5,,,,,
601318.SH,20220812,41.26,41.76,41.14,41.61,41.46,0.15,0.3618,359933.37,1493312.068,0.5,0.5,,,,,
601318.SH,20220815,41.43,41.76,41.13,41.14,41.61,-0.47,-1.1295,332769.42,1373975.117,0.5,0.5,,,,,
601318.SH,20220816,41.34,41.47,40.9,40.99,41.14,-0.15,-0.3646,277390.45,1140974.334,0.5,0.5,,,,,
601318.SH,20220817,41.05,41.48,40.72,41.29,40.99,0.3,0.7319,375721.82,1546602.944,0.5,0.5,,,,,
601318.SH,20220818,41.15,41.18,40.76,40.81,41.29,-0.48,-1.1625,294079.58,1202109.471,0.5,0.5,,,,,
601318.SH,20220819,40.7,41.26,40.62,40.97,40.81,0.16,0.3921,324628.74,1333438.492,0.5,0.5,,,,,
601318.SH,20220822,40.85,41.39,40.8,41.15,40.97,0.18,0.4393,339719.01,1399254.504,0.5,0.5,,,,,
601318.SH,20220823,41.02,41.15,40.68,40.72,41.15,-0.43,-1.045,331480.18,1352611.308,0.5,0.5,,,,,
601318.SH,20220824,41.35,42.44,41.35,41.61,40.72,0.89,2.1857,1157329.82,4847936.958,0.5,0.5,,,,,
601318.SH,20220825,41.85,43.23,41.68,43.1,41.61,1.49,3.5809,1105725.86,4693638.177,0.5,0.5,,,,,
601318.SH,20220826,43.11,43.32,42.52,43.12,43.1,0.02,0.0464,726726.4,3125914.707,0.5,0.5,,,,,
601318.SH,20220829,42.8,43.22,42.49,43.07,43.12,-0.05,-0.116,449893.03,1928428.299,0.5,0.5,,,,,
601318.SH,20220830,42.98,43.29,42.51,42.89,43.07,-0.18,-0.4179,388929.28,1667749.812,0.5,0.5,,,,,
601318.SH,20220831,42.71,44.27,42.66,43.84,42.89,0.95,2.215,842238.03,3683929.175,0.5,0.5,,,,,
601318.SH,20220901,43.6,44.13,43.41,43.65,43.84,-0.19,-0.4334,455213.24,1994635.784,0.5,0.5,,,,,
601318.SH,20220902,43.89,44.28,43.26,43.7,43.65,0.05,0.1145,449144.85,1962968.88,0.5,0.5,,,,,
601318.SH,20220905,43.5,43.9,43.02,43.8,43.7,0.1,0.2288,417490.75,1817090.269,0.5,0.5,,,,,
601318.SH,20220906,43.9,44.45,43.52,43.9,43.8,0.1,0.2283,449771.65,1978062.625,0.5,0.5,,,,,
601318.SH,20220907,43.6,43.81,43.16,43.6,43.9,-0.3,-0.6834,376410.74,1635174.365,0.5,0.5,,,,,
601318.SH,20220908,43.84,44.25,43.66,43.84,43.6,0.24,0.5505,321298.3,1412332.844,0.5,0.5,,,,,
601318.SH,20220909,43.99,44.78,43.85,44.69,43.84,0.85,1.9389,577866.68,2574448.406,0.5,0.5,,,,,
601318.SH,20220913,44.68,45.37,44.35,45.06,44.69,0.37,0.8279,529663.19,2382977.236,0.5,0.5,,,,,
601318.SH,20220914,44.53,45.18,44.51,44.65,45.06,-0.41,-0.9099,355083.65,1588553.121,0.5,0.5,,,,,
601318.SH,20220915,44.67,45.6,44.66,45.09,44.65,0.44,0.9854,594442.23,2686935.859,0.5,0.5,,,,,
601318.SH,20220916,44.82,44.97,43.87,43.93,45.09,-1.16,-2.5726,624920.37,2762703.829,0.5,0.5,,,,,
601318.SH,20220919,43.92,44.48,43.56,43.93,43.93,0.0,0.0,405383.05,1781779.182,0.5,0.5,,,,,
601318.SH,20220920,44.15,44.19,43.12,43.24,43.93,-0.69,-1.5707,357649.51,1553335.669,0.5,0.5,,,,,
601318.SH,20220921,43.1,43.46,42.9,43.15,43.24,-0.09,-0.2081,303536.72,1310421.741,0.5,0.5,,,,,
601318.SH,20220922,42.6,42.83,42.41,42.48,43.15,-0.67,-1.5527,376229.72,1602976.216,0.5,0.5,,,,,
601318.SH,20220923,42.41,43.44,42.41,43.02,42.48,0.54,1.2712,375325.65,1617285.955,0.5,0.5,,,,,
601318.SH,20220926,42.74,43.32,42.42,42.49,43.02,-0.53,-1.232,307123.91,1314360.555,0.5,0.5,,,,,
601318.SH,20220927,42.43,42.74,42.27,42.44,42.49,-0.05,-0.1177,312291.42,1325580.71,0.5,0.5,,,,,
601318.SH,20220928,42.2,42.5,41.85,41.89,42.44,-0.55,-1.2959,422043.72,1776629.021,0.5,0.5,,,,,
601318.SH,20220929,42.23,42.34,41.15,41.32,41.89,-0.57,-1.3607,426558.27,1779041.936,0.5,0.5,,,,,
601318.SH,20220930,41.35,41.98,41.35,41.58,41.32,0.26,0.6292,331619.4,1383518.533,0.5,0.5,,,,,
601318.SH,20221010,41.58,42.18,41.38,41.43,41.58,-0.15,-0.3608,413876.47,1727384.87,0.5,0.5,,,,,
601318.SH,20221011,41.67,41.87,41.12,41.2,41.43,-0.23,-0.5552,269317.32,1114241.528,0.5,0.5,,,,,
601318.SH,20221012,41.21,42.0,40.8,41.92,41.2,0.72,1.7476,362473.3,1501647.67,0.5,0.5,,,,,
601318.SH,20221013,41.8,41.9,41.2,41.36,41.92,-0.56,-1.3359,383846.2,1588577.623,0.5,0.5,,,,,
601318.SH,20221014,41.75,42.33,41.62,41.94,41.36,0.58,1.4023,434417.14,1827652.559,0.5,0.5,,,,,
601318.SH,20221017,41.71,42.15,41.56,42.1,41.94,0.16,0.3815,341425.18,1430847.5,0.5,0.5,,,,,
601318.SH,20221018,42.4,42.44,41.67,41.75,42.1,-0.35,-0.8314,416356.8,1742913.096,0.5,0.5,,,,,
601318.SH,20221019,41.65,41.98,41.26,41.27,41.75,-0.48,-1.1497,364361.26,1509504.643,0.5,0.5,,,,,
601318.SH,20221020,40.4,40.49,39.9,40.01,40.36,-0.35,-0.8672,450214.18,1807514.976,0.5,0.5,,,,,
601318.SH,20221021,40.1,40.25,39.5,39.65,40.01,-0.36,-0.8998,457377.48,1824460.317,0.5,0.5,,,,,
601318.SH,20221024,39.66,39.93,37.61,37.7,39.65,-1.95,-4.918,951251.83,3662221.955,0.5,0.5,,,,,
601318.SH,20221025,37.58,38.38,37.16,37.72,37.7,0.02,0.0531,553548.91,2086575.117,0.5,0.5,,,,,
601318.SH,20221026,37.54,38.15,37.51,37.67,37.72,-0.05,-0.1326,498395.19,1881859.736,0.5,0.5,,,,,
601318.SH,20221027,37.71,38.09,37.55,37.66,37.67,-0.01,-0.0265,457497.26,1730022.256,0.5,0.5,,,,,
601318.SH,20221028,37.51,37.7,36.73,36.73,37.66,-0.93,-2.4695,507691.59,1886380.448,0.5,0.5,,,,,
601318.SH,20221031,36.39,36.67,35.9,36.15,36.73,-0.58,-1.5791,562033.54,2037108.321,0.5,0.5,,,,,
601318.SH,20221101,36.45,37.48,36.37,37.46,36.15,1.31,3.6238,565664.88,2091019.366,0.5,0.5,,,,,
601318.SH,20221102,37.29,37.6,37.13,37.4,37.46,-0.06,-0.1602,450384.9,1680470.476,0.5,0.5,,,,,
601318.SH,20221103,37.18,37.3,36.7,36.93,37.4,-0.47,-1.2567,349334.63,1290754.485,0.5,0.5,,,,,
601318.SH,20221104,36.93,38.65,36.91,38.31,36.93,1.38,3.7368,692054.74,2627221.798,0.5,0.5,,,,,
601318.SH,20221107,38.0,39.18,37.92,38.79,38.31,0.48,1.2529,574809.7,2221943.096,0.5,0.5,,,,,
601318.SH,20221108,38.79,39.0,38.38,38.69,38.79,-0.1,-0.2578,370482.71,1430329.888,0.5,0.5,,,,,
601318.SH,20221109,38.79,38.89,38.29,38.37,38.69,-0.32,-0.8271,267686.75,1031501.782,0.5,0.5,,,,,
601318.SH,20221110,38.0,38.7,37.78,38.46,38.37,0.09,0.2346,323175.34,1236147.201,0.5,0.5,,,,,
601318.SH,20221111,39.44,40.97,39.32,40.33,38.46,1.87,4.8622,1046675.58,4184006.246,0.5,0.5,,,,,
601318.SH,20221114,41.66,42.12,41.21,41.6,40.33,1.27,3.149,1216680.38,5070952.841,0.5,0.5,,,,,
601318.SH,20221115,41.48,42.95,41.31,42.49,41.6,0.89,2.1394,934424.02,3962244.633,0.5,0.5,,,,,
601318.SH,20221116,42.62,42.82,42.27,42.3,42.49,-0.19,-0.4472,596527.91,2535605.302,0.5,0.5,,,,,
601318.SH,20221117,42.29,42.75,41.95,42.56,42.3,0.26,0.6147,503980.25,2132247.154,0.5,0.5,,,,,
601318.SH,20221118,42.68,42.81,42.06,42.16,42.56,-0.4,-0.9398,392464.32,1662329.885,0.5,0.5,,,,,
601318.SH,20221121,41.75,41.75,40.66,41.21,42.16,-0.95,-2.2533,511185.3,2095472.926,0.5,0.5,,,,,
601318.SH,20221122,41.2,42.38,41.0,41.97,41.21,0.76,1.8442,471813.59,1972258.355,0.5,0.5,,,,,
601318.SH,20221123,42.02,42.44,41.76,41.77,41.97,-0.2,-0.4765,449620.46,1891828.117,0.5,0.5,,,,,
601318.SH,20221124,42.21,42.38,41.67,41.8,41.77,0.03,0.0718,249076.46,1045792.695,0.5,0.5,,,,,
601318.SH,20221125,41.78,42.95,41.75,42.75,41.8,0.95,2.2727,597959.84,2548257.668,0.5,0.5,,,,,
601318.SH,20221128,41.63,41.84,40.99,41.41,42.75,-1.34,-3.1345,510315.27,2109183.792,0.5,0.5,,,,,
601318.SH,20221129,42.32,44.9,42.32,44.78,41.41,3.37,8.1381,1753204.8,7711820.167,0.5,0.5,,,,,
601318.SH,20221130,44.82,46.17,44.6,44.95,44.78,0.17,0.3796,1165015.86,5275015.084,0.5,0.5,,,,,
601318.SH,20221201,45.98,46.29,44.68,44.83,44.95,-0.12,-0.267,859326.5,3903629.718,0.5,0.5,,,,,
601318.SH,20221202,44.82,45.0,44.0,44.62,44.83,-0.21,-0.4684,607787.15,2706020.115,0.5,0.5,,,,,
601318.SH,20221205,45.55,47.31,45.35,47.28,44.62,2.66,5.9615,1380435.95,6429395.576,0.5,0.5,,,,,
601318.SH,20221206,47.28,47.68,46.74,47.44,47.28,0.16,0.3384,878273.08,4150406.717,0.5,0.5,,,,,
601318.SH,20221207,47.44,47.48,46.37,46.7,47.44,-0.74,-1.5599,831454.78,3892709.695,0.5,0.5,,,,,
601318.SH,20221208,46.38,47.2,46.3,47.15,46.7,0.45,0.9636,448364.06,2105302.841,0.5,0.5,,,,,
601318.SH,20221209,47.07,47.88,46.7,47.6,47.15,0.45,0.9544,709578.85,3366745.982,0.5,0.5,,,,,
601318.SH,20221212,47.2,47.28,46.08,46.17,47.6,-1.43,-3.0042,656470.53,3059653.871,0.5,0.5,,,,,
601318.SH,20221213,46.46,47.09,46.3,46.7,46.17,0.53,1.1479,423663.16,1979657.203,0.5,0.5,,,,,
601318.SH,20221214,47.08,47.11,46.14,46.89,46.7,0.19,0.4069,346973.18,1619354.235,0.5,0.5,,,,,
601318.SH,20221215,46.8,47.09,45.8,46.43,46.89,-0.46,-0.981,404020.95,1868384.991,0.5,0.5,,,,,
601318.SH,20221216,46.11,47.01,46.07,46.9,46.43,0.47,1.0123,421347.62,1968605.781,0.5,0.5,,,,,
601318.SH,20221219,46.9,47.27,45.45,45.77,46.9,-1.13,-2.4094,505896.49,2332626.032,0.5,0.5,,,,,
601318.SH,20221220,45.56,45.88,44.58,44.93,45.77,-0.84,-1.8353,495245.16,2234976.305,0.5,0.5,,,,,
601318.SH,20221221,45.1,45.6,44.94,45.26,44.93,0.33,0.7345,297895.68,1349879.759,0.5,0.5,,,,,
601318.SH,20221222,46.0,46.18,45.65,45.88,45.26,0.62,1.3699,353461.87,1622741.421,0.5,0.5,,,,,
601318.SH,20221223,45.53,46.01,45.32,45.64,45.88,-0.24,-0.5231,306472.49,1399528.67,0.5,0.5,,,,,
601318.SH,20221226,45.64,45.88,44.66,44.66,45.64,-0.98,-2.1472,403281.81,1814152.593,0.5,0.5,,,,,
601318.SH,20221227,45.27,45.95,45.03,45.58,44.66,0.92,2.06,347793.27,1583385.185,0.5,0.5,,,,,
601318.SH,20221228,45.43,46.45,45.3,46.28,45.58,0.7,1.5358,456266.96,2106156.213,0.5,0.5,,,,,
601318.SH,20221229,45.95,46.01,45.11,45.82,46.28,-0.46,-0.9939,469576.2,2138459.93,0.5,0.5,,,,,
601318.SH,20221230,46.0,47.2,46.0,47.0,45.82,1.18,2.5753,553005.4,2594030.16,0.5,0.5,,,,,
601318.SH,20230103,46.59,47.26,46.06,47.15,47.0,0.15,0.3191,602304.43,2815200.404,0.5,0.5,,,,,
601318.SH,20230104,47.3,48.63,47.3,48.53,47.15,1.38,2.9268,869496.1,4183124.625,0.5,0.5,,,,,
601318.SH,20230105,49.2,49.5,48.5,48.93,48.53,0.4,0.8242,737048.09,3608715.198,0.5,0.5,,,,,
601318.SH,20230106,49.5,49.83,49.05,49.74,48.93,0.81,1.6554,780345.81,3867148.878,0.5,0.5,,,,,
601318.SH,20230109,50.0,50.95,49.7,50.91,49.74,1.17,2.3522,881857.43,4446813.321,0.5,0.5,,,,,
601318.SH,20230110,50.9,50.91,49.14,49.21,50.91,-1.7,-3.3392,837948.65,4173814.429,0.5,0.5,,,,,
601318.SH,20230111,49.5,51.0,49.44,50.7,49.21,1.49,3.0278,966894.97,4881812.304,0.5,0.5,,,,,
601318.SH,20230112,50.9,51.11,50.43,50.91,50.7,0.21,0.4142,600255.74,3057087.228,0.5,0.5,,,,,
601318.SH,20230113,51.2,52.35,51.05,52.35,50.91,1.44,2.8285,896257.47,4644412.35,0.5,0.5,,,,,
601318.SH,20230116,52.52,53.48,51.49,52.09,52.35,-0.26,-0.4967,1229794.4,6455990.323,0.5,0.5,,,,,
601318.SH,20230117,51.96,52.07,51.0,51.5,52.09,-0.59,-1.1327,698872.53,3592536.756,0.5,0.5,,,,,
601318.SH,20230118,51.5,51.87,51.16,51.55,51.5,0.05,0.0971,419602.96,2162689.506,0.5,0.5,,,,,
601318.SH,20230119,51.4,51.87,51.15,51.81,51.55,0.26,0.5044,510460.54,2627239.788,0.5,0.5,,,,,
601318.SH,20230120,52.1,52.24,51.5,52.1,51.81,0.29,0.5597,497069.34,2584605.516,0.5,0.5,,,,,
601318.SH,20230130,53.59,53.6,51.48,51.48,52.1,-0.62,-1.19,857578.85,4495653.729,0.5,0.5,,,,,
601318.SH,20230131,51.76,52.28,50.85,50.98,51.48,-0.5,-0.9713,612418.27,3152658.911,0.5,0.5,,,,,
601318.SH,20230201,51.55,51.75,50.41,51.35,50.98,0.37,0.7258,565301.05,2882194.846,0.5,0.5,,,,,
601318.SH,20230202,51.6,51.6,50.4,50.83,51.35,-0.52,-1.0127,636217.34,3228009.417,0.5,0.5,,,,,
601318.SH,20230203,50.5,50.55,48.9,49.6,50.83,-1.23,-2.4198,927310.26,4582149.777,0.5,0.5,,,,,
601318.SH,20230206,48.8,48.86,47.72,48.16,49.6,-1.44,-2.9032,921595.25,4431728.036,0.5,0.5,,,,,
601318.SH,20230207,48.5,48.84,48.2,48.7,48.16,0.54,1.1213,444363.3,2159384.254,0.5,0.5,,,,,
601318.SH,20230208,48.75,49.19,48.38,48.5,48.7,-0.2,-0.4107,347189.61,1690893.371,0.5,0.5,,,,,
601318.SH,20230209,48.5,49.55,48.39,49.32,48.5,0.82,1.6907,564906.88,2781766.993,0.5,0.5,,,,,
601318.SH,20230210,49.46,49.55,49.01,49.3,49.32,-0.02,-0.0406,309172.92,1523061.151,0.5,0.5,,,,,
601318.SH,20230213,49.19,49.3,48.29,49.25,49.3,-0.05,-0.1014,457972.64,2238401.665,0.5,0.5,,,,,
601318.SH,20230214,49.3,49.9,49.17,49.9,49.25,0.65,1.3198,370401.7,1835463.536,0.5,0.5,,,,,
601318.SH,20230215,49.84,49.89,48.71,48.88,49.9,-1.02,-2.0441,461026.67,2259845.455,0.5,0.5,,,,,
601318.SH,20230216,49.08,50.05,49.0,49.2,48.88,0.32,0.6547,576891.31,2860716.311,0.5,0.5,,,,,
601318.SH,20230217,49.2,49.83,48.71,48.8,49.2,-0.4,-0.813,417519.01,2060475.453,0.5,0.5,,,,,
601318.SH,20230220,48.85,49.99,48.75,49.95,48.8,1.15,2.3566,664284.95,3282290.633,0.5,0.5,,,,,
601318.SH,20230221,49.86,50.12,49.45,50.01,49.95,0.06,0.1201,426659.9,2125602.116,0.5,0.5,,,,,
601318.SH,20230222,49.5,49.96,49.11,49.18,50.01,-0.83,-1.6597,446046.15,2203189.302,0.5,0.5,,,,,
601318.SH,20230223,49.0,49.7,48.81,48.98,49.18,-0.2,-0.4067,385253.59,1892251.718,0.5,0.5,,,,,
601318.SH,20230224,48.89,49.01,48.11,48.2,48.98,-0.78,-1.5925,446547.99,2161452.476,0.5,0.5,,,,,
601318.SH,20230227,48.0,48.39,47.78,47.8,48.2,-0.4,-0.8299,467917.11,2244410.611,0.5,0.5,,,,,
601318.SH,20230228,48.01,48.28,47.51,48.2,47.8,0.4,0.8368,380417.1,1823303.793,0.5,0.5,,,,,
601318.SH,20230301,48.02,50.0,48.01,49.99,48.2,1.79,3.7137,724323.11,3581072.361,0.5,0.5,,,,,
601318.SH,20230302,49.97,50.46,49.72,50.2,49.99,0.21,0.4201,380888.55,1909221.05,0.5,0.5,,,,,
601318.SH,20230303,50.48,50.66,49.85,50.28,50.2,0.08,0.1594,284133.25,1427339.465,0.5,0.5,,,,,
601318.SH,20230306,50.0,50.17,48.45,48.58,50.28,-1.7,-3.3811,773237.21,3780641.354,0.5,0.5,,,,,
601318.SH,20230307,48.55,49.2,47.75,47.91,48.58,-0.67,-1.3792,587302.33,2843224.086,0.5,0.5,,,,,
601318.SH,20230308,47.55,47.61,46.99,47.23,47.91,-0.68,-1.4193,527416.84,2488962.345,0.5,0.5,,,,,
601318.SH,20230309,47.38,47.38,46.47,46.64,47.23,-0.59,-1.2492,518324.9,2426875.267,0.5,0.5,,,,,
601318.SH,20230310,46.06,46.65,46.0,46.0,46.64,-0.64,-1.3722,457092.02,2110237.422,0.5,0.5,,,,,
601318.SH,20230313,46.0,46.79,45.91,46.5,46.0,0.5,1.087,399482.8,1851804.405,0.5,0.5,,,,,
601318.SH,20230314,46.22,46.22,45.39,45.46,46.5,-1.04,-2.2366,490732.63,2241541.531,0.5,0.5,,,,,
601318.SH,20230315,46.03,46.66,45.78,45.95,45.46,0.49,1.0779,443643.2,2047438.825,0.5,0.5,,,,,
601318.SH,20230316,44.9,45.83,44.75,45.23,45.95,-0.72,-1.5669,789609.22,3568856.007,0.5,0.5,,,,,
601318.SH,20230317,45.81,46.96,45.81,46.2,45.23,0.97,2.1446,950190.92,4408443.469,0.5,0.5,,,,,
601318.SH,20230320,46.0,46.58,45.56,45.58,46.2,-0.62,-1.342,719244.35,3301843.809,0.5,0.5,,,,,
601318.SH,20230321,45.89,46.4,45.78,46.01,45.58,0.43,0.9434,446658.95,2056710.352,0.5,0.5,,,,,
601318.SH,20230322,46.25,46.77,46.22,46.5,46.01,0.49,1.065,552251.17,2572426.396,0.5,0.5,,,,,
601318.SH,20230323,46.3,46.89,46.3,46.88,46.5,0.38,0.8172,554273.58,2584644.862,0.5,0.5,,,,,
601318.SH,20230324,46.8,46.8,46.06,46.2,46.88,-0.68,-1.4505,437693.82,2023789.516,0.5,0.5,,,,,
601318.SH,20230327,46.26,46.33,45.5,45.99,46.2,-0.21,-0.4545,362172.67,1658727.91,0.5,0.5,,,,,
601318.SH,20230328,46.09,46.38,45.68,45.88,45.99,-0.11,-0.2392,283324.34,1300822.902,0.5,0.5,,,,,
601318.SH,20230329,46.33,46.58,45.4,45.42,45.88,-0.46,-1.0026,409020.05,1872693.109,0.5,0.5,,,,,
601318.SH,20230330,45.51,45.7,44.94,45.48,45.42,0.06,0.1321,450030.47,2035988.419,0.5,0.5,,,,,
601318.SH,20230331,45.6,46.3,45.38,45.6,45.48,0.12,0.2639,524539.93,2401305.125,0.5,0.5,,,,,
601318.SH,20230403,45.55,45.9,45.29,45.68,45.6,0.08,0.1754,451214.53,2056827.917,0.5,0.5,,,,,
601318.SH,20230404,45.67,45.86,45.23,45.57,45.68,-0.11,-0.2408,473486.4,2156604.42,0.5,0.5,,,,,
601318.SH,20230406,45.55,45.55,45.03,45.08,45.57,-0.49,-1.0753,361627.06,1634323.043,0.5,0.5,,,,,
601318.SH,20230407,45.29,45.78,45.15,45.63,45.08,0.55,1.2201,326336.3,1487335.021,0.5,0.5,,,,,
601318.SH,20230410,45.73,46.27,45.5,46.06,45.63,0.43,0.9424,527369.29,2426394.064,0.5,0.5,,,,,
601318.SH,20230411,46.02,46.3,45.63,45.66,46.06,-0.4,-0.8684,543094.02,2495273.529,0.5,0.5,,,,,
601318.SH,20230412,45.8,46.08,45.45,45.6,45.66,-0.06,-0.1314,460937.97,2107727.788,0.5,0.5,,,,,
601318.SH,20230413,45.3,45.37,44.81,45.12,45.6,-0.48,-1.0526,569479.36,2561593.686,0.5,0.5,,,,,
601318.SH,20230414,45.35,45.97,45.2,45.49,45.12,0.37,0.82,428919.17,1954054.64,0.5,0.5,,,,,
601318.SH,20230417,45.33,47.48,45.02,47.48,45.49,1.99,4.3746,1036161.33,4813786.757,0.5,0.5,,,,,
601318.SH,20230418,47.2,49.08,47.13,48.62,47.48,1.14,2.401,1310275.22,6375510.317,0.5,0.5,,,,,
601318.SH,20230419,48.55,48.9,48.27,48.4,48.62,-0.22,-0.4525,497164.61,2414735.651,0.5,0.5,,,,,
601318.SH,20230420,48.41,48.95,48.12,48.79,48.4,0.39,0.8058,476734.29,2314705.514,0.5,0.5,,,,,
601318.SH,20230421,48.6,48.69,46.63,46.74,48.79,-2.05,-4.2017,811975.65,3837366.387,0.5,0.5,,,,,
601318.SH,20230424,46.88,47.75,46.2,46.4,46.74,-0.34,-0.7274,587482.16,2760342.072,0.5,0.5,,,,,
601318.SH,20230425,46.54,47.08,45.88,46.09,46.4,-0.31,-0.6681,617583.22,2862045.073,0.5,0.5,,,,,
601318.SH,20230426,45.86,46.25,45.66,45.79,46.09,-0.3,-0.6509,505147.02,2320864.199,0.5,0.5,,,,,
601318.SH,20230427,46.98,50.37,46.81,50.37,45.79,4.58,10.0022,2570644.56,12656922.048,0.5,0.5,,,,,
601318.SH,20230428,50.61,52.65,50.28,51.8,50.37,1.43,2.839,2149502.48,11104959.198,0.5,0.5,,,,,
601318.SH,20230504,50.77,54.35,50.59,53.7,51.8,1.9,3.668,1837640.85,9743135.594,0.5,0.5,,,,,
601318.SH,20230505,54.0,55.0,53.24,53.83,53.7,0.13,0.2421,1264107.12,6829552.784,0.5,0.5,,,,,
601318.SH,20230508,53.99,55.08,53.51,54.92,53.83,1.09,2.0249,1504053.84,8223158.231,0.5,0.5,,,,,
601318.SH,20230509,54.92,56.0,53.37,53.48,54.92,-1.44,-2.622,1461587.07,7986736.176,0.5,0.5,,,,,
601318.SH,20230510,53.48,53.86,52.11,52.31,53.48,-1.17,-2.1877,1055610.49,5557565.461,0.5,0.5,,,,,
601318.SH,20230511,52.9,53.47,52.16,52.35,52.31,0.04,0.0765,593883.96,3128956.427,0.5,0.5,,,,,
601318.SH,20230512,52.33,52.5,51.17,51.27,52.35,-1.08,-2.063,626681.47,3238681.436,0.5,0.5,,,,,
601318.SH,20230515,51.28,53.87,50.78,53.71,51.27,2.44,4.7591,1113753.55,5846884.591,0.5,0.5,,,,,
601318.SH,20230516,53.67,53.82,52.8,53.2,53.71,-0.51,-0.9495,644968.6,3436268.826,0.5,0.5,,,,,
601318.SH,20230517,52.79,52.85,51.58,51.91,53.2,-1.29,-2.4248,642552.3,3344510.652,0.5,0.5,,,,,
601318.SH,20230518,51.8,52.85,51.53,51.82,51.91,-0.09,-0.1734,555166.36,2891022.41,0.5,0.5,,,,,
601318.SH,20230519,51.21,51.7,50.8,51.04,51.82,-0.78,-1.5052,554236.41,2831437.768,0.5,0.5,,,,,
601318.SH,20230522,51.0,51.85,50.8,51.42,51.04,0.38,0.7445,498812.34,2562556.972,0.5,0.5,,,,,
601318.SH,20230523,51.4,51.67,49.9,49.9,51.42,-1.52,-2.956,685386.45,3460781.263,0.5,0.5,,,,,
601318.SH,20230524,49.86,49.9,48.4,48.47,49.9,-1.43,-2.8657,713133.56,3491629.222,0.5,0.5,,,,,
601318.SH,20230525,48.38,48.75,47.9,48.4,48.47,-0.07,-0.1444,525528.92,2535605.262,0.5,0.5,,,,,
601318.SH,20230526,48.39,48.88,47.81,48.44,48.4,0.04,0.0826,403365.73,1953764.069,0.5,0.5,,,,,
601318.SH,20230529,48.63,48.75,47.8,48.04,48.44,-0.4,-0.8258,484343.79,2333255.082,0.5,0.5,,,,,
601318.SH,20230530,48.05,48.33,47.42,47.99,48.04,-0.05,-0.1041,570290.59,2728137.415,0.5,0.5,,,,,
601318.SH,20230531,47.7,47.79,47.0,47.0,47.99,-0.99,-2.0629,610689.32,2880503.904,0.5,0.5,,,,,
601318.SH,20230601,47.05,47.93,46.9,47.45,47.0,0.45,0.9574,518074.3,2460498.429,0.5,0.5,,,,,
601318.SH,20230602,47.88,49.2,47.83,49.1,47.45,1.65,3.4773,832840.4,4054040.689,0.5,0.5,,,,,
601318.SH,20230605,48.76,48.93,48.23,48.51,49.1,-0.59,-1.2016,466455.9,2261940.201,0.5,0.5,,,,,
601318.SH,20230606,48.34,49.93,48.25,48.76,48.51,0.25,0.5154,644501.97,3172322.394,0.5,0.5,,,,,
601318.SH,20230607,49.4,49.69,48.77,49.01,48.76,0.25,0.5127,425436.24,2093897.751,0.5,0.5,,,,,
601318.SH,20230608,48.92,49.96,48.68,49.67,49.01,0.66,1.3467,572283.83,2830351.412,0.5,0.5,,,,,
601318.SH,20230609,49.67,49.95,49.41,49.48,49.67,-0.19,-0.3825,428043.18,2124674.673,0.5,0.5,,,,,
601318.SH,20230612,49.46,49.94,48.89,49.57,49.48,0.09,0.1819,476457.27,2358494.748,0.5,0.5,,,,,
601318.SH,20230613,49.48,49.7,48.75,49.63,49.57,0.06,0.121,440028.91,2170452.732,0.5,0.5,,,,,
601318.SH,20230614,48.57,48.91,47.87,48.05,48.15,-0.1,-0.2077,553664.11,2677031.202,0.5,0.5,,,,,
601318.SH,20230615,48.3,49.1,47.87,48.42,48.05,0.37,0.77,473439.8,2293626.704,0.5,0.5,,,,,
601318.SH,20230616,48.7,48.84,48.1,48.6,48.42,0.18,0.3717,534142.23,2589379.833,0.5,0.5,,,,,
601318.SH,20230619,48.46,48.48,47.33,47.5,48.6,-1.1,-2.2634,642163.67,3062228.887,0.5,0.5,,,,,
601318.SH,20230620,47.5,47.75,46.8,46.89,47.5,-0.61,-1.2842,615333.24,2893024.197,0.5,0.5,,,,,
601318.SH,20230621,46.61,47.25,46.48,46.64,46.89,-0.25,-0.5332,381030.52,1785547.515,0.5,0.5,,,,,
601318.SH,20230626,46.3,46.37,45.7,45.93,46.64,-0.71,-1.5223,485350.23,2227206.703,0.5,0.5,,,,,
601318.SH,20230627,45.92,46.63,45.75,46.3,45.93,0.37,0.8056,480932.73,2220104.955,0.5,0.5,,,,,
601318.SH,20230628,46.15,46.55,45.93,46.54,46.3,0.24,0.5184,356069.61,1648840.079,0.5,0.5,,,,,
601318.SH,20230629,46.55,46.79,46.13,46.3,46.54,-0.24,-0.5157,265735.48,1233566.768,0.5,0.5,,,,,
601318.SH,20230630,46.2,46.87,46.19,46.4,46.3,0.1,0.216,326971.04,1522887.807,0.5,0.5,,,,,
601318.SH,20230703,46.44,48.35,46.38,48.18,46.4,1.78,3.8362,697780.59,3323222.2,0.5,0.5,,,,,
601318.SH,20230704,48.19,48.23,47.7,47.95,48.18,-0.23,-0.4774,297440.73,1424573.051,0.5,0.5,,,,,
601318.SH,20230705,47.89,47.99,47.28,47.35,47.95,-0.6,-1.2513,264061.25,1253667.348,0.5,0.5,,,,,
601318.SH,20230706,47.03,48.16,47.02,47.3,47.35,-0.05,-0.1056,402580.4,1912826.287,0.5,0.5,,,,,
601318.SH,20230707,47.0,47.69,46.98,47.21,47.3,-0.09,-0.1903,364421.03,1723937.254,0.5,0.5,,,,,
601318.SH,20230710,47.63,47.69,46.51,46.61,47.21,-0.6,-1.2709,368164.33,1728446.566,0.5,0.5,,,,,
601318.SH,20230711,46.8,47.42,46.8,47.2,46.61,0.59,1.2658,268886.44,1267580.412,0.5,0.5,,,,,
601318.SH,20230712,47.2,47.95,47.08,47.29,47.2,0.09,0.1907,354393.45,1683737.592,0.5,0.5,,,,,
601318.SH,20230713,47.72,48.75,47.65,48.62,47.29,1.33,2.8124,648768.26,3132588.33,0.5,0.5,,,,,
601318.SH,20230714,49.02,49.09,48.41,48.64,48.62,0.02,0.0411,366358.43,1784466.104,0.5,0.5,,,,,
601318.SH,20230717,48.37,48.45,47.88,48.05,48.64,-0.59,-1.213,304706.67,1465498.863,0.5,0.5,,,,,
601318.SH,20230718,48.28,48.29,47.46,47.6,48.05,-0.45,-0.9365,283182.72,1348936.542,0.5,0.5,,,,,
601318.SH,20230719,47.3,47.86,47.3,47.77,47.6,0.17,0.3571,321115.79,1526345.246,0.5,0.5,,,,,
601318.SH,20230720,47.9,48.2,47.32,47.42,47.77,-0.35,-0.7327,301377.54,1438728.105,0.5,0.5,,,,,
601318.SH,20230721,47.31,47.75,46.8,46.97,47.42,-0.45,-0.949,446791.42,2108640.104,0.5,0.5,,,,,
601318.SH,20230724,46.8,46.99,46.5,46.62,46.97,-0.35,-0.7452,315980.04,1475830.597,0.5,0.5,,,,,
601318.SH,20230725,47.7,49.68,47.7,49.55,46.62,2.93,6.2849,1413279.02,6907459.693,0.5,0.5,,,,,
601318.SH,20230726,49.18,49.64,48.98,49.46,49.55,-0.09,-0.1816,515440.65,2541380.228,0.5,0.5,,,,,
601318.SH,20230727,49.59,50.58,49.41,49.88,49.46,0.42,0.8492,703734.93,3523202.97,0.5,0.5,,,,,
601318.SH,20230728,49.5,52.36,49.41,51.93,49.88,2.05,4.1099,1277908.46,6564761.757,0.5,0.5,,,,,
601318.SH,20230731,52.98,53.68,52.3,52.6,51.93,0.67,1.2902,1274854.66,6750702.391,0.5,0.5,,,,,
601318.SH,20230801,52.5,53.0,51.44,51.74,52.6,-0.86,-1.635,670613.72,3493879.471,0.5,0.5,,,,,
601318.SH,20230802,51.6,52.56,50.93,51.41,51.74,-0.33,-0.6378,608798.17,3136350.132,0.5,0.5,,,,,
601318.SH,20230803,51.41,52.6,51.11,52.41,51.41,1.0,1.9451,654944.21,3398760.968,0.5,0.5,,,,,
601318.SH,20230804,53.23,53.85,51.9,51.9,52.41,-0.51,-0.9731,1051652.84,5566174.314,0.5,0.5,,,,,
601318.SH,20230807,51.38,51.77,51.2,51.7,51.9,-0.2,-0.3854,436896.13,2246940.97,0.5,0.5,,,,,
601318.SH,20230808,51.47,51.69,50.46,51.26,51.7,-0.44,-0.8511,523263.42,2671294.85,0.5,0.5,,,,,
601318.SH,20230809,51.08,51.58,50.95,51.26,51.26,0.0,0.0,372852.64,1911450.576,0.5,0.5,,,,,
601318.SH,20230810,51.05,51.47,50.88,51.36,51.26,0.1,0.1951,299263.22,1531979.641,0.5,0.5,,,,,
601318.SH,20230811,51.3,51.41,49.35,49.37,51.36,-1.99,-3.8746,748920.93,3751696.963,0.5,0.5,,,,,
601318.SH,20230814,48.3,48.82,48.28,48.53,49.37,-0.84,-1.7014,604721.46,2935327.039,0.5,0.5,,,,,
601318.SH,20230815,48.52,49.08,48.02,48.68,48.53,0.15,0.3091,521836.84,2535572.143,0.5,0.5,,,,,
601318.SH,20230816,48.32,48.94,48.13,48.35,48.68,-0.33,-0.6779,476603.76,2306795.548,0.5,0.5,,,,,
601318.SH,20230817,48.01,48.18,47.33,47.91,48.35,-0.44,-0.91,598273.68,2853723.206,0.5,0.5,,,,,
601318.SH,20230818,47.9,49.0,47.52,47.52,47.91,-0.39,-0.814,636662.55,3066293.94,0.5,0.5,,,,,
601318.SH,20230821,47.4,47.49,46.67,46.67,47.52,-0.85,-1.7887,628080.9,2950143.136,0.5,0.5,,,,,
601318.SH,20230822,46.9,47.3,46.47,47.0,46.67,0.33,0.7071,518495.48,2430766.795,0.5,0.5,,,,,
601318.SH,20230823,46.72,47.1,46.39,46.46,47.0,-0.54,-1.1489,476239.49,2224411.614,0.5,0.5,,,,,
601318.SH,20230824,46.53,47.01,46.19,46.5,46.46,0.04,0.0861,418637.2,1949333.014,0.5,0.5,,,,,
601318.SH,20230825,46.31,47.38,46.25,47.01,46.5,0.51,1.0968,417635.49,1953754.068,0.5,0.5,,,,,
601318.SH,20230828,50.5,50.53,47.78,48.11,47.01,1.1,2.3399,1090108.19,5323339.312,0.5,0.5,,,,,
601318.SH,20230829,48.04,48.97,47.89,48.56,48.11,0.45,0.9354,573806.14,2780674.849,0.5,0.5,,,,,
601318.SH,20230830,48.88,48.99,47.9,48.25,48.56,-0.31,-0.6384,600122.97,2904476.28,0.5,0.5,,,,,
601318.SH,20230831,48.63,49.55,48.51,48.79,48.25,0.54,1.1192,639537.83,3135187.119,0.5,0.5,,,,,
601318.SH,20230901,49.35,50.5,49.26,50.1,48.79,1.31,2.685,855756.49,4287440.106,0.5,0.5,,,,,
601318.SH,20230904,50.45,51.9,50.44,51.45,50.1,1.35,2.6946,921931.09,4732753.257,0.5,0.5,,,,,
601318.SH,20230905,51.2,51.2,50.13,50.2,51.45,-1.25,-2.4295,506243.76,2555382.802,0.5,0.5,,,,,
601318.SH,20230906,50.0,51.19,49.88,51.03,50.2,0.83,1.6534,514362.24,2604588.523,0.5,0.5,,,,,
601318.SH,20230907,50.71,50.88,50.16,50.22,51.03,-0.81,-1.5873,403290.71,2033442.988,0.5,0.5,,,,,
601318.SH,20230908,50.03,50.45,49.8,50.12,50.22,-0.1,-0.1991,273667.37,1370400.982,0.5,0.5,,,,,
601318.SH,20230911,50.38,50.77,49.85,50.36,50.12,0.24,0.4789,491514.66,2471560.95,0.5,0.5,,,,,
601318.SH,20230912,50.1,50.15,49.49,49.95,50.36,-0.41,-0.8141,361143.93,1801339.429,0.5,0.5,,,,,
601318.SH,20230913,50.14,50.22,49.22,49.5,49.95,-0.45,-0.9009,433989.24,2152354.986,0.5,0.5,,,,,
601318.SH,20230914,49.64,49.8,48.99,49.19,49.5,-0.31,-0.6263,391312.18,1929515.958,0.5,0.5,,,,,
601318.SH,20230915,49.49,50.12,49.0,49.2,49.19,0.01,0.0203,557531.91,2760877.161,0.5,0.5,,,,,
601318.SH,20230918,48.92,49.48,48.7,49.3,49.2,0.1,0.2033,295267.46,1452498.883,0.5,0.5,,,,,
601318.SH,20230919,49.28,49.35,49.02,49.28,49.3,-0.02,-0.0406,266524.48,1311117.79,0.5,0.5,,,,,
601318.SH,20230920,49.26,49.26,48.58,48.89,49.28,-0.39,-0.7914,328732.61,1605058.394,0.5,0.5,,,,,
601318.SH,20230921,48.7,48.86,48.37,48.49,48.89,-0.4,-0.8182,335479.88,1629890.839,0.5,0.5,,,,,
601318.SH,20230922,48.5,50.33,48.37,50.33,48.49,1.84,3.7946,663006.17,3282334.33,0.5,0.5,,,,,
601318.SH,20230925,50.01,50.1,49.03,49.06,50.33,-1.27,-2.5233,499758.69,2465962.385,0.5,0.5,,,,,
601318.SH,20230926,49.05,49.34,48.52,48.56,49.06,-0.5,-1.0192,400930.26,1955893.352,0.5,0.5,,,,,
601318.SH,20230927,48.6,48.99,48.5,48.66,48.56,0.1,0.2059,324863.42,1582256.041,0.5,0.5,,,,,
601318.SH,20230928,48.83,48.88,48.15,48.3,48.66,-0.36,-0.7398,421466.17,2042226.68,0.5,0.5,,,,,
601318.SH,20231009,48.0,48.27,47.52,48.07,48.3,-0.23,-0.4762,394012.24,1887773.034,0.5,0.5,,,,,
601318.SH,20231010,48.28,48.53,47.52,47.6,48.07,-0.47,-0.9777,330777.39,1584290.864,0.5,0.5,,,,,
601318.SH,20231011,47.85,47.97,47.51,47.69,47.6,0.09,0.1891,325296.71,1552566.99,0.5,0.5,,,,,
601318.SH,20231012,48.87,48.89,48.21,48.43,47.69,0.74,1.5517,448710.17,2176954.488,0.5,0.5,,,,,
601318.SH,20231013,47.87,48.28,47.67,47.97,48.43,-0.46,-0.9498,261269.59,1254265.938,0.5,0.5,,,,,
601318.SH,20231016,47.85,48.13,47.41,47.54,47.97,-0.43,-0.8964,319002.93,1522168.84,0.5,0.5,,,,,
601318.SH,20231017,47.8,47.98,47.46,47.68,47.54,0.14,0.2945,270141.87,1289169.549,0.5,0.5,,,,,
601318.SH,20231018,47.51,47.77,47.38,47.39,47.68,-0.29,-0.6082,325690.44,1547535.57,0.5,0.5,,,,,
601318.SH,20231019,47.11,47.16,46.01,46.05,47.39,-1.34,-2.8276,694085.34,3224679.422,0.5,0.5,,,,,
601318.SH,20231020,45.6,46.09,45.55,45.84,46.05,-0.21,-0.456,481776.17,2205802.926,0.5,0.5,,,,,
601318.SH,20231023,45.79,46.2,45.5,45.94,45.84,0.1,0.2182,387068.2,1775040.623,0.5,0.5,,,,,
601318.SH,20231024,46.03,46.5,45.68,46.1,45.94,0.16,0.3483,432310.65,1992106.371,0.5,0.5,,,,,
601318.SH,20231025,45.98,46.0,45.43,45.51,45.18,0.33,0.7304,374462.79,1709171.805,0.5,0.5,,,,,
601318.SH,20231026,45.3,45.8,45.25,45.7,45.51,0.19,0.4175,280985.53,1279980.548,0.5,0.5,,,,,
601318.SH,20231027,45.19,45.54,44.55,45.18,45.7,-0.52,-1.1379,618849.71,2785588.427,0.5,0.5,,,,,
601318.SH,20231030,45.19,45.49,44.81,45.31,45.18,0.13,0.2877,455497.95,2055903.969,0.5,0.5,,,,,
601318.SH,20231031,45.42,45.93,45.18,45.46,45.31,0.15,0.3311,423088.83,1926939.394,0.5,0.5,,,,,
601318.SH,20231101,45.79,45.88,45.02,45.11,45.46,-0.35,-0.7699,378012.26,1709309.024,0.5,0.5,,,,,
601318.SH,20231102,45.21,45.59,45.01,45.06,45.11,-0.05,-0.1108,292247.6,1321477.078,0.5,0.5,,,,,
601318.SH,20231103,45.19,45.31,44.89,45.24,45.06,0.18,0.3995,386406.87,1744002.549,0.5,0.5,,,,,
601318.SH,20231106,45.6,46.17,45.51,46.06,45.24,0.82,1.8126,562463.19,2582604.547,0.5,0.5,,,,,
601318.SH,20231107,45.88,45.9,45.24,45.3,46.06,-0.76,-1.65,520543.46,2364701.855,0.5,0.5,,,,,
601318.SH,20231108,45.3,45.43,44.55,44.63,45.3,-0.67,-1.479,703733.92,3162886.205,0.5,0.5,,,,,
601318.SH,20231109,44.0,44.2,42.86,43.28,44.63,-1.35,-3.0249,1504541.8,6539441.76,0.5,0.5,,,,,
601318.SH,20231110,42.9,42.9,42.03,42.35,43.28,-0.93,-2.1488,1049964.71,4446008.162,0.5,0.5,,,,,
601318.SH,20231113,42.3,42.44,42.06,42.39,42.35,0.04,0.0945,493091.12,2085416.497,0.5,0.5,,,,,
601318.SH,20231114,42.55,42.81,42.39,42.61,42.39,0.22,0.519,558199.64,2377325.636,0.5,0.5,,,,,
601318.SH,20231115,43.12,43.61,42.88,43.36,42.61,0.75,1.7602,728705.81,3155332.501,0.5,0.5,,,,,
601318.SH,20231116,43.13,43.35,42.77,42.87,43.36,-0.49,-1.1301,386088.89,1658667.534,0.5,0.5,,,,,
601318.SH,20231117,42.63,42.82,42.33,42.66,42.87,-0.21,-0.4899,404728.47,1720654.033,0.5,0.5,,,,,
601318.SH,20231120,42.71,43.05,42.48,42.91,42.66,0.25,0.586,324987.48,1390487.105,0.5,0.5,,,,,
601318.SH,20231121,42.91,43.55,42.91,43.07,42.91,0.16,0.3729,432502.72,1871504.438,0.5,0.5,,,,,
601318.SH,20231122,42.95,43.05,42.71,42.73,43.07,-0.34,-0.7894,249251.21,1068361.65,0.5,0.5,,,,,
601318.SH,20231123,42.69,43.05,42.51,43.05,42.73,0.32,0.7489,263803.42,1128882.328,0.5,0.5,,,,,
601318.SH,20231124,43.0,43.03,42.63,42.69,43.05,-0.36,-0.8362,280449.27,1200283.581,0.5,0.5,,,,,
601318.SH,20231127,42.6,42.64,41.61,41.85,42.69,-0.84,-1.9677,585460.41,2449183.477,0.5,0.5,,,,,
601318.SH,20231128,41.8,42.06,41.58,41.67,41.85,-0.18,-0.4301,372260.73,1554714.84,0.5,0.5,,,,,
601318.SH,20231129,41.67,41.73,40.5,40.75,41.67,-0.92,-2.2078,679047.02,2771007.262,0.5,0.5,,,,,
601318.SH,20231130,40.67,41.07,40.62,40.8,40.75,0.05,0.1227,388571.96,1586034.772,0.5,0.5,,,,,
601318.SH,20231201,40.65,41.18,40.3,41.02,40.8,0.22,0.5392,486961.35,1986489.505,0.5,0.5,,,,,
601318.SH,20231204,40.85,41.27,40.31,40.38,41.02,-0.64,-1.5602,399869.7,1627394.428,0.5,0.5,,,,,
601318.SH,20231205,40.12,40.17,39.51,39.53,40.38,-0.85,-2.105,506428.32,2020199.568,0.5,0.5,,,,,
601318.SH,20231206,39.5,39.75,39.29,39.53,39.53,0.0,0.0,433323.96,1713862.406,0.5,0.5,,,,,
601318.SH,20231207,39.36,39.72,38.88,39.34,39.53,-0.19,-0.4806,501003.89,1967357.707,0.5,0.5,,,,,
601318.SH,20231208,39.25,39.63,39.19,39.19,39.34,-0.15,-0.3813,378912.37,1491734.069,0.5,0.5,,,,,
601318.SH,20231211,39.0,39.71,38.56,39.6,39.19,0.41,1.0462,555113.92,2166289.979,0.5,0.5,,,,,
601318.SH,20231212,39.42,39.81,39.25,39.79,39.6,0.19,0.4798,358213.24,1419146.471,0.5,0.5,,,,,
601318.SH,20231213,39.7,39.7,38.89,38.89,39.79,-0.9,-2.2619,412856.32,1618686.295,0.5,0.5,,,,,
601318.SH,20231214,39.23,39.47,38.69,38.7,38.89,-0.19,-0.4886,332367.72,1297220.103,0.5,0.5,,,,,
601318.SH,20231215,39.15,39.56,38.73,38.79,38.7,0.09,0.2326,507911.56,1983188.836,0.5,0.5,,,,,
601318.SH,20231218,38.4,38.85,38.31,38.61,38.79,-0.18,-0.464,329986.71,1273512.227,0.5,0.5,,,,,
601318.SH,20231219,38.58,38.98,38.4,38.71,38.61,0.1,0.259,332248.7,1284615.54,0.5,0.5,,,,,
601318.SH,20231220,38.71,38.9,38.43,38.45,38.71,-0.26,-0.6717,299481.77,1158590.096,0.5,0.5,,,,,
601318.SH,20231221,38.26,38.97,38.13,38.8,38.45,0.35,0.9103,424162.62,1640116.584,0.5,0.5,,,,,
601318.SH,20231222,38.76,39.38,38.68,39.1,38.8,0.3,0.7732,424736.52,1656449.05,0.5,0.5,,,,,
601318.SH,20231225,39.05,39.28,38.91,39.18,39.1,0.08,0.2046,203255.09,795171.658,0.5,0.5,,,,,
601318.SH,20231226,39.18,39.18,38.82,39.1,39.18,-0.08,-0.2042,199145.83,776002.047,0.5,0.5,,,,,
601318.SH,20231227,39.1,39.16,38.68,39.0,39.1,-0.1,-0.2558,295937.83,1150904.275,0.5,0.5,,,,,
601318.SH,20231228,39.0,40.35,38.85,40.26,39.0,1.26,3.2308,609525.73,2429611.85,0.5,0.5,,,,,
601318.SH,20231229,40.06,40.44,40.05,40.3,40.26,0.04,0.0994,341077.53,1372848.496,0.5,0.5,,,,,
601318.SH,20240102,40.3,40.31,39.46,39.47,40.3,-0.83,-2.0596,437592.04,1740486.365,0.5,0.5,,,,,
601318.SH,20240103,39.47,39.66,39.19,39.4,39.47,-0.07,-0.1773,363821.51,1432855.499,0.5,0.5,,,,,
601318.SH,20240104,39.36,39.58,38.66,38.9,39.4,-0.5,-1.269,467391.9,1819793.957,0.5,0.5,,,,,
601318.SH,20240105,38.85,39.58,38.68,38.97,38.9,0.07,0.1799,499201.87,1955115.16,0.5,0.5,,,,,
601318.SH,20240108,38.97,39.17,38.22,38.45,38.97,-0.52,-1.3344,514731.97,1983794.142,0.5,0.5,,,,,
601318.SH,20240109,38.45,38.58,38.2,38.38,38.45,-0.07,-0.1821,370650.54,1423188.301,0.5,0.5,,,,,
601318.SH,20240110,38.29,38.45,37.82,37.82,38.38,-0.56,-1.4591,441303.8,1677706.638,0.5,0.5,,,,,
601318.SH,20240111,37.8,38.66,37.62,38.43,37.82,0.61,1.6129,381571.29,1457906.651,0.5,0.5,,,,,
601318.SH,20240112,38.19,38.54,38.03,38.03,38.43,-0.4,-1.0409,303000.54,1158392.103,0.5,0.5,,,,,
601318.SH,20240115,37.87,38.49,37.7,38.17,38.03,0.14,0.3681,327021.81,1244858.223,0.5,0.5,,,,,
601318.SH,20240116,38.04,38.76,37.94,38.7,38.17,0.53,1.3885,544962.85,2095337.501,0.5,0.5,,,,,
601318.SH,20240117,38.46,38.55,38.01,38.01,38.7,-0.69,-1.7829,561228.97,2148072.06,0.5,0.5,,,,,
601318.SH,20240118,37.75,39.03,37.64,38.99,38.01,0.98,2.5783,861543.64,3289028.901,0.5,0.5,,,,,
601318.SH,20240119,38.8,39.34,38.55,39.2,38.99,0.21,0.5386,639743.91,2493579.882,0.5,0.5,,,,,
601318.SH,20240122,39.07,39.93,38.97,39.48,39.2,0.28,0.7143,961098.63,3800265.431,0.5,0.5,,,,,
601318.SH,20240123,39.2,39.71,38.7,39.36,39.48,-0.12,-0.304,601720.97,2363927.977,0.5,0.5,,,,,
601318.SH,20240124,39.66,40.3,39.08,40.17,39.36,0.81,2.0579,761150.99,3023883.703,0.5,0.5,,,,,
601318.SH,20240125,40.15,41.51,40.0,41.15,40.17,0.98,2.4396,986581.0,4022141.715,0.5,0.5,,,,,
601318.SH,20240126,41.05,41.34,40.65,41.25,41.15,0.1,0.243,785925.24,3225824.129,0.5,0.5,,,,,
601318.SH,20240129,41.26,41.69,40.92,40.98,41.25,-0.27,-0.6545,620784.77,2560232.02,0.5,0.5,,,,,
601318.SH,20240130,40.6,40.91,40.17,40.19,40.98,-0.79,-1.9278,570639.98,2308550.033,0.5,0.5,,,,,
601318.SH,20240131,40.15,40.85,39.99,40.51,40.19,0.32,0.7962,557013.66,2253897.731,0.5,0.5,,,,,
601318.SH,20240201,40.12,40.63,39.93,40.3,40.51,-0.21,-0.5184,490924.79,1980485.849,0.5,0.5,,,,,
601318.SH,20240202,40.3,40.55,39.0,40.1,40.3,-0.2,-0.4963,690773.47,2771398.286,0.5,0.5,,,,,
601318.SH,20240205,40.0,40.99,39.68,40.68,40.1,0.58,1.4464,806147.93,3247211.014,0.5,0.5,,,,,
601318.SH,20240206,40.67,41.68,40.37,41.56,40.68,0.88,2.1632,823834.96,3381216.759,0.5,0.5,,,,,
601318.SH,20240207,41.69,42.4,41.35,42.38,41.56,0.82,1.9731,916154.04,3833614.844,0.5,0.5,,,,,
601318.SH,20240208,42.52,42.95,42.15,42.78,42.38,0.4,0.9438,768746.51,3274133.649,0.5,0.5,,,,,
601318.SH,20240219,42.99,43.08,42.52,42.73,42.78,-0.05,-0.1169,544134.27,2324847.504,0.5,0.5,,,,,
601318.SH,20240220,42.65,42.67,42.1,42.35,42.73,-0.38,-0.8893,469355.09,1989976.125,0.5,0.5,,,,,
601318.SH,20240221,42.18,44.3,42.02,43.59,42.35,1.24,2.928,1112491.94,4827664.819,0.5,0.5,,,,,
601318.SH,20240222,43.36,43.74,43.21,43.7,43.59,0.11,0.2524,517452.19,2252345.68,0.5,0.5,,,,,
601318.SH,20240223,43.68,44.45,43.6,44.07,43.7,0.37,0.8467,644216.76,2843810.763,0.5,0.5,,,,,
601318.SH,20240226,43.9,43.91,42.9,42.95,44.07,-1.12,-2.5414,616195.68,2667499.279,0.5,0.5,,,,,
601318.SH,20240227,42.82,43.15,42.7,43.12,42.95,0.17,0.3958,429012.52,1840668.678,0.5,0.5,,,,,
601318.SH,20240228,43.19,43.28,42.65,42.65,43.12,-0.47,-1.09,535763.59,2298186.002,0.5,0.5,,,,,
601318.SH,20240229,42.52,43.07,42.5,42.9,42.65,0.25,0.5862,455091.67,1948642.485,0.5,0.5,,,,,
601318.SH,20240301,42.8,43.09,42.52,42.99,42.9,0.09,0.2098,445773.76,1908395.624,0.5,0.5,,,,,
601318.SH,20240304,42.73,42.82,42.2,42.34,42.99,-0.65,-1.512,545046.8,2311470.911,0.5,0.5,,,,,
601318.SH,20240305,42.15,42.88,42.05,42.81,42.34,0.47,1.1101,623437.23,2650564.784,0.5,0.5,,,,,
601318.SH,20240306,42.79,42.91,42.46,42.5,42.81,-0.31,-0.7241,342762.83,1461294.746,0.5,0.5,,,,,
601318.SH,20240307,42.77,43.46,42.73,43.06,42.5,0.56,1.3176,648962.13,2796783.751,0.5,0.5,,,,,
601318.SH,20240308,42.87,43.2,42.55,42.88,43.06,-0.18,-0.418,372493.62,1595770.014,0.5,0.5,,,,,
601318.SH,20240311,42.78,43.28,42.74,43.16,42.88,0.28,0.653,435972.74,1877454.174,0.5,0.5,,,,,
601318.SH,20240312,43.17,43.88,42.88,43.81,43.16,0.65,1.506,679206.36,2952502.139,0.5,0.5,,,,,
601318.SH,20240313,43.73,43.76,42.57,42.63,43.81,-1.18,-2.6934,701215.85,3008059.272,0.5,0.5,,,,,
601318.SH,20240314,42.37,42.89,42.3,42.45,42.63,-0.18,-0.4222,360889.56,1535653.343,0.5,0.5,,,,,
601318.SH,20240315,42.51,42.64,42.02,42.48,42.45,0.03,0.0707,398675.11,1687264.409,0.5,0.5,,,,,
601318.SH,20240318,42.35,42.66,42.07,42.56,42.48,0.08,0.1883,416262.71,1764489.757,0.5,0.5,,,,,
601318.SH,20240319,42.4,42.4,41.8,41.83,42.56,-0.73,-1.7152,486015.33,2045765.039,0.5,0.5,,,,,
601318.SH,20240320,41.75,42.05,41.68,41.92,41.83,0.09,0.2152,283616.68,1187979.289,0.5,0.5,,,,,
601318.SH,20240321,42.09,42.43,41.81,42.03,41.92,0.11,0.2624,414976.24,1745351.699,0.5,0.5,,,,,
601318.SH,20240322,41.03,41.13,40.25,40.56,42.03,-1.47,-3.4975,1125503.68,4569953.333,0.5,0.5,,,,,
601318.SH,20240325,40.45,40.88,40.35,40.44,40.56,-0.12,-0.2959,437601.3,1775455.396,0.5,0.5,,,,,
601318.SH,20240326,40.44,40.95,40.44,40.9,40.44,0.46,1.1375,402990.63,1640298.64,0.5,0.5,,,,,
601318.SH,20240327,40.78,40.98,40.65,40.65,40.9,-0.25,-0.6112,346190.25,1411539.594,0.5,0.5,,,,,
601318.SH,20240328,40.6,41.26,40.45,40.69,40.65,0.04,0.0984,432339.95,1764795.886,0.5,0.5,,,,,
601318.SH,20240329,40.78,41.24,40.69,40.81,40.69,0.12,0.2949,335121.84,1370420.387,0.5,0.5,,,,,
601318.SH,20240401,40.95,41.25,40.9,41.25,40.81,0.44,1.0782,387062.74,1592229.352,0.5,0.5,,,,,
601318.SH,20240402,41.19,41.46,40.91,41.0,41.25,-0.25,-0.6061,399965.85,1644606.102,0.5,0.5,,,,,
601318.SH,20240403,40.9,41.05,40.5,40.5,41.0,-0.5,-1.2195,463640.11,1886029.049,0.5,0.5,,,,,
601318.SH,20240408,40.28,40.43,39.88,40.22,40.5,-0.28,-0.6914,435902.46,1752003.235,0.5,0.5,,,,,
601318.SH,20240409,40.27,40.48,40.1,40.11,40.22,-0.11,-0.2735,293924.11,1183293.257,0.5,0.5,,,,,
601318.SH,20240410,39.99,40.07,39.1,39.2,40.11,-0.91,-2.2688,667544.96,2638684.983,0.5,0.5,,,,,
601318.SH,20240411,39.03,39.14,38.61,38.95,39.2,-0.25,-0.6378,443213.65,1724750.105,0.5,0.5,,,,,
601318.SH,20240412,38.8,38.99,37.67,37.78,38.95,-1.17,-3.0039,918947.11,3503437.973,0.5,0.5,,,,,
601318.SH,20240415,37.78,38.5,37.68,38.36,37.78,0.58,1.5352,771609.09,2953703.722,0.5,0.5,,,,,
601318.SH,20240416,38.36,38.79,38.08,38.28,38.36,-0.08,-0.2086,626747.07,2408876.665,0.5,0.5,,,,,
601318.SH,20240417,38.27,39.02,38.01,38.95,38.28,0.67,1.7503,594585.29,2294242.965,0.5,0.5,,,,,
601318.SH,20240418,38.9,40.3,38.81,39.7,38.95,0.75,1.9255,846088.97,3365907.681,0.5,0.5,,,,,
601318.SH,20240419,39.47,39.78,39.2,39.42,39.7,-0.28,-0.7053,368394.91,1454378.302,0.5,0.5,,,,,
601318.SH,20240422,39.49,40.09,39.49,39.83,39.42,0.41,1.0401,391227.84,1559348.109,0.5,0.5,,,,,
601318.SH,20240423,39.82,40.1,39.61,39.89,39.83,0.06,0.1506,342653.1,1367522.866,0.5,0.5,,,,,
601318.SH,20240424,40.39,40.7,40.11,40.6,39.89,0.71,1.7799,549964.37,2226040.005,0.5,0.5,,,,,
601318.SH,20240425,40.52,41.28,40.3,41.06,40.6,0.46,1.133,582177.9,2379394.081,0.5,0.5,,,,,
601318.SH,20240426,40.99,41.78,40.81,41.53,41.06,0.47,1.1447,694276.06,2866574.033,0.5,0.5,,,,,
601318.SH,20240429,41.5,42.88,41.41,42.08,41.53,0.55,1.3243,875454.82,3696991.24,0.5,0.5,,,,,
601318.SH,20240430,42.08,42.16,41.32,41.36,42.08,-0.72,-1.711,518190.14,2157456.541,0.5,0.5,,,,,
601318.SH,20240506,43.15,43.28,42.37,42.49,41.36,1.13,2.7321,1062747.04,4554760.127,0.5,0.5,,,,,
601318.SH,20240507,42.5,42.79,42.19,42.59,42.49,0.1,0.2353,528152.26,2249302.993,0.5,0.5,,,,,
601318.SH,20240508,42.45,42.7,41.88,41.95,42.59,-0.64,-1.5027,447335.13,1888701.756,0.5,0.5,,,,,
601318.SH,20240509,41.87,42.58,41.86,42.34,41.95,0.39,0.9297,413541.49,1749774.912,0.5,0.5,,,,,
601318.SH,20240510,42.6,43.18,42.52,42.93,42.34,0.59,1.3935,677670.18,2906706.22,0.5,0.5,,,,,
601318.SH,20240513,42.51,42.89,42.17,42.65,42.93,-0.28,-0.6522,493480.84,2098243.664,0.5,0.5,,,,,
601318.SH,20240514,42.65,42.8,42.15,42.31,42.65,-0.34,-0.7972,396511.52,1679884.656,0.5,0.5,,,,,
601318.SH,20240515,42.28,42.3,41.66,41.84,42.31,-0.47,-1.1108,399118.8,1673203.919,0.5,0.5,,,,,
601318.SH,20240516,42.2,43.39,41.96,43.05,41.84,1.21,2.892,934782.27,4003945.956,0.5,0.5,,,,,
601318.SH,20240517,43.6,45.2,43.45,45.2,43.05,2.15,4.9942,1894579.95,8380485.073,0.5,0.5,,,,,
601318.SH,20240520,45.7,46.07,44.83,45.46,45.2,0.26,0.5752,1479452.53,6725122.982,0.5,0.5,,,,,
601318.SH,20240521,45.08,45.54,45.02,45.4,45.46,-0.06,-0.132,551096.16,2495802.388,0.5,0.5,,,,,
601318.SH,20240522,45.3,46.05,45.15,45.4,45.4,0.0,0.0,751336.66,3432737.426,0.5,0.5,,,,,
601318.SH,20240523,44.92,45.17,44.52,44.78,45.4,-0.62,-1.3656,635923.13,2847873.001,0.5,0.5,,,,,
601318.SH,20240524,44.55,44.8,43.86,43.89,44.78,-0.89,-1.9875,541285.75,2397751.034,0.5,0.5,,,,,
601318.SH,20240527,44.0,44.39,43.88,44.1,43.89,0.21,0.4785,412742.21,1820441.915,0.5,0.5,,,,,
601318.SH,20240528,44.16,44.35,43.62,43.76,44.1,-0.34,-0.771,421921.79,1853750.116,0.5,0.5,,,,,
601318.SH,20240529,43.59,44.13,43.36,43.47,43.76,-0.29,-0.6627,439422.5,1921502.308,0.5,0.5,,,,,
601318.SH,20240530,43.31,43.66,42.9,43.15,43.47,-0.32,-0.7361,393954.93,1702193.305,0.5,0.5,,,,,
601318.SH,20240531,43.4,44.1,43.06,43.07,43.15,-0.08,-0.1854,482492.18,2100267.341,0.5,0.5,,,,,
601318.SH,20240603,42.99,43.46,42.61,43.13,43.07,0.06,0.1393,446518.4,1922692.312,0.5,0.5,,,,,
601318.SH,20240604,43.08,43.51,43.01,43.27,43.13,0.14,0.3246,398177.6,1723254.939,0.5,0.5,,,,,
601318.SH,20240605,43.26,43.28,42.94,43.08,43.27,-0.19,-0.4391,361880.07,1559233.05,0.5,0.5,,,,,
601318.SH,20240606,43.2,43.33,42.37,42.45,43.08,-0.63,-1.4624,542620.89,2313057.245,0.5,0.5,,,,,
601318.SH,20240607,42.6,42.78,42.0,42.12,42.45,-0.33,-0.7774,421393.79,1781350.64,0.5,0.5,,,,,
601318.SH,20240611,41.91,42.19,41.6,41.83,42.12,-0.29,-0.6885,422362.79,1767535.003,0.5,0.5,,,,,
601318.SH,20240612,41.83,41.9,41.36,41.4,41.83,-0.43,-1.028,398340.17,1653283.609,0.5,0.5,,,,,
601318.SH,20240613,41.58,41.66,41.19,41.3,41.4,-0.1,-0.2415,320428.01,1323757.554,0.5,0.5,,,,,
601318.SH,20240614,41.19,42.19,41.16,41.87,41.3,0.57,1.3801,635624.38,2651178.962,0.5,0.5,,,,,
601318.SH,20240617,41.6,41.83,41.38,41.58,41.87,-0.29,-0.6926,384727.47,1600335.663,0.5,0.5,,,,,
601318.SH,20240618,41.7,42.05,41.57,41.73,41.58,0.15,0.3608,353452.19,1476476.518,0.5,0.5,,,,,
601318.SH,20240619,41.74,42.19,41.61,42.0,41.73,0.27,0.647,410639.57,1721419.835,0.5,0.5,,,,,
601318.SH,20240620,41.99,42.07,41.51,41.51,42.0,-0.49,-1.1667,364789.92,1525392.591,0.5,0.5,,,,,
601318.SH,20240621,41.49,41.82,41.32,41.67,41.51,0.16,0.3854,385054.52,1600502.33,0.5,0.5,,,,,
601318.SH,20240624,41.53,42.05,41.22,41.8,41.67,0.13,0.312,445927.91,1856756.644,0.5,0.5,,,,,
601318.SH,20240625,41.79,42.12,41.44,41.55,41.8,-0.25,-0.5981,382835.91,1598362.559,0.5,0.5,,,,,
601318.SH,20240626,41.48,41.82,41.29,41.65,41.55,0.1,0.2407,265060.64,1100552.481,0.5,0.5,,,,,
601318.SH,20240627,41.51,41.64,41.25,41.42,41.65,-0.23,-0.5522,367974.98,1525115.715,0.5,0.5,,,,,
601318.SH,20240628,41.35,41.9,41.26,41.36,41.42,-0.06,-0.1449,399345.16,1661152.478,0.5,0.5,,,,,
601318.SH,20240701,41.41,41.67,40.64,41.62,41.36,0.26,0.6286,474197.54,1949715.777,0.5,0.5,,,,,
601318.SH,20240702,41.41,42.75,41.4,42.17,41.62,0.55,1.3215,568857.47,2404908.551,0.5,0.5,,,,,
601318.SH,20240703,42.18,42.43,41.91,42.27,42.17,0.1,0.2371,295747.88,1248330.595,0.5,0.5,,,,,
601318.SH,20240704,42.26,42.56,41.96,41.98,42.27,-0.29,-0.6861,324851.45,1369924.729,0.5,0.5,,,,,
601318.SH,20240705,41.95,42.26,40.98,41.12,41.98,-0.86,-2.0486,526717.66,2180477.666,0.5,0.5,,,,,
601318.SH,20240708,40.9,41.36,40.68,40.84,41.12,-0.28,-0.6809,339548.44,1388961.719,0.5,0.5,,,,,
601318.SH,20240709,40.83,41.59,40.46,41.52,40.84,0.68,1.665,381402.75,1565430.222,0.5,0.5,,,,,
601318.SH,20240710,41.07,41.93,41.07,41.86,41.52,0.34,0.8189,361273.14,1507496.307,0.5,0.5,,,,,
601318.SH,20240711,42.27,42.49,41.91,41.94,41.86,0.08,0.1911,375569.84,1582861.429,0.5,0.5,,,,,
601318.SH,20240712,42.0,42.86,42.0,42.68,41.94,0.74,1.7644,495697.26,2110496.361,0.5,0.5,,,,,
601318.SH,20240715,42.6,42.98,42.48,42.53,42.68,-0.15,-0.3515,354847.92,1513495.679,0.5,0.5,,,,,
601318.SH,20240716,42.0,42.11,40.68,41.19,42.53,-1.34,-3.1507,939985.04,3870524.307,0.5,0.5,,,,,
601318.SH,20240717,41.25,42.42,41.25,42.29,41.19,1.1,2.6706,778406.27,3268159.911,0.5,0.5,,,,,
601318.SH,20240718,42.19,42.64,41.96,42.37,42.29,0.08,0.1892,513624.18,2175992.699,0.5,0.5,,,,,
601318.SH,20240719,42.37,43.15,42.2,43.03,42.37,0.66,1.5577,610775.39,2610070.265,0.5,0.5,,,,,
601318.SH,20240722,43.1,43.22,42.64,43.0,43.03,-0.03,-0.0697,440562.04,1890312.953,0.5,0.5,,,,,
601318.SH,20240723,42.96,43.23,42.78,42.79,43.0,-0.21,-0.4884,459789.67,1978447.935,0.5,0.5,,,,,
601318.SH,20240724,42.8,43.03,42.35,42.56,42.79,-0.23,-0.5375,386095.43,1644933.09,0.5,0.5,,,,,
601318.SH,20240725,42.49,42.82,42.23,42.57,42.56,0.01,0.0235,440474.29,1874557.285,0.5,0.5,,,,,
601318.SH,20240726,41.15,41.7,40.75,41.09,41.08,0.01,0.0243,510377.96,2099407.784,0.5,0.5,,,,,
601318.SH,20240729,41.08,41.63,41.01,41.32,41.09,0.23,0.5597,305649.69,1264082.99,0.5,0.5,,,,,
601318.SH,20240730,41.28,41.45,41.06,41.33,41.32,0.01,0.0242,296922.39,1224450.781,0.5,0.5,,,,,
601318.SH,20240731,41.34,42.6,41.25,42.56,41.33,1.23,2.976,580877.83,2450880.16,0.5,0.5,,,,,
601318.SH,20240801,42.42,42.85,42.26,42.51,42.56,-0.05,-0.1175,325140.38,1383461.987,0.5,0.5,,,,,
601318.SH,20240802,42.23,42.41,41.7,41.82,42.51,-0.69,-1.6231,331372.57,1392534.224,0.5,0.5,,,,,
601318.SH,20240805,41.7,42.54,41.69,42.0,41.82,0.18,0.4304,430509.14,1813319.979,0.5,0.5,,,,,
601318.SH,20240806,42.37,42.48,40.64,40.9,42.0,-1.1,-2.619,634343.23,2614553.598,0.5,0.5,,,,,
601318.SH,20240807,40.92,41.11,40.68,40.7,40.9,-0.2,-0.489,299780.95,1225524.961,0.5,0.5,,,,,
601318.SH,20240808,40.75,41.15,40.41,40.82,40.7,0.12,0.2948,236432.41,964682.591,0.5,0.5,,,,,
601318.SH,20240809,40.99,41.24,40.61,40.61,40.82,-0.21,-0.5145,261784.96,1069136.979,0.5,0.5,,,,,
601318.SH,20240812,40.53,40.73,40.31,40.62,40.61,0.01,0.0246,152199.04,617325.022,0.5,0.5,,,,,
601318.SH,20240813,40.62,40.81,40.51,40.78,40.62,0.16,0.3939,166505.99,677002.646,0.5,0.5,,,,,
601318.SH,20240814,40.81,40.94,40.49,40.49,40.78,-0.29,-0.7111,206504.28,838935.306,0.5,0.5,,,,,
601318.SH,20240815,40.51,41.67,40.22,41.32,40.49,0.83,2.0499,534167.05,2202784.576,0.5,0.5,,,,,
601318.SH,20240816,41.32,41.75,41.25,41.61,41.32,0.29,0.7018,269573.57,1119345.318,0.5,0.5,,,,,
601318.SH,20240819,41.61,42.17,41.59,42.07,41.61,0.46,1.1055,287912.03,1209599.526,0.5,0.5,,,,,
601318.SH,20240820,42.15,42.17,41.7,41.92,42.07,-0.15,-0.3565,293762.86,1230963.341,0.5,0.5,,,,,
601318.SH,20240821,41.98,42.08,41.41,41.97,41.92,0.05,0.1193,236174.12,989256.297,0.5,0.5,,,,,
601318.SH,20240822,41.96,42.25,41.64,41.71,41.97,-0.26,-0.6195,304976.56,1275507.522,0.5,0.5,,,,,
601318.SH,20240823,42.04,43.46,41.93,43.35,41.71,1.64,3.9319,994234.43,4271882.126,0.5,0.5,,,,,
601318.SH,20240826,43.46,43.64,43.05,43.35,43.35,0.0,0.0,475805.6,2059591.116,0.5,0.5,,,,,
601318.SH,20240827,43.28,43.55,42.96,43.15,43.35,-0.2,-0.4614,339646.77,1467947.189,0.5,0.5,,,,,
601318.SH,20240828,43.24,43.38,42.93,43.19,43.15,0.04,0.0927,348394.74,1502990.666,0.5,0.5,,,,,
601318.SH,20240829,43.18,43.56,42.46,42.62,43.19,-0.57,-1.3197,476945.48,2045077.629,0.5,0.5,,,,,
601318.SH,20240830,42.71,44.53,42.71,44.03,42.62,1.41,3.3083,1100006.01,4830979.921,0.5,0.5,,,,,
601318.SH,20240902,43.88,44.17,43.45,43.45,44.03,-0.58,-1.3173,513171.24,2243546.045,0.5,0.5,,,,,
601318.SH,20240903,43.61,43.62,43.08,43.21,43.45,-0.24,-0.5524,368219.75,1593821.144,0.5,0.5,,,,,
601318.SH,20240904,43.22,43.64,42.45,42.64,43.21,-0.57,-1.3191,409949.06,1759519.239,0.5,0.5,,,,,
601318.SH,20240905,42.63,43.51,42.61,43.42,42.64,0.78,1.8293,466511.08,2014905.549,0.5,0.5,,,,,
601318.SH,20240906,43.42,43.98,43.16,43.25,43.42,-0.17,-0.3915,390257.75,1699389.017,0.5,0.5,,,,,
601318.SH,20240909,43.08,43.25,42.55,42.68,43.25,-0.57,-1.3179,401724.54,1720343.646,0.5,0.5,,,,,
601318.SH,20240910,42.75,43.05,42.29,42.66,42.68,-0.02,-0.0469,293655.89,1251507.269,0.5,0.5,,,,,
601318.SH,20240911,42.64,42.92,42.37,42.52,42.66,-0.14,-0.3282,274074.24,1167516.315,0.5,0.5,,,,,
601318.SH,20240912,42.73,42.77,41.82,42.6,42.52,0.08,0.1881,410838.53,1739432.819,0.5,0.5,,,,,
601318.SH,20240913,42.56,43.4,42.5,42.89,42.6,0.29,0.6808,344396.48,1484769.941,0.5,0.5,,,,,
601318.SH,20240918,43.0,43.79,42.93,43.7,42.89,0.81,1.8886,432638.24,1883001.068,0.5,0.5,,,,,
601318.SH,20240919,43.72,44.1,43.32,44.03,43.7,0.33,0.7551,466500.32,2046412.473,0.5,0.5,,,,,
601318.SH,20240920,43.98,44.29,43.74,44.15,44.03,0.12,0.2725,532923.73,2347055.961,0.5,0.5,,,,,
601318.SH,20240923,44.13,44.4,43.86,44.09,44.15,-0.06,-0.1359,295240.48,1302373.909,0.5,0.5,,,,,
601318.SH,20240924,44.6,46.5,44.47,46.5,44.09,2.41,5.4661,1208991.98,5518430.623,0.5,0.5,,,,,
601318.SH,20240925,47.6,48.2,47.25,47.36,46.5,0.86,1.8495,1382984.92,6594953.851,0.5,0.5,,,,,
601318.SH,20240926,47.59,50.44,47.2,50.42,47.36,3.06,6.4611,1637652.59,8023977.092,0.5,0.5,,,,,
601318.SH,20240927,51.9,52.16,50.7,51.9,50.42,1.48,2.9353,1394877.4,7197182.304,0.5,0.5,,,,,
601318.SH,20240930,54.48,57.09,54.4,57.09,51.9,5.19,10.0,2621254.05,14733344.153,0.5,0.5,,,,,
601318.SH,20241008,62.8,62.8,59.1,61.73,57.09,4.64,8.1275,3961042.53,24440888.195,0.5,0.5,,,,,
601318.SH,20241009,60.0,60.0,55.65,55.7,61.73,-6.03,-9.7683,2855095.57,16431475.144,0.5,0.5,,,,,
601318.SH,20241010,56.63,60.59,56.31,58.5,55.7,2.8,5.0269,2226729.69,12981664.827,0.5,0.5,,,,,
601318.SH,20241011,57.8,59.86,57.03,57.54,58.5,-0.96,-1.641,1312123.81,7645831.882,0.5,0.5,,,,,
601318.SH,20241014,58.39,59.24,57.55,58.67,57.54,1.13,1.9639,1177737.67,6884203.095,0.5,0.5,,,,,
601318.SH,20241015,58.58,59.28,57.09,57.19,58.67,-1.48,-2.5226,1027900.28,5988622.377,0.5,0.5,,,,,
601318.SH,20241016,56.78,57.83,56.61,57.38,57.19,0.19,0.3322,855016.3,4894961.074,0.5,0.5,,,,,
601318.SH,20241017,57.9,58.8,56.97,57.0,57.38,-0.38,-0.6623,783574.77,4529673.855,0.5,0.5,,,,,
601318.SH,20241018,56.08,58.35,54.75,57.18,56.08,1.1,1.9615,1494662.36,8417973.824,0.5,0.5,,,,,
601318.SH,20241021,57.4,57.47,56.18,56.9,57.18,-0.28,-0.4897,875312.58,4966469.517,0.5,0.5,,,,,
601318.SH,20241022,56.8,58.2,56.58,57.06,56.9,0.16,0.2812,846011.19,4835443.52,0.5,0.5,,,,,
601318.SH,20241023,57.2,59.3,56.9,58.31,57.06,1.25,2.1907,1191926.51,6939592.004,0.5,0.5,,,,,
601318.SH,20241024,57.9,58.48,57.63,58.1,58.31,-0.21,-0.3601,512730.05,2976336.249,0.5,0.5,,,,,
601318.SH,20241025,58.01,58.48,57.56,57.7,58.1,-0.4,-0.6885,539445.41,3122695.352,0.5,0.5,,,,,
601318.SH,20241028,57.78,58.06,57.08,57.5,57.7,-0.2,-0.3466,578809.87,3325855.084,0.5,0.5,,,,,
601318.SH,20241029,57.5,58.46,57.44,57.63,57.5,0.13,0.2261,620100.28,3591688.618,0.5,0.5,,,,,
601318.SH,20241030,57.49,57.91,55.68,55.97,57.63,-1.66,-2.8804,907479.26,5123310.917,0.5,0.5,,,,,
601318.SH,20241031,55.96,56.8,55.4,55.92,55.97,-0.05,-0.0893,757630.09,4236922.732,0.5,0.5,,,,,
601318.SH,20241101,56.15,57.0,56.0,56.15,55.92,0.23,0.4113,650139.25,3676222.858,0.5,0.5,,,,,
601318.SH,20241104,56.17,56.97,55.93,56.97,56.15,0.82,1.4604,530739.7,2993285.083,0.5,0.5,,,,,
601318.SH,20241105,56.82,58.88,56.28,58.75,56.97,1.78,3.1245,1201144.22,6976690.582,0.5,0.5,,,,,
601318.SH,20241106,58.89,59.05,56.95,57.49,58.75,-1.26,-2.1447,1262518.28,7311429.314,0.5,0.5,,,,,
601318.SH,20241107,57.0,61.0,56.9,60.84,57.49,3.35,5.8271,1864263.2,11055869.272,0.5,0.5,,,,,
601318.SH,20241108,61.2,61.49,59.01,59.12,60.84,-1.72,-2.8271,1322990.25,7922272.847,0.5,0.5,,,,,
601318.SH,20241111,58.13,58.52,57.52,58.4,59.12,-0.72,-1.2179,917160.07,5320862.805,0.5,0.5,,,,,
601318.SH,20241112,58.4,58.97,56.88,57.01,58.4,-1.39,-2.3801,962892.75,5557347.301,0.5,0.5,,,,,
601318.SH,20241113,56.7,57.5,56.62,57.19,57.01,0.18,0.3157,618244.93,3532487.702,0.5,0.5,,,,,
601318.SH,20241114,57.19,58.09,56.9,57.0,57.19,-0.19,-0.3322,663231.83,3815907.812,0.5,0.5,,,,,
601318.SH,20241115,56.9,57.48,55.8,55.8,57.0,-1.2,-2.1053,780597.14,4413936.48,0.5,0.5,,,,,
601318.SH,20241118,56.1,57.16,55.38,55.76,55.8,-0.04,-0.0717,684296.46,3851412.802,0.5,0.5,,,,,
601318.SH,20241119,56.0,56.12,55.1,55.61,55.76,-0.15,-0.269,528193.0,2934893.274,0.5,0.5,,,,,
601318.SH,20241120,55.62,55.8,55.2,55.46,55.61,-0.15,-0.2697,469971.45,2605295.42,0.5,0.5,,,,,
601318.SH,20241121,55.49,55.67,55.12,55.49,55.46,0.03,0.0541,410244.89,2269302.644,0.5,0.5,,,,,
601318.SH,20241122,55.47,55.47,53.0,53.03,55.49,-2.46,-4.4332,1006808.13,5439029.187,0.5,0.5,,,,,
601318.SH,20241125,53.0,53.25,52.14,52.57,53.03,-0.46,-0.8674,702698.26,3704922.205,0.5,0.5,,,,,
601318.SH,20241126,52.5,53.27,52.37,53.05,52.57,0.48,0.9131,407618.23,2156122.895,0.5,0.5,,,,,
601318.SH,20241127,53.06,53.6,52.79,53.55,53.05,0.5,0.9425,444463.66,2366194.483,0.5,0.5,,,,,
601318.SH,20241128,53.57,53.99,52.83,53.17,53.55,-0.38,-0.7096,425502.13,2268917.373,0.5,0.5,,,,,
601318.SH,20241129,53.15,54.42,53.04,53.25,53.17,0.08,0.1505,563570.55,3018761.403,0.5,0.5,,,,,
601318.SH,20241202,53.2,54.23,53.18,54.01,53.25,0.76,1.4272,449605.9,2420512.864,0.5,0.5,,,,,
601318.SH,20241203,53.85,54.61,53.55,54.43,54.01,0.42,0.7776,470057.63,2544434.591,0.5,0.5,,,,,
601318.SH,20241204,54.18,54.34,53.71,53.93,54.43,-0.5,-0.9186,381887.36,2059281.654,0.5,0.5,,,,,
601318.SH,20241205,53.69,54.05,53.49,53.68,53.93,-0.25,-0.4636,295888.82,1589274.038,0.5,0.5,,,,,
601318.SH,20241206,53.79,55.69,53.78,55.12,53.68,1.44,2.6826,789836.81,4338822.602,0.5,0.5,,,,,
601318.SH,20241209,54.95,55.3,54.45,54.83,55.12,-0.29,-0.5261,510463.45,2801288.362,0.5,0.5,,,,,
601318.SH,20241210,56.9,57.18,55.5,55.62,54.83,0.79,1.4408,1000983.5,5649587.635,0.5,0.5,,,,,
601318.SH,20241211,55.61,55.93,54.88,54.9,55.62,-0.72,-1.2945,504784.24,2790301.41,0.5,0.5,,,,,
601318.SH,20241212,54.96,55.85,54.7,55.58,54.9,0.68,1.2386,526335.85,2909611.957,0.5,0.5,,,,,
601318.SH,20241213,55.2,55.21,53.68,53.74,55.58,-1.84,-3.3105,887095.88,4798656.729,0.5,0.5,,,,,
601318.SH,20241216,53.71,53.99,52.93,53.12,53.74,-0.62,-1.1537,658591.84,3512263.334,0.5,0.5,,,,,
601318.SH,20241217,52.9,53.47,52.74,53.01,53.12,-0.11,-0.2071,537693.72,2853899.355,0.5,0.5,,,,,
601318.SH,20241218,53.33,53.68,52.88,52.94,53.01,-0.07,-0.1321,504461.43,2683105.293,0.5,0.5,,,,,
601318.SH,20241219,52.6,52.94,52.35,52.89,52.94,-0.05,-0.0944,405496.28,2136614.147,0.5,0.5,,,,,
601318.SH,20241220,52.89,53.23,52.52,52.62,52.89,-0.27,-0.5105,461965.43,2437090.038,0.5,0.5,,,,,
601318.SH,20241223,52.62,53.48,52.62,53.1,52.62,0.48,0.9122,555505.47,2954746.191,0.5,0.5,,,,,
601318.SH,20241224,53.08,53.83,53.0,53.78,53.1,0.68,1.2806,495609.16,2654767.33,0.5,0.5,,,,,
601318.SH,20241225,53.81,54.31,53.57,53.9,53.78,0.12,0.2231,417398.96,2249897.99,0.5,0.5,,,,,
601318.SH,20241226,53.89,53.94,53.36,53.45,53.9,-0.45,-0.8349,379221.7,2031175.519,0.5,0.5,,,,,
601318.SH,20241227,53.45,53.75,52.71,53.27,53.45,-0.18,-0.3368,537757.19,2862446.917,0.5,0.5,,,,,
601318.SH,20241230,53.22,53.9,53.21,53.9,53.27,0.63,1.1827,533437.83,2865180.504,0.5,0.5,,,,,
601318.SH,20241231,53.79,54.02,52.65,52.65,53.9,-1.25,-2.3191,677117.9,3607846.474,0.5,0.5,,,,,
601318.SH,20250102,52.7,52.73,50.39,50.71,52.65,-1.94,-3.6847,948579.17,4877807.223,0.5,0.5,,,,,
601318.SH,20250103,51.0,51.09,50.08,50.3,50.71,-0.41,-0.8085,551351.85,2788346.287,0.5,0.5,,,,,
601318.SH,20250106,50.55,50.62,49.83,50.34,50.3,0.04,0.0795,413489.51,2077171.909,0.5,0.5,,,,,
601318.SH,20250107,50.19,50.36,49.81,50.17,50.34,-0.17,-0.3377,392787.17,1967557.698,0.5,0.5,,,,,
601318.SH,20250108,50.18,50.58,49.55,50.3,50.17,0.13,0.2591,510383.04,2555823.167,0.5,0.5,,,,,
601318.SH,20250109,50.26,50.41,49.8,49.81,50.3,-0.49,-0.9742,400821.12,2005089.617,0.5,0.5,,,,,
601318.SH,20250110,49.82,50.08,48.9,48.95,49.81,-0.86,-1.7266,522703.71,2576373.866,0.5,0.5,,,,,
601318.SH,20250113,48.48,48.8,48.1,48.59,48.95,-0.36,-0.7354,511393.15,2474824.396,0.5,0.5,,,,,
601318.SH,20250114,48.59,49.58,48.5,49.36,48.59,0.77,1.5847,615774.4,3024006.484,0.5,0.5,,,,,
601318.SH,20250115,49.25,49.66,48.91,49.11,49.36,-0.25,-0.5065,458028.52,2251226.874,0.5,0.5,,,,,
601318.SH,20250116,49.3,49.75,48.93,49.25,49.11,0.14,0.2851,415761.07,2052212.529,0.5,0.5,,,,,
601318.SH,20250117,49.1,49.57,48.77,49.38,49.25,0.13,0.264,460746.66,2273441.157,0.5,0.5,,,,,
601318.SH,20250120,49.72,50.3,49.66,49.81,49.38,0.43,0.8708,491736.07,2458746.694,0.5,0.5,,,,,
601318.SH,20250121,50.2,50.39,49.66,49.9,49.81,0.09,0.1807,409950.81,2049216.698,0.5,0.5,,,,,
601318.SH,20250122,49.72,49.92,48.85,48.95,49.9,-0.95,-1.9038,530780.46,2606595.142,0.5,0.5,,,,,
601318.SH,20250123,49.82,51.45,49.78,50.37,48.95,1.42,2.9009,969104.55,4910872.825,0.5,0.5,,,,,
601318.SH,20250124,50.18,51.37,50.1,50.86,50.37,0.49,0.9728,616778.86,3140198.84,0.5,0.5,,,,,
601318.SH,20250127,51.03,51.62,50.81,50.85,50.86,-0.01,-0.0197,524547.48,2681560.916,0.5,0.5,,,,,
601318.SH,20250205,50.98,51.0,49.67,49.72,50.85,-1.13,-2.2222,583072.3,2921528.575,0.5,0.5,,,,,
601318.SH,20250206,49.73,50.5,49.68,50.25,49.72,0.53,1.066,415037.24,2078321.191,0.5,0.5,,,,,
601318.SH,20250207,50.18,51.44,49.84,50.88,50.25,0.63,1.2537,725812.02,3679372.001,0.5,0.5,,,,,
601318.SH,20250210,50.89,51.36,50.8,50.9,50.88,0.02,0.0393,431814.84,2203839.896,0.5,0.5,,,,,
601318.SH,20250211,51.2,51.24,50.37,50.52,50.9,-0.38,-0.7466,381844.0,1931993.468,0.5,0.5,,,,,
601318.SH,20250212,50.52,51.12,50.18,51.08,50.52,0.56,1.1085,446993.78,2261445.451,0.5,0.5,,,,,
601318.SH,20250213,50.92,51.78,50.81,51.02,51.08,-0.06,-0.1175,590363.32,3019334.998,0.5,0.5,,,,,
601318.SH,20250214,50.99,51.86,50.8,51.7,51.02,0.68,1.3328,599771.61,3080098.77,0.5,0.5,,,,,
601318.SH,20250217,51.83,52.38,51.41,51.84,51.7,0.14,0.2708,625710.44,3245003.133,0.5,0.5,,,,,
601318.SH,20250218,51.67,52.18,51.2,51.31,51.84,-0.53,-1.0224,650082.34,3362664.791,0.5,0.5,,,,,
601318.SH,20250219,51.19,51.83,51.02,51.45,51.31,0.14,0.2729,464425.76,2388611.401,0.5,0.5,,,,,
601318.SH,20250220,51.23,51.31,50.66,50.78,51.45,-0.67,-1.3022,515384.78,2620444.374,0.5,0.5,,,,,
601318.SH,20250221,50.99,51.5,50.46,51.2,50.78,0.42,0.8271,668760.93,3415352.331,0.5,0.5,,,,,
601318.SH,20250224,51.2,52.48,51.05,52.0,51.2,0.8,1.5625,835822.74,4341042.76,0.5,0.5,,,,,
601318.SH,20250225,51.5,52.1,50.85,50.98,52.0,-1.02,-1.9615,642429.44,3298896.562,0.5,0.5,,,,,
601318.SH,20250226,51.1,51.78,51.03,51.62,50.98,0.64,1.2554,536578.05,2758370.362,0.5,0.5,,,,,
601318.SH,20250227,51.78,51.8,51.12,51.62,51.62,0.0,0.0,547240.08,2813972.257,0.5,0.5,,,,,
601318.SH,20250228,51.4,51.65,50.38,50.38,51.62,-1.24,-2.4022,805267.53,4102825.272,0.5,0.5,,,,,
601318.SH,20250303,50.55,50.82,50.06,50.33,50.38,-0.05,-0.0992,423160.83,2135730.015,0.5,0.5,,,,,
601318.SH,20250304,50.08,50.29,50.0,50.08,50.33,-0.25,-0.4967,372431.63,1867141.471,0.5,0.5,,,,,
601318.SH,20250305,50.18,50.55,50.01,50.38,50.08,0.3,0.599,455071.76,2287766.876,0.5,0.5,,,,,
601318.SH,20250306,50.77,51.93,50.53,51.64,50.38,1.26,2.501,1045821.01,5369202.399,0.5,0.5,,,,,
601318.SH,20250307,51.6,51.84,51.32,51.5,51.64,-0.14,-0.2711,481478.72,2481121.736,0.5,0.5,,,,,
601318.SH,20250310,51.51,51.66,50.78,51.25,51.5,-0.25,-0.4854,611283.42,3121852.67,0.5,0.5,,,,,
601318.SH,20250311,50.71,51.5,50.6,51.5,51.25,0.25,0.4878,529147.4,2702757.544,0.5,0.5,,,,,
601318.SH,20250312,51.5,51.6,51.01,51.15,51.5,-0.35,-0.6796,470578.01,2410921.164,0.5,0.5,,,,,
601318.SH,20250313,51.15,51.55,50.93,51.14,51.15,-0.01,-0.0196,411448.3,2107254.552,0.5,0.5,,,,,
601318.SH,20250314,51.33,53.89,51.21,53.47,51.14,2.33,4.5561,1502448.65,7945017.156,0.5,0.5,,,,,
601318.SH,20250317,53.47,53.62,53.1,53.38,53.47,-0.09,-0.1683,605171.76,3229662.145,0.5,0.5,,,,,
601318.SH,20250318,53.7,54.19,53.64,53.76,53.38,0.38,0.7119,587740.02,3164655.447,0.5,0.5,,,,,
601318.SH,20250319,53.68,54.3,53.57,54.07,53.76,0.31,0.5766,509874.21,2751845.206,0.5,0.5,,,,,
601318.SH,20250320,54.05,54.06,52.23,52.49,54.07,-1.58,-2.9221,1140723.46,6007424.559,0.5,0.5,,,,,
601318.SH,20250321,52.4,52.66,51.68,51.75,52.49,-0.74,-1.4098,795714.68,4145943.295,0.5,0.5,,,,,
601318.SH,20250324,51.82,52.28,51.82,52.13,51.75,0.38,0.7343,508656.9,2646991.166,0.5,0.5,,,,,
601318.SH,20250325,52.15,52.21,51.82,51.96,52.13,-0.17,-0.3261,344402.24,1790739.699,0.5,0.5,,,,,
601318.SH,20250326,51.98,52.09,51.72,51.72,51.96,-0.24,-0.4619,403994.61,2094936.176,0.5,0.5,,,,,
601318.SH,20250327,51.71,52.45,51.53,52.06,51.72,0.34,0.6574,432168.72,2248679.011,0.5,0.5,,,,,
601318.SH,20250328,52.2,52.37,51.85,51.96,52.06,-0.1,-0.1921,353663.53,1841078.406,0.5,0.5,,,,,
601318.SH,20250331,51.9,52.25,51.39,51.63,51.96,-0.33,-0.6351,468389.71,2423816.08,0.5,0.5,,,,,
601318.SH,20250401,51.6,51.86,51.41,51.62,51.63,-0.01,-0.0194,394320.57,2035352.505,0.5,0.5,,,,,
601318.SH,20250402,51.58,51.96,51.53,51.86,51.62,0.24,0.4649,283274.27,1467236.071,0.5,0.5,,,,,
601318.SH,20250403,51.39,52.0,51.38,51.48,51.86,-0.38,-0.7327,373347.82,1927750.54,0.5,0.5,,,,,
601318.SH,20250407,49.3,49.77,47.0,48.56,51.48,-2.92,-5.6721,1727558.41,8362219.629,0.5,0.5,,,,,
601318.SH,20250408,48.55,49.26,48.1,49.26,48.56,0.7,1.4415,1117529.77,5446468.218,0.5,0.5,,,,,
601318.SH,20250409,48.8,49.25,48.36,48.93,49.26,-0.33,-0.6699,737906.5,3604799.242,0.5,0.5,,,,,
601318.SH,20250410,49.36,49.8,49.21,49.48,48.93,0.55,1.1241,657915.45,3258096.138,0.5,0.5,,,,,
601318.SH,20250411,49.48,49.54,48.98,49.35,49.48,-0.13,-0.2627,450121.06,2216984.586,0.5,0.5,,,,,
601318.SH,20250414,49.6,49.85,49.44,49.48,49.35,0.13,0.2634,387484.14,1922228.962,0.5,0.5,,,,,
601318.SH,20250415,49.48,49.97,49.26,49.83,49.48,0.35,0.7074,407762.11,2021902.572,0.5,0.5,,,,,
601318.SH,20250416,49.72,50.17,49.4,49.88,49.83,0.05,0.1003,467923.5,2323052.33,0.5,0.5,,,,,
601318.SH,20250417,49.69,50.28,49.58,50.16,49.88,0.28,0.5613,377042.89,1884423.296,0.5,0.5,,,,,
601318.SH,20250418,50.05,50.66,49.95,50.44,50.16,0.28,0.5582,338811.0,1706307.228,0.5,0.5,,,,,
601318.SH,20250421,50.4,50.61,50.2,50.28,50.44,-0.16,-0.3172,263784.06,1329681.852,0.5,0.5,,,,,
601318.SH,20250422,50.2,50.79,50.12,50.57,50.28,0.29,0.5768,355097.83,1793621.626,0.5,0.5,,,,,
601318.SH,20250423,50.76,50.95,50.46,50.7,50.57,0.13,0.2571,298773.21,1515452.317,0.5,0.5,,,,,
601318.SH,20250424,50.7,51.48,50.7,51.22,50.7,0.52,1.0256,423839.43,2170142.049,0.5,0.5,,,,,
601318.SH,20250425,51.24,51.59,51.22,51.33,51.22,0.11,0.2148,368499.39,1894916.291,0.5,0.5,,,,,
601318.SH,20250428,50.42,51.34,50.03,51.21,51.33,-0.12,-0.2338,518665.5,2632952.959,0.5,0.5,,,,,
601318.SH,20250429,51.17,51.64,50.86,51.0,51.21,-0.21,-0.4101,337540.05,1725062.887,0.5,0.5,,,,,
601318.SH,20250430,51.1,51.55,50.68,50.71,51.0,-0.29,-0.5686,377944.26,1927976.843,0.5,0.5,,,,,
601318.SH,20250506,51.0,51.15,50.55,50.8,50.71,0.09,0.1775,391512.45,1992284.115,0.5,0.5,,,,,
601318.SH,20250507,51.42,51.63,51.03,51.18,50.8,0.38,0.748,420639.72,2156676.084,0.5,0.5,,,,,
601318.SH,20250508,51.01,52.35,50.9,51.96,51.18,0.78,1.524,671349.93,3487932.29,0.5,0.5,,,,,
601318.SH,20250509,51.91,52.16,51.75,51.75,51.96,-0.21,-0.4042,290709.23,1507958.915,0.5,0.5,,,,,
601318.SH,20250512,52.23,52.75,52.0,52.6,51.75,0.85,1.6425,577371.7,3028226.079,0.5,0.5,,,,,
601318.SH,20250513,52.79,52.79,52.25,52.46,52.6,-0.14,-0.2662,403920.12,2117089.329,0.5,0.5,,,,,
601318.SH,20250514,52.45,55.18,52.34,54.69,52.46,2.23,4.2509,1577229.61,8541172.666,0.5,0.5,,,,,
601318.SH,20250515,54.39,54.8,54.1,54.25,54.69,-0.44,-0.8045,569303.42,3095268.721,0.5,0.5,,,,,
601318.SH,20250516,54.05,54.44,53.38,53.39,54.25,-0.86,-1.5853,466129.51,2499109.899,0.5,0.5,,,,,
601318.SH,20250519,53.29,53.73,53.2,53.3,53.39,-0.09,-0.1686,324266.24,1730493.312,0.5,0.5,,,,,
601318.SH,20250520,53.45,54.18,53.4,53.68,53.3,0.38,0.7129,352669.0,1895934.592,0.5,0.5,,,,,
601318.SH,20250521,53.7,54.4,53.7,53.85,53.68,0.17,0.3167,333065.82,1800759.244,0.5,0.5,,,,,
601318.SH,20250522,53.76,53.99,53.53,53.84,53.85,-0.01,-0.0186,240657.65,1294403.114,0.5,0.5,,,,,
601318.SH,20250523,53.81,54.46,53.17,53.23,53.84,-0.61,-1.133,430491.36,2314052.457,0.5,0.5,,,,,
601318.SH,20250526,53.16,54.15,53.0,53.4,53.23,0.17,0.3194,388129.68,2078107.531,0.5,0.5,,,,,
601318.SH,20250527,53.4,53.86,53.3,53.4,53.4,0.0,0.0,255725.31,1368911.112,0.5,0.5,,,,,
601318.SH,20250528,53.4,53.69,53.12,53.29,53.4,-0.11,-0.206,261697.94,1396312.012,0.5,0.5,,,,,
601318.SH,20250529,53.3,53.83,53.09,53.52,53.29,0.23,0.4316,348682.62,1868004.33,0.5,0.5,,,,,
601318.SH,20250530,53.37,53.69,52.85,53.28,53.52,-0.24,-0.4484,417238.55,2221553.128,0.5,0.5,,,,,
601318.SH,20250603,53.21,54.11,53.0,53.85,53.28,0.57,1.0698,453738.21,2430686.987,0.5,0.5,,,,,
601318.SH,20250604,53.61,54.15,53.61,53.76,53.85,-0.09,-0.1671,430896.81,2322941.429,0.5,0.5,,,,,
601318.SH,20250605,53.77,54.18,53.66,53.99,53.76,0.23,0.4278,419099.9,2260023.9,0.5,0.5,,,,,
601318.SH,20250606,54.0,54.12,53.35,53.41,53.99,-0.58,-1.0743,408553.3,2191002.621,0.5,0.5,,,,,
601318.SH,20250609,53.55,53.94,53.5,53.72,53.41,0.31,0.5804,397887.27,2137162.081,0.5,0.5,,,,,
601318.SH,20250610,53.71,54.1,53.31,53.43,53.72,-0.29,-0.5398,467079.45,2510066.317,0.5,0.5,,,,,
601318.SH,20250611,53.4,54.65,53.4,54.46,53.43,1.03,1.9278,681830.15,3704026.068,0.5,0.5,,,,,
601318.SH,20250612,54.3,55.33,54.03,54.81,54.46,0.35,0.6427,589999.06,3231103.73,0.5,0.5,,,,,
601318.SH,20250613,54.83,54.9,54.28,54.48,54.81,-0.33,-0.6021,480228.96,2616565.694,0.5,0.5,,,,,
601318.SH,20250616,54.33,54.58,54.06,54.32,54.48,-0.16,-0.2937,496770.75,2697778.32,0.5,0.5,,,,,
601318.SH,20250617,54.3,54.51,53.94,54.23,54.32,-0.09,-0.1657,506288.78,2745763.183,0.5,0.5,,,,,
601318.SH,20250618,54.18,54.28,53.3,53.81,54.23,-0.42,-0.7745,469363.8,2518852.918,0.5,0.5,,,,,
601318.SH,20250619,53.69,53.8,53.12,53.2,53.81,-0.61,-1.1336,401880.78,2143533.731,0.5,0.5,,,,,
601318.SH,20250620,53.19,54.86,53.19,54.74,53.2,1.54,2.8947,847430.47,4606219.515,0.5,0.5,,,,,
601318.SH,20250623,54.5,55.25,54.26,55.1,54.74,0.36,0.6577,614705.13,3373267.494,0.5,0.5,,,,,
601318.SH,20250624,55.21,56.97,55.2,56.79,55.1,1.69,3.0672,1040797.89,5873914.857,0.5,0.5,,,,,
601318.SH,20250625,56.8,58.0,56.58,57.88,56.79,1.09,1.9194,1046131.32,5998384.734,0.5,0.5,,,,,
601318.SH,20250626,57.79,58.08,57.47,57.58,57.88,-0.3,-0.5183,500739.81,2888896.788,0.5,0.5,,,,,
601318.SH,20250627,57.58,58.13,56.61,56.96,57.58,-0.62,-1.0768,667631.67,3832894.682,0.5,0.5,,,,,
601318.SH,20250630,55.5,55.95,55.13,55.48,55.36,0.12,0.2168,564781.95,3133724.72,0.5,0.5,,,,,
601318.SH,20250701,55.66,55.89,55.3,55.7,55.48,0.22,0.3965,352746.36,1961556.961,0.5,0.5,,,,,
601318.SH,20250702,55.7,56.01,55.35,55.81,55.7,0.11,0.1975,395629.02,2204210.316,0.5,0.5,,,,,
601318.SH,20250703,55.9,56.2,55.66,55.8,55.81,-0.01,-0.0179,325100.6,1817404.362,0.5,0.5,,,,,
601318.SH,20250704,55.7,57.39,55.43,56.57,55.8,0.77,1.3799,654544.05,3695501.729,0.5,0.5,,,,,
601318.SH,20250707,56.59,56.8,56.06,56.43,56.57,-0.14,-0.2475,321762.78,1813966.809,0.5,0.5,,,,,
601318.SH,20250708,56.4,56.78,56.11,56.45,56.43,0.02,0.0354,343459.72,1939149.952,0.5,0.5,,,,,
601318.SH,20250709,56.45,56.78,55.88,55.9,56.45,-0.55,-0.9743,395462.79,2223715.808,0.5,0.5,,,,,
601318.SH,20250710,55.9,57.58,55.81,57.13,55.9,1.23,2.2004,828881.53,4726621.457,0.5,0.5,,,,,
601318.SH,20250711,57.0,59.02,56.96,57.71,57.13,0.58,1.0152,1076428.94,6269330.973,0.5,0.5,,,,,
601318.SH,20250714,57.69,58.24,57.57,57.57,57.71,-0.14,-0.2426,449057.62,2598863.547,0.5,0.5,,,,,
601318.SH,20250715,57.75,57.96,56.98,57.1,57.57,-0.47,-0.8164,441725.53,2535144.762,0.5,0.5,,,,,
601318.SH,20250716,57.17,57.24,56.21,56.83,57.1,-0.27,-0.4729,481824.6,2728239.344,0.5,0.5,,,,,
601318.SH,20250717,56.7,57.06,56.68,56.81,56.83,-0.02,-0.0352,277123.43,1575012.87,0.5,0.5,,,,,
601318.SH,20250718,56.95,57.45,56.86,57.07,56.81,0.26,0.4577,436239.95,2492884.493,0.5,0.5,,,,,
601318.SH,20250721,57.15,57.75,56.9,57.19,57.07,0.12,0.2103,466733.43,2671242.929,0.5,0.5,,,,,
601318.SH,20250722,57.19,57.2,56.1,56.7,57.19,-0.49,-0.8568,695203.25,3930402.694,0.5,0.5,,,,,
601318.SH,20250723,56.84,58.38,56.81,58.0,56.7,1.3,2.2928,869406.74,5020698.335,0.5,0.5,,,,,
601318.SH,20250724,57.97,59.0,57.71,58.64,58.0,0.64,1.1034,707737.38,4142271.385,0.5,0.5,,,,,
601318.SH,20250725,58.3,58.55,57.82,58.08,58.64,-0.56,-0.955,508334.57,2958837.44,0.5,0.5,,,,,
601318.SH,20250728,58.2,60.2,58.2,60.09,58.08,2.01,3.4607,1221217.33,7297531.197,0.5,0.5,,,,,
601318.SH,20250729,60.06,60.28,59.37,59.49,60.09,-0.6,-0.9985,566092.0,3380012.575,0.5,0.5,,,,,
601318.SH,20250730,59.48,61.33,59.35,60.71,59.49,1.22,2.0508,921992.71,5600001.966,0.5,0.5,,,,,
601318.SH,20250731,60.41,60.5,58.38,58.69,60.71,-2.02,-3.3273,827600.7,4910516.274,0.5,0.5,,,,,
601318.SH,20250801,58.68,59.06,58.08,58.2,58.69,-0.49,-0.8349,488786.24,2860162.236,0.5,0.5,,,,,
601318.SH,20250804,58.1,58.34,57.85,58.21,58.2,0.01,0.0172,360078.32,2092312.969,0.5,0.5,,,,,
601318.SH,20250805,58.3,59.41,58.2,59.14,58.21,0.93,1.5977,482956.14,2837798.909,0.5,0.5,,,,,
601318.SH,20250806,59.14,59.64,58.82,59.06,59.14,-0.08,-0.1353,324468.73,1916931.441,0.5,0.5,,,,,
601318.SH,20250807,59.11,59.46,58.53,58.88,59.06,-0.18,-0.3048,327971.53,1932522.823,0.5,0.5,,,,,
601318.SH,20250808,58.88,58.9,58.22,58.54,58.88,-0.34,-0.5774,397933.32,2331643.86,0.5,0.5,,,,,
601318.SH,20250811,58.77,59.14,58.47,58.47,58.54,-0.07,-0.1196,431869.11,2535939.661,0.5,0.5,,,,,
601318.SH,20250812,58.47,59.07,58.47,58.75,58.47,0.28,0.4789,426985.45,2507882.892,0.5,0.5,,,,,
601318.SH,20250813,58.92,59.4,58.46,58.61,58.75,-0.14,-0.2383,728453.2,4285477.115,0.5,0.5,,,,,
601318.SH,20250814,58.8,60.6,58.77,59.62,58.61,1.01,1.7233,1022767.51,6132887.145,0.5,0.5,,,,,
601318.SH,20250815,59.6,60.45,59.0,59.8,59.62,0.18,0.3019,892968.11,5342602.447,0.5,0.5,,,,,
601318.SH,20250818,59.92,60.35,59.34,59.34,59.8,-0.46,-0.7692,957262.82,5730767.23,0.5,0.5,,,,,
601318.SH,20250819,59.77,60.18,58.08,58.2,59.34,-1.14,-1.9211,954809.96,5626016.6,0.5,0.5,,,,,
601318.SH,20250820,58.09,59.2,57.69,59.2,58.2,1.0,1.7182,762724.84,4453267.555,0.5,0.5,,,,,
601318.SH,20250821,59.2,59.96,58.91,59.62,59.2,0.42,0.7095,574600.93,3420554.066,0.5,0.5,,,,,
601318.SH,20250822,59.51,60.51,59.44,60.5,59.62,0.88,1.476,780974.27,4689312.103,0.5,0.5,,,,,
601318.SH,20250825,60.6,61.05,60.11,61.0,60.5,0.5,0.8264,670112.68,4065994.394,0.5,0.5,,,,,
601318.SH,20250826,60.9,61.0,60.45,60.52,61.0,-0.48,-0.7869,491986.28,2984830.238,0.5,0.5,,,,,
601318.SH,20250827,60.38,60.45,58.69,58.69,60.52,-1.83,-3.0238,1064557.86,6325335.934,0.5,0.5,,,,,
601318.SH,20250828,58.75,59.12,58.31,58.84,58.69,0.15,0.2556,636104.66,3734301.053,0.5,0.5,,,,,
601318.SH,20250829,58.95,61.1,58.94,59.88,58.84,1.04,1.7675,1080309.23,6488619.82,0.5,0.5,,,,,
601318.SH,20250901,59.79,59.79,58.33,58.51,59.88,-1.37,-2.2879,948524.89,5566516.443,0.5,0.5,,,,,
601318.SH,20250902,58.5,58.8,58.22,58.66,58.51,0.15,0.2564,649036.33,3797585.375,0.5,0.5,,,,,
601318.SH,20250903,58.94,59.1,57.36,57.78,58.66,-0.88,-1.5002,714746.42,4150607.723,0.5,0.5,,,,,
601318.SH,20250904,57.77,57.97,57.06,57.5,57.78,-0.28,-0.4846,727436.07,4183559.781,0.5,0.5,,,,,
601318.SH,20250905,57.5,58.06,57.03,57.9,57.5,0.4,0.6957,558184.27,3207319.735,0.5,0.5,,,,,
601318.SH,20250908,57.76,58.04,57.32,57.7,57.9,-0.2,-0.3454,487733.39,2814135.142,0.5,0.5,,,,,
601318.SH,20250909,57.76,58.29,57.55,58.0,57.7,0.3,0.5199,518911.44,3004298.501,0.5,0.5,,,,,
601318.SH,20250910,57.77,58.16,57.62,57.87,58.0,-0.13,-0.2241,308469.74,1786675.715,0.5,0.5,,,,,
601318.SH,20250911,57.9,58.69,57.6,58.69,57.87,0.82,1.417,595072.07,3464480.19,0.5,0.5,,,,,
601318.SH,20250912,58.98,59.2,57.5,57.68,58.69,-1.01,-1.7209,735376.27,4277497.749,0.5,0.5,,,,,
601318.SH,20250915,57.65,57.99,57.09,57.33,57.68,-0.35,-0.6068,546842.42,3147658.745,0.5,0.5,,,,,
601318.SH,20250916,57.35,57.45,56.5,56.62,57.33,-0.71,-1.2384,685713.61,3894056.719,0.5,0.5,,,,,
601318.SH,20250917,56.66,56.97,56.45,56.57,56.62,-0.05,-0.0883,684651.87,3878151.157,0.5,0.5,,,,,
601318.SH,20250918,56.64,56.67,55.11,55.28,56.57,-1.29,-2.2804,1012073.56,5649599.209,0.5,0.5,,,,,
601318.SH,20250919,55.29,56.0,55.0,55.1,55.28,-0.18,-0.3256,543321.11,3008279.78,0.5,0.5,,,,,
601318.SH,20250922,55.37,55.65,55.0,55.15,55.1,0.05,0.0907,374437.68,2068811.784,0.5,0.5,,,,,
601318.SH,20250923,55.03,55.79,54.74,55.02,55.15,-0.13,-0.2357,612960.96,3385890.145,0.5,0.5,,,,,
601318.SH,20250924,55.29,55.75,54.95,55.29,55.02,0.27,0.4907,503174.33,2781363.925,0.5,0.5,,,,,
601318.SH,20250925,55.28,55.39,55.03,55.09,55.29,-0.2,-0.3617,514296.16,2838283.234,0.5,0.5,,,,,
601318.SH,20250926,55.02,55.55,54.66,55.22,55.09,0.13,0.236,548621.87,3021459.544,0.5,0.5,,,,,
601318.SH,20250929,55.18,57.32,55.03,56.01,55.22,0.79,1.4306,1035109.92,5816595.783,0.5,0.5,,,,,
601318.SH,20250930,55.8,56.2,55.0,55.11,56.01,-0.9,-1.6069,767081.87,4247640.485,0.5,0.5,,,,,
601318.SH,20251009,55.04,55.28,54.25,55.04,55.11,-0.07,-0.127,824067.48,4521397.15,0.5,0.5,,,,,
601318.SH,20251010,54.73,55.97,54.73,55.54,55.04,0.5,0.9084,641465.32,3560844.773,0.5,0.5,,,,,
601318.SH,20251013,54.51,55.33,54.51,55.1,55.54,-0.44,-0.7922,609655.98,3353288.998,0.5,0.5,,,,,
601318.SH,20251014,55.58,56.68,55.52,56.48,55.1,1.38,2.5045,1022940.25,5757976.241,0.5,0.5,,,,,
601318.SH,20251015,56.48,57.97,56.3,57.81,56.48,1.33,2.3548,837046.28,4793965.559,0.5,0.5,,,,,
601318.SH,20251016,57.68,58.58,57.61,58.02,57.81,0.21,0.3633,681478.2,3966486.441,0.5,0.5,,,,,
601318.SH,20251017,58.0,58.48,57.17,57.28,58.02,-0.74,-1.2754,677492.81,3916934.527,0.5,0.5,,,,,
601318.SH,20251020,58.33,58.57,57.45,57.9,57.28,0.62,1.0824,526694.69,3058431.634,0.5,0.5,,,,,
601318.SH,20251021,57.93,58.92,57.93,58.08,57.9,0.18,0.3109,762200.49,4456452.771,0.5,0.5,,,,,
601318.SH,20251022,58.0,58.5,57.93,58.21,58.08,0.13,0.2238,379892.66,2211002.991,0.5,0.5,,,,,
601318.SH,20251023,58.22,58.87,58.09,58.75,58.21,0.54,0.9277,503501.04,2943942.596,0.5,0.5,,,,,
601318.SH,20251024,58.14,58.49,57.75,57.88,57.8,0.08,0.1384,558241.7,3240224.545,0.5,0.5,,,,,
601318.SH,20251027,58.0,58.39,57.5,57.75,57.88,-0.13,-0.2246,685004.38,3964893.063,0.5,0.5,,,,,
601318.SH,20251028,57.79,58.23,57.62,57.76,57.75,0.01,0.0173,491305.08,2842864.953,0.5,0.5,,,,,
601318.SH,20251029,58.6,59.7,58.49,58.95,57.76,1.19,2.0602,1044431.61,6172236.795,0.5,0.5,,,,,
601318.SH,20251030,59.3,60.1,58.58,58.65,58.95,-0.3,-0.5089,745712.83,4424147.711,0.5,0.5,,,,,
601318.SH,20251031,58.99,58.99,57.8,57.83,58.65,-0.82,-1.3981,572541.54,3331214.748,0.5,0.5,,,,,
601318.SH,20251103,58.27,58.7,57.86,58.31,57.83,0.48,0.83,411430.33,2399870.47,0.5,0.5,,,,,
601318.SH,20251104,58.35,59.13,58.2,58.94,58.31,0.63,1.0804,518126.0,3045009.961,0.5,0.5,,,,,
601318.SH,20251105,58.4,58.84,57.92,58.32,58.94,-0.62,-1.0519,402157.85,2348603.001,0.5,0.5,,,,,
601318.SH,20251106,58.35,59.28,58.34,58.9,58.32,0.58,0.9945,547345.99,3224909.538,0.5,0.5,,,,,
601318.SH,20251107,58.78,59.15,58.66,58.89,58.9,-0.01,-0.017,371910.41,2191134.861,0.5,0.5,,,,,
601318.SH,20251110,58.85,59.4,58.44,59.3,58.89,0.41,0.6962,529487.21,3132320.906,0.5,0.5,,,,,
601318.SH,20251111,59.3,59.5,58.81,59.2,59.3,-0.1,-0.1686,362503.76,2143772.917,0.5,0.5,,,,,
601318.SH,20251112,59.3,60.79,59.3,60.03,59.2,0.83,1.402,1490245.84,8994592.304,0.5,0.5,,,,,
601318.SH,20251113,60.29,61.38,60.29,60.88,60.03,0.85,1.416,890186.99,5421878.882,0.5,0.5,,,,,
601318.SH,20251114,60.85,62.27,60.65,60.65,60.88,-0.23,-0.3778,752741.01,4630168.806,0.5,0.5,,,,,
601318.SH,20251117,60.69,61.0,59.46,59.83,60.65,-0.82,-1.352,560197.16,3354710.745,0.5,0.5,,,,,
601318.SH,20251118,59.67,60.15,59.48,59.62,59.83,-0.21,-0.351,445712.18,2663627.684,0.5,0.5,,,,,
601318.SH,20251119,59.8,61.12,59.71,60.37,59.62,0.75,1.258,705865.09,4268493.624,0.5,0.5,,,,,
601318.SH,20251120,60.6,61.15,60.03,60.2,60.37,-0.17,-0.2816,394490.64,2387256.691,0.5,0.5,,,,,
601318.SH,20251121,60.0,60.1,58.88,58.91,60.2,-1.29,-2.1429,685579.69,4067315.652,0.5,0.5,,,,,
601318.SH,20251124,59.16,59.2,58.35,58.4,58.91,-0.51,-0.8657,534709.19,3141756.214,0.5,0.5,,,,,
601318.SH,20251125,58.68,59.82,58.23,59.47,58.4,1.07,1.8322,487770.97,2887514.429,0.5,0.5,,,,,
601318.SH,20251126,59.66,60.22,59.32,59.78,59.47,0.31,0.5213,434692.73,2598031.333,0.5,0.5,,,,,
601318.SH,20251127,59.5,59.73,58.7,59.34,59.78,-0.44,-0.736,505700.87,2993560.813,0.5,0.5,,,,,
601318.SH,20251128,59.21,59.29,58.51,58.99,59.34,-0.35,-0.5898,433558.14,2553839.886,0.5,0.5,,,,,
601318.SH,20251201,58.91,59.18,58.41,58.63,58.99,-0.36,-0.6103,445804.06,2614280.156,0.5,0.5,,,,,
601318.SH,20251202,58.8,59.4,58.45,58.8,58.63,0.17,0.29,373837.34,2200530.387,0.5,0.5,,,,,
601318.SH,20251203,58.75,59.02,58.15,58.35,58.8,-0.45,-0.7653,335494.47,1961924.291,0.5,0.5,,,,,
601318.SH,20251204,58.35,58.55,58.21,58.55,58.35,0.2,0.3428,217663.66,1271252.461,0.5,0.5,,,,,
601318.SH,20251205,58.65,62.2,58.55,61.99,58.55,3.44,5.8753,1377948.27,8385205.488,0.5,0.5,,,,,
601318.SH,20251208,62.04,63.8,62.0,63.4,61.99,1.41,2.2746,1029978.68,6514118.72,0.5,0.5,,,,,
601318.SH,20251209,63.4,63.69,62.42,62.45,63.4,-0.95,-1.4984,483731.02,3044070.518,0.5,0.5,,,,,
601318.SH,20251210,62.66,63.06,62.13,62.55,62.45,0.1,0.1601,448822.18,2808948.857,0.5,0.5,,,,,
601318.SH,20251211,62.8,63.36,62.17,62.53,62.55,-0.02,-0.032,477963.4,2990603.756,0.5,0.5,,,,,
601318.SH,20251212,62.56,64.09,62.41,63.91,62.53,1.38,2.2069,1091760.25,6926125.694,0.5,0.5,,,,,
601318.SH,20251215,63.68,67.44,63.52,67.08,63.91,3.17,4.9601,1546642.6,10258390.316,0.5,0.5,,,,,
601318.SH,20251216,66.71,68.11,66.16,67.0,67.08,-0.08,-0.1193,1056821.34,7074646.043,0.5,0.5,,,,,
601318.SH,20251217,67.05,68.63,66.65,68.05,67.0,1.05,1.5672,962117.78,6513277.291,0.5,0.5,,,,,
601318.SH,20251218,67.88,68.58,67.59,68.5,68.05,0.45,0.6613,563605.9,3839846.393,0.5,0.5,,,,,
601318.SH,20251219,68.15,68.78,67.6,68.75,68.5,0.25,0.365,638476.43,4363697.642,0.5,0.5,,,,,
601318.SH,20251222,68.7,69.27,68.2,68.54,68.75,-0.21,-0.3055,556942.01,3824247.2,0.5,0.5,,,,,
601318.SH,20251223,68.56,70.24,68.35,69.49,68.54,0.95,1.3861,765719.91,5324655.842,0.5,0.5,,,,,
601318.SH,20251224,69.17,69.38,68.35,69.03,69.49,-0.46,-0.662,511319.5,3522990.02,0.5,0.5,,,,,
601318.SH,20251225,69.0,71.98,68.98,70.8,69.03,1.77,2.5641,777898.13,5513013.481,0.5,0.5,,,,,
601318.SH,20251226,70.44,71.96,70.43,71.16,70.8,0.36,0.5085,657016.77,4689142.906,0.5,0.5,,,,,
601318.SH,20251229,71.0,71.66,69.79,69.88,71.16,-1.28,-1.7988,655665.18,4622483.554,0.5,0.5,,,,,
601318.SH,20251230,69.75,70.23,68.39,68.8,69.88,-1.08,-1.5455,1046673.72,7226865.062,0.5,0.5,,,,,
601318.SH,20251231,68.78,69.23,68.15,68.4,68.8,-0.4,-0.5814,458068.69,3141993.177,0.5,0.5,,,,,
601318.SH,20260105,69.2,73.0,69.2,72.36,68.4,3.96,5.7895,1228831.0,8824564.893,0.5,0.5,,,,,
601318.SH,20260106,72.4,74.88,72.4,74.32,72.36,1.96,2.7087,1468516.48,10867519.151,0.5,0.5,,,,,
601318.SH,20260107,73.89,74.7,73.29,73.45,74.32,-0.87,-1.1706,919695.06,6796568.402,0.5,0.5,,,,,
601318.SH,20260108,73.37,73.4,69.66,70.38,73.45,-3.07,-4.1797,1685391.73,11969587.226,0.5,0.5,,,,,
601318.SH,20260109,70.6,71.28,68.24,69.0,70.38,-1.38,-1.9608,2063348.25,14285738.425,0.5,0.5,,,,,
601318.SH,20260112,68.9,69.0,67.22,67.55,69.0,-1.45,-2.1014,1851661.18,12546774.433,0.5,0.5,,,,,
601318.SH,20260113,67.8,69.98,67.78,68.2,67.55,0.65,0.9623,1502150.5,10342110.58,0.5,0.5,,,,,
601318.SH,20260114,68.35,68.93,66.82,67.0,68.2,-1.2,-1.7595,1431109.0,9691268.75,0.5,0.5,,,,,
601318.SH,20260115,66.9,68.38,66.69,67.41,67.0,0.41,0.6119,1066614.26,7195271.14,0.5,0.5,,,,,
601318.SH,20260116,67.6,67.94,65.8,66.33,67.41,-1.08,-1.6021,1356099.94,9017682.809,0.5,0.5,,,,,
601318.SH,20260119,66.28,66.95,65.91,66.3,66.33,-0.03,-0.0452,838681.06,5560566.59,0.5,0.5,,,,,
601318.SH,20260120,66.35,67.77,66.11,66.6,66.3,0.3,0.4525,988499.99,6611639.902,0.5,0.5,,,,,
601318.SH,20260121,66.64,67.18,65.65,65.85,66.6,-0.75,-1.1261,935402.13,6198978.527,0.5,0.5,,,,,
601318.SH,20260122,66.13,66.58,64.52,64.8,65.85,-1.05,-1.5945,1143922.26,7455922.559,0.5,0.5,,,,,
601318.SH,20260123,65.2,65.48,63.66,63.9,64.8,-0.9,-1.3889,1407698.83,9048849.72,0.5,0.5,,,,,
601318.SH,20260126,64.0,66.25,63.77,64.14,63.9,0.24,0.3756,2013845.96,13083521.294,0.5,0.5,,,,,
601318.SH,20260127,64.31,66.35,64.27,65.31,64.14,1.17,1.8241,1508841.05,9868833.866,0.5,0.5,,,,,
601318.SH,20260128,65.87,66.05,64.43,64.75,65.31,-0.56,-0.8574,1992854.18,12952514.678,0.5,0.5,,,,,
601318.SH,20260129,65.03,68.03,64.53,68.0,64.75,3.25,5.0193,2755713.32,18287719.695,0.5,0.5,,,,,
601318.SH,20260130,68.01,68.69,66.39,66.75,68.0,-1.25,-1.8382,1603228.36,10768334.982,0.5,0.5,,,,,
601318.SH,20260202,66.35,68.33,65.73,66.02,66.75,-0.73,-1.0936,1354548.54,9059867.836,0.5,0.5,,,,,
601318.SH,20260203,66.9,67.4,65.62,66.58,66.02,0.56,0.8482,1033225.05,6862044.454,0.5,0.5,,,,,
601318.SH,20260204,66.45,67.45,66.23,67.4,66.58,0.82,1.2316,877403.07,5866716.207,0.5,0.5,,,,,
601318.SH,20260205,67.17,67.99,66.16,67.35,67.4,-0.05,-0.0742,908191.21,6088193.606,0.5,0.5,,,,,
601318.SH,20260206,66.88,67.61,66.42,66.9,67.35,-0.45,-0.6682,749274.88,5011778.788,0.5,0.5,,,,,
601318.SH,20260209,67.45,69.1,67.11,68.7,66.9,1.8,2.6906,1021236.9,6973342.327,0.5,0.5,,,,,
601318.SH,20260210,68.71,68.8,67.8,68.19,68.7,-0.51,-0.7424,548734.78,3743029.914,0.5,0.5,,,,,
601318.SH,20260211,68.25,68.68,67.06,67.5,68.19,-0.69,-1.0119,618031.97,4178546.001,0.5,0.5,,,,,
601318.SH,20260212,67.6,67.68,66.35,66.54,67.5,-0.96,-1.4222,646371.55,4320770.033,0.5,0.5,,,,,
601318.SH,20260213,66.15,66.35,65.06,65.29,66.54,-1.25,-1.8786,840771.84,5509966.026,0.5,0.5,,,,,
601318.SH,20260224,65.77,66.25,64.37,64.5,65.29,-0.79,-1.21,800053.14,5208399.201,0.5,0.5,,,,,
601318.SH,20260225,64.7,65.74,64.7,65.05,64.5,0.55,0.8527,683555.72,4452349.687,0.5,0.5,,,,,
601318.SH,20260226,65.5,65.53,63.29,63.5,65.05,-1.55,-2.3828,1036146.42,6614432.347,0.5,0.5,,,,,
601318.SH,20260227,63.6,63.74,63.06,63.09,63.5,-0.41,-0.6457,633012.13,4006459.826,0.5,0.5,,,,,
601318.SH,20260302,62.41,63.11,61.7,62.35,63.09,-0.74,-1.1729,1010861.84,6295717.498,0.5,0.5,,,,,
601318.SH,20260303,62.45,63.72,61.93,62.57,62.35,0.22,0.3528,1095534.7,6885778.079,0.5,0.5,,,,,
601318.SH,20260304,62.2,62.56,60.65,61.79,62.57,-0.78,-1.2466,1008133.61,6196271.382,0.5,0.5,,,,,
601318.SH,20260305,62.01,62.72,61.8,62.08,61.79,0.29,0.4693,546365.41,3404335.407,0.5,0.5,,,,,
601318.SH,20260306,61.79,63.35,61.66,62.67,62.08,0.59,0.9504,574632.92,3590186.818,0.5,0.5,,,,,
601318.SH,20260309,61.44,61.52,60.01,61.4,62.67,-1.27,-2.0265,930368.23,5663230.289,0.5,0.5,,,,,
601318.SH,20260310,61.86,62.38,61.72,62.09,61.4,0.69,1.1238,462183.62,2866994.902,0.5,0.5,,,,,
601318.SH,20260311,62.09,62.91,61.8,62.55,62.09,0.46,0.7409,517270.48,3234820.115,0.5,0.5,,,,,
601318.SH,20260312,62.15,62.43,61.22,61.6,62.55,-0.95,-1.5188,668541.86,4123729.384,0.5,0.5,,,,,
601318.SH,20260313,61.37,61.87,61.08,61.2,61.6,-0.4,-0.6494,458041.07,2813751.146,0.5,0.5,,,,,
601318.SH,20260316,61.2,61.36,60.1,60.48,61.2,-0.72,-1.1765,818595.71,4946355.959,0.5,0.5,,,,,
601318.SH,20260317,60.59,62.8,60.58,61.84,60.48,1.36,2.2487,901849.88,5591874.769,0.5,0.5,,,,,
601318.SH,20260318,61.87,62.32,61.5,61.89,61.84,0.05,0.0809,490470.83,3034276.337,0.5,0.5,,,,,
601318.SH,20260319,61.2,61.29,60.4,60.62,61.89,-1.27,-2.052,684722.03,4158160.919,0.5,0.5,,,,,
601318.SH,20260320,60.8,60.9,59.7,59.74,60.62,-0.88,-1.4517,620767.03,3738267.788,0.5,0.5,,,,,
601318.SH,20260323,58.9,59.0,57.24,57.47,59.74,-2.27,-3.7998,1253822.61,7264101.524,0.5,0.5,,,,,
601318.SH,20260324,58.0,58.34,57.5,58.12,57.47,0.65,1.131,681869.82,3949789.641,0.5,0.5,,,,,
601318.SH,20260325,58.5,59.36,58.42,58.79,58.12,0.67,1.1528,562388.54,3309846.362,0.5,0.5,,,,,
601318.SH,20260326,58.78,58.78,56.53,56.8,58.79,-1.99,-3.3849,1011896.34,5801815.138,0.5,0.5,,,,,
601318.SH,20260327,56.86,57.39,56.42,56.95,56.8,0.15,0.2641,834378.58,4753261.022,0.5,0.5,,,,,
601318.SH,20260330,56.34,56.55,55.84,56.33,56.95,-0.62,-1.0887,737544.41,4139267.846,0.5,0.5,,,,,
601318.SH,20260331,56.29,57.69,56.21,56.78,56.33,0.45,0.7989,764113.77,4363799.01,0.5,0.5,,,,,
601318.SH,20260401,57.58,58.29,57.54,58.18,56.78,1.4,2.4657,684034.96,3964968.442,0.5,0.5,,,,,
601318.SH,20260402,58.0,58.0,57.16,57.26,58.18,-0.92,-1.5813,459794.03,2642755.831,0.5,0.5,,,,,
601318.SH,20260403,57.58,57.77,57.24,57.25,57.26,-0.01,-0.0175,343677.65,1975820.96,0.5,0.5,,,,,
601318.SH,20260407,57.3,57.55,56.41,56.69,57.25,-0.56,-0.9782,503858.36,2865555.758,0.5,0.5,,,,,
601318.SH,20260408,58.0,59.65,58.0,59.45,56.69,2.76,4.8686,1121527.04,6612867.449,0.5,0.5,,,,,
601318.SH,20260409,59.0,59.0,58.3,58.74,59.45,-0.71,-1.1943,570201.26,3341224.254,0.5,0.5,,,,,
601318.SH,20260410,59.0,59.84,58.78,58.82,58.74,0.08,0.1362,637912.49,3778347.094,0.5,0.5,,,,,
601318.SH,20260413,58.2,58.21,57.61,57.75,58.82,-1.07,-1.8191,684543.99,3959480.166,0.5,0.5,,,,,
601318.SH,20260414,58.23,59.2,58.13,58.97,57.75,1.22,2.1126,675142.2,3965283.533,0.5,0.5,,,,,
601318.SH,20260415,59.4,59.72,58.61,58.7,58.97,-0.27,-0.4579,513712.65,3032393.651,0.5,0.5,,,,,
601318.SH,20260416,58.71,59.03,58.25,58.52,58.7,-0.18,-0.3066,544367.86,3190206.251,0.5,0.5,,,,,
601318.SH,20260417,58.4,58.4,57.61,57.92,58.52,-0.6,-1.0253,612323.84,3550736.121,0.5,0.5,,,,,
601318.SH,20260420,57.87,58.67,57.74,58.54,57.92,0.62,1.0704,633436.88,3690691.462,0.5,0.5,,,,,
601318.SH,20260421,58.54,59.11,58.03,58.03,58.54,-0.51,-0.8712,544020.36,3179298.446,0.5,0.5,,,,,
601318.SH,20260422,58.03,58.6,57.65,58.03,58.03,0.0,0.0,579570.25,3364574.054,0.5,0.5,,,,,
601318.SH,20260423,57.98,58.58,57.53,57.88,58.03,-0.15,-0.2585,661174.05,3829528.934,0.5,0.5,,,,,
601318.SH,20260424,57.71,57.97,57.06,57.78,57.88,-0.1,-0.1728,554002.04,3188079.037,0.5,0.5,,,,,
601318.SH,20260427,57.8,58.55,57.46,57.55,57.78,-0.23,-0.3981,640670.76,3708625.921,0.5,0.5,,,,,
601318.SH,20260428,57.47,58.11,57.2,57.63,57.55,0.08,0.139,624602.31,3597829.25,0.5,0.5,,,,,
601318.SH,20260429,57.62,59.59,57.59,59.43,57.63,1.8,3.1234,1609314.57,9481901.998,0.5,0.5,,,,,
601318.SH,20260430,59.12,60.6,59.12,59.37,59.43,-0.06,-0.101,1063010.44,6353995.428,0.5,0.5,,,,,
601318.SH,20260506,59.38,59.84,59.05,59.36,59.37,-0.01,-0.0168,905083.15,5373455.216,0.5,0.5,,,,,
601318.SH,20260507,59.6,61.11,59.6,60.04,59.36,0.68,1.1456,1313748.21,7920220.894,0.5,0.5,,,,,
601318.SH,20260508,59.9,60.26,59.74,60.06,60.04,0.02,0.0333,732049.19,4392260.153,0.5,0.5,,,,,
601318.SH,20260511,59.78,60.55,59.26,60.1,60.06,0.04,0.0666,961990.74,5766761.256,0.5,0.5,,,,,
601318.SH,20260512,60.1,60.5,59.25,59.4,60.1,-0.7,-1.1647,690007.25,4123942.07,0.5,0.5,,,,,
601318.SH,20260513,59.32,59.62,57.63,58.04,59.4,-1.36,-2.2896,1034345.08,6026385.945,0.5,0.5,,,,,
601318.SH,20260514,58.26,58.52,56.85,56.9,58.04,-1.14,-1.9642,907186.67,5211793.925,0.5,0.5,,,,,
601318.SH,20260515,56.98,57.14,55.29,55.5,56.9,-1.4,-2.4605,1181903.76,6613205.579,0.5,0.5,,,,,
601318.SH,20260518,55.4,55.46,54.4,54.89,55.5,-0.61,-1.0991,810415.45,4441031.983,0.5,0.5,,,,,
601318.SH,20260519,55.01,55.21,54.12,54.48,54.89,-0.41,-0.7469,839122.39,4578893.673,0.5,0.5,,,,,
601318.SH,20260520,54.4,54.4,53.83,54.11,54.48,-0.37,-0.6791,743889.23,4022984.705,0.5,0.5,,,,,
601318.SH,20260521,54.45,55.33,53.68,53.76,54.11,-0.35,-0.6468,1035930.84,5646669.982,0.5,0.5,,,,,
601318.SH,20260522,54.11,54.2,53.47,53.68,53.76,-0.08,-0.1488,669699.33,3603724.584,0.5,0.5,,,,,
601318.SH,20260525,53.83,54.98,53.58,54.22,53.68,0.54,1.006,867976.64,4694584.484,0.5,0.5,,,,,
601318.SH,20260526,54.15,55.1,53.89,54.27,54.22,0.05,0.0922,910009.89,4946050.442,0.5,0.5,,,,,
601318.SH,20260527,54.28,54.29,53.06,53.27,54.27,-1.0,-1.8426,862011.48,4614798.491,0.5,0.5,,,,,
601318.SH,20260528,53.26,53.4,52.15,52.47,53.27,-0.8,-1.5018,875600.16,4602192.065,0.5,0.5,,,,,
601318.SH,20260529,52.59,53.68,52.51,53.5,52.47,1.03,1.963,1000112.58,5326303.204,0.5,0.5,,,,,
601318.SH,20260601,53.49,54.1,53.15,53.85,53.5,0.35,0.6542,775306.6,4162422.693,0.5,0.5,,,,,
601318.SH,20260602,53.86,54.55,53.62,54.08,53.85,0.23,0.4271,784941.04,4245154.925,0.5,0.5,,,,,
601318.SH,20260603,54.06,54.2,53.5,53.7,54.08,-0.38,-0.7027,625066.13,3361445.868,0.5,0.5,,,,,
601318.SH,20260604,53.61,54.08,53.04,53.23,53.7,-0.47,-0.8752,576225.88,3084164.36,0.5,0.5,,,,,
601318.SH,20260605,53.3,54.58,53.24,53.48,53.23,0.25,0.4697,937165.1,5047248.522,0.5,0.5,,,,,
601318.SH,20260608,53.06,53.96,52.9,53.38,53.48,-0.1,-0.187,720540.31,3845596.526,0.5,0.5,,,,,
601318.SH,20260609,53.18,54.05,53.15,53.93,53.38,0.55,1.0303,710030.01,3811033.908,0.5,0.5,,,,,
601318.SH,20260610,52.25,53.48,52.1,53.22,52.18,1.04,1.9931,903235.26,4779498.278,0.5,0.5,,,,,
601318.SH,20260611,53.22,53.97,52.35,52.64,53.22,-0.58,-1.0898,647641.47,3426033.713,0.5,0.5,,,,,
000858.SZ,20210615,301.52,304.05,292.77,299.26,301.57,-2.31,-0.766,145161.08,4323376.155,0.5,0.5,,,,,
000858.SZ,20210616,299.26,299.26,289.22,292.32,299.26,-6.94,-2.3191,140629.99,4120477.427,0.5,0.5,,,,,
000858.SZ,20210617,291.11,298.0,291.11,294.22,292.32,1.9,0.65,109045.54,3213936.358,0.5,0.5,,,,,
000858.SZ,20210618,295.31,297.0,286.0,291.0,294.22,-3.22,-1.0944,190715.78,5539524.449,0.5,0.5,,,,,
000858.SZ,20210621,293.0,297.3,291.0,296.87,291.0,5.87,2.0172,206028.03,6063841.832,0.5,0.5,,,,,
000858.SZ,20210622,298.0,302.5,297.3,299.89,296.87,3.02,1.0173,161663.58,4846385.284,0.5,0.5,,,,,
000858.SZ,20210623,299.3,299.5,290.0,290.94,299.89,-8.95,-2.9844,230564.1,6749757.12,0.5,0.5,,,,,
000858.SZ,20210624,288.5,295.0,284.18,292.7,290.94,1.76,0.6049,165518.34,4788276.581,0.5,0.5,,,,,
000858.SZ,20210625,291.05,301.38,290.88,299.92,292.7,7.22,2.4667,205223.27,6107081.7,0.5,0.5,,,,,
000858.SZ,20210628,300.01,306.53,300.01,306.31,299.92,6.39,2.1306,161253.87,4908850.411,0.5,0.5,,,,,
000858.SZ,20210629,306.48,306.64,296.68,298.55,306.31,-7.76,-2.5334,156720.26,4707055.411,0.5,0.5,,,,,
000858.SZ,20210630,296.0,302.4,295.49,297.89,298.55,-0.66,-0.2211,103395.09,3090106.555,0.5,0.5,,,,,
000858.SZ,20210701,296.75,299.0,292.0,298.2,297.89,0.31,0.1041,136310.42,4012429.333,0.5,0.5,,,,,
000858.SZ,20210702,294.0,294.69,285.2,286.03,298.2,-12.17,-4.0812,211691.6,6104707.041,0.5,0.5,,,,,
000858.SZ,20210705,284.17,288.5,280.02,281.1,286.03,-4.93,-1.7236,180542.56,5106360.245,0.5,0.5,,,,,
000858.SZ,20210706,279.85,281.03,270.22,277.25,281.1,-3.85,-1.3696,238954.51,6571285.948,0.5,0.5,,,,,
000858.SZ,20210707,280.0,285.0,278.88,284.59,277.25,7.34,2.6474,174543.67,4936536.496,0.5,0.5,,,,,
000858.SZ,20210708,285.0,285.79,267.62,269.84,284.59,-14.75,-5.1829,439575.67,12010041.26,0.5,0.5,,,,,
000858.SZ,20210709,269.45,270.58,262.0,267.28,267.26,0.02,0.0075,213674.47,5702882.115,0.5,0.5,,,,,
000858.SZ,20210712,270.0,272.96,262.69,270.95,267.28,3.67,1.3731,264246.69,7111433.622,0.5,0.5,,,,,
000858.SZ,20210713,270.97,279.34,270.97,276.0,270.95,5.05,1.8638,218997.48,6044746.554,0.5,0.5,,,,,
000858.SZ,20210714,273.9,277.0,268.0,275.3,276.0,-0.7,-0.2536,209218.3,5710321.392,0.5,0.5,,,,,
000858.SZ,20210715,275.0,281.2,272.71,280.83,275.3,5.53,2.0087,195494.71,5443652.587,0.5,0.5,,,,,
000858.SZ,20210716,280.85,283.36,277.0,277.52,280.83,-3.31,-1.1786,151513.98,4230603.079,0.5,0.5,,,,,
000858.SZ,20210719,275.8,282.5,274.49,280.89,277.52,3.37,1.2143,143319.86,3994088.405,0.5,0.5,,,,,
000858.SZ,20210720,279.0,284.21,277.77,282.3,280.89,1.41,0.502,130092.23,3669251.201,0.5,0.5,,,,,
000858.SZ,20210721,282.29,285.97,280.01,281.22,282.3,-1.08,-0.3826,149605.1,4226787.177,0.5,0.5,,,,,
000858.SZ,20210722,282.51,284.66,278.65,280.1,281.22,-1.12,-0.3983,143103.78,4028250.662,0.5,0.5,,,,,
000858.SZ,20210723,278.86,279.0,268.12,271.21,280.1,-8.89,-3.1739,212303.52,5760869.08,0.5,0.5,,,,,
000858.SZ,20210726,268.66,268.66,244.09,249.54,271.21,-21.67,-7.9901,462131.23,11693393.537,0.5,0.5,,,,,
000858.SZ,20210727,247.0,248.8,231.0,231.15,249.54,-18.39,-7.3696,423313.05,10158683.399,0.5,0.5,,,,,
000858.SZ,20210728,231.18,237.9,224.89,236.68,231.15,5.53,2.3924,361142.9,8397862.029,0.5,0.5,,,,,
000858.SZ,20210729,245.44,245.79,233.68,235.05,236.68,-1.63,-0.6887,313221.53,7483908.399,0.5,0.5,,,,,
000858.SZ,20210730,235.06,235.06,216.84,220.75,235.05,-14.3,-6.0838,427979.29,9495555.5,0.5,0.5,,,,,
000858.SZ,20210802,215.37,234.9,212.15,234.45,220.75,13.7,6.2061,468444.4,10454507.732,0.5,0.5,,,,,
000858.SZ,20210803,229.1,240.66,227.7,240.05,234.45,5.6,2.3886,341719.33,8061076.932,0.5,0.5,,,,,
000858.SZ,20210804,237.0,238.89,233.0,234.5,240.05,-5.55,-2.312,230289.51,5412225.848,0.5,0.5,,,,,
000858.SZ,20210805,229.0,236.0,225.5,227.17,234.5,-7.33,-3.1258,285510.69,6538505.734,0.5,0.5,,,,,
000858.SZ,20210806,225.0,227.9,221.25,226.0,227.17,-1.17,-0.515,191529.22,4306125.513,0.5,0.5,,,,,
000858.SZ,20210809,224.0,236.68,222.0,230.01,226.0,4.01,1.7743,264929.24,6099681.51,0.5,0.5,,,,,
000858.SZ,20210810,231.26,250.0,227.38,248.9,230.01,18.89,8.2127,460837.46,11083250.874,0.5,0.5,,,,,
000858.SZ,20210811,245.97,251.12,241.97,246.2,248.9,-2.7,-1.0848,253075.47,6234986.634,0.5,0.5,,,,,
000858.SZ,20210812,245.0,248.6,237.15,237.92,246.2,-8.28,-3.3631,237149.46,5718032.984,0.5,0.5,,,,,
000858.SZ,20210813,237.0,243.0,236.0,240.8,237.92,2.88,1.2105,160031.4,3832138.024,0.5,0.5,,,,,
000858.SZ,20210816,240.0,244.37,238.4,240.7,240.8,-0.1,-0.0415,133173.13,3210893.055,0.5,0.5,,,,,
000858.SZ,20210817,239.41,242.0,229.78,229.95,240.7,-10.75,-4.4661,218730.39,5137552.314,0.5,0.5,,,,,
000858.SZ,20210818,228.0,232.5,223.9,229.0,229.95,-0.95,-0.4131,212644.88,4858678.332,0.5,0.5,,,,,
000858.SZ,20210819,228.9,231.29,222.0,222.65,229.0,-6.35,-2.7729,289689.42,6520859.197,0.5,0.5,,,,,
000858.SZ,20210820,211.52,216.68,205.39,206.38,222.65,-16.27,-7.3074,534004.35,11218172.732,0.5,0.5,,,,,
000858.SZ,20210823,206.39,211.77,204.9,206.04,206.38,-0.34,-0.1647,418363.73,8684039.375,0.5,0.5,,,,,
000858.SZ,20210824,208.0,212.65,204.0,210.0,206.04,3.96,1.922,411903.75,8606900.863,0.5,0.5,,,,,
000858.SZ,20210825,210.88,218.93,210.66,217.5,210.0,7.5,3.5714,381798.85,8242448.408,0.5,0.5,,,,,
000858.SZ,20210826,217.37,217.37,206.0,207.17,217.5,-10.33,-4.7494,332282.74,6953022.887,0.5,0.5,,,,,
000858.SZ,20210827,207.16,210.0,204.5,205.68,207.17,-1.49,-0.7192,271909.67,5618956.602,0.5,0.5,,,,,
000858.SZ,20210830,208.5,209.99,199.46,207.0,205.68,1.32,0.6418,347329.35,7094644.686,0.5,0.5,,,,,
000858.SZ,20210831,206.5,208.0,199.4,201.69,207.0,-5.31,-2.5652,318551.68,6427633.946,0.5,0.5,,,,,
000858.SZ,20210901,201.7,211.06,197.0,207.71,201.69,6.02,2.9848,503643.02,10338242.748,0.5,0.5,,,,,
000858.SZ,20210902,207.94,208.1,200.2,201.23,207.71,-6.48,-3.1197,374601.64,7590159.048,0.5,0.5,,,,,
000858.SZ,20210903,199.8,206.55,196.77,205.89,201.23,4.66,2.3158,344795.28,6994069.662,0.5,0.5,,,,,
000858.SZ,20210906,204.5,215.3,202.55,211.46,205.89,5.57,2.7053,440709.83,9315590.567,0.5,0.5,,,,,
000858.SZ,20210907,210.5,214.12,209.06,211.97,211.46,0.51,0.2412,259374.44,5483883.908,0.5,0.5,,,,,
000858.SZ,20210908,212.0,212.71,206.0,207.72,211.97,-4.25,-2.005,215536.77,4498947.533,0.5,0.5,,,,,
000858.SZ,20210909,207.73,209.21,205.0,207.33,207.72,-0.39,-0.1878,177575.31,3672149.965,0.5,0.5,,,,,
000858.SZ,20210910,207.33,214.4,206.5,213.7,207.33,6.37,3.0724,318834.73,6744385.341,0.5,0.5,,,,,
000858.SZ,20210913,212.0,214.7,206.99,207.79,213.7,-5.91,-2.7656,263428.26,5526541.97,0.5,0.5,,,,,
000858.SZ,20210914,207.72,209.81,205.24,205.73,207.79,-2.06,-0.9914,235967.42,4881373.812,0.5,0.5,,,,,
000858.SZ,20210915,203.0,204.55,196.7,198.5,205.73,-7.23,-3.5143,382035.77,7625717.389,0.5,0.5,,,,,
000858.SZ,20210916,196.0,199.58,192.43,197.0,198.5,-1.5,-0.7557,335387.04,6590288.015,0.5,0.5,,,,,
000858.SZ,20210917,196.0,205.0,194.07,201.95,197.0,4.95,2.5127,294397.02,5901688.645,0.5,0.5,,,,,
000858.SZ,20210922,197.0,198.5,193.45,193.93,201.95,-8.02,-3.9713,249089.81,4852441.663,0.5,0.5,,,,,
000858.SZ,20210923,194.82,196.88,192.64,194.42,193.93,0.49,0.2527,188112.96,3661752.983,0.5,0.5,,,,,
000858.SZ,20210924,193.9,204.0,193.06,200.52,194.42,6.1,3.1375,350539.97,7023121.318,0.5,0.5,,,,,
000858.SZ,20210927,207.62,220.57,207.62,220.57,200.52,20.05,9.999,760065.57,16521941.311,0.5,0.5,,,,,
000858.SZ,20210928,220.32,222.6,214.0,216.94,220.57,-3.63,-1.6457,411458.63,8943981.561,0.5,0.5,,,,,
000858.SZ,20210929,216.89,221.23,212.7,218.68,216.94,1.74,0.8021,311366.8,6769523.772,0.5,0.5,,,,,
000858.SZ,20210930,217.0,223.29,217.0,219.39,218.68,0.71,0.3247,331905.68,7321693.53,0.5,0.5,,,,,
000858.SZ,20211008,220.6,235.98,217.6,228.22,219.39,8.83,4.0248,416278.65,9498183.647,0.5,0.5,,,,,
000858.SZ,20211011,229.44,235.23,225.49,227.8,228.22,-0.42,-0.184,261465.75,5990773.979,0.5,0.5,,,,,
000858.SZ,20211012,227.0,230.0,223.01,229.34,227.8,1.54,0.676,203423.73,4632611.152,0.5,0.5,,,,,
000858.SZ,20211013,228.37,244.6,227.2,239.49,229.34,10.15,4.4257,347774.22,8246438.709,0.5,0.5,,,,,
000858.SZ,20211014,238.0,244.68,236.16,240.0,239.49,0.51,0.213,240589.6,5770465.386,0.5,0.5,,,,,
000858.SZ,20211015,235.8,237.88,230.01,234.32,240.0,-5.68,-2.3667,302157.86,7060878.521,0.5,0.5,,,,,
000858.SZ,20211018,224.95,224.95,212.5,215.32,234.32,-19.0,-8.1086,522286.55,11335046.052,0.5,0.5,,,,,
000858.SZ,20211019,213.0,220.88,213.0,218.97,215.32,3.65,1.6952,271519.71,5912575.916,0.5,0.5,,,,,
000858.SZ,20211020,220.5,222.2,216.88,219.94,218.97,0.97,0.443,171712.31,3767655.125,0.5,0.5,,,,,
000858.SZ,20211021,221.0,222.95,219.0,220.99,219.94,1.05,0.4774,157813.85,3483824.011,0.5,0.5,,,,,
000858.SZ,20211022,222.7,228.92,221.01,225.03,220.99,4.04,1.8281,226148.68,5094183.379,0.5,0.5,,,,,
000858.SZ,20211025,223.0,224.89,218.0,220.36,225.03,-4.67,-2.0753,248159.64,5460700.048,0.5,0.5,,,,,
000858.SZ,20211026,220.36,223.0,218.0,220.66,220.36,0.3,0.1361,171975.32,3792558.316,0.5,0.5,,,,,
000858.SZ,20211027,219.01,220.66,214.0,216.0,220.66,-4.66,-2.1118,200484.93,4335703.423,0.5,0.5,,,,,
000858.SZ,20211028,217.0,219.98,213.78,215.29,216.0,-0.71,-0.3287,219253.24,4755135.735,0.5,0.5,,,,,
000858.SZ,20211029,215.27,221.53,215.08,216.51,215.29,1.22,0.5667,236335.32,5148687.289,0.5,0.5,,,,,
000858.SZ,20211101,200.0,209.52,196.9,204.94,216.51,-11.57,-5.3439,580036.53,11775758.002,0.5,0.5,,,,,
000858.SZ,20211102,203.98,205.9,199.65,201.32,204.94,-3.62,-1.7664,349334.47,7067034.632,0.5,0.5,,,,,
000858.SZ,20211103,201.52,202.5,198.68,199.13,201.32,-2.19,-1.0878,218919.68,4378799.392,0.5,0.5,,,,,
000858.SZ,20211104,201.09,207.86,200.3,206.82,199.13,7.69,3.8618,298641.62,6104737.433,0.5,0.5,,,,,
000858.SZ,20211105,206.82,214.7,206.81,210.31,206.82,3.49,1.6875,301429.97,6372245.155,0.5,0.5,,,,,
000858.SZ,20211108,210.0,212.41,207.76,210.99,210.31,0.68,0.3233,156373.86,3290544.446,0.5,0.5,,,,,
000858.SZ,20211109,209.68,212.68,207.55,208.77,210.99,-2.22,-1.0522,155039.34,3250092.17,0.5,0.5,,,,,
000858.SZ,20211110,208.77,209.88,203.2,205.7,208.77,-3.07,-1.4705,172002.67,3532443.273,0.5,0.5,,,,,
000858.SZ,20211111,205.66,207.0,203.58,206.51,205.7,0.81,0.3938,166520.85,3416388.386,0.5,0.5,,,,,
000858.SZ,20211112,207.37,207.67,203.11,203.85,206.51,-2.66,-1.2881,157885.12,3227721.076,0.5,0.5,,,,,
000858.SZ,20211115,204.99,207.5,203.11,204.7,203.85,0.85,0.417,207244.8,4251527.056,0.5,0.5,,,,,
000858.SZ,20211116,205.89,213.45,205.11,212.0,204.7,7.3,3.5662,314356.75,6618521.492,0.5,0.5,,,,,
000858.SZ,20211117,211.05,213.0,209.0,211.51,212.0,-0.49,-0.2311,174214.6,3668952.608,0.5,0.5,,,,,
000858.SZ,20211118,209.99,210.98,207.55,208.62,211.51,-2.89,-1.3664,132202.62,2759820.062,0.5,0.5,,,,,
000858.SZ,20211119,207.88,216.5,207.4,212.6,208.62,3.98,1.9078,242929.59,5188161.635,0.5,0.5,,,,,
000858.SZ,20211122,214.0,222.0,213.0,215.97,212.6,3.37,1.5851,319782.76,6972004.751,0.5,0.5,,,,,
000858.SZ,20211123,214.99,218.5,213.36,214.8,215.97,-1.17,-0.5417,193866.37,4190535.756,0.5,0.5,,,,,
000858.SZ,20211124,218.0,227.98,218.0,224.42,214.8,9.62,4.4786,476278.47,10627879.572,0.5,0.5,,,,,
000858.SZ,20211125,228.0,229.15,222.17,222.95,224.42,-1.47,-0.655,284628.27,6397889.416,0.5,0.5,,,,,
000858.SZ,20211126,222.86,223.58,219.08,222.86,222.95,-0.09,-0.0404,162472.95,3602490.66,0.5,0.5,,,,,
000858.SZ,20211129,220.5,225.0,220.25,224.73,222.86,1.87,0.8391,192364.11,4292901.366,0.5,0.5,,,,,
000858.SZ,20211130,224.98,225.5,218.0,218.0,224.73,-6.73,-2.9947,230145.98,5063790.458,0.5,0.5,,,,,
000858.SZ,20211201,223.02,224.84,218.11,220.56,218.0,2.56,1.1743,192486.21,4256218.97,0.5,0.5,,,,,
000858.SZ,20211202,220.6,223.9,219.31,222.75,220.56,2.19,0.9929,175309.74,3898019.542,0.5,0.5,,,,,
000858.SZ,20211203,223.5,232.8,223.3,229.45,222.75,6.7,3.0079,340300.29,7800955.259,0.5,0.5,,,,,
000858.SZ,20211206,231.0,235.0,229.0,232.3,229.45,2.85,1.2421,288786.69,6720204.454,0.5,0.5,,,,,
000858.SZ,20211207,235.0,239.65,233.15,234.0,232.3,1.7,0.7318,308904.37,7293861.939,0.5,0.5,,,,,
000858.SZ,20211208,234.01,244.51,231.28,244.0,234.0,10.0,4.2735,397868.91,9593919.616,0.5,0.5,,,,,
000858.SZ,20211209,245.0,254.96,242.68,251.0,244.0,7.0,2.8689,472970.11,11826016.126,0.5,0.5,,,,,
000858.SZ,20211210,248.72,250.9,244.5,247.0,251.0,-4.0,-1.5936,332274.96,8208024.535,0.5,0.5,,,,,
000858.SZ,20211213,252.0,257.21,249.0,249.98,247.0,2.98,1.2065,355350.37,9000318.795,0.5,0.5,,,,,
000858.SZ,20211214,249.0,253.0,246.21,250.0,249.98,0.02,0.008,225573.52,5643907.697,0.5,0.5,,,,,
000858.SZ,20211215,248.1,248.91,243.0,243.8,250.0,-6.2,-2.48,263567.82,6461313.841,0.5,0.5,,,,,
000858.SZ,20211216,244.3,245.1,237.05,243.5,243.8,-0.3,-0.1231,289712.3,6971022.371,0.5,0.5,,,,,
000858.SZ,20211217,242.0,242.0,234.86,235.16,243.5,-8.34,-3.4251,254834.52,6040427.057,0.5,0.5,,,,,
000858.SZ,20211220,235.16,239.47,235.16,236.0,235.16,0.84,0.3572,188827.4,4471963.227,0.5,0.5,,,,,
000858.SZ,20211221,236.0,237.5,229.0,231.65,236.0,-4.35,-1.8432,234542.47,5446651.924,0.5,0.5,,,,,
000858.SZ,20211222,232.5,233.5,230.49,232.12,231.65,0.47,0.2029,151998.08,3524368.526,0.5,0.5,,,,,
000858.SZ,20211223,233.33,239.46,229.0,237.01,232.12,4.89,2.1067,282051.16,6610688.703,0.5,0.5,,,,,
000858.SZ,20211224,237.11,245.31,237.11,241.94,237.01,4.93,2.0801,289429.25,7012988.263,0.5,0.5,,,,,
000858.SZ,20211227,238.9,239.5,233.0,236.21,241.94,-5.73,-2.3684,184053.68,4343284.678,0.5,0.5,,,,,
000858.SZ,20211228,236.3,239.58,235.5,237.58,236.21,1.37,0.58,143682.16,3406736.939,0.5,0.5,,,,,
000858.SZ,20211229,237.58,237.58,224.1,225.7,237.58,-11.88,-5.0004,349758.96,7998864.967,0.5,0.5,,,,,
000858.SZ,20211230,225.07,227.5,223.51,225.5,225.7,-0.2,-0.0886,264768.73,5963128.773,0.5,0.5,,,,,
000858.SZ,20211231,225.51,225.8,220.61,222.66,225.5,-2.84,-1.2594,240436.67,5340438.229,0.5,0.5,,,,,
000858.SZ,20220104,222.66,223.88,218.08,223.56,222.66,0.9,0.4042,201786.73,4460248.125,0.5,0.5,,,,,
000858.SZ,20220105,222.82,227.28,221.03,223.75,223.56,0.19,0.085,205622.09,4608528.413,0.5,0.5,,,,,
000858.SZ,20220106,223.32,226.0,218.14,219.48,223.75,-4.27,-1.9084,197643.47,4366330.606,0.5,0.5,,,,,
000858.SZ,20220107,219.47,220.5,216.52,217.66,219.48,-1.82,-0.8292,168682.39,3671458.253,0.5,0.5,,,,,
000858.SZ,20220110,215.74,217.63,210.12,214.96,217.66,-2.7,-1.2405,208423.13,4477043.193,0.5,0.5,,,,,
000858.SZ,20220111,214.5,216.35,213.05,213.36,214.96,-1.6,-0.7443,131623.34,2819944.192,0.5,0.5,,,,,
000858.SZ,20220112,215.01,218.09,214.22,217.92,213.36,4.56,2.1372,178942.72,3865370.481,0.5,0.5,,,,,
000858.SZ,20220113,219.0,219.04,208.0,208.9,217.92,-9.02,-4.1391,267623.34,5678771.184,0.5,0.5,,,,,
000858.SZ,20220114,207.01,210.34,206.5,207.2,208.9,-1.7,-0.8138,136467.59,2844403.651,0.5,0.5,,,,,
000858.SZ,20220117,206.78,209.0,203.5,208.84,207.2,1.64,0.7915,169362.24,3497443.782,0.5,0.5,,,,,
000858.SZ,20220118,208.8,213.98,206.31,211.49,208.84,2.65,1.2689,184748.75,3904185.741,0.5,0.5,,,,,
000858.SZ,20220119,214.33,214.33,208.28,210.8,211.49,-0.69,-0.3263,144018.64,3039014.332,0.5,0.5,,,,,
000858.SZ,20220120,210.8,214.0,208.35,213.22,210.8,2.42,1.148,194685.61,4146262.233,0.5,0.5,,,,,
000858.SZ,20220121,213.0,218.72,211.22,217.26,213.22,4.04,1.8948,239746.61,5195067.275,0.5,0.5,,,,,
000858.SZ,20220124,216.0,217.93,213.2,215.07,217.26,-2.19,-1.008,138008.57,2968569.093,0.5,0.5,,,,,
000858.SZ,20220125,213.55,215.0,208.0,208.36,215.07,-6.71,-3.1199,155582.09,3284058.72,0.5,0.5,,,,,
000858.SZ,20220126,208.1,211.76,202.23,206.05,208.36,-2.31,-1.1087,215095.39,4439752.203,0.5,0.5,,,,,
000858.SZ,20220127,207.0,211.26,203.17,203.4,206.05,-2.65,-1.2861,209923.25,4339832.716,0.5,0.5,,,,,
000858.SZ,20220128,203.99,205.3,198.0,198.38,203.4,-5.02,-2.468,257814.84,5160817.186,0.5,0.5,,,,,
000858.SZ,20220207,200.0,202.86,194.68,195.62,198.38,-2.76,-1.3913,248080.23,4899710.426,0.5,0.5,,,,,
000858.SZ,20220208,195.65,196.33,184.9,190.0,195.62,-5.62,-2.8729,304516.87,5740104.552,0.5,0.5,,,,,
000858.SZ,20220209,189.0,196.3,189.0,195.98,190.0,5.98,3.1474,237420.57,4585366.336,0.5,0.5,,,,,
000858.SZ,20220210,195.98,196.5,191.11,193.04,195.98,-2.94,-1.5002,168742.56,3254038.393,0.5,0.5,,,,,
000858.SZ,20220211,192.5,198.63,191.35,194.27,193.04,1.23,0.6372,273749.28,5365712.651,0.5,0.5,,,,,
000858.SZ,20220214,192.0,199.2,191.5,198.01,194.27,3.74,1.9252,190316.49,3747901.334,0.5,0.5,,,,,
000858.SZ,20220215,198.8,200.36,196.8,199.8,198.01,1.79,0.904,177390.48,3537513.875,0.5,0.5,,,,,
000858.SZ,20220216,199.82,200.63,197.96,199.41,199.8,-0.39,-0.1952,119085.41,2375601.897,0.5,0.5,,,,,
000858.SZ,20220217,199.88,200.16,196.82,197.44,199.41,-1.97,-0.9879,130546.43,2583633.352,0.5,0.5,,,,,
000858.SZ,20220218,197.0,199.38,195.45,199.0,197.44,1.56,0.7901,116143.65,2297554.258,0.5,0.5,,,,,
000858.SZ,20220221,199.71,203.96,197.8,199.2,199.0,0.2,0.1005,151925.67,3044972.483,0.5,0.5,,,,,
000858.SZ,20220222,197.81,197.93,191.85,193.4,199.2,-5.8,-2.9116,193677.33,3749346.933,0.5,0.5,,,,,
000858.SZ,20220223,193.27,196.58,192.03,196.2,193.4,2.8,1.4478,147973.43,2875772.247,0.5,0.5,,,,,
000858.SZ,20220224,194.0,195.0,187.3,188.69,196.2,-7.51,-3.8277,259609.87,4940978.924,0.5,0.5,,,,,
000858.SZ,20220225,189.99,192.97,189.99,190.48,188.69,1.79,0.9486,136663.74,2611874.594,0.5,0.5,,,,,
000858.SZ,20220228,191.0,191.5,187.0,190.0,190.48,-0.48,-0.252,143092.81,2700046.289,0.5,0.5,,,,,
000858.SZ,20220301,190.1,193.89,190.06,193.19,190.0,3.19,1.6789,200285.21,3853590.511,0.5,0.5,,,,,
000858.SZ,20220302,191.3,191.41,188.4,189.2,193.19,-3.99,-2.0653,150164.88,2841554.761,0.5,0.5,,,,,
000858.SZ,20220303,189.77,190.2,182.0,182.07,189.2,-7.13,-3.7685,312889.3,5775912.552,0.5,0.5,,,,,
000858.SZ,20220304,179.98,181.39,175.88,176.37,182.07,-5.7,-3.1307,312929.74,5577557.113,0.5,0.5,,,,,
000858.SZ,20220307,174.25,174.25,165.25,166.0,176.37,-10.37,-5.8797,477389.12,8036888.481,0.5,0.5,,,,,
000858.SZ,20220308,169.99,171.5,165.27,166.25,166.0,0.25,0.1506,333507.17,5611790.679,0.5,0.5,,,,,
000858.SZ,20220309,167.0,167.73,156.8,162.88,166.25,-3.37,-2.0271,399218.92,6488949.486,0.5,0.5,,,,,
000858.SZ,20220310,167.99,172.24,165.99,172.15,162.88,9.27,5.6913,417739.72,7087219.597,0.5,0.5,,,,,
000858.SZ,20220311,169.0,172.55,167.23,171.77,172.15,-0.38,-0.2207,257971.1,4378229.004,0.5,0.5,,,,,
000858.SZ,20220314,168.99,169.59,166.27,166.27,171.77,-5.5,-3.202,181403.03,3043660.7,0.5,0.5,,,,,
000858.SZ,20220315,163.0,164.78,156.7,157.15,166.27,-9.12,-5.4851,312945.32,5020399.485,0.5,0.5,,,,,
000858.SZ,20220316,163.0,165.55,155.14,164.8,157.15,7.65,4.868,348999.69,5622615.397,0.5,0.5,,,,,
000858.SZ,20220317,168.5,171.86,166.0,168.24,164.8,3.44,2.0874,348291.53,5869489.576,0.5,0.5,,,,,
000858.SZ,20220318,167.0,169.08,165.0,167.9,168.24,-0.34,-0.2021,185857.04,3107945.064,0.5,0.5,,,,,
000858.SZ,20220321,169.75,169.78,165.01,165.71,167.9,-2.19,-1.3043,171054.36,2842223.351,0.5,0.5,,,,,
000858.SZ,20220322,165.7,167.3,164.0,164.3,165.71,-1.41,-0.8509,122905.08,2029492.693,0.5,0.5,,,,,
000858.SZ,20220323,164.32,167.29,162.74,165.94,164.3,1.64,0.9982,184638.77,3049956.331,0.5,0.5,,,,,
000858.SZ,20220324,164.4,164.4,160.68,161.36,165.94,-4.58,-2.76,198086.05,3207819.881,0.5,0.5,,,,,
000858.SZ,20220325,163.55,163.58,156.68,157.19,161.36,-4.17,-2.5843,213641.1,3393360.049,0.5,0.5,,,,,
000858.SZ,20220328,154.3,154.3,150.5,151.2,157.19,-5.99,-3.8107,274466.34,4167231.496,0.5,0.5,,,,,
000858.SZ,20220329,150.99,153.77,149.11,149.18,151.2,-2.02,-1.336,235211.3,3552871.39,0.5,0.5,,,,,
000858.SZ,20220330,152.97,156.95,151.16,156.95,149.18,7.77,5.2085,323672.69,4993851.923,0.5,0.5,,,,,
000858.SZ,20220331,156.0,156.6,154.5,155.06,156.95,-1.89,-1.2042,201366.48,3126382.334,0.5,0.5,,,,,
000858.SZ,20220401,155.0,162.23,154.45,159.9,155.06,4.84,3.1214,287494.78,4581621.784,0.5,0.5,,,,,
000858.SZ,20220406,158.0,162.26,157.5,160.01,159.9,0.11,0.0688,179443.05,2866077.985,0.5,0.5,,,,,
000858.SZ,20220407,159.0,163.89,158.53,160.45,160.01,0.44,0.275,185571.69,2996915.19,0.5,0.5,,,,,
000858.SZ,20220408,161.0,162.77,159.5,160.59,160.45,0.14,0.0873,165446.28,2661592.736,0.5,0.5,,,,,
000858.SZ,20220411,158.01,158.68,152.85,153.66,160.59,-6.93,-4.3153,242577.21,3752027.96,0.5,0.5,,,,,
000858.SZ,20220412,154.26,164.69,154.26,163.88,153.66,10.22,6.651,334163.91,5333900.918,0.5,0.5,,,,,
000858.SZ,20220413,162.8,165.0,160.63,162.32,163.88,-1.56,-0.9519,238854.59,3897075.048,0.5,0.5,,,,,
000858.SZ,20220414,163.9,173.0,162.93,171.57,162.32,9.25,5.6986,431191.46,7300575.091,0.5,0.5,,,,,
000858.SZ,20220415,170.0,174.0,168.6,169.9,171.57,-1.67,-0.9734,226439.58,3871918.113,0.5,0.5,,,,,
000858.SZ,20220418,168.9,168.9,164.21,167.18,169.9,-2.72,-1.6009,184111.35,3062759.959,0.5,0.5,,,,,
000858.SZ,20220419,168.0,170.0,164.04,165.0,167.18,-2.18,-1.304,164992.69,2740121.569,0.5,0.5,,,,,
000858.SZ,20220420,165.49,169.0,161.64,165.9,165.0,0.9,0.5455,206341.07,3422120.976,0.5,0.5,,,,,
000858.SZ,20220421,164.0,166.53,161.68,162.58,165.9,-3.32,-2.0012,171229.1,2807078.12,0.5,0.5,,,,,
000858.SZ,20220422,162.57,166.18,158.98,165.43,162.58,2.85,1.753,200144.22,3268498.121,0.5,0.5,,,,,
000858.SZ,20220425,162.0,162.62,154.5,155.0,165.43,-10.43,-6.3048,286350.86,4556272.568,0.5,0.5,,,,,
000858.SZ,20220426,155.0,161.81,154.54,158.5,155.0,3.5,2.2581,254538.92,4045539.333,0.5,0.5,,,,,
000858.SZ,20220427,158.5,163.41,158.5,161.39,158.5,2.89,1.8233,239277.89,3849331.177,0.5,0.5,,,,,
000858.SZ,20220428,161.4,166.66,160.55,165.85,161.39,4.46,2.7635,257119.94,4235742.307,0.5,0.5,,,,,
000858.SZ,20220429,166.3,167.3,158.86,162.13,165.85,-3.72,-2.243,448742.8,7241581.132,0.5,0.5,,,,,
000858.SZ,20220505,160.0,164.46,159.15,161.54,162.13,-0.59,-0.3639,244801.58,3973322.638,0.5,0.5,,,,,
000858.SZ,20220506,158.03,159.66,156.51,157.06,161.54,-4.48,-2.7733,190861.39,3007833.166,0.5,0.5,,,,,
000858.SZ,20220509,155.01,156.5,152.33,154.78,157.06,-2.28,-1.4517,186236.27,2874663.797,0.5,0.5,,,,,
000858.SZ,20220510,151.0,156.5,149.6,155.33,154.78,0.55,0.3553,201080.42,3092729.203,0.5,0.5,,,,,
000858.SZ,20220511,155.33,159.65,155.0,157.51,155.33,2.18,1.4035,243902.45,3846228.733,0.5,0.5,,,,,
000858.SZ,20220512,156.2,159.68,156.1,158.08,157.51,0.57,0.3619,170686.07,2699983.161,0.5,0.5,,,,,
000858.SZ,20220513,159.6,159.87,156.05,156.94,158.08,-1.14,-0.7212,152555.76,2401106.195,0.5,0.5,,,,,
000858.SZ,20220516,158.97,158.98,154.2,155.18,156.94,-1.76,-1.1214,177651.46,2767778.351,0.5,0.5,,,,,
000858.SZ,20220517,155.17,156.49,154.64,156.15,155.18,0.97,0.6251,133412.35,2078095.646,0.5,0.5,,,,,
000858.SZ,20220518,156.35,156.49,153.45,154.58,156.15,-1.57,-1.0054,165605.04,2560375.192,0.5,0.5,,,,,
000858.SZ,20220519,152.87,153.6,152.22,153.52,154.58,-1.06,-0.6857,148782.82,2273068.154,0.5,0.5,,,,,
000858.SZ,20220520,154.3,162.98,153.69,162.47,153.52,8.95,5.8299,452296.75,7222107.585,0.5,0.5,,,,,
000858.SZ,20220523,161.61,162.18,158.0,159.43,162.47,-3.04,-1.8711,276453.21,4410754.725,0.5,0.5,,,,,
000858.SZ,20220524,160.43,161.0,156.28,156.57,159.43,-2.86,-1.7939,188552.34,2974172.509,0.5,0.5,,,,,
000858.SZ,20220525,156.45,158.56,155.0,157.45,156.57,0.88,0.562,163957.07,2565767.96,0.5,0.5,,,,,
000858.SZ,20220526,157.0,159.7,155.0,157.22,157.45,-0.23,-0.1461,194317.56,3043721.248,0.5,0.5,,,,,
000858.SZ,20220527,159.65,161.5,157.29,157.95,157.22,0.73,0.4643,210683.08,3356383.642,0.5,0.5,,,,,
000858.SZ,20220530,160.01,167.75,160.0,166.18,157.95,8.23,5.2105,510932.06,8416468.104,0.5,0.5,,,,,
000858.SZ,20220531,166.0,172.82,165.02,171.4,166.18,5.22,3.1412,486544.83,8293724.659,0.5,0.5,,,,,
000858.SZ,20220601,172.99,173.3,169.03,170.41,171.4,-0.99,-0.5776,219302.45,3739434.438,0.5,0.5,,,,,
000858.SZ,20220602,169.03,171.0,168.68,169.75,170.41,-0.66,-0.3873,165223.54,2801365.549,0.5,0.5,,,,,
000858.SZ,20220606,170.5,173.49,166.58,172.94,169.75,3.19,1.8792,278141.75,4762415.124,0.5,0.5,,,,,
000858.SZ,20220607,173.1,178.4,172.0,174.12,172.94,1.18,0.6823,295077.03,5177758.449,0.5,0.5,,,,,
000858.SZ,20220608,174.3,179.99,173.02,178.13,174.12,4.01,2.303,325278.71,5770812.837,0.5,0.5,,,,,
000858.SZ,20220609,178.36,179.9,175.79,176.01,178.13,-2.12,-1.1901,207838.89,3688662.162,0.5,0.5,,,,,
000858.SZ,20220610,175.03,178.5,173.5,177.42,176.01,1.41,0.8011,215630.45,3804237.561,0.5,0.5,,,,,
000858.SZ,20220613,175.19,176.4,171.1,172.51,177.42,-4.91,-2.7674,264345.91,4580799.636,0.5,0.5,,,,,
000858.SZ,20220614,170.2,174.0,169.65,173.8,172.51,1.29,0.7478,197333.28,3385240.808,0.5,0.5,,,,,
000858.SZ,20220615,173.82,179.9,171.79,177.28,173.8,3.48,2.0023,325441.08,5743255.077,0.5,0.5,,,,,
000858.SZ,20220616,178.0,181.0,177.0,177.6,177.28,0.32,0.1805,205005.86,3668452.194,0.5,0.5,,,,,
000858.SZ,20220617,176.5,181.18,176.5,181.18,177.6,3.58,2.0158,286203.61,5145018.832,0.5,0.5,,,,,
000858.SZ,20220620,182.76,187.0,179.0,183.49,181.18,2.31,1.275,311954.35,5705313.089,0.5,0.5,,,,,
000858.SZ,20220621,182.66,185.5,180.45,181.66,183.49,-1.83,-0.9973,218115.75,3990195.909,0.5,0.5,,,,,
000858.SZ,20220622,182.0,182.88,177.75,178.07,181.66,-3.59,-1.9762,223527.64,4006768.455,0.5,0.5,,,,,
000858.SZ,20220623,178.1,180.9,177.79,180.4,178.07,2.33,1.3085,159725.18,2867621.353,0.5,0.5,,,,,
000858.SZ,20220624,181.5,185.51,179.91,185.0,180.4,4.6,2.5499,245186.74,4504178.661,0.5,0.5,,,,,
000858.SZ,20220627,187.0,195.68,187.0,193.0,185.0,8.0,4.3243,366374.71,7058190.24,0.5,0.5,,,,,
000858.SZ,20220628,193.0,199.87,191.2,199.65,193.0,6.65,3.4456,316785.9,6232395.066,0.5,0.5,,,,,
000858.SZ,20220629,196.99,197.14,190.5,192.0,196.63,-4.63,-2.3547,289970.9,5625269.619,0.5,0.5,,,,,
000858.SZ,20220630,192.18,205.0,192.18,201.93,192.0,9.93,5.1719,425214.5,8521483.468,0.5,0.5,,,,,
000858.SZ,20220701,202.08,205.0,198.0,203.0,201.93,1.07,0.5299,219365.9,4418343.886,0.5,0.5,,,,,
000858.SZ,20220704,200.99,202.8,198.2,201.04,203.0,-1.96,-0.9655,225876.23,4525333.761,0.5,0.5,,,,,
000858.SZ,20220705,201.65,202.66,196.26,198.61,201.04,-2.43,-1.2087,262964.92,5224558.25,0.5,0.5,,,,,
000858.SZ,20220706,198.12,199.62,193.35,194.74,198.61,-3.87,-1.9485,227633.12,4459016.82,0.5,0.5,,,,,
000858.SZ,20220707,194.74,194.74,188.47,191.59,194.74,-3.15,-1.6175,266770.66,5095578.644,0.5,0.5,,,,,
000858.SZ,20220708,193.35,194.8,190.96,192.7,191.59,1.11,0.5794,164096.71,3167643.747,0.5,0.5,,,,,
000858.SZ,20220711,190.02,190.8,186.0,189.38,192.7,-3.32,-1.7229,192574.69,3621672.903,0.5,0.5,,,,,
000858.SZ,20220712,188.78,192.74,187.54,190.0,189.38,0.62,0.3274,169934.79,3229606.651,0.5,0.5,,,,,
000858.SZ,20220713,189.57,194.78,187.61,193.1,190.0,3.1,1.6316,189918.7,3656106.377,0.5,0.5,,,,,
000858.SZ,20220714,191.17,193.56,189.05,190.13,193.1,-2.97,-1.5381,151079.3,2880607.578,0.5,0.5,,,,,
000858.SZ,20220715,190.15,195.51,188.0,189.9,190.13,-0.23,-0.121,207208.92,3979169.055,0.5,0.5,,,,,
000858.SZ,20220718,189.63,189.8,184.2,187.33,189.9,-2.57,-1.3533,178034.26,3320023.855,0.5,0.5,,,,,
000858.SZ,20220719,187.0,189.65,186.5,188.9,187.33,1.57,0.8381,120214.15,2259044.88,0.5,0.5,,,,,
000858.SZ,20220720,190.8,191.5,188.0,189.11,188.9,0.21,0.1112,112497.72,2134516.123,0.5,0.5,,,,,
000858.SZ,20220721,188.99,189.9,186.58,186.7,189.11,-2.41,-1.2744,110728.44,2082697.378,0.5,0.5,,,,,
000858.SZ,20220722,187.5,188.5,185.0,185.91,186.7,-0.79,-0.4231,116985.63,2180797.972,0.5,0.5,,,,,
000858.SZ,20220725,186.85,188.5,184.75,188.08,185.91,2.17,1.1672,124799.02,2336297.1,0.5,0.5,,,,,
000858.SZ,20220726,188.86,192.0,188.68,190.99,188.08,2.91,1.5472,137474.45,2627310.531,0.5,0.5,,,,,
000858.SZ,20220727,190.05,191.01,187.56,188.1,190.99,-2.89,-1.5132,97491.24,1844277.553,0.5,0.5,,,,,
000858.SZ,20220728,188.45,190.5,186.85,187.12,188.1,-0.98,-0.521,92609.26,1744687.639,0.5,0.5,,,,,
000858.SZ,20220729,186.49,186.49,177.8,178.4,187.12,-8.72,-4.6601,340310.91,6166191.233,0.5,0.5,,,,,
000858.SZ,20220801,178.5,179.99,176.82,178.58,178.4,0.18,0.1009,156082.01,2791638.728,0.5,0.5,,,,,
000858.SZ,20220802,176.9,178.66,173.08,175.66,178.58,-2.92,-1.6351,176737.94,3114640.799,0.5,0.5,,,,,
000858.SZ,20220803,175.88,179.5,174.3,174.59,175.66,-1.07,-0.6091,154030.54,2710918.104,0.5,0.5,,,,,
000858.SZ,20220804,174.6,177.49,174.45,176.78,174.59,2.19,1.2544,133685.53,2350151.18,0.5,0.5,,,,,
000858.SZ,20220805,177.45,179.5,176.21,179.18,176.78,2.4,1.3576,127017.11,2260873.414,0.5,0.5,,,,,
000858.SZ,20220808,178.3,181.53,177.5,177.91,179.18,-1.27,-0.7088,130251.13,2331931.588,0.5,0.5,,,,,
000858.SZ,20220809,177.05,178.0,176.22,176.98,177.91,-0.93,-0.5227,85386.31,1511033.063,0.5,0.5,,,,,
000858.SZ,20220810,175.58,177.5,173.0,174.0,176.98,-2.98,-1.6838,143549.32,2503385.133,0.5,0.5,,,,,
000858.SZ,20220811,174.99,177.91,174.55,177.91,174.0,3.91,2.2471,139670.51,2468539.674,0.5,0.5,,,,,
000858.SZ,20220812,178.3,179.66,176.71,178.7,177.91,0.79,0.444,108618.95,1936659.422,0.5,0.5,,,,,
000858.SZ,20220815,177.63,179.6,175.7,176.0,178.7,-2.7,-1.5109,138440.11,2446911.673,0.5,0.5,,,,,
000858.SZ,20220816,175.97,177.3,174.7,175.23,176.0,-0.77,-0.4375,109975.43,1929236.389,0.5,0.5,,,,,
000858.SZ,20220817,175.31,176.97,174.02,176.2,175.23,0.97,0.5536,122116.28,2144649.842,0.5,0.5,,,,,
000858.SZ,20220818,175.0,175.2,172.01,173.43,176.2,-2.77,-1.5721,179552.16,3110937.648,0.5,0.5,,,,,
000858.SZ,20220819,172.5,175.15,172.0,173.66,173.43,0.23,0.1326,126037.8,2189742.325,0.5,0.5,,,,,
000858.SZ,20220822,172.3,173.45,170.26,171.5,173.66,-2.16,-1.2438,155130.18,2663565.072,0.5,0.5,,,,,
000858.SZ,20220823,171.7,172.29,167.5,168.0,171.5,-3.5,-2.0408,229248.45,3868689.013,0.5,0.5,,,,,
000858.SZ,20220824,167.96,169.5,166.0,167.24,168.0,-0.76,-0.4524,180254.6,3021329.673,0.5,0.5,,,,,
000858.SZ,20220825,167.89,169.98,167.23,169.41,167.24,2.17,1.2975,174853.9,2949656.306,0.5,0.5,,,,,
000858.SZ,20220826,171.88,173.8,169.56,170.1,169.41,0.69,0.4073,243786.83,4181288.062,0.5,0.5,,,,,
000858.SZ,20220829,167.44,169.55,165.0,165.35,170.1,-4.75,-2.7925,254305.64,4218793.35,0.5,0.5,,,,,
000858.SZ,20220830,164.0,164.76,162.19,164.03,165.35,-1.32,-0.7983,186432.52,3046737.234,0.5,0.5,,,,,
000858.SZ,20220831,162.9,167.98,162.5,167.19,164.03,3.16,1.9265,267333.48,4444754.516,0.5,0.5,,,,,
000858.SZ,20220901,166.0,166.0,163.3,163.56,167.19,-3.63,-2.1712,158441.89,2607493.588,0.5,0.5,,,,,
000858.SZ,20220902,164.49,164.49,161.01,161.84,163.56,-1.72,-1.0516,155924.24,2524463.032,0.5,0.5,,,,,
000858.SZ,20220905,160.0,160.35,157.07,159.02,161.84,-2.82,-1.7425,224320.12,3551118.312,0.5,0.5,,,,,
000858.SZ,20220906,159.02,161.35,158.27,160.53,159.02,1.51,0.9496,146937.67,2346001.119,0.5,0.5,,,,,
000858.SZ,20220907,160.0,160.01,158.0,158.94,160.53,-1.59,-0.9905,141507.87,2245681.618,0.5,0.5,,,,,
000858.SZ,20220908,160.01,161.35,158.88,159.07,158.94,0.13,0.0818,148671.78,2377952.564,0.5,0.5,,,,,
000858.SZ,20220909,159.11,161.65,158.36,161.46,159.07,2.39,1.5025,203188.47,3269738.015,0.5,0.5,,,,,
000858.SZ,20220913,163.88,164.97,161.7,163.63,161.46,2.17,1.344,224554.47,3676000.837,0.5,0.5,,,,,
000858.SZ,20220914,162.0,163.23,160.98,162.4,163.63,-1.23,-0.7517,143438.03,2325532.85,0.5,0.5,,,,,
000858.SZ,20220915,162.67,166.5,162.1,164.4,162.4,2.0,1.2315,244932.22,4041538.789,0.5,0.5,,,,,
000858.SZ,20220916,164.0,164.79,160.78,161.08,164.4,-3.32,-2.0195,178052.22,2882822.678,0.5,0.5,,,,,
000858.SZ,20220919,160.75,165.13,159.52,163.02,161.08,1.94,1.2044,172370.96,2810086.975,0.5,0.5,,,,,
000858.SZ,20220920,164.0,165.96,162.17,165.79,163.02,2.77,1.6992,184881.26,3048376.406,0.5,0.5,,,,,
000858.SZ,20220921,165.19,165.77,163.3,163.45,165.79,-2.34,-1.4114,127647.74,2093973.068,0.5,0.5,,,,,
000858.SZ,20220922,162.0,162.29,158.55,158.9,163.45,-4.55,-2.7837,182114.04,2916788.948,0.5,0.5,,,,,
000858.SZ,20220923,158.0,160.62,157.9,159.13,158.9,0.23,0.1447,120258.92,1916778.416,0.5,0.5,,,,,
000858.SZ,20220926,158.0,163.99,157.77,162.11,159.13,2.98,1.8727,210416.11,3411760.443,0.5,0.5,,,,,
000858.SZ,20220927,163.93,171.4,161.99,170.83,162.11,8.72,5.3791,354439.91,5929460.447,0.5,0.5,,,,,
000858.SZ,20220928,170.55,172.54,169.5,169.6,170.83,-1.23,-0.72,244310.5,4176068.02,0.5,0.5,,,,,
000858.SZ,20220929,172.49,172.52,167.55,168.51,169.6,-1.09,-0.6427,175647.12,2971843.109,0.5,0.5,,,,,
000858.SZ,20220930,169.89,172.0,168.86,169.23,168.51,0.72,0.4273,167010.01,2843915.545,0.5,0.5,,,,,
000858.SZ,20221010,169.5,170.1,158.69,158.9,169.23,-10.33,-6.1041,256509.12,4179453.268,0.5,0.5,,,,,
000858.SZ,20221011,158.91,160.01,154.9,158.59,158.9,-0.31,-0.1951,163898.13,2587296.299,0.5,0.5,,,,,
000858.SZ,20221012,158.3,158.3,152.0,156.6,158.59,-1.99,-1.2548,242385.45,3740666.46,0.5,0.5,,,,,
000858.SZ,20221013,154.99,155.68,152.51,153.57,156.6,-3.03,-1.9349,191401.41,2950015.936,0.5,0.5,,,,,
000858.SZ,20221014,154.58,160.3,154.57,159.12,153.57,5.55,3.614,228722.93,3619001.261,0.5,0.5,,,,,
000858.SZ,20221017,157.68,158.5,155.29,157.65,159.12,-1.47,-0.9238,146700.55,2301214.745,0.5,0.5,,,,,
000858.SZ,20221018,158.68,160.98,158.02,158.7,157.65,1.05,0.666,139689.16,2225727.909,0.5,0.5,,,,,
000858.SZ,20221019,158.51,158.51,154.0,154.5,158.7,-4.2,-2.6465,173929.32,2703461.176,0.5,0.5,,,,,
000858.SZ,20221020,152.5,156.8,152.0,154.15,154.5,-0.35,-0.2265,161200.45,2484510.764,0.5,0.5,,,,,
000858.SZ,20221021,154.0,154.13,151.5,152.15,154.15,-2.0,-1.2974,163210.02,2488390.106,0.5,0.5,,,,,
000858.SZ,20221024,150.01,150.41,142.25,143.23,152.15,-8.92,-5.8626,344038.87,5003671.163,0.5,0.5,,,,,
000858.SZ,20221025,140.75,145.27,140.51,142.12,143.23,-1.11,-0.775,209629.63,2986369.243,0.5,0.5,,,,,
000858.SZ,20221026,142.9,145.9,142.0,143.4,142.12,1.28,0.9006,179593.23,2580590.731,0.5,0.5,,,,,
000858.SZ,20221027,144.98,145.07,136.58,137.1,143.4,-6.3,-4.3933,369654.91,5154612.98,0.5,0.5,,,,,
000858.SZ,20221028,137.56,139.97,136.17,137.5,137.1,0.4,0.2918,255862.2,3534562.74,0.5,0.5,,,,,
000858.SZ,20221031,135.2,136.4,132.33,133.5,137.5,-4.0,-2.9091,225916.65,3030064.41,0.5,0.5,,,,,
000858.SZ,20221101,135.55,142.58,133.41,142.58,133.5,9.08,6.8015,391550.69,5440179.98,0.5,0.5,,,,,
000858.SZ,20221102,142.0,146.38,140.06,143.62,142.58,1.04,0.7294,318674.39,4565035.334,0.5,0.5,,,,,
000858.SZ,20221103,141.01,141.5,139.71,140.92,143.62,-2.7,-1.88,192819.31,2710951.378,0.5,0.5,,,,,
000858.SZ,20221104,140.5,152.0,140.35,150.0,140.92,9.08,6.4434,478983.44,7099560.99,0.5,0.5,,,,,
000858.SZ,20221107,149.0,152.7,147.68,151.14,150.0,1.14,0.76,228690.78,3435765.568,0.5,0.5,,,,,
000858.SZ,20221108,151.01,152.27,146.11,147.49,151.14,-3.65,-2.415,235677.86,3491479.586,0.5,0.5,,,,,
000858.SZ,20221109,147.2,149.05,145.08,145.4,147.49,-2.09,-1.417,151242.23,2208052.554,0.5,0.5,,,,,
000858.SZ,20221110,144.49,146.56,143.71,145.76,145.4,0.36,0.2476,176748.13,2568169.859,0.5,0.5,,,,,
000858.SZ,20221111,151.49,151.5,146.54,150.02,145.76,4.26,2.9226,368533.84,5514689.559,0.5,0.5,,,,,
000858.SZ,20221114,151.0,155.41,149.9,150.3,150.02,0.28,0.1866,281952.58,4287401.009,0.5,0.5,,,,,
000858.SZ,20221115,150.3,155.0,148.42,154.15,150.3,3.85,2.5615,276567.11,4223081.945,0.5,0.5,,,,,
000858.SZ,20221116,154.15,156.5,153.08,154.21,154.15,0.06,0.0389,182593.66,2827414.143,0.5,0.5,,,,,
000858.SZ,20221117,153.5,155.79,151.0,152.6,154.21,-1.61,-1.044,165581.18,2529048.877,0.5,0.5,,,,,
000858.SZ,20221118,153.0,155.3,152.71,153.61,152.6,1.01,0.6619,145855.98,2246335.618,0.5,0.5,,,,,
000858.SZ,20221121,150.5,150.97,148.0,148.93,153.61,-4.68,-3.0467,217624.82,3243860.975,0.5,0.5,,,,,
000858.SZ,20221122,148.92,152.9,148.81,150.23,148.93,1.3,0.8729,143769.98,2162414.726,0.5,0.5,,,,,
000858.SZ,20221123,150.23,151.5,148.9,149.77,150.23,-0.46,-0.3062,113462.08,1702094.213,0.5,0.5,,,,,
000858.SZ,20221124,151.0,151.49,147.0,147.81,149.77,-1.96,-1.3087,150858.04,2238041.526,0.5,0.5,,,,,
000858.SZ,20221125,147.93,148.93,146.4,147.38,147.81,-0.43,-0.2909,106766.24,1575517.167,0.5,0.5,,,,,
000858.SZ,20221128,144.83,148.01,142.05,147.65,147.38,0.27,0.1832,190131.47,2750115.838,0.5,0.5,,,,,
000858.SZ,20221129,149.92,155.15,149.9,155.05,147.65,7.4,5.0119,410406.5,6284033.998,0.5,0.5,,,,,
000858.SZ,20221130,154.8,159.97,154.0,156.86,155.05,1.81,1.1674,252286.05,3961994.532,0.5,0.5,,,,,
000858.SZ,20221201,165.0,169.99,163.86,164.59,156.86,7.73,4.928,440921.17,7325021.108,0.5,0.5,,,,,
000858.SZ,20221202,164.8,166.88,162.26,163.06,164.59,-1.53,-0.9296,210478.2,3461949.872,0.5,0.5,,,,,
000858.SZ,20221205,168.88,169.98,165.68,168.51,163.06,5.45,3.3423,297957.99,5007534.615,0.5,0.5,,,,,
000858.SZ,20221206,167.97,178.22,167.1,175.4,168.51,6.89,4.0888,433695.22,7576837.371,0.5,0.5,,,,,
000858.SZ,20221207,175.41,177.8,173.01,173.68,175.4,-1.72,-0.9806,311288.34,5443269.231,0.5,0.5,,,,,
000858.SZ,20221208,173.0,175.55,172.01,174.76,173.68,1.08,0.6218,156448.18,2723693.946,0.5,0.5,,,,,
000858.SZ,20221209,174.63,183.47,174.12,183.27,174.76,8.51,4.8695,419577.65,7550074.236,0.5,0.5,,,,,
000858.SZ,20221212,182.0,183.38,177.91,178.35,183.27,-4.92,-2.6846,299059.54,5387580.973,0.5,0.5,,,,,
000858.SZ,20221213,178.0,180.9,176.02,179.47,178.35,1.12,0.628,192762.19,3447321.253,0.5,0.5,,,,,
000858.SZ,20221214,179.45,185.27,178.36,184.08,179.47,4.61,2.5687,286989.12,5255273.237,0.5,0.5,,,,,
000858.SZ,20221215,184.2,185.8,180.77,181.96,184.08,-2.12,-1.1517,199344.21,3643457.579,0.5,0.5,,,,,
000858.SZ,20221216,180.22,183.08,178.66,182.52,181.96,0.56,0.3078,186426.33,3377432.022,0.5,0.5,,,,,
000858.SZ,20221219,183.5,184.71,179.0,179.95,182.52,-2.57,-1.4081,194184.35,3512784.488,0.5,0.5,,,,,
000858.SZ,20221220,179.94,180.5,169.88,172.51,179.95,-7.44,-4.1345,343457.56,5965655.88,0.5,0.5,,,,,
000858.SZ,20221221,175.0,175.67,173.55,174.49,172.51,1.98,1.1478,153853.19,2687724.56,0.5,0.5,,,,,
000858.SZ,20221222,176.03,181.55,174.67,179.5,174.49,5.01,2.8712,244423.93,4381920.906,0.5,0.5,,,,,
000858.SZ,20221223,177.0,183.0,176.4,180.29,179.5,0.79,0.4401,198619.64,3587724.307,0.5,0.5,,,,,
000858.SZ,20221226,180.29,181.2,177.56,178.6,180.29,-1.69,-0.9374,178298.34,3198529.055,0.5,0.5,,,,,
000858.SZ,20221227,180.0,182.5,179.15,181.05,178.6,2.45,1.3718,152275.35,2758777.142,0.5,0.5,,,,,
000858.SZ,20221228,180.99,180.99,177.88,180.18,181.05,-0.87,-0.4805,139377.86,2503523.214,0.5,0.5,,,,,
000858.SZ,20221229,179.0,180.0,176.74,178.75,180.18,-1.43,-0.7937,168504.91,3003533.017,0.5,0.5,,,,,
000858.SZ,20221230,179.78,181.19,179.0,180.69,178.75,1.94,1.0853,149764.95,2702577.295,0.5,0.5,,,,,
000858.SZ,20230103,181.0,181.81,176.51,178.2,180.69,-2.49,-1.3781,182062.04,3240728.572,0.5,0.5,,,,,
000858.SZ,20230104,178.0,180.5,176.3,178.62,178.2,0.42,0.2357,128835.84,2299619.966,0.5,0.5,,,,,
000858.SZ,20230105,181.5,189.51,180.4,189.0,178.62,10.38,5.8112,402790.56,7535626.606,0.5,0.5,,,,,
000858.SZ,20230106,191.11,191.11,187.78,190.46,189.0,1.46,0.7725,233382.95,4428033.739,0.5,0.5,,,,,
000858.SZ,20230109,192.45,196.89,190.16,195.88,190.46,5.42,2.8457,275573.14,5362756.421,0.5,0.5,,,,,
000858.SZ,20230110,195.8,196.71,194.61,195.24,195.88,-0.64,-0.3267,202752.36,3965377.701,0.5,0.5,,,,,
000858.SZ,20230111,195.04,195.99,192.6,194.1,195.24,-1.14,-0.5839,169994.58,3304975.11,0.5,0.5,,,,,
000858.SZ,20230112,195.0,195.77,192.01,193.39,194.1,-0.71,-0.3658,138226.99,2675310.869,0.5,0.5,,,,,
000858.SZ,20230113,193.39,199.41,193.34,198.58,193.39,5.19,2.6837,245064.46,4833945.958,0.5,0.5,,,,,
000858.SZ,20230116,200.0,209.27,200.0,206.52,198.58,7.94,3.9984,363524.79,7493040.737,0.5,0.5,,,,,
000858.SZ,20230117,207.0,207.78,201.61,202.86,206.52,-3.66,-1.7722,215078.9,4383014.177,0.5,0.5,,,,,
000858.SZ,20230118,204.93,211.79,204.32,205.8,202.86,2.94,1.4493,272412.17,5639270.862,0.5,0.5,,,,,
000858.SZ,20230119,206.45,206.5,202.35,205.3,205.8,-0.5,-0.243,181198.92,3710296.048,0.5,0.5,,,,,
000858.SZ,20230120,207.89,212.0,207.1,208.72,205.3,3.42,1.6659,273480.25,5738958.67,0.5,0.5,,,,,
000858.SZ,20230130,218.59,219.89,214.28,217.6,208.72,8.88,4.2545,321808.76,7001555.735,0.5,0.5,,,,,
000858.SZ,20230131,216.99,217.77,208.9,209.0,217.6,-8.6,-3.9522,257247.08,5456751.654,0.5,0.5,,,,,
000858.SZ,20230201,208.5,210.6,203.76,210.06,209.0,1.06,0.5072,256552.23,5334911.717,0.5,0.5,,,,,
000858.SZ,20230202,211.69,214.5,210.15,212.51,210.06,2.45,1.1663,183271.61,3899833.436,0.5,0.5,,,,,
000858.SZ,20230203,210.0,212.0,206.0,210.0,212.51,-2.51,-1.1811,199352.09,4156921.814,0.5,0.5,,,,,
000858.SZ,20230206,199.53,204.53,197.28,201.7,210.0,-8.3,-3.9524,334075.44,6710340.318,0.5,0.5,,,,,
000858.SZ,20230207,201.7,205.3,201.5,203.17,201.7,1.47,0.7288,158115.88,3216023.678,0.5,0.5,,,,,
000858.SZ,20230208,203.17,204.0,198.22,199.55,203.17,-3.62,-1.7818,169057.33,3384827.004,0.5,0.5,,,,,
000858.SZ,20230209,199.66,207.74,199.55,207.39,199.55,7.84,3.9288,244939.92,5026717.804,0.5,0.5,,,,,
000858.SZ,20230210,207.39,207.48,203.12,204.7,207.39,-2.69,-1.2971,140321.29,2872338.309,0.5,0.5,,,,,
000858.SZ,20230213,203.0,214.9,202.99,212.4,204.7,7.7,3.7616,289087.83,6110099.289,0.5,0.5,,,,,
000858.SZ,20230214,212.4,213.75,208.6,209.24,212.4,-3.16,-1.4878,184901.9,3886700.986,0.5,0.5,,,,,
000858.SZ,20230215,211.59,213.89,209.5,211.0,209.24,1.76,0.8411,169257.91,3584495.859,0.5,0.5,,,,,
000858.SZ,20230216,209.35,214.68,207.8,210.79,211.0,-0.21,-0.0995,213379.6,4522470.62,0.5,0.5,,,,,
000858.SZ,20230217,209.45,214.45,208.0,208.15,210.79,-2.64,-1.2524,184467.76,3901124.993,0.5,0.5,,,,,
000858.SZ,20230220,208.2,213.8,205.5,212.95,208.15,4.8,2.306,191667.54,4024080.432,0.5,0.5,,,,,
000858.SZ,20230221,212.5,212.62,208.5,210.08,212.95,-2.87,-1.3477,139395.73,2922693.859,0.5,0.5,,,,,
000858.SZ,20230222,208.45,210.54,206.5,207.5,210.08,-2.58,-1.2281,141005.45,2931801.636,0.5,0.5,,,,,
000858.SZ,20230223,206.5,208.22,203.7,205.1,207.5,-2.4,-1.1566,145808.01,2993988.118,0.5,0.5,,,,,
000858.SZ,20230224,205.07,205.07,199.82,201.1,205.1,-4.0,-1.9503,203957.18,4104764.614,0.5,0.5,,,,,
000858.SZ,20230227,199.06,206.23,198.84,204.81,201.1,3.71,1.8449,172995.57,3517673.755,0.5,0.5,,,,,
000858.SZ,20230228,207.0,208.06,202.08,204.42,204.81,-0.39,-0.1904,114801.42,2342737.529,0.5,0.5,,,,,
000858.SZ,20230301,204.17,208.85,202.9,207.38,204.42,2.96,1.448,154465.75,3196937.763,0.5,0.5,,,,,
000858.SZ,20230302,206.1,207.61,205.36,206.24,207.38,-1.14,-0.5497,74476.71,1537653.714,0.5,0.5,,,,,
000858.SZ,20230303,208.0,209.46,203.5,205.76,206.24,-0.48,-0.2327,92836.68,1912804.916,0.5,0.5,,,,,
000858.SZ,20230306,205.01,206.5,202.58,204.58,205.76,-1.18,-0.5735,111402.26,2277420.061,0.5,0.5,,,,,
000858.SZ,20230307,204.35,204.35,200.11,200.45,204.58,-4.13,-2.0188,125272.07,2532351.683,0.5,0.5,,,,,
000858.SZ,20230308,199.0,201.5,198.0,199.3,200.45,-1.15,-0.5737,102191.3,2035672.77,0.5,0.5,,,,,
000858.SZ,20230309,199.0,199.7,193.9,198.0,199.3,-1.3,-0.6523,168504.86,3323035.487,0.5,0.5,,,,,
000858.SZ,20230310,196.21,199.58,195.17,195.24,198.0,-2.76,-1.3939,110956.57,2181297.329,0.5,0.5,,,,,
000858.SZ,20230313,195.0,200.28,195.0,198.6,195.24,3.36,1.721,126472.23,2510450.83,0.5,0.5,,,,,
000858.SZ,20230314,198.7,198.72,193.7,195.28,198.6,-3.32,-1.6717,102842.59,2013558.949,0.5,0.5,,,,,
000858.SZ,20230315,198.0,199.33,192.3,192.32,195.28,-2.96,-1.5158,129880.09,2527648.821,0.5,0.5,,,,,
000858.SZ,20230316,191.0,194.2,189.33,191.2,192.32,-1.12,-0.5824,120543.71,2309099.79,0.5,0.5,,,,,
000858.SZ,20230317,193.85,194.24,188.0,188.5,191.2,-2.7,-1.4121,156070.45,2970579.105,0.5,0.5,,,,,
000858.SZ,20230320,190.0,190.59,185.0,185.9,188.5,-2.6,-1.3793,154642.64,2889012.995,0.5,0.5,,,,,
000858.SZ,20230321,187.4,193.11,185.22,192.24,185.9,6.34,3.4104,187892.8,3583069.187,0.5,0.5,,,,,
000858.SZ,20230322,192.25,196.08,191.42,191.77,192.24,-0.47,-0.2445,108532.12,2097093.753,0.5,0.5,,,,,
000858.SZ,20230323,190.9,195.99,190.06,194.58,191.77,2.81,1.4653,132842.14,2578838.699,0.5,0.5,,,,,
000858.SZ,20230324,194.0,195.95,191.5,193.02,194.58,-1.56,-0.8017,102530.22,1984030.938,0.5,0.5,,,,,
000858.SZ,20230327,192.81,192.84,189.0,190.41,193.02,-2.61,-1.3522,118798.52,2258153.855,0.5,0.5,,,,,
000858.SZ,20230328,190.39,193.91,190.21,192.5,190.41,2.09,1.0976,109186.09,2099319.286,0.5,0.5,,,,,
000858.SZ,20230329,194.0,196.0,191.6,195.28,192.5,2.78,1.4442,159539.32,3103306.614,0.5,0.5,,,,,
000858.SZ,20230330,195.28,198.96,194.18,198.39,195.28,3.11,1.5926,151486.89,2983220.918,0.5,0.5,,,,,
000858.SZ,20230331,201.0,202.0,197.0,197.0,198.39,-1.39,-0.7006,127589.87,2541477.089,0.5,0.5,,,,,
000858.SZ,20230403,196.98,197.0,193.08,195.19,197.0,-1.81,-0.9188,133660.24,2604697.434,0.5,0.5,,,,,
000858.SZ,20230404,195.5,196.66,192.95,196.15,195.19,0.96,0.4918,142473.4,2772976.031,0.5,0.5,,,,,
000858.SZ,20230406,195.0,195.0,189.07,190.54,196.15,-5.61,-2.8601,151074.92,2889971.045,0.5,0.5,,,,,
000858.SZ,20230407,189.8,191.83,187.54,189.06,190.54,-1.48,-0.7767,113038.17,2139054.072,0.5,0.5,,,,,
000858.SZ,20230410,185.0,185.02,178.2,184.65,189.06,-4.41,-2.3326,339732.09,6169351.676,0.5,0.5,,,,,
000858.SZ,20230411,183.97,184.15,180.01,180.53,184.65,-4.12,-2.2312,191194.46,3472021.583,0.5,0.5,,,,,
000858.SZ,20230412,181.0,181.11,175.55,175.82,180.53,-4.71,-2.609,272833.91,4827573.322,0.5,0.5,,,,,
000858.SZ,20230413,176.0,179.9,175.55,177.88,175.82,2.06,1.1717,210802.14,3748131.434,0.5,0.5,,,,,
000858.SZ,20230414,178.22,178.5,175.03,175.59,177.88,-2.29,-1.2874,144653.08,2549260.307,0.5,0.5,,,,,
000858.SZ,20230417,176.79,179.92,176.49,178.18,175.59,2.59,1.475,185552.89,3301205.327,0.5,0.5,,,,,
000858.SZ,20230418,179.0,180.17,177.58,178.32,178.18,0.14,0.0786,144066.96,2574306.113,0.5,0.5,,,,,
000858.SZ,20230419,178.67,178.96,175.5,176.29,178.32,-2.03,-1.1384,126172.46,2225609.751,0.5,0.5,,,,,
000858.SZ,20230420,176.34,176.98,172.5,173.5,176.29,-2.79,-1.5826,148008.56,2578285.584,0.5,0.5,,,,,
000858.SZ,20230421,174.0,175.3,171.8,172.0,173.5,-1.5,-0.8646,120919.51,2096658.342,0.5,0.5,,,,,
000858.SZ,20230424,172.1,172.9,167.5,168.0,172.0,-4.0,-2.3256,176090.69,2970098.989,0.5,0.5,,,,,
000858.SZ,20230425,168.0,169.88,165.65,169.8,168.0,1.8,1.0714,154897.26,2602607.466,0.5,0.5,,,,,
000858.SZ,20230426,169.1,171.18,167.58,168.61,169.8,-1.19,-0.7008,148126.82,2500348.755,0.5,0.5,,,,,
000858.SZ,20230427,168.6,170.3,166.4,169.17,168.61,0.56,0.3321,150393.14,2530897.181,0.5,0.5,,,,,
000858.SZ,20230428,171.26,171.95,167.88,169.0,169.17,-0.17,-0.1005,179385.64,3038219.04,0.5,0.5,,,,,
000858.SZ,20230504,172.5,172.95,167.45,168.95,169.0,-0.05,-0.0296,265877.93,4516684.022,0.5,0.5,,,,,
000858.SZ,20230505,168.95,174.1,168.25,173.71,168.95,4.76,2.8174,251726.9,4324694.285,0.5,0.5,,,,,
000858.SZ,20230508,174.5,175.5,170.79,171.4,173.71,-2.31,-1.3298,177533.73,3055844.963,0.5,0.5,,,,,
000858.SZ,20230509,170.83,177.5,170.0,174.77,171.4,3.37,1.9662,222923.12,3891367.974,0.5,0.5,,,,,
000858.SZ,20230510,172.8,174.5,171.59,173.32,174.77,-1.45,-0.8297,118909.94,2057577.183,0.5,0.5,,,,,
000858.SZ,20230511,173.98,176.49,172.21,172.57,173.32,-0.75,-0.4327,122896.31,2138045.981,0.5,0.5,,,,,
000858.SZ,20230512,172.2,174.5,169.36,169.37,172.57,-3.2,-1.8543,129591.57,2218100.021,0.5,0.5,,,,,
000858.SZ,20230515,168.25,172.49,168.03,172.44,169.37,3.07,1.8126,130799.86,2232478.635,0.5,0.5,,,,,
000858.SZ,20230516,172.3,172.36,169.8,170.49,172.44,-1.95,-1.1308,99364.68,1694257.812,0.5,0.5,,,,,
000858.SZ,20230517,170.0,170.9,168.75,169.34,170.49,-1.15,-0.6745,86021.5,1458848.098,0.5,0.5,,,,,
000858.SZ,20230518,169.49,170.71,168.0,168.66,169.34,-0.68,-0.4016,87803.86,1484050.324,0.5,0.5,,,,,
000858.SZ,20230519,168.09,171.26,166.75,170.8,168.66,2.14,1.2688,120745.86,2048104.075,0.5,0.5,,,,,
000858.SZ,20230522,170.89,179.06,169.08,177.61,170.8,6.81,3.9871,302445.22,5326580.958,0.5,0.5,,,,,
000858.SZ,20230523,177.8,178.5,174.0,174.0,177.61,-3.61,-2.0325,136724.31,2402618.291,0.5,0.5,,,,,
000858.SZ,20230524,173.52,173.98,170.35,170.35,174.0,-3.65,-2.0977,133550.66,2297763.605,0.5,0.5,,,,,
000858.SZ,20230525,169.42,169.68,167.45,168.2,170.35,-2.15,-1.2621,143925.25,2421836.659,0.5,0.5,,,,,
000858.SZ,20230526,168.2,171.89,168.0,170.1,168.2,1.9,1.1296,122874.8,2088300.565,0.5,0.5,,,,,
000858.SZ,20230529,170.94,171.85,167.58,168.26,170.1,-1.84,-1.0817,129768.8,2191774.954,0.5,0.5,,,,,
000858.SZ,20230530,168.0,169.45,163.5,165.17,168.26,-3.09,-1.8364,183603.34,3039522.846,0.5,0.5,,,,,
000858.SZ,20230531,165.0,165.13,160.02,161.18,165.17,-3.99,-2.4157,213448.41,3448000.885,0.5,0.5,,,,,
000858.SZ,20230601,162.49,166.6,161.2,163.32,161.18,2.14,1.3277,169016.44,2774057.591,0.5,0.5,,,,,
000858.SZ,20230602,165.0,168.4,163.33,167.9,163.32,4.58,2.8043,192083.97,3199284.099,0.5,0.5,,,,,
000858.SZ,20230605,167.28,167.68,164.63,165.2,167.9,-2.7,-1.6081,113446.97,1879812.886,0.5,0.5,,,,,
000858.SZ,20230606,166.3,168.43,164.53,165.62,165.2,0.42,0.2542,135367.64,2256103.842,0.5,0.5,,,,,
000858.SZ,20230607,166.15,167.05,164.0,164.0,165.62,-1.62,-0.9781,95325.61,1574392.183,0.5,0.5,,,,,
000858.SZ,20230608,164.21,166.07,163.02,164.82,164.0,0.82,0.5,91572.82,1504742.545,0.5,0.5,,,,,
000858.SZ,20230609,164.94,165.98,163.8,164.59,164.82,-0.23,-0.1395,119635.17,1970427.702,0.5,0.5,,,,,
000858.SZ,20230612,164.02,172.0,162.94,170.41,164.59,5.82,3.5361,241838.01,4073838.204,0.5,0.5,,,,,
000858.SZ,20230613,170.0,173.9,169.41,173.08,170.41,2.67,1.5668,182936.46,3156768.739,0.5,0.5,,,,,
000858.SZ,20230614,174.8,179.35,172.66,177.68,173.08,4.6,2.6577,241015.42,4279986.457,0.5,0.5,,,,,
000858.SZ,20230615,179.21,182.82,178.0,182.0,177.68,4.32,2.4313,240450.09,4346343.723,0.5,0.5,,,,,
000858.SZ,20230616,182.6,185.6,181.5,184.08,182.0,2.08,1.1429,216313.8,3975777.954,0.5,0.5,,,,,
000858.SZ,20230619,183.0,183.71,176.5,177.54,184.08,-6.54,-3.5528,242341.72,4330534.593,0.5,0.5,,,,,
000858.SZ,20230620,177.0,178.4,173.6,174.01,177.54,-3.53,-1.9883,178689.34,3129124.755,0.5,0.5,,,,,
000858.SZ,20230621,173.99,174.89,171.2,171.4,174.01,-2.61,-1.4999,139484.5,2409049.47,0.5,0.5,,,,,
000858.SZ,20230626,169.5,169.89,165.0,166.66,171.4,-4.74,-2.7655,219340.31,3652673.794,0.5,0.5,,,,,
000858.SZ,20230627,164.17,166.5,162.2,166.12,162.88,3.24,1.9892,200679.06,3307807.251,0.5,0.5,,,,,
000858.SZ,20230628,165.23,168.6,164.38,166.67,166.12,0.55,0.3311,119426.4,1990481.708,0.5,0.5,,,,,
000858.SZ,20230629,166.0,166.5,163.27,163.81,166.67,-2.86,-1.716,117723.52,1934965.472,0.5,0.5,,,,,
000858.SZ,20230630,164.7,165.1,162.8,163.57,163.81,-0.24,-0.1465,103370.54,1695951.752,0.5,0.5,,,,,
000858.SZ,20230703,163.27,167.49,162.85,167.36,163.57,3.79,2.3171,173373.06,2875749.982,0.5,0.5,,,,,
000858.SZ,20230704,167.0,168.5,165.55,168.22,167.36,0.86,0.5139,125957.42,2107039.768,0.5,0.5,,,,,
000858.SZ,20230705,167.52,167.6,165.0,165.38,168.22,-2.84,-1.6883,115416.08,1911856.439,0.5,0.5,,,,,
000858.SZ,20230706,165.3,166.81,163.85,164.3,165.38,-1.08,-0.653,101449.77,1672166.188,0.5,0.5,,,,,
000858.SZ,20230707,164.19,165.0,163.32,163.66,164.3,-0.64,-0.3895,78969.85,1294178.678,0.5,0.5,,,,,
000858.SZ,20230710,164.98,166.5,164.21,164.6,163.66,0.94,0.5744,96715.25,1597774.605,0.5,0.5,,,,,
000858.SZ,20230711,165.45,165.76,163.88,165.14,164.6,0.54,0.3281,70205.62,1156564.822,0.5,0.5,,,,,
000858.SZ,20230712,165.2,166.66,165.0,165.46,165.14,0.32,0.1938,118840.29,1970009.88,0.5,0.5,,,,,
000858.SZ,20230713,167.88,173.0,166.65,172.65,165.46,7.19,4.3455,323513.6,5531880.616,0.5,0.5,,,,,
000858.SZ,20230714,173.6,174.33,170.79,171.99,172.65,-0.66,-0.3823,150722.88,2594877.559,0.5,0.5,,,,,
000858.SZ,20230717,170.5,170.98,168.16,169.66,171.99,-2.33,-1.3547,93256.75,1575729.874,0.5,0.5,,,,,
000858.SZ,20230718,169.7,170.23,168.0,168.4,169.66,-1.26,-0.7427,81959.02,1381227.321,0.5,0.5,,,,,
000858.SZ,20230719,167.82,168.76,166.81,168.32,168.4,-0.08,-0.0475,76855.51,1288284.983,0.5,0.5,,,,,
000858.SZ,20230720,169.0,171.28,168.08,168.56,168.32,0.24,0.1426,127501.98,2163844.782,0.5,0.5,,,,,
000858.SZ,20230721,169.88,174.0,167.88,171.27,168.56,2.71,1.6077,195386.88,3356305.157,0.5,0.5,,,,,
000858.SZ,20230724,169.13,170.0,167.9,169.36,171.27,-1.91,-1.1152,131716.39,2222174.196,0.5,0.5,,,,,
000858.SZ,20230725,176.0,180.67,175.17,179.5,169.36,10.14,5.9872,440631.94,7867658.288,0.5,0.5,,,,,
000858.SZ,20230726,179.5,180.68,176.85,177.8,179.5,-1.7,-0.9471,174025.43,3104017.698,0.5,0.5,,,,,
000858.SZ,20230727,178.97,180.85,176.85,178.46,177.8,0.66,0.3712,187987.06,3367125.65,0.5,0.5,,,,,
000858.SZ,20230728,177.3,182.16,176.63,181.18,178.46,2.72,1.5242,319693.16,5753479.23,0.5,0.5,,,,,
000858.SZ,20230731,186.6,188.57,180.98,181.0,181.18,-0.18,-0.0993,315593.53,5816020.903,0.5,0.5,,,,,
000858.SZ,20230801,181.69,184.15,178.5,179.88,181.0,-1.12,-0.6188,195718.03,3543719.056,0.5,0.5,,,,,
000858.SZ,20230802,179.0,180.99,177.2,177.98,179.88,-1.9,-1.0563,155080.19,2770075.424,0.5,0.5,,,,,
000858.SZ,20230803,177.04,179.96,175.13,178.6,177.98,0.62,0.3484,152645.98,2712382.851,0.5,0.5,,,,,
000858.SZ,20230804,181.39,182.5,178.7,179.28,178.6,0.68,0.3807,143477.61,2585669.217,0.5,0.5,,,,,
000858.SZ,20230807,178.3,179.28,176.4,177.31,179.28,-1.97,-1.0988,156929.62,2784302.714,0.5,0.5,,,,,
000858.SZ,20230808,176.18,178.06,175.18,176.88,177.31,-0.43,-0.2425,116143.22,2050696.313,0.5,0.5,,,,,
000858.SZ,20230809,177.46,177.88,176.1,177.18,176.88,0.3,0.1696,86795.51,1536212.479,0.5,0.5,,,,,
000858.SZ,20230810,176.88,177.0,174.66,176.31,177.18,-0.87,-0.491,104237.85,1833070.604,0.5,0.5,,,,,
000858.SZ,20230811,177.46,177.55,172.27,172.36,176.31,-3.95,-2.2404,148886.27,2590746.331,0.5,0.5,,,,,
000858.SZ,20230814,170.0,170.33,166.0,168.62,172.36,-3.74,-2.1699,210945.14,3548868.735,0.5,0.5,,,,,
000858.SZ,20230815,168.61,168.9,165.69,166.5,168.62,-2.12,-1.2573,168144.67,2803400.143,0.5,0.5,,,,,
000858.SZ,20230816,166.28,167.4,165.2,166.7,166.5,0.2,0.1201,116276.66,1937166.439,0.5,0.5,,,,,
000858.SZ,20230817,165.9,168.61,164.5,168.44,166.7,1.74,1.0438,166931.82,2790070.935,0.5,0.5,,,,,
000858.SZ,20230818,168.42,168.68,163.5,163.53,168.44,-4.91,-2.915,279479.53,4605753.431,0.5,0.5,,,,,
000858.SZ,20230821,162.18,164.36,161.38,161.97,163.53,-1.56,-0.954,164506.64,2676283.338,0.5,0.5,,,,,
000858.SZ,20230822,162.62,163.5,160.48,162.15,161.97,0.18,0.1111,156920.86,2538910.286,0.5,0.5,,,,,
000858.SZ,20230823,162.05,162.14,160.0,160.01,162.15,-2.14,-1.3198,146839.0,2360128.006,0.5,0.5,,,,,
000858.SZ,20230824,160.08,163.5,159.21,162.26,160.01,2.25,1.4062,175895.45,2842412.944,0.5,0.5,,,,,
000858.SZ,20230825,161.02,162.77,160.55,161.55,162.26,-0.71,-0.4376,116301.71,1877818.205,0.5,0.5,,,,,
000858.SZ,20230828,168.01,168.99,157.01,157.49,161.55,-4.06,-2.5132,545770.7,8739965.733,0.5,0.5,,,,,
000858.SZ,20230829,156.0,160.1,155.33,159.4,157.49,1.91,1.2128,238731.76,3780207.169,0.5,0.5,,,,,
000858.SZ,20230830,159.4,160.12,157.6,157.82,159.4,-1.58,-0.9912,225986.63,3580879.5,0.5,0.5,,,,,
000858.SZ,20230831,157.82,157.83,155.83,155.91,157.82,-1.91,-1.2102,220018.37,3443917.303,0.5,0.5,,,,,
000858.SZ,20230901,157.0,159.96,157.0,159.74,155.91,3.83,2.4565,232386.72,3701951.294,0.5,0.5,,,,,
000858.SZ,20230904,161.6,168.0,161.6,167.93,159.74,8.19,5.1271,464964.59,7710567.732,0.5,0.5,,,,,
000858.SZ,20230905,167.8,168.23,165.24,165.72,167.93,-2.21,-1.316,190550.24,3170571.173,0.5,0.5,,,,,
000858.SZ,20230906,165.06,166.45,164.0,165.69,165.72,-0.03,-0.0181,130492.65,2155900.998,0.5,0.5,,,,,
000858.SZ,20230907,165.0,165.17,162.9,163.1,165.69,-2.59,-1.5632,118861.06,1947052.986,0.5,0.5,,,,,
000858.SZ,20230908,162.26,162.7,160.5,161.92,163.1,-1.18,-0.7235,104972.11,1695834.401,0.5,0.5,,,,,
000858.SZ,20230911,161.0,165.31,160.15,164.35,161.92,2.43,1.5007,160682.74,2625927.003,0.5,0.5,,,,,
000858.SZ,20230912,163.4,164.06,162.61,162.98,164.35,-1.37,-0.8336,89428.28,1459902.261,0.5,0.5,,,,,
000858.SZ,20230913,164.0,165.39,162.45,163.65,162.98,0.67,0.4111,131147.21,2150208.87,0.5,0.5,,,,,
000858.SZ,20230914,163.65,164.23,161.03,162.0,163.65,-1.65,-1.0082,130473.23,2115828.262,0.5,0.5,,,,,
000858.SZ,20230915,162.07,163.04,159.3,159.71,162.0,-2.29,-1.4136,177555.46,2846912.333,0.5,0.5,,,,,
000858.SZ,20230918,159.0,163.01,158.01,162.8,159.71,3.09,1.9348,162983.17,2634257.628,0.5,0.5,,,,,
000858.SZ,20230919,162.01,162.2,159.5,160.91,162.8,-1.89,-1.1609,113674.16,1824120.706,0.5,0.5,,,,,
000858.SZ,20230920,160.2,161.0,159.7,159.84,160.91,-1.07,-0.665,87123.6,1394723.511,0.5,0.5,,,,,
000858.SZ,20230921,159.0,159.5,157.52,157.66,159.84,-2.18,-1.3639,129454.75,2046008.259,0.5,0.5,,,,,
000858.SZ,20230922,157.0,160.31,156.7,159.92,157.66,2.26,1.4335,154319.92,2451918.127,0.5,0.5,,,,,
000858.SZ,20230925,159.76,159.88,158.6,158.9,159.92,-1.02,-0.6378,105364.95,1676603.466,0.5,0.5,,,,,
000858.SZ,20230926,158.88,159.47,156.65,156.65,158.9,-2.25,-1.416,125015.74,1969171.205,0.5,0.5,,,,,
000858.SZ,20230927,156.66,158.65,156.0,156.59,156.65,-0.06,-0.0383,132812.01,2083949.327,0.5,0.5,,,,,
000858.SZ,20230928,156.59,157.38,155.68,156.1,156.59,-0.49,-0.3129,123857.23,1933102.453,0.5,0.5,,,,,
000858.SZ,20231009,156.09,156.09,151.8,154.27,156.1,-1.83,-1.1723,153573.35,2365643.872,0.5,0.5,,,,,
000858.SZ,20231010,155.49,156.58,153.06,153.41,154.27,-0.86,-0.5575,127175.3,1965311.404,0.5,0.5,,,,,
000858.SZ,20231011,154.57,155.23,153.36,153.7,153.41,0.29,0.189,99121.97,1526531.427,0.5,0.5,,,,,
000858.SZ,20231012,155.25,156.0,154.21,155.73,153.7,2.03,1.3208,137972.15,2144168.262,0.5,0.5,,,,,
000858.SZ,20231013,154.5,154.5,152.01,153.63,155.73,-2.1,-1.3485,142933.86,2189951.711,0.5,0.5,,,,,
000858.SZ,20231016,153.08,153.4,149.71,150.14,153.63,-3.49,-2.2717,152366.13,2299307.44,0.5,0.5,,,,,
000858.SZ,20231017,150.14,151.24,148.56,150.41,150.14,0.27,0.1798,107201.76,1610282.34,0.5,0.5,,,,,
000858.SZ,20231018,149.98,151.32,149.18,149.24,150.41,-1.17,-0.7779,101105.2,1516335.019,0.5,0.5,,,,,
000858.SZ,20231019,148.0,148.0,143.96,144.25,149.24,-4.99,-3.3436,217384.92,3161472.147,0.5,0.5,,,,,
000858.SZ,20231020,143.0,145.93,142.57,143.7,144.25,-0.55,-0.3813,133164.38,1920618.082,0.5,0.5,,,,,
000858.SZ,20231023,143.64,145.81,142.4,143.75,143.7,0.05,0.0348,120292.29,1727517.066,0.5,0.5,,,,,
000858.SZ,20231024,143.76,144.99,141.7,144.05,143.75,0.3,0.2087,167073.89,2395874.813,0.5,0.5,,,,,
000858.SZ,20231025,146.95,151.0,146.95,149.34,144.05,5.29,3.6723,254421.54,3792234.58,0.5,0.5,,,,,
000858.SZ,20231026,148.0,151.2,147.8,151.05,149.34,1.71,1.145,146177.28,2187779.863,0.5,0.5,,,,,
000858.SZ,20231027,150.57,153.55,150.16,152.99,151.05,1.94,1.2843,170653.9,2603681.374,0.5,0.5,,,,,
000858.SZ,20231030,155.95,158.36,155.0,156.6,152.99,3.61,2.3596,274030.19,4289723.343,0.5,0.5,,,,,
000858.SZ,20231031,157.5,157.65,155.02,156.0,156.6,-0.6,-0.3831,144978.63,2261223.857,0.5,0.5,,,,,
000858.SZ,20231101,166.0,167.28,160.0,160.0,156.0,4.0,2.5641,469346.02,7622902.568,0.5,0.5,,,,,
000858.SZ,20231102,160.08,160.96,157.73,157.9,160.0,-2.1,-1.3125,165131.68,2623333.602,0.5,0.5,,,,,
000858.SZ,20231103,157.9,160.0,157.66,159.67,157.9,1.77,1.121,138143.86,2200311.516,0.5,0.5,,,,,
000858.SZ,20231106,160.67,160.87,158.5,159.84,159.67,0.17,0.1065,137512.03,2192590.029,0.5,0.5,,,,,
000858.SZ,20231107,159.3,159.9,158.0,159.31,159.84,-0.53,-0.3316,107303.64,1705482.356,0.5,0.5,,,,,
000858.SZ,20231108,158.5,159.78,157.57,158.63,159.31,-0.68,-0.4268,126463.03,2003995.988,0.5,0.5,,,,,
000858.SZ,20231109,158.0,159.5,158.0,158.55,158.63,-0.08,-0.0504,91988.79,1458982.552,0.5,0.5,,,,,
000858.SZ,20231110,157.5,158.28,156.5,156.9,158.55,-1.65,-1.0407,89630.8,1407108.917,0.5,0.5,,,,,
000858.SZ,20231113,156.89,157.17,154.06,154.88,156.9,-2.02,-1.2874,125575.39,1948615.157,0.5,0.5,,,,,
000858.SZ,20231114,155.88,157.89,155.0,155.9,154.88,1.02,0.6586,112991.59,1764357.473,0.5,0.5,,,,,
000858.SZ,20231115,157.81,158.14,156.7,157.25,155.9,1.35,0.8659,101757.15,1601063.926,0.5,0.5,,,,,
000858.SZ,20231116,157.0,157.7,156.13,156.37,157.25,-0.88,-0.5596,70363.98,1102563.043,0.5,0.5,,,,,
000858.SZ,20231117,155.5,156.48,154.36,155.0,156.37,-1.37,-0.8761,84520.69,1309342.331,0.5,0.5,,,,,
000858.SZ,20231120,154.99,155.94,153.6,154.4,155.0,-0.6,-0.3871,114859.28,1773729.316,0.5,0.5,,,,,
000858.SZ,20231121,155.0,156.64,153.25,155.3,154.4,0.9,0.5829,166976.98,2595787.144,0.5,0.5,,,,,
000858.SZ,20231122,154.2,154.92,153.51,153.51,155.3,-1.79,-1.1526,86912.77,1338320.986,0.5,0.5,,,,,
000858.SZ,20231123,153.0,153.45,151.85,153.07,153.51,-0.44,-0.2866,94576.01,1442390.954,0.5,0.5,,,,,
000858.SZ,20231124,152.9,153.88,152.31,153.23,153.07,0.16,0.1045,93095.48,1425448.392,0.5,0.5,,,,,
000858.SZ,20231127,152.79,152.8,148.89,149.25,153.23,-3.98,-2.5974,185269.59,2774364.092,0.5,0.5,,,,,
000858.SZ,20231128,149.29,150.08,147.65,148.75,149.25,-0.5,-0.335,139103.16,2066506.936,0.5,0.5,,,,,
000858.SZ,20231129,148.58,148.6,146.9,148.3,148.75,-0.45,-0.3025,86484.76,1279519.709,0.5,0.5,,,,,
000858.SZ,20231130,148.17,149.39,148.01,149.15,148.3,0.85,0.5732,106833.06,1591108.412,0.5,0.5,,,,,
000858.SZ,20231201,149.0,149.0,146.01,147.21,149.15,-1.94,-1.3007,134303.75,1977001.207,0.5,0.5,,,,,
000858.SZ,20231204,146.49,147.67,145.59,145.85,147.21,-1.36,-0.9239,106955.82,1565168.595,0.5,0.5,,,,,
000858.SZ,20231205,145.5,145.83,142.24,142.67,145.85,-3.18,-2.1803,150411.03,2167619.335,0.5,0.5,,,,,
000858.SZ,20231206,142.6,145.2,141.66,144.1,142.67,1.43,1.0023,144742.12,2081995.217,0.5,0.5,,,,,
000858.SZ,20231207,144.1,144.27,141.5,142.52,144.1,-1.58,-1.0965,151070.94,2152755.582,0.5,0.5,,,,,
000858.SZ,20231208,142.52,144.3,142.22,142.93,142.52,0.41,0.2877,144759.28,2075536.415,0.5,0.5,,,,,
000858.SZ,20231211,139.6,140.0,136.56,139.2,142.93,-3.73,-2.6097,323120.72,4465383.123,0.5,0.5,,,,,
000858.SZ,20231212,138.0,139.68,137.73,139.3,139.2,0.1,0.0718,144022.67,2002700.042,0.5,0.5,,,,,
000858.SZ,20231213,138.6,138.68,133.58,133.78,139.3,-5.52,-3.9627,318645.8,4313281.476,0.5,0.5,,,,,
000858.SZ,20231214,135.0,135.98,132.65,132.65,133.78,-1.13,-0.8447,214417.94,2872608.826,0.5,0.5,,,,,
000858.SZ,20231215,133.67,135.8,132.8,133.7,132.65,1.05,0.7916,200132.78,2685090.416,0.5,0.5,,,,,
000858.SZ,20231218,132.05,134.8,131.87,134.0,133.7,0.3,0.2244,129300.13,1727901.875,0.5,0.5,,,,,
000858.SZ,20231219,133.99,133.99,132.56,133.33,134.0,-0.67,-0.5,130160.41,1732968.2,0.5,0.5,,,,,
000858.SZ,20231220,133.85,133.93,132.1,132.13,133.33,-1.2,-0.9,106299.69,1411911.255,0.5,0.5,,,,,
000858.SZ,20231221,131.88,134.45,131.48,134.1,132.13,1.97,1.491,176648.44,2355445.616,0.5,0.5,,,,,
000858.SZ,20231222,134.06,134.8,132.57,133.42,134.1,-0.68,-0.5071,164023.38,2191023.169,0.5,0.5,,,,,
000858.SZ,20231225,133.32,134.57,132.95,134.55,133.42,1.13,0.8469,98621.25,1322860.817,0.5,0.5,,,,,
000858.SZ,20231226,134.55,134.55,133.61,134.32,134.55,-0.23,-0.1709,73678.32,986855.945,0.5,0.5,,,,,
000858.SZ,20231227,134.32,134.78,133.03,133.83,134.32,-0.49,-0.3648,104308.5,1395667.157,0.5,0.5,,,,,
000858.SZ,20231228,133.83,141.14,133.55,140.1,133.83,6.27,4.685,336109.01,4647651.265,0.5,0.5,,,,,
000858.SZ,20231229,140.0,141.64,139.29,140.31,140.1,0.21,0.1499,194540.76,2730826.835,0.5,0.5,,,,,
000858.SZ,20240102,140.3,140.3,135.8,136.0,140.31,-4.31,-3.0718,215269.99,2947170.557,0.5,0.5,,,,,
000858.SZ,20240103,135.98,136.67,133.75,134.88,136.0,-1.12,-0.8235,164171.09,2211980.5,0.5,0.5,,,,,
000858.SZ,20240104,134.88,134.9,132.01,132.32,134.88,-2.56,-1.898,178763.23,2371204.452,0.5,0.5,,,,,
000858.SZ,20240105,132.0,133.3,130.78,131.24,132.32,-1.08,-0.8162,156303.69,2062827.516,0.5,0.5,,,,,
000858.SZ,20240108,131.01,131.14,128.0,128.1,131.24,-3.14,-2.3926,210200.47,2706248.456,0.5,0.5,,,,,
000858.SZ,20240109,128.1,129.38,127.41,127.81,128.1,-0.29,-0.2264,174838.16,2241449.42,0.5,0.5,,,,,
000858.SZ,20240110,127.81,129.58,126.01,128.8,127.81,0.99,0.7746,165304.11,2118536.476,0.5,0.5,,,,,
000858.SZ,20240111,128.7,130.5,127.22,129.62,128.8,0.82,0.6366,156463.96,2021717.964,0.5,0.5,,,,,
000858.SZ,20240112,128.88,130.12,128.1,128.75,129.62,-0.87,-0.6712,119207.66,1539729.131,0.5,0.5,,,,,
000858.SZ,20240115,128.0,129.39,127.08,128.68,128.75,-0.07,-0.0544,115825.58,1485609.939,0.5,0.5,,,,,
000858.SZ,20240116,127.92,129.28,126.93,128.41,128.68,-0.27,-0.2098,125286.53,1604334.708,0.5,0.5,,,,,
000858.SZ,20240117,127.6,127.8,125.14,125.14,128.41,-3.27,-2.5465,176757.46,2232551.975,0.5,0.5,,,,,
000858.SZ,20240118,124.8,128.13,123.19,127.9,125.14,2.76,2.2055,235948.21,2961463.082,0.5,0.5,,,,,
000858.SZ,20240119,127.0,129.51,126.12,128.89,127.9,0.99,0.774,225020.46,2891090.564,0.5,0.5,,,,,
000858.SZ,20240122,128.4,129.15,125.8,127.0,128.89,-1.89,-1.4664,213409.58,2733754.456,0.5,0.5,,,,,
000858.SZ,20240123,126.8,128.12,125.48,127.38,127.0,0.38,0.2992,161986.59,2053575.26,0.5,0.5,,,,,
000858.SZ,20240124,128.18,128.48,125.26,128.05,127.38,0.67,0.526,166823.87,2118643.963,0.5,0.5,,,,,
000858.SZ,20240125,128.0,131.11,127.56,131.11,128.05,3.06,2.3897,273421.27,3546308.96,0.5,0.5,,,,,
000858.SZ,20240126,130.11,131.99,129.5,131.0,131.11,-0.11,-0.0839,193174.16,2522565.252,0.5,0.5,,,,,
000858.SZ,20240129,131.09,133.67,131.09,131.78,131.0,0.78,0.5954,216149.65,2860907.562,0.5,0.5,,,,,
000858.SZ,20240130,130.8,130.9,127.58,127.71,131.78,-4.07,-3.0885,170719.77,2196117.733,0.5,0.5,,,,,
000858.SZ,20240131,127.5,128.68,126.29,126.3,127.71,-1.41,-1.1041,135218.37,1717132.839,0.5,0.5,,,,,
000858.SZ,20240201,125.74,127.72,125.14,126.5,126.3,0.2,0.1584,137875.49,1745356.476,0.5,0.5,,,,,
000858.SZ,20240202,126.5,128.65,122.56,123.82,126.5,-2.68,-2.1186,210862.17,2658388.905,0.5,0.5,,,,,
000858.SZ,20240205,123.82,127.88,122.91,126.57,123.82,2.75,2.221,308042.09,3864410.349,0.5,0.5,,,,,
000858.SZ,20240206,126.0,133.0,125.7,132.99,126.57,6.42,5.0723,323841.9,4239033.653,0.5,0.5,,,,,
000858.SZ,20240207,133.11,134.7,132.1,133.87,132.99,0.88,0.6617,290673.28,3882655.957,0.5,0.5,,,,,
000858.SZ,20240208,134.8,136.12,132.7,133.59,133.87,-0.28,-0.2092,243747.98,3267001.019,0.5,0.5,,,,,
000858.SZ,20240219,138.9,138.95,134.78,136.15,133.59,2.56,1.9163,288578.83,3951748.63,0.5,0.5,,,,,
000858.SZ,20240220,136.0,137.0,133.0,134.38,136.15,-1.77,-1.3,211818.74,2841706.724,0.5,0.5,,,,,
000858.SZ,20240221,133.4,142.68,132.84,141.02,134.38,6.64,4.9412,466562.81,6492866.977,0.5,0.5,,,,,
000858.SZ,20240222,140.11,141.66,139.43,141.1,141.02,0.08,0.0567,188401.09,2646660.001,0.5,0.5,,,,,
000858.SZ,20240223,141.04,143.38,140.05,141.71,141.1,0.61,0.4323,184393.23,2613714.172,0.5,0.5,,,,,
000858.SZ,20240226,141.5,142.28,139.05,139.76,141.71,-1.95,-1.376,139947.07,1961062.78,0.5,0.5,,,,,
000858.SZ,20240227,139.01,139.8,138.05,139.76,139.76,0.0,0.0,150617.41,2092382.021,0.5,0.5,,,,,
000858.SZ,20240228,139.76,141.4,138.77,139.53,139.76,-0.23,-0.1646,196194.11,2753522.611,0.5,0.5,,,,,
000858.SZ,20240229,139.0,142.33,138.7,142.25,139.53,2.72,1.9494,176603.77,2496984.973,0.5,0.5,,,,,
000858.SZ,20240301,142.05,143.78,140.88,142.59,142.25,0.34,0.239,158813.06,2261267.887,0.5,0.5,,,,,
000858.SZ,20240304,141.51,142.2,140.04,140.33,142.59,-2.26,-1.585,154306.82,2170817.658,0.5,0.5,,,,,
000858.SZ,20240305,139.98,141.88,139.33,141.59,140.33,1.26,0.8979,160015.86,2251931.873,0.5,0.5,,,,,
000858.SZ,20240306,141.0,141.3,138.51,139.06,141.59,-2.53,-1.7868,176527.69,2459134.906,0.5,0.5,,,,,
000858.SZ,20240307,139.06,139.98,138.25,138.25,139.06,-0.81,-0.5825,112198.42,1559868.152,0.5,0.5,,,,,
000858.SZ,20240308,138.06,139.13,136.66,138.42,138.25,0.17,0.123,122452.03,1687886.719,0.5,0.5,,,,,
000858.SZ,20240311,138.35,141.29,138.02,141.16,138.42,2.74,1.9795,193569.25,2713055.197,0.5,0.5,,,,,
000858.SZ,20240312,141.17,149.3,141.17,148.31,141.16,7.15,5.0652,450791.47,6608708.733,0.5,0.5,,,,,
000858.SZ,20240313,147.5,149.18,147.14,147.76,148.31,-0.55,-0.3708,179129.7,2649479.635,0.5,0.5,,,,,
000858.SZ,20240314,147.2,151.0,147.06,149.56,147.76,1.8,1.2182,222273.56,3320434.207,0.5,0.5,,,,,
000858.SZ,20240315,149.0,154.78,148.8,152.49,149.56,2.93,1.9591,238873.67,3639737.823,0.5,0.5,,,,,
000858.SZ,20240318,152.4,154.66,150.71,153.5,152.49,1.01,0.6623,189873.61,2908432.466,0.5,0.5,,,,,
000858.SZ,20240319,153.88,158.97,153.54,157.37,153.5,3.87,2.5212,338826.34,5328394.237,0.5,0.5,,,,,
000858.SZ,20240320,156.88,158.26,155.49,156.95,157.37,-0.42,-0.2669,161600.21,2535854.998,0.5,0.5,,,,,
000858.SZ,20240321,156.9,158.54,155.65,156.61,156.95,-0.34,-0.2166,136430.08,2139591.363,0.5,0.5,,,,,
000858.SZ,20240322,156.4,156.76,152.36,153.43,156.61,-3.18,-2.0305,201564.03,3098381.511,0.5,0.5,,,,,
000858.SZ,20240325,152.51,152.9,150.0,151.72,153.43,-1.71,-1.1145,161675.47,2447539.788,0.5,0.5,,,,,
000858.SZ,20240326,151.77,155.38,151.77,155.22,151.72,3.5,2.3069,180889.63,2787590.494,0.5,0.5,,,,,
000858.SZ,20240327,155.0,155.3,152.6,152.66,155.22,-2.56,-1.6493,123630.48,1899180.647,0.5,0.5,,,,,
000858.SZ,20240328,152.66,155.34,152.05,153.1,152.66,0.44,0.2882,144192.03,2217801.275,0.5,0.5,,,,,
000858.SZ,20240329,153.1,155.02,152.56,153.51,153.1,0.41,0.2678,88348.48,1358438.657,0.5,0.5,,,,,
000858.SZ,20240401,154.5,158.56,154.5,157.28,153.51,3.77,2.4559,177262.02,2788229.516,0.5,0.5,,,,,
000858.SZ,20240402,157.0,157.18,154.86,155.5,157.28,-1.78,-1.1317,114100.98,1779060.167,0.5,0.5,,,,,
000858.SZ,20240403,155.9,156.97,153.3,154.6,155.5,-0.9,-0.5788,98261.16,1522506.39,0.5,0.5,,,,,
000858.SZ,20240408,152.0,152.0,147.05,147.29,154.6,-7.31,-4.7283,270006.63,4002147.876,0.5,0.5,,,,,
000858.SZ,20240409,146.5,148.21,145.68,146.48,147.29,-0.81,-0.5499,130397.29,1909631.397,0.5,0.5,,,,,
000858.SZ,20240410,146.2,146.5,142.14,143.12,146.48,-3.36,-2.2938,171675.74,2464329.867,0.5,0.5,,,,,
000858.SZ,20240411,142.6,142.66,140.6,142.34,143.12,-0.78,-0.545,159942.83,2264027.609,0.5,0.5,,,,,
000858.SZ,20240412,142.0,143.45,140.1,140.49,142.34,-1.85,-1.2997,134073.1,1895837.989,0.5,0.5,,,,,
000858.SZ,20240415,140.6,147.98,140.06,147.32,140.49,6.83,4.8616,254291.82,3701903.875,0.5,0.5,,,,,
000858.SZ,20240416,146.6,147.16,144.31,144.97,147.32,-2.35,-1.5952,135677.89,1976125.483,0.5,0.5,,,,,
000858.SZ,20240417,144.53,145.54,143.8,145.3,144.97,0.33,0.2276,137023.35,1982007.044,0.5,0.5,,,,,
000858.SZ,20240418,144.07,146.78,143.3,144.98,145.3,-0.32,-0.2202,152452.8,2213439.017,0.5,0.5,,,,,
000858.SZ,20240419,143.98,144.5,141.99,142.9,144.98,-2.08,-1.4347,127261.75,1818608.488,0.5,0.5,,,,,
000858.SZ,20240422,142.9,146.48,142.9,144.56,142.9,1.66,1.1617,140366.04,2035476.601,0.5,0.5,,,,,
000858.SZ,20240423,144.0,147.49,143.97,147.03,144.56,2.47,1.7086,171711.81,2507417.591,0.5,0.5,,,,,
000858.SZ,20240424,147.93,149.2,146.0,148.98,147.03,1.95,1.3263,142251.0,2103883.224,0.5,0.5,,,,,
000858.SZ,20240425,148.5,149.35,147.02,148.98,148.98,0.0,0.0,100775.53,1496358.808,0.5,0.5,,,,,
000858.SZ,20240426,149.2,152.7,149.2,152.25,148.98,3.27,2.1949,179461.72,2719514.006,0.5,0.5,,,,,
000858.SZ,20240429,151.0,156.56,150.01,151.75,152.25,-0.5,-0.3284,275384.69,4217464.059,0.5,0.5,,,,,
000858.SZ,20240430,152.3,153.49,150.43,150.43,151.75,-1.32,-0.8699,155296.07,2359135.14,0.5,0.5,,,,,
000858.SZ,20240506,153.44,158.33,153.4,155.01,150.43,4.58,3.0446,316795.95,4940155.161,0.5,0.5,,,,,
000858.SZ,20240507,155.0,156.42,153.55,155.94,155.01,0.93,0.6,145499.77,2265634.112,0.5,0.5,,,,,
000858.SZ,20240508,155.98,156.32,154.35,155.0,155.94,-0.94,-0.6028,101073.7,1567926.317,0.5,0.5,,,,,
000858.SZ,20240509,154.33,155.69,153.73,154.84,155.0,-0.16,-0.1032,113274.68,1750315.447,0.5,0.5,,,,,
000858.SZ,20240510,155.0,155.89,152.8,154.43,154.84,-0.41,-0.2648,102513.79,1579216.046,0.5,0.5,,,,,
000858.SZ,20240513,152.8,152.98,150.27,151.1,154.43,-3.33,-2.1563,172628.26,2608851.173,0.5,0.5,,,,,
000858.SZ,20240514,151.1,151.85,150.03,151.34,151.1,0.24,0.1588,113455.29,1713073.765,0.5,0.5,,,,,
000858.SZ,20240515,151.33,151.83,150.5,151.37,151.34,0.03,0.0198,78428.41,1186554.217,0.5,0.5,,,,,
000858.SZ,20240516,151.7,155.08,150.71,154.05,151.37,2.68,1.7705,149376.12,2289335.629,0.5,0.5,,,,,
000858.SZ,20240517,154.0,156.43,153.21,156.41,154.05,2.36,1.532,161843.42,2509981.114,0.5,0.5,,,,,
000858.SZ,20240520,156.4,159.8,156.4,157.3,156.41,0.89,0.569,193736.43,3066112.976,0.5,0.5,,,,,
000858.SZ,20240521,156.8,157.18,155.09,156.54,157.3,-0.76,-0.4832,88036.86,1374785.553,0.5,0.5,,,,,
000858.SZ,20240522,156.01,156.41,154.27,155.12,156.54,-1.42,-0.9071,108477.69,1682580.309,0.5,0.5,,,,,
000858.SZ,20240523,155.0,155.97,153.32,153.6,155.12,-1.52,-0.9799,89888.93,1383814.57,0.5,0.5,,,,,
000858.SZ,20240524,152.86,153.13,151.0,151.15,153.6,-2.45,-1.5951,112039.41,1700150.955,0.5,0.5,,,,,
000858.SZ,20240527,151.14,152.3,150.58,151.58,151.15,0.43,0.2845,101567.16,1535721.67,0.5,0.5,,,,,
000858.SZ,20240528,151.6,151.94,150.0,150.03,151.58,-1.55,-1.0226,103874.36,1566391.578,0.5,0.5,,,,,
000858.SZ,20240529,150.05,150.99,148.86,149.21,150.03,-0.82,-0.5466,91023.73,1363621.24,0.5,0.5,,,,,
000858.SZ,20240530,148.95,148.95,145.91,146.26,149.21,-2.95,-1.9771,161111.29,2363289.778,0.5,0.5,,,,,
000858.SZ,20240531,146.9,147.99,146.6,146.7,146.26,0.44,0.3008,131411.88,1934209.403,0.5,0.5,,,,,
000858.SZ,20240603,146.89,147.25,144.65,145.98,146.7,-0.72,-0.4908,140929.98,2051213.338,0.5,0.5,,,,,
000858.SZ,20240604,145.98,148.1,145.5,147.78,145.98,1.8,1.233,103020.99,1514138.601,0.5,0.5,,,,,
000858.SZ,20240605,147.72,148.0,145.65,145.76,147.78,-2.02,-1.3669,111147.65,1629419.454,0.5,0.5,,,,,
000858.SZ,20240606,146.01,146.62,144.06,144.9,145.76,-0.86,-0.59,127308.51,1844855.886,0.5,0.5,,,,,
000858.SZ,20240607,145.5,145.55,141.9,142.34,144.9,-2.56,-1.7667,158692.7,2266797.198,0.5,0.5,,,,,
000858.SZ,20240611,141.4,141.4,138.0,138.48,142.34,-3.86,-2.7118,206654.69,2873140.132,0.5,0.5,,,,,
000858.SZ,20240612,138.1,139.83,137.55,137.9,138.48,-0.58,-0.4188,154524.11,2136862.849,0.5,0.5,,,,,
000858.SZ,20240613,137.89,138.1,134.44,134.56,137.9,-3.34,-2.422,243622.84,3301287.598,0.5,0.5,,,,,
000858.SZ,20240614,134.2,135.7,132.09,135.68,134.56,1.12,0.8323,287219.11,3851661.909,0.5,0.5,,,,,
000858.SZ,20240617,134.4,136.16,131.3,135.73,135.68,0.05,0.0369,246272.4,3299559.711,0.5,0.5,,,,,
000858.SZ,20240618,135.0,137.34,133.42,133.89,135.73,-1.84,-1.3556,202981.2,2740736.863,0.5,0.5,,,,,
000858.SZ,20240619,134.18,135.3,132.83,134.22,133.89,0.33,0.2465,137045.27,1839596.88,0.5,0.5,,,,,
000858.SZ,20240620,134.1,135.07,132.18,132.2,134.22,-2.02,-1.505,126191.63,1679993.029,0.5,0.5,,,,,
000858.SZ,20240621,132.01,132.86,128.8,130.2,132.2,-2.0,-1.5129,213886.42,2781028.409,0.5,0.5,,,,,
000858.SZ,20240624,126.02,132.67,125.6,131.03,130.2,0.83,0.6375,239235.14,3102546.743,0.5,0.5,,,,,
000858.SZ,20240625,131.8,133.29,130.6,131.51,131.03,0.48,0.3663,177151.59,2341480.948,0.5,0.5,,,,,
000858.SZ,20240626,130.4,132.18,130.35,131.3,131.51,-0.21,-0.1597,102212.49,1341298.503,0.5,0.5,,,,,
000858.SZ,20240627,131.33,131.37,128.72,129.65,131.3,-1.65,-1.2567,122646.1,1587676.455,0.5,0.5,,,,,
000858.SZ,20240628,128.99,130.49,127.56,128.04,129.65,-1.61,-1.2418,156898.86,2019328.026,0.5,0.5,,,,,
000858.SZ,20240701,128.2,129.16,126.0,128.3,128.04,0.26,0.2031,154334.59,1964232.829,0.5,0.5,,,,,
000858.SZ,20240702,127.7,132.68,127.5,131.56,128.3,3.26,2.5409,247479.09,3244049.457,0.5,0.5,,,,,
000858.SZ,20240703,131.56,132.7,130.1,131.0,131.56,-0.56,-0.4257,124277.33,1631928.152,0.5,0.5,,,,,
000858.SZ,20240704,131.0,132.4,130.03,130.59,131.0,-0.41,-0.313,100495.28,1315554.604,0.5,0.5,,,,,
000858.SZ,20240705,130.59,131.97,128.14,128.95,130.59,-1.64,-1.2558,139412.5,1803448.225,0.5,0.5,,,,,
000858.SZ,20240708,128.98,129.2,125.22,125.91,128.95,-3.04,-2.3575,207455.44,2630909.852,0.5,0.5,,,,,
000858.SZ,20240709,125.91,128.2,125.18,127.07,125.91,1.16,0.9213,195404.37,2475816.884,0.5,0.5,,,,,
000858.SZ,20240710,126.5,128.46,126.18,126.54,127.07,-0.53,-0.4171,154571.59,1964272.87,0.5,0.5,,,,,
000858.SZ,20240711,127.5,131.5,127.17,130.48,126.54,3.94,3.1136,257796.36,3349449.291,0.5,0.5,,,,,
000858.SZ,20240712,126.68,127.79,125.65,127.4,125.81,1.59,1.2638,189386.6,2401467.289,0.5,0.5,,,,,
000858.SZ,20240715,127.0,129.36,126.58,127.5,127.4,0.1,0.0785,119737.81,1532479.885,0.5,0.5,,,,,
000858.SZ,20240716,126.73,128.1,125.8,127.48,127.5,-0.02,-0.0157,154689.16,1967032.428,0.5,0.5,,,,,
000858.SZ,20240717,127.0,130.99,126.37,130.76,127.48,3.28,2.573,228842.17,2960415.564,0.5,0.5,,,,,
000858.SZ,20240718,130.04,133.0,130.03,131.1,130.76,0.34,0.26,185917.13,2444968.667,0.5,0.5,,,,,
000858.SZ,20240719,130.68,133.49,129.78,133.42,131.1,2.32,1.7696,190243.78,2517623.683,0.5,0.5,,,,,
000858.SZ,20240722,133.4,133.95,131.0,131.22,133.42,-2.2,-1.6489,156429.39,2065619.592,0.5,0.5,,,,,
000858.SZ,20240723,131.01,131.51,126.8,126.8,131.22,-4.42,-3.3684,197564.04,2540829.813,0.5,0.5,,,,,
000858.SZ,20240724,126.58,127.7,125.5,126.06,126.8,-0.74,-0.5836,143649.62,1813586.525,0.5,0.5,,,,,
000858.SZ,20240725,125.1,126.66,125.1,125.78,126.06,-0.28,-0.2221,118141.45,1485089.89,0.5,0.5,,,,,
000858.SZ,20240726,126.0,127.38,125.1,126.2,125.78,0.42,0.3339,114215.02,1439101.532,0.5,0.5,,,,,
000858.SZ,20240729,126.0,126.7,124.1,124.1,126.2,-2.1,-1.664,139364.3,1745197.564,0.5,0.5,,,,,
000858.SZ,20240730,123.0,124.3,121.48,123.29,124.1,-0.81,-0.6527,207253.48,2538151.161,0.5,0.5,,,,,
000858.SZ,20240731,122.68,128.18,122.66,126.86,123.29,3.57,2.8956,260579.17,3286415.867,0.5,0.5,,,,,
000858.SZ,20240801,126.87,126.95,123.88,124.0,126.86,-2.86,-2.2545,174738.61,2180765.965,0.5,0.5,,,,,
000858.SZ,20240802,123.0,124.52,122.88,123.7,124.0,-0.3,-0.2419,99501.69,1231884.912,0.5,0.5,,,,,
000858.SZ,20240805,123.7,128.0,123.6,126.0,123.7,2.3,1.8593,241892.41,3060405.977,0.5,0.5,,,,,
000858.SZ,20240806,126.52,128.0,125.38,125.9,126.0,-0.1,-0.0794,153472.83,1940983.189,0.5,0.5,,,,,
000858.SZ,20240807,126.0,127.58,125.3,127.0,125.9,1.1,0.8737,132590.71,1678186.223,0.5,0.5,,,,,
000858.SZ,20240808,126.48,129.67,125.95,128.35,127.0,1.35,1.063,200130.87,2559755.534,0.5,0.5,,,,,
000858.SZ,20240809,129.5,130.0,127.74,128.08,128.35,-0.27,-0.2104,158467.9,2041741.166,0.5,0.5,,,,,
000858.SZ,20240812,127.5,128.49,127.12,127.71,128.08,-0.37,-0.2889,73107.97,934639.851,0.5,0.5,,,,,
000858.SZ,20240813,127.59,127.96,125.12,125.6,127.71,-2.11,-1.6522,124517.39,1567828.597,0.5,0.5,,,,,
000858.SZ,20240814,125.5,125.59,123.89,124.33,125.6,-1.27,-1.0111,94946.97,1181885.782,0.5,0.5,,,,,
000858.SZ,20240815,124.02,126.15,123.86,124.95,124.33,0.62,0.4987,111623.49,1395432.332,0.5,0.5,,,,,
000858.SZ,20240816,124.5,125.37,123.58,125.01,124.95,0.06,0.048,97266.7,1211693.479,0.5,0.5,,,,,
000858.SZ,20240819,125.0,127.0,123.9,123.95,125.01,-1.06,-0.8479,138759.21,1732841.551,0.5,0.5,,,,,
000858.SZ,20240820,123.95,124.0,122.66,123.15,123.95,-0.8,-0.6454,109852.21,1352259.415,0.5,0.5,,,,,
000858.SZ,20240821,122.8,123.14,122.1,122.2,123.15,-0.95,-0.7714,97108.09,1189648.677,0.5,0.5,,,,,
000858.SZ,20240822,122.21,122.39,119.96,120.99,122.2,-1.21,-0.9902,185285.13,2234186.008,0.5,0.5,,,,,
000858.SZ,20240823,120.6,122.1,120.52,121.11,120.99,0.12,0.0992,88988.0,1078393.647,0.5,0.5,,,,,
000858.SZ,20240826,120.98,121.87,118.04,118.12,121.11,-2.99,-2.4688,204010.07,2429417.311,0.5,0.5,,,,,
000858.SZ,20240827,117.7,118.2,115.55,117.7,118.12,-0.42,-0.3556,156608.84,1831272.407,0.5,0.5,,,,,
000858.SZ,20240828,117.0,117.0,112.92,114.0,117.7,-3.7,-3.1436,247292.42,2821002.956,0.5,0.5,,,,,
000858.SZ,20240829,115.5,120.29,115.13,118.78,114.0,4.78,4.193,300256.09,3546177.236,0.5,0.5,,,,,
000858.SZ,20240830,118.0,124.66,116.78,123.03,118.78,4.25,3.578,337798.42,4114623.948,0.5,0.5,,,,,
000858.SZ,20240902,122.0,122.31,119.0,119.0,123.03,-4.03,-3.2756,177554.9,2134586.804,0.5,0.5,,,,,
000858.SZ,20240903,119.08,121.47,119.0,120.32,119.0,1.32,1.1092,127984.1,1538909.786,0.5,0.5,,,,,
000858.SZ,20240904,119.33,120.8,119.03,119.11,120.32,-1.21,-1.0057,84692.38,1011886.744,0.5,0.5,,,,,
000858.SZ,20240905,119.1,119.88,118.5,119.55,119.11,0.44,0.3694,82794.66,987295.999,0.5,0.5,,,,,
000858.SZ,20240906,119.5,119.5,117.5,117.53,119.55,-2.02,-1.6897,77721.98,920196.138,0.5,0.5,,,,,
000858.SZ,20240909,116.9,117.49,115.52,116.22,117.53,-1.31,-1.1146,111586.67,1296332.675,0.5,0.5,,,,,
000858.SZ,20240910,116.22,118.26,115.9,116.43,116.22,0.21,0.1807,106050.23,1237792.376,0.5,0.5,,,,,
000858.SZ,20240911,115.8,117.07,115.0,116.01,116.43,-0.42,-0.3607,76590.99,888345.207,0.5,0.5,,,,,
000858.SZ,20240912,116.0,116.38,113.36,113.36,116.01,-2.65,-2.2843,169848.47,1945710.694,0.5,0.5,,,,,
000858.SZ,20240913,113.3,113.3,109.2,109.2,113.36,-4.16,-3.6697,311530.86,3444726.618,0.5,0.5,,,,,
000858.SZ,20240918,108.25,109.57,107.21,107.69,109.2,-1.51,-1.3828,177639.23,1916365.125,0.5,0.5,,,,,
000858.SZ,20240919,107.73,112.86,106.33,110.9,107.69,3.21,2.9808,318180.95,3511889.908,0.5,0.5,,,,,
000858.SZ,20240920,110.13,110.85,108.6,110.28,110.9,-0.62,-0.5591,196681.1,2158043.125,0.5,0.5,,,,,
000858.SZ,20240923,110.91,113.79,110.4,112.29,110.28,2.01,1.8226,203711.8,2298355.085,0.5,0.5,,,,,
000858.SZ,20240924,114.9,120.4,113.51,120.36,112.29,8.07,7.1867,473469.27,5559354.901,0.5,0.5,,,,,
000858.SZ,20240925,123.6,125.62,121.88,122.1,120.36,1.74,1.4457,417189.45,5168860.913,0.5,0.5,,,,,
000858.SZ,20240926,122.1,134.31,121.91,134.31,122.1,12.21,10.0,664533.64,8594482.228,0.5,0.5,,,,,
000858.SZ,20240927,141.8,147.74,138.53,147.74,134.31,13.43,9.9993,864577.18,12438562.567,0.5,0.5,,,,,
000858.SZ,20240930,156.02,162.51,152.7,162.51,147.74,14.77,9.9973,986201.19,15752197.756,0.5,0.5,,,,,
000858.SZ,20241008,178.76,178.76,155.55,164.05,162.51,1.54,0.9476,1306805.65,22218231.045,0.5,0.5,,,,,
000858.SZ,20241009,160.0,160.0,147.66,147.68,164.05,-16.37,-9.9787,815468.59,12409184.179,0.5,0.5,,,,,
000858.SZ,20241010,147.67,155.53,147.67,151.98,147.68,4.3,2.9117,600601.15,9164464.307,0.5,0.5,,,,,
000858.SZ,20241011,150.0,153.32,148.0,149.65,151.98,-2.33,-1.5331,285157.63,4283807.928,0.5,0.5,,,,,
000858.SZ,20241014,151.0,151.0,146.01,149.76,149.65,0.11,0.0735,334965.75,4986283.993,0.5,0.5,,,,,
000858.SZ,20241015,150.0,150.1,144.0,144.0,149.76,-5.76,-3.8462,329701.92,4840842.56,0.5,0.5,,,,,
000858.SZ,20241016,142.0,144.29,140.08,141.65,144.0,-2.35,-1.6319,312272.24,4430542.144,0.5,0.5,,,,,
000858.SZ,20241017,142.5,142.92,137.89,137.95,141.65,-3.7,-2.6121,282507.55,3957974.226,0.5,0.5,,,,,
000858.SZ,20241018,137.01,145.56,136.36,143.0,137.95,5.05,3.6607,441443.23,6206988.496,0.5,0.5,,,,,
000858.SZ,20241021,143.99,145.5,141.1,143.01,143.0,0.01,0.007,295765.15,4223086.215,0.5,0.5,,,,,
000858.SZ,20241022,142.8,146.45,142.21,145.44,143.01,2.43,1.6992,304663.3,4419839.158,0.5,0.5,,,,,
000858.SZ,20241023,145.47,149.53,144.0,148.53,145.44,3.09,2.1246,358138.25,5277833.036,0.5,0.5,,,,,
000858.SZ,20241024,146.8,148.5,146.11,146.46,148.53,-2.07,-1.3937,186420.06,2743177.644,0.5,0.5,,,,,
000858.SZ,20241025,145.46,149.87,145.46,148.11,146.46,1.65,1.1266,198054.85,2926843.949,0.5,0.5,,,,,
000858.SZ,20241028,149.01,154.0,146.67,153.97,148.11,5.86,3.9565,438109.85,6649586.215,0.5,0.5,,,,,
000858.SZ,20241029,153.97,156.88,150.4,150.8,153.97,-3.17,-2.0588,303157.53,4641639.292,0.5,0.5,,,,,
000858.SZ,20241030,149.0,151.31,147.3,148.8,150.8,-2.0,-1.3263,211870.42,3158474.275,0.5,0.5,,,,,
000858.SZ,20241031,147.0,149.2,145.41,146.83,148.8,-1.97,-1.3239,269440.88,3957475.707,0.5,0.5,,,,,
000858.SZ,20241101,145.72,150.8,145.72,147.92,146.83,1.09,0.7424,227191.98,3379402.018,0.5,0.5,,,,,
000858.SZ,20241104,148.5,149.21,146.08,148.6,147.92,0.68,0.4597,205051.85,3030626.417,0.5,0.5,,,,,
000858.SZ,20241105,148.0,152.99,146.8,152.8,148.6,4.2,2.8264,320318.09,4839032.609,0.5,0.5,,,,,
000858.SZ,20241106,152.76,153.0,149.15,151.25,152.8,-1.55,-1.0144,302065.6,4568777.903,0.5,0.5,,,,,
000858.SZ,20241107,150.04,163.02,149.83,162.24,151.25,10.99,7.2661,671871.5,10602928.042,0.5,0.5,,,,,
000858.SZ,20241108,164.0,164.6,156.0,156.47,162.24,-5.77,-3.5565,567473.65,9025428.028,0.5,0.5,,,,,
000858.SZ,20241111,153.35,154.85,151.2,154.82,156.47,-1.65,-1.0545,366012.07,5603393.228,0.5,0.5,,,,,
000858.SZ,20241112,154.82,159.0,153.65,154.3,154.82,-0.52,-0.3359,351346.82,5496005.682,0.5,0.5,,,,,
000858.SZ,20241113,153.0,155.33,152.66,153.94,154.3,-0.36,-0.2333,194334.0,2990077.535,0.5,0.5,,,,,
000858.SZ,20241114,153.11,155.88,152.15,153.49,153.94,-0.45,-0.2923,217927.82,3357496.178,0.5,0.5,,,,,
000858.SZ,20241115,153.48,154.13,150.55,151.29,153.49,-2.2,-1.4333,255442.69,3894476.943,0.5,0.5,,,,,
000858.SZ,20241118,151.28,153.36,149.0,149.33,151.29,-1.96,-1.2955,209861.01,3164795.003,0.5,0.5,,,,,
000858.SZ,20241119,149.56,150.64,145.3,148.45,149.33,-0.88,-0.5893,233413.46,3447738.671,0.5,0.5,,,,,
000858.SZ,20241120,148.45,150.39,147.2,149.6,148.45,1.15,0.7747,149815.38,2233265.261,0.5,0.5,,,,,
000858.SZ,20241121,149.0,150.1,148.16,149.5,149.6,-0.1,-0.0668,114460.54,1706377.342,0.5,0.5,,,,,
000858.SZ,20241122,149.4,150.01,144.65,144.89,149.5,-4.61,-3.0836,189424.74,2785311.385,0.5,0.5,,,,,
000858.SZ,20241125,145.89,147.18,142.7,143.8,144.89,-1.09,-0.7523,191689.95,2771219.117,0.5,0.5,,,,,
000858.SZ,20241126,143.5,146.6,142.5,144.8,143.8,1.0,0.6954,175357.82,2539251.07,0.5,0.5,,,,,
000858.SZ,20241127,144.77,147.89,143.58,147.05,144.8,2.25,1.5539,200249.78,2921829.64,0.5,0.5,,,,,
000858.SZ,20241128,145.0,146.95,143.8,144.0,147.05,-3.05,-2.0741,190453.87,2760020.464,0.5,0.5,,,,,
000858.SZ,20241129,145.02,149.69,144.4,146.77,144.0,2.77,1.9236,287277.96,4234632.626,0.5,0.5,,,,,
000858.SZ,20241202,147.13,148.43,145.56,147.4,146.77,0.63,0.4292,179763.52,2645657.931,0.5,0.5,,,,,
000858.SZ,20241203,147.7,147.77,146.2,146.99,147.4,-0.41,-0.2782,140143.14,2059980.757,0.5,0.5,,,,,
000858.SZ,20241204,146.9,146.94,144.77,145.73,146.99,-1.26,-0.8572,148434.03,2161996.959,0.5,0.5,,,,,
000858.SZ,20241205,145.0,145.66,144.51,145.03,145.73,-0.7,-0.4803,103210.21,1496758.491,0.5,0.5,,,,,
000858.SZ,20241206,144.66,148.0,144.66,146.44,145.03,1.41,0.9722,187545.75,2745488.834,0.5,0.5,,,,,
000858.SZ,20241209,146.45,147.41,145.15,145.76,146.44,-0.68,-0.4644,145424.25,2124782.351,0.5,0.5,,,,,
000858.SZ,20241210,153.0,154.88,148.9,149.1,145.76,3.34,2.2914,463262.78,7021977.46,0.5,0.5,,,,,
000858.SZ,20241211,148.02,151.5,148.02,149.4,149.1,0.3,0.2012,199993.35,2993662.413,0.5,0.5,,,,,
000858.SZ,20241212,149.44,152.0,148.47,151.82,149.4,2.42,1.6198,253652.91,3819524.049,0.5,0.5,,,,,
000858.SZ,20241213,150.35,150.68,148.0,148.04,151.82,-3.78,-2.4898,284227.42,4230330.396,0.5,0.5,,,,,
000858.SZ,20241216,148.03,148.04,144.02,144.59,148.04,-3.45,-2.3305,264772.62,3846200.008,0.5,0.5,,,,,
000858.SZ,20241217,144.58,146.75,143.6,144.89,144.59,0.3,0.2075,159492.83,2318651.654,0.5,0.5,,,,,
000858.SZ,20241218,145.0,146.28,144.56,145.2,144.89,0.31,0.214,120675.58,1755251.345,0.5,0.5,,,,,
000858.SZ,20241219,144.1,144.41,143.31,143.55,145.2,-1.65,-1.1364,151982.27,2184469.848,0.5,0.5,,,,,
000858.SZ,20241220,143.7,144.47,142.72,143.21,143.55,-0.34,-0.2369,172835.58,2479372.352,0.5,0.5,,,,,
000858.SZ,20241223,142.32,143.94,142.25,142.45,143.21,-0.76,-0.5307,142601.02,2039345.026,0.5,0.5,,,,,
000858.SZ,20241224,142.35,143.5,141.71,143.48,142.45,1.03,0.7231,143330.19,2045707.408,0.5,0.5,,,,,
000858.SZ,20241225,143.48,143.88,142.58,143.08,143.48,-0.4,-0.2788,96139.52,1376290.843,0.5,0.5,,,,,
000858.SZ,20241226,143.12,143.23,141.85,142.49,143.08,-0.59,-0.4124,104768.25,1493951.272,0.5,0.5,,,,,
000858.SZ,20241227,142.6,142.95,141.57,142.52,142.49,0.03,0.0211,134450.59,1912027.993,0.5,0.5,,,,,
000858.SZ,20241230,142.02,143.17,141.0,141.21,142.52,-1.31,-0.9192,163671.8,2320655.237,0.5,0.5,,,,,
000858.SZ,20241231,141.22,143.6,140.01,140.04,141.21,-1.17,-0.8286,245218.67,3472955.734,0.5,0.5,,,,,
000858.SZ,20250102,140.0,140.0,136.3,136.99,140.04,-3.05,-2.1779,255647.35,3517884.976,0.5,0.5,,,,,
000858.SZ,20250103,137.08,137.96,134.75,135.4,136.99,-1.59,-1.1607,168230.14,2295817.772,0.5,0.5,,,,,
000858.SZ,20250106,131.9,133.96,130.38,130.83,135.4,-4.57,-3.3752,279430.13,3679523.52,0.5,0.5,,,,,
000858.SZ,20250107,131.2,131.66,129.6,130.85,130.83,0.02,0.0153,190187.4,2478571.21,0.5,0.5,,,,,
000858.SZ,20250108,130.86,131.74,128.02,129.7,130.85,-1.15,-0.8789,192876.19,2504007.32,0.5,0.5,,,,,
000858.SZ,20250109,129.91,132.35,128.15,130.58,129.7,0.88,0.6785,159183.43,2080588.918,0.5,0.5,,,,,
000858.SZ,20250110,130.5,130.83,128.6,128.6,130.58,-1.98,-1.5163,135377.86,1753729.759,0.5,0.5,,,,,
000858.SZ,20250113,127.32,129.5,126.96,129.2,128.6,0.6,0.4666,121491.03,1562285.331,0.5,0.5,,,,,
000858.SZ,20250114,129.3,133.3,128.9,133.02,129.2,3.82,2.9567,228624.69,3014664.381,0.5,0.5,,,,,
000858.SZ,20250115,133.3,133.68,132.22,132.77,133.02,-0.25,-0.1879,128122.77,1701391.09,0.5,0.5,,,,,
000858.SZ,20250116,133.4,134.3,131.06,131.48,132.77,-1.29,-0.9716,163096.2,2160311.225,0.5,0.5,,,,,
000858.SZ,20250117,132.0,133.88,131.55,132.3,131.48,0.82,0.6237,152450.16,2021963.287,0.5,0.5,,,,,
000858.SZ,20250120,132.88,135.49,132.73,134.3,132.3,2.0,1.5117,194173.59,2611169.665,0.5,0.5,,,,,
000858.SZ,20250121,134.85,135.0,132.8,133.39,134.3,-0.91,-0.6776,132796.86,1774069.695,0.5,0.5,,,,,
000858.SZ,20250122,132.95,133.0,130.13,130.35,133.39,-3.04,-2.279,174182.17,2277963.646,0.5,0.5,,,,,
000858.SZ,20250123,129.0,130.99,128.47,128.65,127.77,0.88,0.6887,184489.33,2387735.894,0.5,0.5,,,,,
000858.SZ,20250124,127.8,128.58,126.49,127.72,128.65,-0.93,-0.7229,189435.72,2418169.298,0.5,0.5,,,,,
000858.SZ,20250127,128.0,128.55,127.1,127.2,127.72,-0.52,-0.4071,126535.1,1616070.923,0.5,0.5,,,,,
000858.SZ,20250205,127.55,127.88,124.51,125.01,127.2,-2.19,-1.7217,186915.74,2343981.886,0.5,0.5,,,,,
000858.SZ,20250206,124.8,126.39,124.69,125.9,125.01,0.89,0.7119,138190.81,1734038.682,0.5,0.5,,,,,
000858.SZ,20250207,126.0,128.88,125.12,127.63,125.9,1.73,1.3741,232473.3,2960433.85,0.5,0.5,,,,,
000858.SZ,20250210,127.68,128.2,126.9,127.53,127.63,-0.1,-0.0784,136545.58,1740615.096,0.5,0.5,,,,,
000858.SZ,20250211,127.6,128.07,125.72,126.26,127.53,-1.27,-0.9958,176001.7,2221320.156,0.5,0.5,,,,,
000858.SZ,20250212,126.26,127.71,125.6,127.7,126.26,1.44,1.1405,177353.27,2240677.199,0.5,0.5,,,,,
000858.SZ,20250213,127.72,132.0,127.25,131.51,127.7,3.81,2.9836,467626.06,6110655.129,0.5,0.5,,,,,
000858.SZ,20250214,130.55,132.2,130.1,131.23,131.51,-0.28,-0.2129,218107.35,2857398.901,0.5,0.5,,,,,
000858.SZ,20250217,131.89,133.53,131.09,131.55,131.23,0.32,0.2438,205078.4,2710093.082,0.5,0.5,,,,,
000858.SZ,20250218,131.48,132.39,129.36,130.2,131.55,-1.35,-1.0262,185961.34,2435399.273,0.5,0.5,,,,,
000858.SZ,20250219,130.2,131.5,129.34,131.11,130.2,0.91,0.6989,153641.81,2003027.066,0.5,0.5,,,,,
000858.SZ,20250220,130.39,132.79,130.3,130.5,131.11,-0.61,-0.4653,132530.49,1737767.288,0.5,0.5,,,,,
000858.SZ,20250221,130.6,132.66,129.93,131.12,130.5,0.62,0.4751,210016.53,2756687.286,0.5,0.5,,,,,
000858.SZ,20250224,130.9,133.49,130.36,131.9,131.12,0.78,0.5949,244392.19,3229422.469,0.5,0.5,,,,,
000858.SZ,20250225,130.88,130.92,128.58,128.75,131.9,-3.15,-2.3882,221901.36,2872796.622,0.5,0.5,,,,,
000858.SZ,20250226,128.71,129.8,128.1,129.8,128.75,1.05,0.8155,179243.48,2311292.3,0.5,0.5,,,,,
000858.SZ,20250227,129.99,133.09,129.8,132.75,129.8,2.95,2.2727,370795.06,4909364.775,0.5,0.5,,,,,
000858.SZ,20250228,132.6,135.7,131.5,131.58,132.75,-1.17,-0.8814,337202.13,4510232.386,0.5,0.5,,,,,
000858.SZ,20250303,131.58,135.6,130.35,130.84,131.58,-0.74,-0.5624,210355.12,2780161.096,0.5,0.5,,,,,
000858.SZ,20250304,130.06,130.36,128.71,129.75,130.84,-1.09,-0.8331,149348.39,1933207.044,0.5,0.5,,,,,
000858.SZ,20250305,129.75,130.0,127.62,128.61,129.75,-1.14,-0.8786,199366.46,2558423.708,0.5,0.5,,,,,
000858.SZ,20250306,129.33,131.8,128.65,131.68,128.61,3.07,2.3871,235857.18,3075149.47,0.5,0.5,,,,,
000858.SZ,20250307,131.2,134.8,130.91,134.8,131.68,3.12,2.3694,340072.91,4536723.523,0.5,0.5,,,,,
000858.SZ,20250310,134.5,134.5,131.66,132.69,134.8,-2.11,-1.5653,206353.05,2735377.366,0.5,0.5,,,,,
000858.SZ,20250311,131.51,135.21,131.46,135.2,132.69,2.51,1.8916,321035.62,4304327.283,0.5,0.5,,,,,
000858.SZ,20250312,135.3,136.21,132.62,132.97,135.2,-2.23,-1.6494,288017.74,3844719.012,0.5,0.5,,,,,
000858.SZ,20250313,132.97,134.32,132.25,132.39,132.97,-0.58,-0.4362,167922.64,2233018.515,0.5,0.5,,,,,
000858.SZ,20250314,133.0,141.98,133.0,140.8,132.39,8.41,6.3524,765515.75,10604804.482,0.5,0.5,,,,,
000858.SZ,20250317,142.4,142.96,139.38,139.84,140.8,-0.96,-0.6818,387730.48,5457575.155,0.5,0.5,,,,,
000858.SZ,20250318,140.22,140.55,138.72,139.55,139.84,-0.29,-0.2074,186734.97,2608207.825,0.5,0.5,,,,,
000858.SZ,20250319,139.55,140.79,138.36,138.92,139.55,-0.63,-0.4515,168157.24,2339543.02,0.5,0.5,,,,,
000858.SZ,20250320,138.88,139.0,135.86,135.99,138.92,-2.93,-2.1091,228722.09,3130766.821,0.5,0.5,,,,,
000858.SZ,20250321,135.7,137.5,134.19,134.6,135.99,-1.39,-1.0221,197130.23,2669031.188,0.5,0.5,,,,,
000858.SZ,20250324,134.06,134.93,133.03,134.31,134.6,-0.29,-0.2155,180488.86,2417592.736,0.5,0.5,,,,,
000858.SZ,20250325,134.6,134.7,132.6,133.56,134.31,-0.75,-0.5584,175671.15,2342967.013,0.5,0.5,,,,,
000858.SZ,20250326,133.54,133.88,132.89,133.35,133.56,-0.21,-0.1572,108825.8,1452491.544,0.5,0.5,,,,,
000858.SZ,20250327,133.08,134.77,132.5,133.9,133.35,0.55,0.4124,140865.64,1882916.851,0.5,0.5,,,,,
000858.SZ,20250328,134.08,134.25,132.4,133.23,133.9,-0.67,-0.5004,120996.01,1610808.297,0.5,0.5,,,,,
000858.SZ,20250331,133.21,133.38,131.35,131.35,133.23,-1.88,-1.4111,144854.87,1912983.577,0.5,0.5,,,,,
000858.SZ,20250401,131.43,132.25,131.14,131.79,131.35,0.44,0.335,121704.63,1602816.957,0.5,0.5,,,,,
000858.SZ,20250402,131.87,132.55,131.06,131.15,131.79,-0.64,-0.4856,101024.73,1328718.377,0.5,0.5,,,,,
000858.SZ,20250403,129.55,133.48,129.39,132.0,131.15,0.85,0.6481,165622.64,2187566.525,0.5,0.5,,,,,
000858.SZ,20250407,128.5,130.45,123.8,126.78,132.0,-5.22,-3.9545,463092.72,5889478.918,0.5,0.5,,,,,
000858.SZ,20250408,126.78,131.24,126.78,130.76,126.78,3.98,3.1393,331856.68,4295611.99,0.5,0.5,,,,,
000858.SZ,20250409,129.5,132.84,129.35,132.25,130.76,1.49,1.1395,296998.87,3910869.675,0.5,0.5,,,,,
000858.SZ,20250410,132.3,133.49,130.5,133.15,132.25,0.9,0.6805,233106.36,3091985.055,0.5,0.5,,,,,
000858.SZ,20250411,132.2,133.47,130.58,131.6,133.15,-1.55,-1.1641,174293.34,2296050.286,0.5,0.5,,,,,
000858.SZ,20250414,131.5,132.67,131.01,131.04,131.6,-0.56,-0.4255,125781.06,1655429.086,0.5,0.5,,,,,
000858.SZ,20250415,131.0,131.45,130.08,131.35,131.04,0.31,0.2366,114825.02,1502439.501,0.5,0.5,,,,,
000858.SZ,20250416,130.8,132.55,129.68,132.3,131.35,0.95,0.7233,166680.22,2177739.51,0.5,0.5,,,,,
000858.SZ,20250417,131.33,132.99,131.0,132.53,132.3,0.23,0.1738,152922.81,2022126.158,0.5,0.5,,,,,
000858.SZ,20250418,132.01,132.57,131.21,131.75,132.53,-0.78,-0.5885,89478.34,1179998.316,0.5,0.5,,,,,
000858.SZ,20250421,131.59,132.0,130.14,130.34,131.75,-1.41,-1.0702,144363.66,1887006.445,0.5,0.5,,,,,
000858.SZ,20250422,130.2,130.74,129.5,130.1,130.34,-0.24,-0.1841,115854.68,1507639.704,0.5,0.5,,,,,
000858.SZ,20250423,130.48,130.7,129.55,129.97,130.1,-0.13,-0.0999,95944.27,1246940.579,0.5,0.5,,,,,
000858.SZ,20250424,129.8,130.2,129.01,129.06,129.97,-0.91,-0.7002,131523.69,1703623.364,0.5,0.5,,,,,
000858.SZ,20250425,129.2,130.22,128.96,129.05,129.06,-0.01,-0.0077,107183.07,1388082.6,0.5,0.5,,,,,
000858.SZ,20250428,130.11,131.66,129.9,130.85,129.05,1.8,1.3948,185045.41,2422404.105,0.5,0.5,,,,,
000858.SZ,20250429,130.15,130.6,129.29,129.55,130.85,-1.3,-0.9935,124795.7,1619377.345,0.5,0.5,,,,,
000858.SZ,20250430,129.61,130.3,128.67,128.7,129.55,-0.85,-0.6561,146626.57,1893634.511,0.5,0.5,,,,,
000858.SZ,20250506,129.0,129.55,128.07,129.49,128.7,0.79,0.6138,146349.43,1889145.118,0.5,0.5,,,,,
000858.SZ,20250507,130.9,131.81,129.8,129.99,129.49,0.5,0.3861,152470.4,1990960.978,0.5,0.5,,,,,
000858.SZ,20250508,129.71,133.0,129.28,131.8,129.99,1.81,1.3924,208023.15,2735442.055,0.5,0.5,,,,,
000858.SZ,20250509,131.8,132.1,131.01,131.58,131.8,-0.22,-0.1669,110548.36,1454604.448,0.5,0.5,,,,,
000858.SZ,20250512,132.0,133.25,131.5,132.97,131.58,1.39,1.0564,164560.0,2182417.151,0.5,0.5,,,,,
000858.SZ,20250513,133.66,133.66,132.43,132.99,132.97,0.02,0.015,120395.42,1599600.056,0.5,0.5,,,,,
000858.SZ,20250514,132.71,137.18,132.17,135.26,132.99,2.27,1.7069,291489.5,3932377.808,0.5,0.5,,,,,
000858.SZ,20250515,135.01,135.59,133.61,133.67,135.26,-1.59,-1.1755,144944.24,1947912.221,0.5,0.5,,,,,
000858.SZ,20250516,133.38,133.59,131.05,131.08,133.67,-2.59,-1.9376,173542.88,2288769.532,0.5,0.5,,,,,
000858.SZ,20250519,129.2,130.1,128.88,129.3,131.08,-1.78,-1.3579,237008.24,3062514.441,0.5,0.5,,,,,
000858.SZ,20250520,129.0,129.63,128.87,129.13,129.3,-0.17,-0.1315,159369.16,2058475.919,0.5,0.5,,,,,
000858.SZ,20250521,129.13,129.88,129.0,129.26,129.13,0.13,0.1007,141692.98,1832618.627,0.5,0.5,,,,,
000858.SZ,20250522,129.27,129.47,128.84,129.09,129.26,-0.17,-0.1315,96054.51,1239750.922,0.5,0.5,,,,,
000858.SZ,20250523,129.05,129.66,128.15,128.15,129.09,-0.94,-0.7282,150379.84,1937195.76,0.5,0.5,,,,,
000858.SZ,20250526,127.97,128.15,125.89,126.41,128.15,-1.74,-1.3578,273615.47,3460707.609,0.5,0.5,,,,,
000858.SZ,20250527,126.28,126.95,125.89,126.16,126.41,-0.25,-0.1978,151268.4,1908812.014,0.5,0.5,,,,,
000858.SZ,20250528,126.3,127.13,125.5,126.92,126.16,0.76,0.6024,181384.7,2291200.545,0.5,0.5,,,,,
000858.SZ,20250529,126.6,127.5,125.9,127.32,126.92,0.4,0.3152,160347.01,2036182.268,0.5,0.5,,,,,
000858.SZ,20250530,127.0,127.55,126.0,126.44,127.32,-0.88,-0.6912,146827.88,1858195.533,0.5,0.5,,,,,
000858.SZ,20250603,125.18,125.55,124.57,124.68,126.44,-1.76,-1.392,237482.87,2965933.456,0.5,0.5,,,,,
000858.SZ,20250604,124.68,125.22,124.1,124.55,124.68,-0.13,-0.1043,193503.08,2410315.627,0.5,0.5,,,,,
000858.SZ,20250605,124.55,125.5,124.19,125.03,124.55,0.48,0.3854,202312.0,2525601.313,0.5,0.5,,,,,
000858.SZ,20250606,124.97,125.85,124.7,125.09,125.03,0.06,0.048,118884.98,1488927.363,0.5,0.5,,,,,
000858.SZ,20250609,125.09,125.2,124.61,124.96,125.09,-0.13,-0.1039,198429.02,2477799.331,0.5,0.5,,,,,
000858.SZ,20250610,124.8,125.1,124.28,124.39,124.96,-0.57,-0.4561,171052.98,2132365.672,0.5,0.5,,,,,
000858.SZ,20250611,124.4,125.2,124.2,124.7,124.39,0.31,0.2492,145472.73,1816144.262,0.5,0.5,,,,,
000858.SZ,20250612,124.5,124.55,122.38,122.5,124.7,-2.2,-1.7642,380659.92,4680660.152,0.5,0.5,,,,,
000858.SZ,20250613,121.89,121.9,119.02,119.12,122.5,-3.38,-2.7592,366961.71,4395342.694,0.5,0.5,,,,,
000858.SZ,20250616,117.83,118.44,117.0,118.27,119.12,-0.85,-0.7136,271488.75,3192006.585,0.5,0.5,,,,,
000858.SZ,20250617,118.21,118.84,117.43,117.71,118.27,-0.56,-0.4735,196502.05,2316678.38,0.5,0.5,,,,,
000858.SZ,20250618,118.69,119.44,117.87,118.33,117.71,0.62,0.5267,200490.69,2378709.214,0.5,0.5,,,,,
000858.SZ,20250619,117.55,118.45,117.1,117.28,118.33,-1.05,-0.8873,163572.42,1926506.404,0.5,0.5,,,,,
000858.SZ,20250620,117.5,120.0,117.38,119.56,117.28,2.28,1.9441,296813.82,3536127.315,0.5,0.5,,,,,
000858.SZ,20250623,118.9,119.09,117.79,118.28,119.56,-1.28,-1.0706,173386.63,2053039.386,0.5,0.5,,,,,
000858.SZ,20250624,118.57,119.99,118.4,119.75,118.28,1.47,1.2428,178957.87,2138966.777,0.5,0.5,,,,,
000858.SZ,20250625,120.0,120.22,118.88,120.18,119.75,0.43,0.3591,178647.21,2135738.739,0.5,0.5,,,,,
000858.SZ,20250626,120.11,120.64,119.63,119.73,120.18,-0.45,-0.3744,166372.64,1997480.065,0.5,0.5,,,,,
000858.SZ,20250627,119.71,119.93,119.04,119.18,119.73,-0.55,-0.4594,160215.67,1913691.952,0.5,0.5,,,,,
000858.SZ,20250630,119.18,119.58,118.28,118.9,119.18,-0.28,-0.2349,223680.08,2660701.232,0.5,0.5,,,,,
000858.SZ,20250701,118.99,118.99,118.28,118.63,118.9,-0.27,-0.2271,122183.21,1449250.746,0.5,0.5,,,,,
000858.SZ,20250702,118.63,119.9,118.51,119.18,118.63,0.55,0.4636,154476.81,1840968.96,0.5,0.5,,,,,
000858.SZ,20250703,119.18,119.83,118.9,119.62,119.18,0.44,0.3692,122430.11,1463537.87,0.5,0.5,,,,,
000858.SZ,20250704,119.29,120.75,119.19,120.39,119.62,0.77,0.6437,170679.3,2049279.008,0.5,0.5,,,,,
000858.SZ,20250707,120.21,120.52,119.81,119.91,120.39,-0.48,-0.3987,85810.8,1030097.661,0.5,0.5,,,,,
000858.SZ,20250708,119.85,120.87,119.83,120.78,119.91,0.87,0.7255,116631.23,1404970.363,0.5,0.5,,,,,
000858.SZ,20250709,120.83,122.85,120.49,121.6,120.78,0.82,0.6789,203495.74,2482658.941,0.5,0.5,,,,,
000858.SZ,20250710,121.03,122.88,120.9,122.58,121.6,0.98,0.8059,162716.46,1983620.004,0.5,0.5,,,,,
000858.SZ,20250711,122.57,124.98,122.22,124.3,122.58,1.72,1.4032,287189.07,3562808.114,0.5,0.5,,,,,
000858.SZ,20250714,124.36,125.54,123.4,125.41,124.3,1.11,0.893,219139.98,2734366.851,0.5,0.5,,,,,
000858.SZ,20250715,124.82,125.52,124.32,125.0,125.41,-0.41,-0.3269,193328.39,2415360.2,0.5,0.5,,,,,
000858.SZ,20250716,124.6,125.88,124.6,125.28,125.0,0.28,0.224,178699.45,2237883.046,0.5,0.5,,,,,
000858.SZ,20250717,125.28,126.11,124.87,125.82,125.28,0.54,0.431,172998.8,2171582.212,0.5,0.5,,,,,
000858.SZ,20250718,122.88,124.65,121.86,123.78,122.65,1.13,0.9213,210208.56,2597764.485,0.5,0.5,,,,,
000858.SZ,20250721,123.78,123.79,122.25,122.56,123.78,-1.22,-0.9856,187784.33,2304021.397,0.5,0.5,,,,,
000858.SZ,20250722,122.56,125.89,122.56,125.53,122.56,2.97,2.4233,303771.65,3784887.03,0.5,0.5,,,,,
000858.SZ,20250723,125.7,126.88,125.13,125.2,125.53,-0.33,-0.2629,229067.16,2887980.079,0.5,0.5,,,,,
000858.SZ,20250724,125.15,125.76,124.5,125.55,125.2,0.35,0.2796,156012.22,1955643.592,0.5,0.5,,,,,
000858.SZ,20250725,125.55,125.6,123.47,123.54,125.55,-2.01,-1.601,184006.74,2284994.445,0.5,0.5,,,,,
000858.SZ,20250728,123.52,124.17,122.0,124.06,123.54,0.52,0.4209,178511.06,2196293.738,0.5,0.5,,,,,
000858.SZ,20250729,123.5,123.99,122.2,123.52,124.06,-0.54,-0.4353,185150.92,2276717.869,0.5,0.5,,,,,
000858.SZ,20250730,123.56,125.15,123.28,124.52,123.52,1.0,0.8096,224124.27,2789922.636,0.5,0.5,,,,,
000858.SZ,20250731,124.02,124.1,120.85,121.15,124.52,-3.37,-2.7064,304687.35,3717607.979,0.5,0.5,,,,,
000858.SZ,20250801,121.14,121.62,120.39,121.0,121.15,-0.15,-0.1238,123225.95,1491109.255,0.5,0.5,,,,,
000858.SZ,20250804,120.63,121.23,120.45,120.92,121.0,-0.08,-0.0661,85933.14,1038364.798,0.5,0.5,,,,,
000858.SZ,20250805,120.95,122.22,120.95,121.95,120.92,1.03,0.8518,139445.54,1698256.512,0.5,0.5,,,,,
000858.SZ,20250806,121.97,122.5,121.49,122.16,121.95,0.21,0.1722,119683.59,1460865.583,0.5,0.5,,,,,
000858.SZ,20250807,122.13,123.14,121.95,122.55,122.16,0.39,0.3193,115702.86,1419842.885,0.5,0.5,,,,,
000858.SZ,20250808,122.55,122.88,121.96,122.22,122.55,-0.33,-0.2693,82425.59,1008572.356,0.5,0.5,,,,,
000858.SZ,20250811,122.15,124.35,122.11,123.94,122.22,1.72,1.4073,182660.39,2257903.784,0.5,0.5,,,,,
000858.SZ,20250812,123.9,125.33,123.01,123.19,123.94,-0.75,-0.6051,211373.75,2625229.654,0.5,0.5,,,,,
000858.SZ,20250813,123.01,123.47,122.52,123.19,123.19,0.0,0.0,155822.85,1916294.686,0.5,0.5,,,,,
000858.SZ,20250814,123.18,124.85,122.77,122.84,123.19,-0.35,-0.2841,199063.36,2461442.362,0.5,0.5,,,,,
000858.SZ,20250815,122.54,123.3,121.9,123.1,122.84,0.26,0.2117,193943.17,2376497.642,0.5,0.5,,,,,
000858.SZ,20250818,123.1,124.66,122.81,123.75,123.1,0.65,0.528,255301.42,3163846.038,0.5,0.5,,,,,
000858.SZ,20250819,123.77,125.75,123.77,124.41,123.75,0.66,0.5333,327241.62,4087820.978,0.5,0.5,,,,,
000858.SZ,20250820,124.42,126.5,123.35,125.78,124.41,1.37,1.1012,404310.44,5083056.591,0.5,0.5,,,,,
000858.SZ,20250821,125.8,126.13,124.86,125.45,125.78,-0.33,-0.2624,231894.77,2908492.491,0.5,0.5,,,,,
000858.SZ,20250822,125.45,125.82,124.95,125.79,125.45,0.34,0.271,204849.97,2567683.361,0.5,0.5,,,,,
000858.SZ,20250825,126.18,130.09,126.18,129.93,125.79,4.14,3.2912,479800.03,6165955.081,0.5,0.5,,,,,
000858.SZ,20250826,129.93,131.85,128.65,129.74,129.93,-0.19,-0.1462,349794.45,4552425.053,0.5,0.5,,,,,
000858.SZ,20250827,129.5,129.5,126.6,126.62,129.74,-3.12,-2.4048,346847.06,4441325.744,0.5,0.5,,,,,
000858.SZ,20250828,126.61,127.2,124.0,125.47,126.62,-1.15,-0.9082,345834.88,4340085.829,0.5,0.5,,,,,
000858.SZ,20250829,126.18,129.8,126.12,129.53,125.47,4.06,3.2358,435250.9,5610236.643,0.5,0.5,,,,,
000858.SZ,20250901,130.0,130.1,127.52,128.87,129.53,-0.66,-0.5095,316941.95,4074402.941,0.5,0.5,,,,,
000858.SZ,20250902,128.41,131.12,128.11,128.56,128.87,-0.31,-0.2406,349161.69,4522779.365,0.5,0.5,,,,,
000858.SZ,20250903,129.0,131.5,126.39,126.62,128.56,-1.94,-1.509,302863.19,3883434.402,0.5,0.5,,,,,
000858.SZ,20250904,126.3,126.5,124.73,125.51,126.62,-1.11,-0.8766,261873.12,3286629.625,0.5,0.5,,,,,
000858.SZ,20250905,125.4,127.02,124.8,126.81,125.51,1.3,1.0358,201733.55,2537085.185,0.5,0.5,,,,,
000858.SZ,20250908,126.7,129.15,126.26,129.09,126.81,2.28,1.798,305363.52,3923785.754,0.5,0.5,,,,,
000858.SZ,20250909,129.08,129.38,127.58,128.8,129.09,-0.29,-0.2246,184406.08,2368186.108,0.5,0.5,,,,,
000858.SZ,20250910,128.8,129.48,127.66,128.06,128.8,-0.74,-0.5745,199644.91,2565580.225,0.5,0.5,,,,,
000858.SZ,20250911,127.42,128.54,126.8,128.52,128.06,0.46,0.3592,229973.26,2932816.233,0.5,0.5,,,,,
000858.SZ,20250912,128.5,129.67,127.12,127.19,128.52,-1.33,-1.0349,262703.9,3359522.974,0.5,0.5,,,,,
000858.SZ,20250915,126.6,127.1,126.05,126.65,127.19,-0.54,-0.4246,166569.48,2109473.46,0.5,0.5,,,,,
000858.SZ,20250916,126.65,126.85,125.4,125.8,126.65,-0.85,-0.6711,191086.52,2405374.663,0.5,0.5,,,,,
000858.SZ,20250917,125.81,126.33,124.82,125.96,125.8,0.16,0.1272,181336.4,2276167.36,0.5,0.5,,,,,
000858.SZ,20250918,125.95,125.96,123.53,123.94,125.96,-2.02,-1.6037,275477.52,3434002.463,0.5,0.5,,,,,
000858.SZ,20250919,123.93,124.6,122.8,124.08,123.94,0.14,0.113,196688.01,2431126.956,0.5,0.5,,,,,
000858.SZ,20250922,123.6,123.7,122.18,122.5,124.08,-1.58,-1.2734,196433.27,2412049.779,0.5,0.5,,,,,
000858.SZ,20250923,122.01,123.26,121.56,122.19,122.5,-0.31,-0.2531,172079.09,2101237.749,0.5,0.5,,,,,
000858.SZ,20250924,122.19,122.85,121.8,122.37,122.19,0.18,0.1473,130564.29,1597546.879,0.5,0.5,,,,,
000858.SZ,20250925,122.4,122.66,121.51,121.52,122.37,-0.85,-0.6946,194554.97,2371492.767,0.5,0.5,,,,,
000858.SZ,20250926,121.52,121.67,120.02,120.17,121.52,-1.35,-1.1109,261925.42,3154953.964,0.5,0.5,,,,,
000858.SZ,20250929,120.26,122.57,119.79,121.92,120.17,1.75,1.4563,256357.52,3105049.104,0.5,0.5,,,,,
000858.SZ,20250930,121.44,121.83,120.87,121.48,121.92,-0.44,-0.3609,154570.57,1875945.187,0.5,0.5,,,,,
000858.SZ,20251009,121.44,121.44,119.89,121.16,121.48,-0.32,-0.2634,203756.52,2455273.213,0.5,0.5,,,,,
000858.SZ,20251010,121.14,122.12,120.65,120.73,121.16,-0.43,-0.3549,175359.95,2126979.085,0.5,0.5,,,,,
000858.SZ,20251013,119.65,120.4,119.24,119.85,120.73,-0.88,-0.7289,195834.7,2345294.276,0.5,0.5,,,,,
000858.SZ,20251014,120.57,122.57,120.02,122.07,119.85,2.22,1.8523,291655.82,3543893.434,0.5,0.5,,,,,
000858.SZ,20251015,121.34,122.65,121.06,122.07,122.07,0.0,0.0,194595.57,2371853.783,0.5,0.5,,,,,
000858.SZ,20251016,121.75,122.75,121.5,122.74,122.07,0.67,0.5489,198478.1,2427170.002,0.5,0.5,,,,,
000858.SZ,20251017,122.0,122.96,121.06,121.07,122.74,-1.67,-1.3606,180407.98,2197211.376,0.5,0.5,,,,,
000858.SZ,20251020,121.35,121.55,120.1,120.46,121.07,-0.61,-0.5038,131644.96,1589202.775,0.5,0.5,,,,,
000858.SZ,20251021,120.78,121.5,120.35,120.52,120.46,0.06,0.0498,147293.56,1780274.211,0.5,0.5,,,,,
000858.SZ,20251022,120.0,120.77,119.9,120.1,120.52,-0.42,-0.3485,127826.68,1536553.8,0.5,0.5,,,,,
000858.SZ,20251023,120.0,121.45,119.96,121.33,120.1,1.23,1.0241,155718.08,1879432.996,0.5,0.5,,,,,
000858.SZ,20251024,120.97,121.28,120.1,120.29,121.33,-1.04,-0.8572,174322.0,2099912.711,0.5,0.5,,,,,
000858.SZ,20251027,120.05,120.55,119.88,120.29,120.29,0.0,0.0,143943.37,1729967.257,0.5,0.5,,,,,
000858.SZ,20251028,120.29,120.69,120.01,120.1,120.29,-0.19,-0.158,140194.59,1686492.048,0.5,0.5,,,,,
000858.SZ,20251029,119.86,119.95,118.21,118.83,120.1,-1.27,-1.0575,245082.7,2910549.08,0.5,0.5,,,,,
000858.SZ,20251030,118.01,119.55,118.0,118.47,118.83,-0.36,-0.303,204329.85,2423170.734,0.5,0.5,,,,,
000858.SZ,20251031,115.4,119.64,115.4,118.99,118.47,0.52,0.4389,421077.02,4986642.237,0.5,0.5,,,,,
000858.SZ,20251103,118.5,119.6,117.5,118.98,118.99,-0.01,-0.0084,223270.34,2646147.018,0.5,0.5,,,,,
000858.SZ,20251104,118.78,118.99,117.01,117.16,118.98,-1.82,-1.5297,172733.63,2034069.113,0.5,0.5,,,,,
000858.SZ,20251105,116.35,117.0,116.0,116.18,117.16,-0.98,-0.8365,164630.35,1915561.293,0.5,0.5,,,,,
000858.SZ,20251106,116.51,117.3,116.06,116.17,116.18,-0.01,-0.0086,154673.07,1803321.902,0.5,0.5,,,,,
000858.SZ,20251107,116.17,116.99,115.95,116.75,116.17,0.58,0.4993,145435.57,1694831.993,0.5,0.5,,,,,
000858.SZ,20251110,116.75,121.58,116.54,120.8,116.75,4.05,3.469,429064.59,5132402.569,0.5,0.5,,,,,
000858.SZ,20251111,120.25,120.97,119.2,120.78,120.8,-0.02,-0.0166,229267.94,2754670.11,0.5,0.5,,,,,
000858.SZ,20251112,120.79,122.5,120.35,120.38,120.78,-0.4,-0.3312,222544.39,2700551.157,0.5,0.5,,,,,
000858.SZ,20251113,120.0,121.27,119.63,121.2,120.38,0.82,0.6812,160022.93,1928439.961,0.5,0.5,,,,,
000858.SZ,20251114,120.68,121.99,120.19,120.21,121.2,-0.99,-0.8168,139243.65,1683294.872,0.5,0.5,,,,,
000858.SZ,20251117,120.02,120.53,119.01,120.15,120.21,-0.06,-0.0499,117387.78,1406740.312,0.5,0.5,,,,,
000858.SZ,20251118,120.0,121.75,119.76,120.36,120.15,0.21,0.1748,147668.67,1784778.982,0.5,0.5,,,,,
000858.SZ,20251119,120.32,120.49,119.7,119.89,120.36,-0.47,-0.3905,95149.62,1142098.879,0.5,0.5,,,,,
000858.SZ,20251120,119.88,121.64,119.6,120.25,119.89,0.36,0.3003,158258.45,1909518.433,0.5,0.5,,,,,
000858.SZ,20251121,120.11,121.41,119.41,119.68,120.25,-0.57,-0.474,205071.64,2468277.644,0.5,0.5,,,,,
000858.SZ,20251124,119.75,120.46,118.5,118.52,119.68,-1.16,-0.9693,173010.96,2066246.186,0.5,0.5,,,,,
000858.SZ,20251125,118.52,118.91,117.83,118.51,118.52,-0.01,-0.0084,146608.88,1735233.69,0.5,0.5,,,,,
000858.SZ,20251126,118.52,119.29,118.0,118.26,118.51,-0.25,-0.211,91697.59,1085069.921,0.5,0.5,,,,,
000858.SZ,20251127,118.3,118.49,117.7,117.94,118.26,-0.32,-0.2706,92156.51,1087246.956,0.5,0.5,,,,,
000858.SZ,20251128,117.9,117.94,117.35,117.85,117.94,-0.09,-0.0763,80296.19,945107.391,0.5,0.5,,,,,
000858.SZ,20251201,117.8,118.62,117.1,117.65,117.85,-0.2,-0.1697,120912.01,1422932.7,0.5,0.5,,,,,
000858.SZ,20251202,117.6,117.77,116.5,116.57,117.65,-1.08,-0.918,124928.41,1461213.467,0.5,0.5,,,,,
000858.SZ,20251203,116.72,117.05,115.5,115.6,116.57,-0.97,-0.8321,165871.0,1923087.546,0.5,0.5,,,,,
000858.SZ,20251204,115.61,115.75,114.12,114.45,115.6,-1.15,-0.9948,169291.53,1940544.885,0.5,0.5,,,,,
000858.SZ,20251205,114.47,115.37,114.21,114.96,114.45,0.51,0.4456,117681.83,1351054.927,0.5,0.5,,,,,
000858.SZ,20251208,114.85,115.13,113.1,113.27,114.96,-1.69,-1.4701,276978.74,3157374.147,0.5,0.5,,,,,
000858.SZ,20251209,113.0,113.08,110.5,110.88,113.27,-2.39,-2.11,304310.37,3390789.037,0.5,0.5,,,,,
000858.SZ,20251210,110.5,111.75,109.51,111.62,110.88,0.74,0.6674,178695.87,1984146.058,0.5,0.5,,,,,
000858.SZ,20251211,112.0,112.73,111.78,111.9,111.62,0.28,0.2509,157884.22,1772255.902,0.5,0.5,,,,,
000858.SZ,20251212,112.3,113.7,111.6,111.6,111.9,-0.3,-0.2681,257022.1,2889348.467,0.5,0.5,,,,,
000858.SZ,20251215,112.3,113.26,112.05,112.45,111.6,0.85,0.7616,215686.29,2429077.63,0.5,0.5,,,,,
000858.SZ,20251216,112.0,113.09,111.66,113.0,112.45,0.55,0.4891,145067.67,1631458.612,0.5,0.5,,,,,
000858.SZ,20251217,113.0,113.75,112.1,113.4,113.0,0.4,0.354,153140.01,1732389.486,0.5,0.5,,,,,
000858.SZ,20251218,110.82,111.16,110.33,110.43,110.82,-0.39,-0.3519,124628.5,1379153.25,0.5,0.5,,,,,
000858.SZ,20251219,110.65,110.88,110.04,110.53,110.43,0.1,0.0906,138187.18,1526045.351,0.5,0.5,,,,,
000858.SZ,20251222,110.51,110.8,110.12,110.33,110.53,-0.2,-0.1809,108464.97,1197376.767,0.5,0.5,,,,,
000858.SZ,20251223,110.13,110.43,109.33,109.72,110.33,-0.61,-0.5529,113540.23,1248444.948,0.5,0.5,,,,,
000858.SZ,20251224,109.5,109.59,108.78,109.28,109.72,-0.44,-0.401,117904.69,1286401.444,0.5,0.5,,,,,
000858.SZ,20251225,109.28,110.7,109.2,110.6,109.28,1.32,1.2079,125708.09,1385101.983,0.5,0.5,,,,,
000858.SZ,20251226,110.1,110.49,109.44,109.78,110.6,-0.82,-0.7414,114758.89,1261539.56,0.5,0.5,,,,,
000858.SZ,20251229,109.44,109.6,108.0,108.06,109.78,-1.72,-1.5668,195452.51,2119598.416,0.5,0.5,,,,,
000858.SZ,20251230,107.9,107.99,107.02,107.36,108.06,-0.7,-0.6478,158470.27,1700875.914,0.5,0.5,,,,,
000858.SZ,20251231,107.19,107.25,105.61,105.94,107.36,-1.42,-1.3227,208676.82,2214652.658,0.5,0.5,,,,,
000858.SZ,20260105,105.9,108.19,105.7,107.9,105.94,1.96,1.8501,222668.64,2390973.424,0.5,0.5,,,,,
000858.SZ,20260106,107.92,108.43,106.92,108.17,107.9,0.27,0.2502,186232.39,2006335.25,0.5,0.5,,,,,
000858.SZ,20260107,108.18,108.34,107.4,107.52,108.17,-0.65,-0.6009,123091.89,1326159.416,0.5,0.5,,,,,
000858.SZ,20260108,107.38,107.38,106.66,106.9,107.52,-0.62,-0.5766,129121.33,1379204.589,0.5,0.5,,,,,
000858.SZ,20260109,107.05,108.55,106.88,107.14,106.9,0.24,0.2245,160749.62,1727812.911,0.5,0.5,,,,,
000858.SZ,20260112,107.15,108.85,107.13,108.55,107.14,1.41,1.316,233356.07,2526732.764,0.5,0.5,,,,,
000858.SZ,20260113,108.99,109.22,107.82,108.0,108.55,-0.55,-0.5067,197373.79,2140822.643,0.5,0.5,,,,,
000858.SZ,20260114,107.88,108.84,106.68,107.04,108.0,-0.96,-0.8889,225608.63,2430589.61,0.5,0.5,,,,,
000858.SZ,20260115,106.7,107.22,106.02,106.09,107.04,-0.95,-0.8875,162928.86,1733698.629,0.5,0.5,,,,,
000858.SZ,20260116,106.25,106.41,105.05,105.16,106.09,-0.93,-0.8766,198709.93,2096582.184,0.5,0.5,,,,,
000858.SZ,20260119,104.99,105.38,104.34,104.55,105.16,-0.61,-0.5801,182298.85,1908481.791,0.5,0.5,,,,,
000858.SZ,20260120,104.5,105.47,104.3,104.91,104.55,0.36,0.3443,172816.62,1813980.705,0.5,0.5,,,,,
000858.SZ,20260121,104.62,104.7,103.0,103.05,104.91,-1.86,-1.7729,262282.8,2711884.886,0.5,0.5,,,,,
000858.SZ,20260122,103.07,103.72,102.61,102.76,103.05,-0.29,-0.2814,186914.74,1926511.774,0.5,0.5,,,,,
000858.SZ,20260123,102.8,103.71,102.7,102.99,102.76,0.23,0.2238,214559.18,2214166.357,0.5,0.5,,,,,
000858.SZ,20260126,102.96,103.5,101.06,102.34,102.99,-0.65,-0.6311,312961.15,3203042.467,0.5,0.5,,,,,
000858.SZ,20260127,102.12,102.33,101.02,101.02,102.34,-1.32,-1.2898,225287.2,2283721.968,0.5,0.5,,,,,
000858.SZ,20260128,101.03,101.85,100.63,100.7,101.02,-0.32,-0.3168,266767.39,2696600.351,0.5,0.5,,,,,
000858.SZ,20260129,100.7,110.77,100.5,110.77,100.7,10.07,10.0,986603.93,10450873.886,0.5,0.5,,,,,
000858.SZ,20260130,110.77,110.78,105.0,105.0,110.77,-5.77,-5.209,668171.18,7156298.339,0.5,0.5,,,,,
000858.SZ,20260202,105.08,110.76,105.08,107.29,105.0,2.29,2.181,531977.04,5754087.577,0.5,0.5,,,,,
000858.SZ,20260203,107.08,108.78,106.6,107.28,107.29,-0.01,-0.0093,331643.23,3556634.123,0.5,0.5,,,,,
000858.SZ,20260204,106.5,109.41,106.28,108.52,107.28,1.24,1.1559,378916.82,4088740.226,0.5,0.5,,,,,
000858.SZ,20260205,107.9,110.55,107.66,108.89,108.52,0.37,0.341,372846.41,4071834.696,0.5,0.5,,,,,
000858.SZ,20260206,108.9,109.73,106.81,107.0,108.89,-1.89,-1.7357,276521.92,2975510.012,0.5,0.5,,,,,
000858.SZ,20260209,106.8,107.69,106.47,107.36,107.0,0.36,0.3364,208891.62,2237802.124,0.5,0.5,,,,,
000858.SZ,20260210,107.18,107.18,105.79,106.5,107.36,-0.86,-0.801,185040.47,1967153.218,0.5,0.5,,,,,
000858.SZ,20260211,106.31,106.65,105.85,106.04,106.5,-0.46,-0.4319,114995.91,1219688.888,0.5,0.5,,,,,
000858.SZ,20260212,105.9,106.11,104.4,104.62,106.04,-1.42,-1.3391,181729.82,1906604.083,0.5,0.5,,,,,
000858.SZ,20260213,104.7,106.88,104.17,106.06,104.62,1.44,1.3764,241239.84,2557578.441,0.5,0.5,,,,,
000858.SZ,20260224,108.18,109.19,105.0,105.16,106.06,-0.9,-0.8486,210143.61,2233159.175,0.5,0.5,,,,,
000858.SZ,20260225,105.0,106.11,104.87,105.17,105.16,0.01,0.0095,161529.0,1703140.853,0.5,0.5,,,,,
000858.SZ,20260226,105.0,105.33,103.6,103.88,105.17,-1.29,-1.2266,192324.79,2004360.013,0.5,0.5,,,,,
000858.SZ,20260227,103.88,104.55,103.88,104.05,103.88,0.17,0.1637,119188.16,1242973.439,0.5,0.5,,,,,
000858.SZ,20260302,103.0,104.6,102.34,103.22,104.05,-0.83,-0.7977,204063.63,2106133.136,0.5,0.5,,,,,
000858.SZ,20260303,103.01,104.38,101.9,102.55,103.22,-0.67,-0.6491,230594.51,2370559.087,0.5,0.5,,,,,
000858.SZ,20260304,102.0,102.01,100.75,101.02,102.55,-1.53,-1.492,183018.22,1850959.672,0.5,0.5,,,,,
000858.SZ,20260305,101.62,101.97,101.15,101.45,101.02,0.43,0.4257,100520.78,1020367.656,0.5,0.5,,,,,
000858.SZ,20260306,101.34,102.49,101.05,102.4,101.45,0.95,0.9364,112916.4,1150357.292,0.5,0.5,,,,,
000858.SZ,20260309,101.32,102.6,101.27,101.52,102.4,-0.88,-0.8594,177780.84,1811068.891,0.5,0.5,,,,,
000858.SZ,20260310,101.88,102.39,101.76,102.05,101.52,0.53,0.5221,111694.3,1139370.872,0.5,0.5,,,,,
000858.SZ,20260311,102.05,102.35,101.59,102.18,102.05,0.13,0.1274,107801.26,1099529.974,0.5,0.5,,,,,
000858.SZ,20260312,102.0,102.73,101.6,102.27,102.18,0.09,0.0881,116614.18,1189182.247,0.5,0.5,,,,,
000858.SZ,20260313,102.06,103.66,101.85,102.95,102.27,0.68,0.6649,153187.1,1577733.443,0.5,0.5,,,,,
000858.SZ,20260316,102.8,105.31,102.7,104.54,102.95,1.59,1.5444,203048.75,2119088.706,0.5,0.5,,,,,
000858.SZ,20260317,104.54,105.82,104.0,104.79,104.54,0.25,0.2391,177702.49,1867733.132,0.5,0.5,,,,,
000858.SZ,20260318,104.79,104.99,103.4,103.72,104.79,-1.07,-1.0211,117209.05,1217253.9,0.5,0.5,,,,,
000858.SZ,20260319,103.01,103.41,102.51,102.53,103.72,-1.19,-1.1473,114373.47,1176973.86,0.5,0.5,,,,,
000858.SZ,20260320,102.53,103.18,101.9,102.4,102.53,-0.13,-0.1268,102865.04,1053023.022,0.5,0.5,,,,,
000858.SZ,20260323,101.4,101.78,100.04,100.23,102.4,-2.17,-2.1191,205189.79,2064661.956,0.5,0.5,,,,,
000858.SZ,20260324,100.88,101.46,100.04,101.34,100.23,1.11,1.1075,117507.54,1184095.484,0.5,0.5,,,,,
000858.SZ,20260325,101.35,102.58,100.88,102.45,101.34,1.11,1.0953,108589.64,1107451.813,0.5,0.5,,,,,
000858.SZ,20260326,102.2,102.89,101.28,101.28,102.45,-1.17,-1.142,95924.48,977853.749,0.5,0.5,,,,,
000858.SZ,20260327,100.5,102.88,100.41,102.65,101.28,1.37,1.3527,102957.55,1052956.368,0.5,0.5,,,,,
000858.SZ,20260330,101.99,103.9,101.8,103.46,102.65,0.81,0.7891,124906.97,1286843.153,0.5,0.5,,,,,
000858.SZ,20260331,105.0,105.8,103.27,103.27,103.46,-0.19,-0.1836,178347.71,1865043.694,0.5,0.5,,,,,
000858.SZ,20260401,103.97,105.18,103.39,104.39,103.27,1.12,1.0845,122666.65,1279526.789,0.5,0.5,,,,,
000858.SZ,20260402,104.0,105.26,103.88,105.0,104.39,0.61,0.5843,151783.37,1589237.202,0.5,0.5,,,,,
000858.SZ,20260403,104.97,104.97,103.29,103.49,105.0,-1.51,-1.4381,83088.61,864181.133,0.5,0.5,,,,,
000858.SZ,20260407,103.4,103.9,102.35,103.11,103.49,-0.38,-0.3672,81547.94,839975.543,0.5,0.5,,,,,
000858.SZ,20260408,103.9,104.2,103.51,104.19,103.11,1.08,1.0474,97740.07,1016515.698,0.5,0.5,,,,,
000858.SZ,20260409,103.38,103.69,102.5,102.6,104.19,-1.59,-1.5261,98461.58,1012935.76,0.5,0.5,,,,,
000858.SZ,20260410,102.61,102.95,102.0,102.07,102.6,-0.53,-0.5166,122424.04,1253630.005,0.5,0.5,,,,,
000858.SZ,20260413,101.64,102.45,101.08,102.42,102.07,0.35,0.3429,122634.34,1247104.401,0.5,0.5,,,,,
000858.SZ,20260414,102.42,103.4,101.88,103.1,102.42,0.68,0.6639,120696.37,1238173.621,0.5,0.5,,,,,
000858.SZ,20260415,102.9,103.99,102.68,103.55,103.1,0.45,0.4365,115712.56,1196292.314,0.5,0.5,,,,,
000858.SZ,20260416,103.5,104.0,103.22,103.44,103.55,-0.11,-0.1062,90166.32,934168.918,0.5,0.5,,,,,
000858.SZ,20260417,101.5,102.25,101.2,101.86,103.44,-1.58,-1.5275,167431.74,1704502.562,0.5,0.5,,,,,
000858.SZ,20260420,101.82,101.95,101.05,101.35,101.86,-0.51,-0.5007,116960.8,1186004.538,0.5,0.5,,,,,
000858.SZ,20260421,101.3,101.82,101.0,101.18,101.35,-0.17,-0.1677,108280.96,1095969.167,0.5,0.5,,,,,
000858.SZ,20260422,101.0,101.08,100.46,100.64,101.18,-0.54,-0.5337,144382.61,1452833.705,0.5,0.5,,,,,
000858.SZ,20260423,100.64,102.3,100.56,101.18,100.64,0.54,0.5366,174023.18,1764308.585,0.5,0.5,,,,,
000858.SZ,20260424,100.65,101.92,100.3,101.27,101.18,0.09,0.089,134533.38,1361341.945,0.5,0.5,,,,,
000858.SZ,20260427,100.5,100.53,100.05,100.2,101.27,-1.07,-1.0566,191047.82,1913778.919,0.5,0.5,,,,,
000858.SZ,20260428,100.08,100.29,99.9,100.2,100.2,0.0,0.0,123414.64,1234366.126,0.5,0.5,,,,,
000858.SZ,20260429,97.88,98.58,97.04,98.34,100.2,-1.86,-1.8563,338635.33,3316572.049,0.5,0.5,,,,,
000858.SZ,20260430,97.74,97.95,97.0,97.08,98.34,-1.26,-1.2813,248208.95,2413614.789,0.5,0.5,,,,,
000858.SZ,20260506,90.78,94.5,90.1,92.26,97.08,-4.82,-4.965,871599.23,7989429.629,0.5,0.5,,,,,
000858.SZ,20260507,92.43,93.85,92.43,92.6,92.26,0.34,0.3685,536277.88,4986385.438,0.5,0.5,,,,,
000858.SZ,20260508,92.6,92.8,91.66,92.13,92.6,-0.47,-0.5076,259640.91,2396026.818,0.5,0.5,,,,,
000858.SZ,20260511,92.03,92.29,91.37,91.81,92.13,-0.32,-0.3473,269324.56,2469941.064,0.5,0.5,,,,,
000858.SZ,20260512,91.8,91.93,90.5,90.56,91.81,-1.25,-1.3615,372974.23,3387693.472,0.5,0.5,,,,,
000858.SZ,20260513,90.57,90.83,88.74,89.15,90.56,-1.41,-1.557,467201.29,4173652.013,0.5,0.5,,,,,
000858.SZ,20260514,88.81,91.28,87.78,88.99,89.15,-0.16,-0.1795,503148.24,4478188.841,0.5,0.5,,,,,
000858.SZ,20260515,88.0,88.08,86.62,86.87,88.99,-2.12,-2.3823,361178.69,3145651.221,0.5,0.5,,,,,
000858.SZ,20260518,86.65,86.65,85.2,85.57,86.87,-1.3,-1.4965,393630.75,3374154.02,0.5,0.5,,,,,
000858.SZ,20260519,85.8,87.25,85.41,85.78,85.57,0.21,0.2454,304941.49,2630415.264,0.5,0.5,,,,,
000858.SZ,20260520,85.21,86.06,84.54,85.47,85.78,-0.31,-0.3614,304616.62,2599236.031,0.5,0.5,,,,,
000858.SZ,20260521,85.51,87.2,85.23,85.35,85.47,-0.12,-0.1404,326630.33,2812401.965,0.5,0.5,,,,,
000858.SZ,20260522,85.58,85.6,84.03,84.03,85.35,-1.32,-1.5466,260370.9,2196206.566,0.5,0.5,,,,,
000858.SZ,20260525,83.63,84.99,83.02,84.14,84.03,0.11,0.1309,292024.67,2456799.767,0.5,0.5,,,,,
000858.SZ,20260526,83.74,84.59,82.88,83.36,84.14,-0.78,-0.927,277303.83,2315776.877,0.5,0.5,,,,,
000858.SZ,20260527,83.0,86.25,81.7,83.89,83.36,0.53,0.6358,603800.66,5045124.429,0.5,0.5,,,,,
000858.SZ,20260528,82.56,82.83,81.3,81.49,83.89,-2.4,-2.8609,362378.62,2969342.51,0.5,0.5,,,,,
000858.SZ,20260529,80.99,85.59,80.88,84.89,81.49,3.4,4.1723,601101.25,5028433.895,0.5,0.5,,,,,
000858.SZ,20260601,83.95,83.95,82.83,83.41,84.89,-1.48,-1.7434,279987.2,2332216.892,0.5,0.5,,,,,
000858.SZ,20260602,83.38,83.98,82.42,82.71,83.41,-0.7,-0.8392,238178.61,1977315.316,0.5,0.5,,,,,
000858.SZ,20260603,82.6,82.97,81.62,82.35,82.71,-0.36,-0.4353,211543.63,1737250.497,0.5,0.5,,,,,
000858.SZ,20260604,82.35,82.79,81.1,81.1,82.35,-1.25,-1.5179,204210.67,1668519.854,0.5,0.5,,,,,
000858.SZ,20260605,81.5,82.42,81.03,81.08,81.1,-0.02,-0.0247,219364.42,1789684.297,0.5,0.5,,,,,
000858.SZ,20260608,81.01,81.69,79.56,79.96,81.08,-1.12,-1.3814,275252.03,2207910.676,0.5,0.5,,,,,
000858.SZ,20260609,79.9,80.0,78.88,79.11,79.96,-0.85,-1.063,218411.73,1731012.01686,0.5,0.5,,,,,
000858.SZ,20260610,79.03,79.75,78.6,79.14,79.11,0.03,0.0379,230725.64,1830058.90775,0.5,0.5,,,,,
000858.SZ,20260611,78.78,79.98,77.65,79.79,79.14,0.65,0.8213,378195.89,2978558.09256,0.5,0.5,,,,,
600276.SH,20210615,72.96,74.15,71.55,71.88,72.96,-1.08,-1.4803,438438.03,3177815.768,0.5,0.5,,,,,
600276.SH,20210616,71.88,72.4,70.5,70.81,71.88,-1.07,-1.4886,280377.61,1991163.808,0.5,0.5,,,,,
600276.SH,20210617,70.84,71.29,70.16,71.15,70.81,0.34,0.4802,233548.01,1653726.264,0.5,0.5,,,,,
600276.SH,20210618,71.5,72.45,70.83,71.44,71.15,0.29,0.4076,310606.55,2222493.326,0.5,0.5,,,,,
600276.SH,20210621,71.2,71.2,69.11,69.51,71.44,-1.93,-2.7016,452862.31,3169713.382,0.5,0.5,,,,,
600276.SH,20210622,69.51,70.49,69.0,70.48,69.51,0.97,1.3955,436129.83,3040863.642,0.5,0.5,,,,,
600276.SH,20210623,70.57,72.46,70.55,71.15,70.48,0.67,0.9506,572155.69,4081587.083,0.5,0.5,,,,,
600276.SH,20210624,69.99,69.99,67.87,68.0,71.15,-3.15,-4.4273,772127.94,5274271.877,0.5,0.5,,,,,
600276.SH,20210625,67.67,68.44,66.98,68.06,68.0,0.06,0.0882,537240.03,3623945.403,0.5,0.5,,,,,
600276.SH,20210628,68.06,68.6,67.5,68.6,68.06,0.54,0.7934,411067.7,2796214.015,0.5,0.5,,,,,
600276.SH,20210629,68.61,68.82,67.81,68.2,68.6,-0.4,-0.5831,300627.02,2052623.672,0.5,0.5,,,,,
600276.SH,20210630,68.25,68.7,67.9,67.97,68.2,-0.23,-0.3372,266825.14,1817637.464,0.5,0.5,,,,,
600276.SH,20210701,68.0,70.8,67.75,69.69,67.97,1.72,2.5305,494101.76,3416187.491,0.5,0.5,,,,,
600276.SH,20210702,69.03,69.29,66.85,66.91,69.69,-2.78,-3.9891,531315.55,3589629.268,0.5,0.5,,,,,
600276.SH,20210705,66.66,66.66,62.32,62.95,66.91,-3.96,-5.9184,795018.91,5093697.132,0.5,0.5,,,,,
600276.SH,20210706,62.6,62.6,60.83,62.06,62.95,-0.89,-1.4138,655917.79,4031806.404,0.5,0.5,,,,,
600276.SH,20210707,62.29,63.49,62.26,62.45,62.06,0.39,0.6284,421309.78,2645435.62,0.5,0.5,,,,,
600276.SH,20210708,62.46,62.88,61.17,61.37,62.45,-1.08,-1.7294,376692.99,2325415.956,0.5,0.5,,,,,
600276.SH,20210709,61.02,62.32,60.9,62.1,61.37,0.73,1.1895,317139.65,1956917.068,0.5,0.5,,,,,
600276.SH,20210712,63.5,64.5,62.99,63.12,62.1,1.02,1.6425,599866.95,3823509.581,0.5,0.5,,,,,
600276.SH,20210713,63.12,63.41,61.76,61.94,63.12,-1.18,-1.8695,381454.68,2377792.672,0.5,0.5,,,,,
600276.SH,20210714,61.7,61.8,60.0,60.11,61.94,-1.83,-2.9545,676798.71,4079611.626,0.5,0.5,,,,,
600276.SH,20210715,59.8,60.29,58.38,60.27,60.11,0.16,0.2662,648061.22,3835157.908,0.5,0.5,,,,,
600276.SH,20210716,60.27,60.27,59.0,60.1,60.27,-0.17,-0.2821,450067.36,2675282.713,0.5,0.5,,,,,
600276.SH,20210719,59.84,61.0,59.01,60.96,60.1,0.86,1.4309,502333.3,3006391.945,0.5,0.5,,,,,
600276.SH,20210720,60.85,63.18,60.5,63.18,60.96,2.22,3.6417,798080.81,4984495.029,0.5,0.5,,,,,
600276.SH,20210721,64.0,64.47,62.66,62.98,63.18,-0.2,-0.3166,554571.24,3519441.511,0.5,0.5,,,,,
600276.SH,20210722,62.96,62.96,61.27,61.28,62.98,-1.7,-2.6993,470006.4,2899861.917,0.5,0.5,,,,,
600276.SH,20210723,61.19,61.85,60.23,61.49,61.28,0.21,0.3427,361120.11,2206411.058,0.5,0.5,,,,,
600276.SH,20210726,61.3,61.3,58.59,59.22,61.49,-2.27,-3.6917,464010.01,2770651.17,0.5,0.5,,,,,
600276.SH,20210727,59.21,59.58,54.11,54.5,59.22,-4.72,-7.9703,810946.44,4581066.032,0.5,0.5,,,,,
600276.SH,20210728,53.97,56.27,53.6,55.91,54.5,1.41,2.5872,523920.23,2891590.652,0.5,0.5,,,,,
600276.SH,20210729,57.6,57.9,54.67,55.11,55.91,-0.8,-1.4309,530125.07,2953856.786,0.5,0.5,,,,,
600276.SH,20210730,54.58,54.88,53.0,54.38,55.11,-0.73,-1.3246,484235.69,2613309.578,0.5,0.5,,,,,
600276.SH,20210802,53.98,56.25,52.25,55.25,54.38,0.87,1.5999,604140.95,3276024.089,0.5,0.5,,,,,
600276.SH,20210803,55.11,57.4,54.6,57.4,55.25,2.15,3.8914,549982.21,3100529.848,0.5,0.5,,,,,
600276.SH,20210804,57.6,57.77,55.8,56.33,57.4,-1.07,-1.8641,473267.82,2662303.075,0.5,0.5,,,,,
600276.SH,20210805,56.34,57.48,55.49,55.8,56.33,-0.53,-0.9409,385788.77,2183301.491,0.5,0.5,,,,,
600276.SH,20210806,55.5,55.54,54.28,54.8,55.8,-1.0,-1.7921,347438.25,1898761.3,0.5,0.5,,,,,
600276.SH,20210809,54.5,57.92,54.26,56.92,54.8,2.12,3.8686,539000.47,3048950.741,0.5,0.5,,,,,
600276.SH,20210810,57.09,57.8,55.74,57.74,56.92,0.82,1.4406,563060.95,3200866.127,0.5,0.5,,,,,
600276.SH,20210811,57.2,58.37,56.77,56.89,57.74,-0.85,-1.4721,394125.59,2257552.049,0.5,0.5,,,,,
600276.SH,20210812,56.53,57.67,55.62,55.8,56.89,-1.09,-1.916,400836.44,2260258.0,0.5,0.5,,,,,
600276.SH,20210813,55.56,56.65,55.28,56.53,55.8,0.73,1.3082,338591.64,1904307.3,0.5,0.5,,,,,
600276.SH,20210816,56.53,57.1,56.05,56.47,56.53,-0.06,-0.1061,250644.84,1418005.605,0.5,0.5,,,,,
600276.SH,20210817,56.2,56.43,54.65,54.75,56.47,-1.72,-3.0459,362978.64,2010145.944,0.5,0.5,,,,,
600276.SH,20210818,54.82,55.21,53.76,54.99,54.75,0.24,0.4384,330020.61,1799750.67,0.5,0.5,,,,,
600276.SH,20210819,54.66,55.46,53.78,53.84,54.99,-1.15,-2.0913,332101.1,1808649.296,0.5,0.5,,,,,
600276.SH,20210820,50.0,50.32,48.46,48.46,53.84,-5.38,-9.9926,1406764.43,6858016.624,0.5,0.5,,,,,
600276.SH,20210823,47.55,48.2,45.5,47.18,48.46,-1.28,-2.6414,1342009.61,6276592.761,0.5,0.5,,,,,
600276.SH,20210824,46.91,48.16,46.1,47.2,47.18,0.02,0.0424,973951.0,4578425.41,0.5,0.5,,,,,
600276.SH,20210825,47.21,48.11,46.71,47.41,47.2,0.21,0.4449,631070.53,2990920.447,0.5,0.5,,,,,
600276.SH,20210826,47.01,47.1,45.25,45.31,47.41,-2.1,-4.4294,804365.21,3686107.652,0.5,0.5,,,,,
600276.SH,20210827,45.5,46.9,45.49,46.05,45.31,0.74,1.6332,538304.32,2486358.727,0.5,0.5,,,,,
600276.SH,20210830,45.82,46.28,45.26,45.6,46.05,-0.45,-0.9772,444568.61,2025406.947,0.5,0.5,,,,,
600276.SH,20210831,45.45,46.14,44.33,45.2,45.6,-0.4,-0.8772,495741.85,2237371.941,0.5,0.5,,,,,
600276.SH,20210901,45.4,47.2,44.92,46.59,45.2,1.39,3.0752,731270.61,3380043.296,0.5,0.5,,,,,
600276.SH,20210902,46.6,46.6,45.5,45.86,46.59,-0.73,-1.5669,465752.1,2135153.563,0.5,0.5,,,,,
600276.SH,20210903,45.32,46.84,45.05,46.1,45.86,0.24,0.5233,462357.55,2132747.685,0.5,0.5,,,,,
600276.SH,20210906,46.19,48.89,46.19,48.1,46.1,2.0,4.3384,866635.69,4132165.375,0.5,0.5,,,,,
600276.SH,20210907,48.1,48.33,47.18,48.08,48.1,-0.02,-0.0416,488971.72,2333419.067,0.5,0.5,,,,,
600276.SH,20210908,48.08,48.32,47.6,47.75,48.08,-0.33,-0.6864,331068.71,1584289.69,0.5,0.5,,,,,
600276.SH,20210909,47.72,48.16,47.3,47.44,47.75,-0.31,-0.6492,301660.33,1435010.678,0.5,0.5,,,,,
600276.SH,20210910,47.4,47.95,47.09,47.45,47.44,0.01,0.0211,337885.85,1602166.127,0.5,0.5,,,,,
600276.SH,20210913,47.45,47.94,46.5,46.75,47.45,-0.7,-1.4752,405871.03,1912968.153,0.5,0.5,,,,,
600276.SH,20210914,46.77,47.52,46.73,46.8,46.75,0.05,0.107,487354.57,2293151.06,0.5,0.5,,,,,
600276.SH,20210915,46.68,46.71,45.5,45.72,46.8,-1.08,-2.3077,448329.55,2056689.111,0.5,0.5,,,,,
600276.SH,20210916,45.9,46.45,45.38,46.15,45.72,0.43,0.9405,558905.81,2563361.939,0.5,0.5,,,,,
600276.SH,20210917,45.83,47.6,45.7,46.95,46.15,0.8,1.7335,635327.5,2968608.405,0.5,0.5,,,,,
600276.SH,20210922,46.95,48.15,46.61,47.9,46.95,0.95,2.0234,580513.09,2758986.266,0.5,0.5,,,,,
600276.SH,20210923,48.0,48.79,47.28,47.79,47.9,-0.11,-0.2296,586867.81,2817437.483,0.5,0.5,,,,,
600276.SH,20210924,47.7,50.1,47.55,49.8,47.79,2.01,4.2059,927196.99,4591907.051,0.5,0.5,,,,,
600276.SH,20210927,49.84,52.16,49.2,50.75,49.8,0.95,1.9076,881590.53,4483165.537,0.5,0.5,,,,,
600276.SH,20210928,51.5,51.5,49.33,50.39,50.75,-0.36,-0.7094,542766.4,2718214.267,0.5,0.5,,,,,
600276.SH,20210929,49.9,50.44,48.76,49.92,50.39,-0.47,-0.9327,484391.25,2403983.221,0.5,0.5,,,,,
600276.SH,20210930,49.94,50.63,49.44,50.23,49.92,0.31,0.621,411221.29,2066473.091,0.5,0.5,,,,,
600276.SH,20211008,50.86,54.72,50.08,54.19,50.23,3.96,7.8837,1124308.83,5960888.355,0.5,0.5,,,,,
600276.SH,20211011,54.19,55.54,53.01,53.61,54.19,-0.58,-1.0703,739909.26,3991927.768,0.5,0.5,,,,,
600276.SH,20211012,53.75,54.7,53.1,53.8,53.61,0.19,0.3544,549720.5,2964962.23,0.5,0.5,,,,,
600276.SH,20211013,53.55,53.55,51.55,52.95,53.8,-0.85,-1.5799,607656.13,3188382.885,0.5,0.5,,,,,
600276.SH,20211014,52.45,52.69,51.06,51.06,52.95,-1.89,-3.5694,561685.08,2894632.515,0.5,0.5,,,,,
600276.SH,20211015,50.4,51.37,49.74,50.05,51.06,-1.01,-1.9781,569811.51,2873134.534,0.5,0.5,,,,,
600276.SH,20211018,49.74,50.0,48.53,49.1,50.05,-0.95,-1.8981,515125.46,2522939.156,0.5,0.5,,,,,
600276.SH,20211019,48.74,50.74,48.66,49.61,49.1,0.51,1.0387,521174.89,2600860.189,0.5,0.5,,,,,
600276.SH,20211020,49.0,51.89,47.8,51.58,49.61,1.97,3.971,965916.64,4832594.86,0.5,0.5,,,,,
600276.SH,20211021,50.96,51.32,50.37,50.5,51.58,-1.08,-2.0938,437411.24,2217575.679,0.5,0.5,,,,,
600276.SH,20211022,50.61,51.86,50.41,51.3,50.5,0.8,1.5842,461961.86,2366555.937,0.5,0.5,,,,,
600276.SH,20211025,51.0,52.3,50.8,51.21,51.3,-0.09,-0.1754,459921.67,2365503.03,0.5,0.5,,,,,
600276.SH,20211026,51.26,51.39,49.4,49.4,51.21,-1.81,-3.5345,638573.32,3191722.746,0.5,0.5,,,,,
600276.SH,20211027,49.3,49.87,48.68,49.06,49.4,-0.34,-0.6883,341071.24,1679520.648,0.5,0.5,,,,,
600276.SH,20211028,48.56,50.15,48.48,48.76,49.06,-0.3,-0.6115,445554.41,2192740.599,0.5,0.5,,,,,
600276.SH,20211029,48.5,49.88,48.5,49.24,48.76,0.48,0.9844,427476.45,2109798.467,0.5,0.5,,,,,
600276.SH,20211101,49.02,50.1,48.55,49.8,49.24,0.56,1.1373,487701.63,2405113.965,0.5,0.5,,,,,
600276.SH,20211102,49.51,50.28,48.0,48.5,49.8,-1.3,-2.6104,480225.25,2360199.324,0.5,0.5,,,,,
600276.SH,20211103,48.51,50.18,48.51,49.12,48.5,0.62,1.2784,415537.19,2050267.691,0.5,0.5,,,,,
600276.SH,20211104,49.25,51.8,49.0,51.21,49.12,2.09,4.2549,823350.21,4189625.772,0.5,0.5,,,,,
600276.SH,20211105,51.25,53.68,51.22,51.81,51.21,0.6,1.1716,920662.28,4838454.314,0.5,0.5,,,,,
600276.SH,20211108,52.0,52.23,49.5,49.62,51.81,-2.19,-4.227,826902.86,4150966.64,0.5,0.5,,,,,
600276.SH,20211109,49.68,50.38,49.5,49.81,49.62,0.19,0.3829,373594.83,1865246.455,0.5,0.5,,,,,
600276.SH,20211110,49.81,54.5,49.7,53.73,49.81,3.92,7.8699,1371612.02,7216853.531,0.5,0.5,,,,,
600276.SH,20211111,53.5,53.79,52.56,53.0,53.73,-0.73,-1.3586,775869.65,4111710.412,0.5,0.5,,,,,
600276.SH,20211112,53.05,53.45,52.01,52.55,53.0,-0.45,-0.8491,443428.47,2336050.942,0.5,0.5,,,,,
600276.SH,20211115,52.57,53.95,52.39,53.37,52.55,0.82,1.5604,590072.05,3142645.54,0.5,0.5,,,,,
600276.SH,20211116,53.4,54.97,53.37,54.35,53.37,0.98,1.8362,676749.9,3675390.14,0.5,0.5,,,,,
600276.SH,20211117,54.5,55.15,53.78,53.92,54.35,-0.43,-0.7912,522252.4,2832198.105,0.5,0.5,,,,,
600276.SH,20211118,53.5,53.58,51.6,51.78,53.92,-2.14,-3.9688,696158.84,3631499.025,0.5,0.5,,,,,
600276.SH,20211119,51.32,52.22,51.24,51.99,51.78,0.21,0.4056,366586.38,1898746.327,0.5,0.5,,,,,
600276.SH,20211122,52.59,53.17,51.85,52.02,51.99,0.03,0.0577,431026.16,2252992.615,0.5,0.5,,,,,
600276.SH,20211123,51.81,52.45,51.61,52.08,52.02,0.06,0.1153,298044.26,1547512.998,0.5,0.5,,,,,
600276.SH,20211124,51.95,52.2,51.5,51.88,52.08,-0.2,-0.384,301306.3,1562921.149,0.5,0.5,,,,,
600276.SH,20211125,51.9,53.1,51.63,52.99,51.88,1.11,2.1396,473939.26,2488862.273,0.5,0.5,,,,,
600276.SH,20211126,53.18,53.2,52.25,52.35,52.99,-0.64,-1.2078,421662.55,2219333.94,0.5,0.5,,,,,
600276.SH,20211129,52.38,53.19,50.83,51.09,52.35,-1.26,-2.4069,566363.57,2926758.473,0.5,0.5,,,,,
600276.SH,20211130,50.65,51.1,50.06,50.17,51.09,-0.92,-1.8007,482994.12,2432124.869,0.5,0.5,,,,,
600276.SH,20211201,50.18,50.65,49.71,50.5,50.17,0.33,0.6578,320409.92,1608598.523,0.5,0.5,,,,,
600276.SH,20211202,49.93,49.93,49.02,49.06,50.5,-1.44,-2.8515,524007.22,2587430.783,0.5,0.5,,,,,
600276.SH,20211203,49.03,49.42,48.88,49.2,49.06,0.14,0.2854,388782.52,1906744.462,0.5,0.5,,,,,
600276.SH,20211206,49.2,49.8,49.19,49.28,49.2,0.08,0.1626,362114.77,1790176.212,0.5,0.5,,,,,
600276.SH,20211207,49.68,50.28,49.29,50.18,49.28,0.9,1.8263,415264.86,2072751.942,0.5,0.5,,,,,
600276.SH,20211208,50.19,50.38,49.4,50.36,50.18,0.18,0.3587,334289.58,1672764.831,0.5,0.5,,,,,
600276.SH,20211209,50.4,51.61,50.01,51.39,50.36,1.03,2.0453,576038.92,2943428.264,0.5,0.5,,,,,
600276.SH,20211210,51.01,51.68,50.91,51.26,51.39,-0.13,-0.253,396118.04,2026831.79,0.5,0.5,,,,,
600276.SH,20211213,51.49,52.0,50.88,51.0,51.26,-0.26,-0.5072,444105.87,2282691.516,0.5,0.5,,,,,
600276.SH,20211214,50.65,51.48,50.62,51.0,51.0,0.0,0.0,309301.05,1579648.077,0.5,0.5,,,,,
600276.SH,20211215,50.67,51.0,49.56,50.0,51.0,-1.0,-1.9608,423672.71,2128092.497,0.5,0.5,,,,,
600276.SH,20211216,49.7,50.3,49.33,50.23,50.0,0.23,0.46,317146.85,1584599.546,0.5,0.5,,,,,
600276.SH,20211217,50.28,50.49,49.78,49.78,50.23,-0.45,-0.8959,264859.99,1324231.762,0.5,0.5,,,,,
600276.SH,20211220,49.45,50.45,49.36,49.88,49.78,0.1,0.2009,251470.77,1256799.948,0.5,0.5,,,,,
600276.SH,20211221,49.47,50.18,49.46,50.04,49.88,0.16,0.3208,223402.17,1117217.041,0.5,0.5,,,,,
600276.SH,20211222,50.0,50.09,49.56,49.66,50.04,-0.38,-0.7594,251012.3,1249818.864,0.5,0.5,,,,,
600276.SH,20211223,49.71,49.9,49.2,49.41,49.66,-0.25,-0.5034,254866.48,1261839.062,0.5,0.5,,,,,
600276.SH,20211224,49.3,50.33,49.25,50.12,49.41,0.71,1.437,330458.03,1650578.672,0.5,0.5,,,,,
600276.SH,20211227,50.12,50.5,49.9,50.41,50.12,0.29,0.5786,268235.76,1345667.368,0.5,0.5,,,,,
600276.SH,20211228,50.41,50.77,49.92,50.17,50.41,-0.24,-0.4761,277509.53,1392384.203,0.5,0.5,,,,,
600276.SH,20211229,50.17,50.17,49.63,49.72,50.17,-0.45,-0.897,214950.8,1070424.587,0.5,0.5,,,,,
600276.SH,20211230,49.74,50.46,49.43,50.01,49.72,0.29,0.5833,285881.26,1428754.168,0.5,0.5,,,,,
600276.SH,20211231,50.2,50.98,49.99,50.71,50.01,0.7,1.3997,379036.19,1916624.424,0.5,0.5,,,,,
600276.SH,20220104,50.78,50.96,49.84,50.39,50.71,-0.32,-0.631,375580.99,1888484.349,0.5,0.5,,,,,
600276.SH,20220105,50.34,51.52,49.89,50.92,50.39,0.53,1.0518,466265.2,2364178.39,0.5,0.5,,,,,
600276.SH,20220106,50.93,51.48,50.0,50.11,50.92,-0.81,-1.5907,443946.13,2237642.572,0.5,0.5,,,,,
600276.SH,20220107,50.12,51.48,49.81,50.88,50.11,0.77,1.5366,483773.82,2458510.185,0.5,0.5,,,,,
600276.SH,20220110,50.9,51.48,50.2,51.12,50.88,0.24,0.4717,393542.01,2007381.521,0.5,0.5,,,,,
600276.SH,20220111,50.61,50.8,50.01,50.18,51.12,-0.94,-1.8388,370171.98,1864009.275,0.5,0.5,,,,,
600276.SH,20220112,50.23,50.4,49.46,49.59,50.18,-0.59,-1.1758,516615.89,2571709.571,0.5,0.5,,,,,
600276.SH,20220113,49.49,49.57,47.01,47.48,49.59,-2.11,-4.2549,910495.34,4386484.345,0.5,0.5,,,,,
600276.SH,20220114,47.0,47.43,46.58,46.65,47.48,-0.83,-1.7481,493168.42,2312333.395,0.5,0.5,,,,,
600276.SH,20220117,46.66,46.88,46.06,46.41,46.65,-0.24,-0.5145,394114.35,1823738.251,0.5,0.5,,,,,
600276.SH,20220118,46.41,46.5,46.0,46.21,46.41,-0.2,-0.4309,354220.94,1635215.75,0.5,0.5,,,,,
600276.SH,20220119,46.1,46.38,45.29,45.73,46.21,-0.48,-1.0387,413247.58,1896409.295,0.5,0.5,,,,,
600276.SH,20220120,45.65,46.1,45.58,45.69,45.73,-0.04,-0.0875,350225.31,1602248.251,0.5,0.5,,,,,
600276.SH,20220121,45.7,45.88,44.5,44.94,45.69,-0.75,-1.6415,446901.11,2006159.059,0.5,0.5,,,,,
600276.SH,20220124,44.5,44.93,43.28,43.29,44.94,-1.65,-3.6716,648813.9,2842696.793,0.5,0.5,,,,,
600276.SH,20220125,43.1,43.78,42.67,42.82,43.29,-0.47,-1.0857,403949.76,1745560.67,0.5,0.5,,,,,
600276.SH,20220126,43.14,43.28,42.04,42.09,42.82,-0.73,-1.7048,379315.18,1612771.176,0.5,0.5,,,,,
600276.SH,20220127,42.09,42.27,41.01,41.09,42.09,-1.0,-2.3759,465658.3,1935136.844,0.5,0.5,,,,,
600276.SH,20220128,41.09,41.55,40.88,40.95,41.09,-0.14,-0.3407,349369.21,1440188.01,0.5,0.5,,,,,
600276.SH,20220207,41.46,41.65,41.03,41.14,40.95,0.19,0.464,313713.84,1296168.803,0.5,0.5,,,,,
600276.SH,20220208,41.14,41.77,40.7,41.72,41.14,0.58,1.4098,310681.55,1283466.066,0.5,0.5,,,,,
600276.SH,20220209,41.7,42.14,41.58,42.01,41.72,0.29,0.6951,320537.83,1342822.006,0.5,0.5,,,,,
600276.SH,20220210,42.11,42.11,41.34,41.57,42.01,-0.44,-1.0474,256442.23,1067112.309,0.5,0.5,,,,,
600276.SH,20220211,41.35,41.5,40.58,41.26,41.57,-0.31,-0.7457,371662.44,1526796.361,0.5,0.5,,,,,
600276.SH,20220214,41.0,41.22,39.7,39.75,41.26,-1.51,-3.6597,537081.85,2162387.2,0.5,0.5,,,,,
600276.SH,20220215,39.75,41.36,39.6,41.2,39.75,1.45,3.6478,645330.24,2630811.777,0.5,0.5,,,,,
600276.SH,20220216,41.0,41.08,40.4,40.57,41.2,-0.63,-1.5291,483054.57,1962479.501,0.5,0.5,,,,,
600276.SH,20220217,40.58,40.87,40.41,40.61,40.57,0.04,0.0986,271649.21,1104067.99,0.5,0.5,,,,,
600276.SH,20220218,40.21,41.08,40.04,40.96,40.61,0.35,0.8619,321421.9,1307024.473,0.5,0.5,,,,,
600276.SH,20220221,40.8,41.15,40.6,40.93,40.96,-0.03,-0.0732,253579.56,1035019.827,0.5,0.5,,,,,
600276.SH,20220222,40.93,40.93,40.01,40.11,40.93,-0.82,-2.0034,321386.6,1291738.284,0.5,0.5,,,,,
600276.SH,20220223,40.25,40.94,40.18,40.9,40.11,0.79,1.9696,336117.66,1365148.882,0.5,0.5,,,,,
600276.SH,20220224,40.67,40.74,39.33,39.68,40.9,-1.22,-2.9829,559658.19,2238371.833,0.5,0.5,,,,,
600276.SH,20220225,39.89,41.18,39.87,40.11,39.68,0.43,1.0837,536278.57,2166885.497,0.5,0.5,,,,,
600276.SH,20220228,40.12,40.44,39.8,40.08,40.11,-0.03,-0.0748,319263.4,1279675.446,0.5,0.5,,,,,
600276.SH,20220301,40.08,41.29,40.08,41.06,40.08,0.98,2.4451,544670.42,2225294.402,0.5,0.5,,,,,
600276.SH,20220302,40.83,40.83,40.42,40.61,41.06,-0.45,-1.096,277589.55,1125487.359,0.5,0.5,,,,,
600276.SH,20220303,40.77,40.85,40.1,40.15,40.61,-0.46,-1.1327,285091.53,1148449.836,0.5,0.5,,,,,
600276.SH,20220304,39.8,40.33,39.51,39.78,40.15,-0.37,-0.9215,322607.3,1285642.437,0.5,0.5,,,,,
600276.SH,20220307,39.4,39.5,37.46,37.55,39.78,-2.23,-5.6058,693118.21,2630507.639,0.5,0.5,,,,,
600276.SH,20220308,37.63,37.85,36.51,36.68,37.55,-0.87,-2.3169,475707.33,1766240.378,0.5,0.5,,,,,
600276.SH,20220309,36.8,37.04,34.7,36.04,36.68,-0.64,-1.7448,558800.42,2008901.471,0.5,0.5,,,,,
600276.SH,20220310,36.8,37.1,36.1,36.17,36.04,0.13,0.3607,459155.01,1677358.432,0.5,0.5,,,,,
600276.SH,20220311,35.43,37.67,35.23,37.62,36.17,1.45,4.0088,709098.83,2612620.905,0.5,0.5,,,,,
600276.SH,20220314,37.78,38.89,37.4,37.4,37.62,-0.22,-0.5848,679360.56,2583986.084,0.5,0.5,,,,,
600276.SH,20220315,36.96,38.0,36.0,36.13,37.4,-1.27,-3.3957,578555.69,2140443.284,0.5,0.5,,,,,
600276.SH,20220316,36.65,37.0,34.8,36.74,36.13,0.61,1.6883,680261.4,2444375.845,0.5,0.5,,,,,
600276.SH,20220317,37.1,38.22,36.84,37.42,36.74,0.68,1.8508,771905.22,2899634.548,0.5,0.5,,,,,
600276.SH,20220318,37.03,37.6,36.8,37.5,37.42,0.08,0.2138,560523.04,2089064.225,0.5,0.5,,,,,
600276.SH,20220321,37.65,37.88,36.8,37.3,37.5,-0.2,-0.5333,507424.01,1889540.505,0.5,0.5,,,,,
600276.SH,20220322,37.3,37.65,36.9,36.94,37.3,-0.36,-0.9651,285881.95,1060452.476,0.5,0.5,,,,,
600276.SH,20220323,37.1,37.83,36.56,37.36,36.94,0.42,1.137,498462.81,1856684.783,0.5,0.5,,,,,
600276.SH,20220324,36.99,37.86,36.63,37.64,37.36,0.28,0.7495,575648.42,2151785.491,0.5,0.5,,,,,
600276.SH,20220325,37.43,37.65,36.35,36.37,37.64,-1.27,-3.3741,531614.48,1962057.129,0.5,0.5,,,,,
600276.SH,20220328,35.9,36.16,35.5,35.9,36.37,-0.47,-1.2923,322102.68,1155486.443,0.5,0.5,,,,,
600276.SH,20220329,35.9,36.36,35.66,35.92,35.9,0.02,0.0557,273912.97,987709.144,0.5,0.5,,,,,
600276.SH,20220330,36.17,37.42,35.7,37.42,35.92,1.5,4.1759,584918.87,2152907.566,0.5,0.5,,,,,
600276.SH,20220331,37.14,37.41,36.73,36.82,37.42,-0.6,-1.6034,401770.28,1487363.641,0.5,0.5,,,,,
600276.SH,20220401,36.6,37.07,36.07,36.78,36.82,-0.04,-0.1086,374430.74,1370014.577,0.5,0.5,,,,,
600276.SH,20220406,36.78,37.29,36.11,36.25,36.78,-0.53,-1.441,431287.08,1578928.614,0.5,0.5,,,,,
600276.SH,20220407,36.28,36.49,35.3,35.32,36.25,-0.93,-2.5655,395446.02,1415977.367,0.5,0.5,,,,,
600276.SH,20220408,35.09,35.27,33.72,33.93,35.32,-1.39,-3.9354,723020.5,2472620.995,0.5,0.5,,,,,
600276.SH,20220411,33.61,33.85,32.7,32.8,33.93,-1.13,-3.3304,570156.53,1890034.295,0.5,0.5,,,,,
600276.SH,20220412,32.79,33.8,32.29,33.67,32.8,0.87,2.6524,591549.1,1953807.801,0.5,0.5,,,,,
600276.SH,20220413,33.37,34.15,33.22,33.64,33.67,-0.03,-0.0891,368376.57,1240858.462,0.5,0.5,,,,,
600276.SH,20220414,33.61,34.39,33.6,33.82,33.64,0.18,0.5351,308844.78,1049640.273,0.5,0.5,,,,,
600276.SH,20220415,33.8,34.45,33.64,34.09,33.82,0.27,0.7983,332957.78,1136145.008,0.5,0.5,,,,,
600276.SH,20220418,33.9,33.96,33.34,33.96,34.09,-0.13,-0.3813,223627.02,752971.126,0.5,0.5,,,,,
600276.SH,20220419,33.82,34.35,32.92,33.11,33.96,-0.85,-2.5029,403557.56,1352366.932,0.5,0.5,,,,,
600276.SH,20220420,33.3,35.17,33.21,34.32,33.11,1.21,3.6545,754695.79,2593993.618,0.5,0.5,,,,,
600276.SH,20220421,34.2,34.6,32.92,33.17,34.32,-1.15,-3.3508,471589.07,1595108.819,0.5,0.5,,,,,
600276.SH,20220422,32.96,33.6,31.61,33.0,33.17,-0.17,-0.5125,452914.38,1476474.295,0.5,0.5,,,,,
600276.SH,20220425,30.15,30.79,29.7,29.7,33.0,-3.3,-10.0,1039617.07,3110633.028,0.5,0.5,,,,,
600276.SH,20220426,29.0,29.03,27.68,27.74,29.7,-1.96,-6.5993,1082858.15,3058649.159,0.5,0.5,,,,,
600276.SH,20220427,27.01,28.16,27.0,28.06,27.74,0.32,1.1536,708003.84,1962999.084,0.5,0.5,,,,,
600276.SH,20220428,27.96,28.72,27.8,28.45,28.06,0.39,1.3899,572219.82,1622101.987,0.5,0.5,,,,,
600276.SH,20220429,28.44,29.69,28.37,29.48,28.45,1.03,3.6204,570478.71,1663750.49,0.5,0.5,,,,,
600276.SH,20220505,29.47,30.07,29.22,29.68,29.48,0.2,0.6784,461882.13,1371251.001,0.5,0.5,,,,,
600276.SH,20220506,29.1,29.95,29.01,29.34,29.68,-0.34,-1.1456,307035.06,903735.077,0.5,0.5,,,,,
600276.SH,20220509,29.42,29.67,29.12,29.3,29.34,-0.04,-0.1363,201674.25,592745.761,0.5,0.5,,,,,
600276.SH,20220510,28.51,29.6,28.25,29.39,29.3,0.09,0.3072,384859.15,1116464.433,0.5,0.5,,,,,
600276.SH,20220511,29.4,30.8,29.4,29.95,29.39,0.56,1.9054,573372.52,1736999.002,0.5,0.5,,,,,
600276.SH,20220512,29.76,30.27,29.7,30.03,29.95,0.08,0.2671,257546.13,773784.089,0.5,0.5,,,,,
600276.SH,20220513,30.82,30.9,29.8,29.98,30.03,-0.05,-0.1665,339406.52,1025971.943,0.5,0.5,,,,,
600276.SH,20220516,30.28,30.52,29.37,29.43,29.98,-0.55,-1.8346,340038.37,1012740.478,0.5,0.5,,,,,
600276.SH,20220517,29.6,29.78,29.2,29.46,29.43,0.03,0.1019,248480.83,731592.076,0.5,0.5,,,,,
600276.SH,20220518,29.56,29.7,29.25,29.38,29.46,-0.08,-0.2716,240164.08,706870.578,0.5,0.5,,,,,
600276.SH,20220519,29.04,29.36,28.88,29.25,29.38,-0.13,-0.4425,237596.65,691461.477,0.5,0.5,,,,,
600276.SH,20220520,29.55,30.35,29.5,30.24,29.25,0.99,3.3846,518716.53,1559577.735,0.5,0.5,,,,,
600276.SH,20220523,30.48,30.55,29.96,30.1,30.24,-0.14,-0.463,293970.07,885797.22,0.5,0.5,,,,,
600276.SH,20220524,30.08,30.1,28.52,28.61,30.1,-1.49,-4.9502,585918.64,1713745.147,0.5,0.5,,,,,
600276.SH,20220525,28.7,28.96,28.5,28.93,28.61,0.32,1.1185,321550.12,926139.634,0.5,0.5,,,,,
600276.SH,20220526,28.98,29.46,28.56,29.04,28.93,0.11,0.3802,378680.62,1097434.046,0.5,0.5,,,,,
600276.SH,20220527,29.5,30.36,29.36,29.78,29.04,0.74,2.5482,761231.0,2285393.466,0.5,0.5,,,,,
600276.SH,20220530,29.83,30.05,29.46,29.71,29.78,-0.07,-0.2351,386844.02,1152252.024,0.5,0.5,,,,,
600276.SH,20220531,29.5,30.4,29.35,30.32,29.71,0.61,2.0532,564940.51,1693806.564,0.5,0.5,,,,,
600276.SH,20220601,30.33,30.45,29.81,29.98,30.32,-0.34,-1.1214,365274.66,1097750.079,0.5,0.5,,,,,
600276.SH,20220602,29.92,29.93,29.45,29.84,29.98,-0.14,-0.467,348859.11,1035131.182,0.5,0.5,,,,,
600276.SH,20220606,29.76,30.67,29.72,30.53,29.84,0.69,2.3123,552506.28,1670869.625,0.5,0.5,,,,,
600276.SH,20220607,30.71,31.65,30.46,31.19,30.53,0.66,2.1618,762499.75,2369006.964,0.5,0.5,,,,,
600276.SH,20220608,31.26,32.9,31.17,32.09,31.19,0.9,2.8855,1184831.39,3791645.367,0.5,0.5,,,,,
600276.SH,20220609,31.9,31.95,30.89,30.95,32.09,-1.14,-3.5525,649194.31,2033859.243,0.5,0.5,,,,,
600276.SH,20220610,30.69,31.68,30.69,31.56,30.95,0.61,1.9709,560984.75,1755262.468,0.5,0.5,,,,,
600276.SH,20220613,31.24,31.78,31.04,31.3,31.56,-0.26,-0.8238,445047.11,1394654.472,0.5,0.5,,,,,
600276.SH,20220614,31.05,31.65,30.45,31.62,31.3,0.32,1.0224,494083.09,1532096.109,0.5,0.5,,,,,
600276.SH,20220615,31.75,33.15,31.65,32.6,31.62,0.98,3.0993,910668.74,2957312.702,0.5,0.5,,,,,
600276.SH,20220616,32.71,33.33,32.51,32.61,32.6,0.01,0.0307,665953.22,2187749.412,0.5,0.5,,,,,
600276.SH,20220617,32.36,33.78,32.26,33.37,32.61,0.76,2.3306,740717.8,2447536.003,0.5,0.5,,,,,
600276.SH,20220620,33.52,33.96,33.0,33.46,33.37,0.09,0.2697,654971.53,2189656.709,0.5,0.5,,,,,
600276.SH,20220621,33.4,33.4,32.65,33.01,33.46,-0.45,-1.3449,531508.73,1755215.717,0.5,0.5,,,,,
600276.SH,20220622,33.1,33.5,32.61,32.64,33.01,-0.37,-1.1209,422605.59,1394757.029,0.5,0.5,,,,,
600276.SH,20220623,32.75,32.95,32.5,32.93,32.64,0.29,0.8885,347493.08,1137979.593,0.5,0.5,,,,,
600276.SH,20220624,32.93,33.78,32.93,33.52,32.93,0.59,1.7917,561877.24,1880178.762,0.5,0.5,,,,,
600276.SH,20220627,33.75,36.08,33.75,35.56,33.52,2.04,6.0859,1114010.72,3917627.812,0.5,0.5,,,,,
600276.SH,20220628,35.55,35.83,34.85,35.66,35.56,0.1,0.2812,587815.99,2074696.753,0.5,0.5,,,,,
600276.SH,20220629,35.65,36.78,35.1,35.52,35.66,-0.14,-0.3926,828483.47,2982831.284,0.5,0.5,,,,,
600276.SH,20220630,35.8,37.48,35.75,37.09,35.52,1.57,4.42,861263.25,3175985.619,0.5,0.5,,,,,
600276.SH,20220701,37.09,39.0,36.86,38.94,37.09,1.85,4.9879,1000345.65,3827228.102,0.5,0.5,,,,,
600276.SH,20220704,39.0,41.5,37.81,41.17,38.94,2.23,5.7268,1416053.59,5671015.849,0.5,0.5,,,,,
600276.SH,20220705,40.59,41.16,39.83,40.51,41.01,-0.5,-1.2192,875506.96,3539004.354,0.5,0.5,,,,,
600276.SH,20220706,40.61,41.59,39.15,39.42,40.51,-1.09,-2.6907,949990.76,3808844.859,0.5,0.5,,,,,
600276.SH,20220707,39.03,39.4,38.01,38.65,39.42,-0.77,-1.9533,714187.56,2757359.948,0.5,0.5,,,,,
600276.SH,20220708,38.99,39.3,38.3,38.45,38.65,-0.2,-0.5175,469154.45,1815851.563,0.5,0.5,,,,,
600276.SH,20220711,38.46,38.9,37.28,38.07,38.45,-0.38,-0.9883,590257.64,2234277.973,0.5,0.5,,,,,
600276.SH,20220712,38.06,38.16,36.86,36.87,38.07,-1.2,-3.1521,555109.86,2064586.72,0.5,0.5,,,,,
600276.SH,20220713,36.87,37.2,36.58,36.98,36.87,0.11,0.2983,378406.0,1396193.589,0.5,0.5,,,,,
600276.SH,20220714,37.2,38.83,37.2,38.53,36.98,1.55,4.1915,756205.9,2894945.195,0.5,0.5,,,,,
600276.SH,20220715,38.3,38.79,37.22,37.24,38.53,-1.29,-3.348,488436.22,1851315.693,0.5,0.5,,,,,
600276.SH,20220718,37.2,38.05,36.62,37.93,37.24,0.69,1.8528,385230.36,1444454.14,0.5,0.5,,,,,
600276.SH,20220719,37.87,38.32,37.17,37.64,37.93,-0.29,-0.7646,339888.54,1280131.201,0.5,0.5,,,,,
600276.SH,20220720,37.9,38.46,37.7,38.02,37.64,0.38,1.0096,357702.4,1361588.94,0.5,0.5,,,,,
600276.SH,20220721,37.95,38.95,37.68,38.7,38.02,0.68,1.7885,441108.02,1690511.41,0.5,0.5,,,,,
600276.SH,20220722,38.7,39.65,38.49,39.0,38.7,0.3,0.7752,520039.28,2035446.487,0.5,0.5,,,,,
600276.SH,20220725,39.0,39.38,38.32,38.48,39.0,-0.52,-1.3333,263741.81,1018720.183,0.5,0.5,,,,,
600276.SH,20220726,38.51,39.0,36.0,36.17,38.48,-2.31,-6.0031,997684.28,3651388.347,0.5,0.5,,,,,
600276.SH,20220727,36.0,36.91,35.9,36.23,36.17,0.06,0.1659,374379.43,1359549.314,0.5,0.5,,,,,
600276.SH,20220728,36.12,36.49,35.5,36.1,36.23,-0.13,-0.3588,436470.16,1572673.134,0.5,0.5,,,,,
600276.SH,20220729,36.12,36.4,35.18,35.29,36.1,-0.81,-2.2438,377161.87,1344080.545,0.5,0.5,,,,,
600276.SH,20220801,35.28,35.58,34.61,35.18,35.29,-0.11,-0.3117,263278.07,925327.275,0.5,0.5,,,,,
600276.SH,20220802,35.0,35.0,33.88,34.2,35.18,-0.98,-2.7857,456817.72,1564950.103,0.5,0.5,,,,,
600276.SH,20220803,34.24,35.25,34.24,34.7,34.2,0.5,1.462,367133.07,1277925.186,0.5,0.5,,,,,
600276.SH,20220804,34.99,36.76,34.95,36.71,34.7,2.01,5.7925,643002.41,2330624.975,0.5,0.5,,,,,
600276.SH,20220805,36.94,38.09,36.91,38.03,36.71,1.32,3.5958,599976.12,2269357.41,0.5,0.5,,,,,
600276.SH,20220808,38.18,38.55,37.51,38.09,38.03,0.06,0.1578,348084.47,1320758.199,0.5,0.5,,,,,
600276.SH,20220809,38.0,38.0,37.05,37.33,38.09,-0.76,-1.9953,280719.91,1048184.781,0.5,0.5,,,,,
600276.SH,20220810,37.3,37.55,36.43,36.85,37.33,-0.48,-1.2858,329821.39,1213273.947,0.5,0.5,,,,,
600276.SH,20220811,37.0,37.66,36.62,37.43,36.85,0.58,1.5739,329242.6,1224963.358,0.5,0.5,,,,,
600276.SH,20220812,37.41,37.8,37.1,37.44,37.43,0.01,0.0267,226886.67,849341.902,0.5,0.5,,,,,
600276.SH,20220815,37.37,37.65,36.88,36.9,37.44,-0.54,-1.4423,259247.69,959893.241,0.5,0.5,,,,,
600276.SH,20220816,36.9,37.43,36.36,36.45,36.9,-0.45,-1.2195,265367.87,976069.807,0.5,0.5,,,,,
600276.SH,20220817,36.3,36.86,36.15,36.63,36.45,0.18,0.4938,258070.37,942589.784,0.5,0.5,,,,,
600276.SH,20220818,36.42,36.6,35.72,36.04,36.63,-0.59,-1.6107,274330.98,989327.21,0.5,0.5,,,,,
600276.SH,20220819,35.89,36.39,35.8,35.9,36.04,-0.14,-0.3885,232144.54,836152.766,0.5,0.5,,,,,
600276.SH,20220822,34.51,35.53,33.6,35.04,35.9,-0.86,-2.3955,604420.02,2096241.563,0.5,0.5,,,,,
600276.SH,20220823,35.03,35.63,34.43,34.62,35.04,-0.42,-1.1986,327829.76,1138095.496,0.5,0.5,,,,,
600276.SH,20220824,34.62,35.25,34.46,34.48,34.62,-0.14,-0.4044,279635.17,973119.54,0.5,0.5,,,,,
600276.SH,20220825,34.54,35.14,33.89,34.99,34.48,0.51,1.4791,263564.37,909505.289,0.5,0.5,,,,,
600276.SH,20220826,35.09,35.33,34.7,34.77,34.99,-0.22,-0.6288,212095.25,740108.568,0.5,0.5,,,,,
600276.SH,20220829,34.15,34.61,34.05,34.23,34.77,-0.54,-1.5531,176265.6,604223.502,0.5,0.5,,,,,
600276.SH,20220830,34.26,34.57,33.4,33.67,34.23,-0.56,-1.636,309316.38,1043745.825,0.5,0.5,,,,,
600276.SH,20220831,33.42,34.99,33.38,34.66,33.67,0.99,2.9403,356546.24,1222592.393,0.5,0.5,,,,,
600276.SH,20220901,34.65,34.86,34.09,34.34,34.66,-0.32,-0.9233,242546.86,838039.092,0.5,0.5,,,,,
600276.SH,20220902,34.49,35.18,33.7,33.9,34.34,-0.44,-1.2813,266194.03,912248.135,0.5,0.5,,,,,
600276.SH,20220905,33.8,34.1,33.3,33.73,33.9,-0.17,-0.5015,222203.87,746249.973,0.5,0.5,,,,,
600276.SH,20220906,33.93,34.2,33.62,33.88,33.73,0.15,0.4447,180244.31,610337.253,0.5,0.5,,,,,
600276.SH,20220907,33.6,33.72,33.16,33.43,33.88,-0.45,-1.3282,247838.01,828041.581,0.5,0.5,,,,,
600276.SH,20220908,33.6,34.4,33.5,33.73,33.43,0.3,0.8974,274555.26,933286.783,0.5,0.5,,,,,
600276.SH,20220909,33.66,34.87,33.66,34.78,33.73,1.05,3.113,414174.42,1429733.375,0.5,0.5,,,,,
600276.SH,20220913,34.8,35.65,34.58,35.52,34.78,0.74,2.1277,362340.31,1281773.076,0.5,0.5,,,,,
600276.SH,20220914,35.09,35.82,34.72,35.68,35.52,0.16,0.4505,291787.32,1030476.158,0.5,0.5,,,,,
600276.SH,20220915,35.89,35.99,35.4,35.49,35.68,-0.19,-0.5325,275192.77,980584.351,0.5,0.5,,,,,
600276.SH,20220916,35.5,35.68,34.73,34.83,35.49,-0.66,-1.8597,316295.56,1112700.148,0.5,0.5,,,,,
600276.SH,20220919,34.92,35.32,34.41,34.69,34.83,-0.14,-0.402,200494.69,697982.775,0.5,0.5,,,,,
600276.SH,20220920,34.71,34.96,33.95,34.13,34.69,-0.56,-1.6143,202237.3,693165.029,0.5,0.5,,,,,
600276.SH,20220921,34.13,34.23,33.25,33.43,34.13,-0.7,-2.051,290761.91,976866.242,0.5,0.5,,,,,
600276.SH,20220922,33.1,33.57,32.33,32.64,33.43,-0.79,-2.3631,312045.76,1024440.987,0.5,0.5,,,,,
600276.SH,20220923,32.5,33.66,32.36,32.93,32.64,0.29,0.8885,341931.06,1132384.228,0.5,0.5,,,,,
600276.SH,20220926,32.93,33.3,31.88,31.9,32.93,-1.03,-3.1278,345768.05,1121133.168,0.5,0.5,,,,,
600276.SH,20220927,32.02,33.7,31.9,33.65,31.9,1.75,5.4859,464681.07,1528691.628,0.5,0.5,,,,,
600276.SH,20220928,33.63,33.99,33.21,33.47,33.65,-0.18,-0.5349,297009.83,999888.265,0.5,0.5,,,,,
600276.SH,20220929,33.89,35.94,33.59,34.97,33.47,1.5,4.4816,582714.32,2046418.485,0.5,0.5,,,,,
600276.SH,20220930,34.96,35.59,34.7,35.1,34.97,0.13,0.3717,342588.36,1206056.702,0.5,0.5,,,,,
600276.SH,20221010,35.0,35.35,34.23,34.26,35.1,-0.84,-2.3932,312170.84,1078462.403,0.5,0.5,,,,,
600276.SH,20221011,34.55,34.58,33.85,34.1,34.26,-0.16,-0.467,199416.3,681601.746,0.5,0.5,,,,,
600276.SH,20221012,34.0,34.12,32.12,33.25,34.1,-0.85,-2.4927,418961.96,1378197.494,0.5,0.5,,,,,
600276.SH,20221013,33.1,34.97,32.95,34.54,33.25,1.29,3.8797,397853.98,1366707.323,0.5,0.5,,,,,
600276.SH,20221014,35.0,37.99,34.95,37.99,34.54,3.45,9.9884,950157.43,3531437.663,0.5,0.5,,,,,
600276.SH,20221017,38.23,40.4,38.23,39.55,37.99,1.56,4.1063,1415941.13,5591331.348,0.5,0.5,,,,,
600276.SH,20221018,39.55,40.15,38.78,39.46,39.55,-0.09,-0.2276,827033.42,3263104.973,0.5,0.5,,,,,
600276.SH,20221019,39.45,39.82,38.5,39.0,39.46,-0.46,-1.1657,550167.99,2151997.768,0.5,0.5,,,,,
600276.SH,20221020,38.56,40.66,38.5,39.18,39.0,0.18,0.4615,861645.77,3424168.327,0.5,0.5,,,,,
600276.SH,20221021,38.7,40.18,38.6,39.97,39.18,0.79,2.0163,701746.49,2773911.827,0.5,0.5,,,,,
600276.SH,20221024,40.0,40.37,38.78,38.98,39.97,-0.99,-2.4769,676904.69,2666736.98,0.5,0.5,,,,,
600276.SH,20221025,38.66,39.07,37.42,38.12,38.98,-0.86,-2.2063,505044.65,1931271.723,0.5,0.5,,,,,
600276.SH,20221026,38.11,40.3,38.09,39.72,38.12,1.6,4.1973,734058.41,2912454.13,0.5,0.5,,,,,
600276.SH,20221027,39.72,40.15,39.2,39.72,39.72,0.0,0.0,507585.76,2018515.314,0.5,0.5,,,,,
600276.SH,20221028,39.6,40.39,38.83,38.95,39.72,-0.77,-1.9386,560421.71,2216507.437,0.5,0.5,,,,,
600276.SH,20221031,38.16,40.5,38.15,40.2,38.95,1.25,3.2092,736430.88,2943740.835,0.5,0.5,,,,,
600276.SH,20221101,40.08,41.58,39.53,41.49,40.2,1.29,3.209,834855.7,3386698.861,0.5,0.5,,,,,
600276.SH,20221102,41.2,43.21,40.89,41.98,41.49,0.49,1.181,944807.98,3990735.923,0.5,0.5,,,,,
600276.SH,20221103,41.55,42.56,41.07,42.09,41.98,0.11,0.262,509934.69,2126220.579,0.5,0.5,,,,,
600276.SH,20221104,41.8,42.56,41.65,41.8,42.09,-0.29,-0.689,533435.96,2237835.762,0.5,0.5,,,,,
600276.SH,20221107,41.75,42.08,41.21,41.99,41.8,0.19,0.4545,481563.12,2004142.72,0.5,0.5,,,,,
600276.SH,20221108,41.96,41.96,40.53,40.7,41.99,-1.29,-3.0722,586386.21,2398733.014,0.5,0.5,,,,,
600276.SH,20221109,40.7,41.4,40.43,40.75,40.7,0.05,0.1229,331977.94,1357326.74,0.5,0.5,,,,,
600276.SH,20221110,40.5,41.15,40.03,40.19,40.75,-0.56,-1.3742,319877.22,1294465.502,0.5,0.5,,,,,
600276.SH,20221111,41.04,41.46,39.22,39.22,40.19,-0.97,-2.4135,678497.0,2733982.968,0.5,0.5,,,,,
600276.SH,20221114,39.34,41.13,39.27,40.76,39.22,1.54,3.9266,568396.8,2296583.744,0.5,0.5,,,,,
600276.SH,20221115,40.77,40.78,39.75,40.24,40.76,-0.52,-1.2758,480042.89,1930623.27,0.5,0.5,,,,,
600276.SH,20221116,40.24,41.58,39.63,40.5,40.24,0.26,0.6461,476330.55,1936993.184,0.5,0.5,,,,,
600276.SH,20221117,40.3,41.11,40.0,40.4,40.5,-0.1,-0.2469,277682.65,1120911.72,0.5,0.5,,,,,
600276.SH,20221118,40.49,41.3,40.19,40.27,40.4,-0.13,-0.3218,349113.4,1417054.52,0.5,0.5,,,,,
600276.SH,20221121,39.8,41.08,39.2,40.79,40.27,0.52,1.2913,418370.61,1684539.001,0.5,0.5,,,,,
600276.SH,20221122,40.83,41.75,39.77,39.92,40.79,-0.87,-2.1329,408099.56,1653432.493,0.5,0.5,,,,,
600276.SH,20221123,39.69,39.89,39.06,39.5,39.92,-0.42,-1.0521,279882.78,1104218.482,0.5,0.5,,,,,
600276.SH,20221124,39.62,40.11,38.81,39.37,39.5,-0.13,-0.3291,284074.98,1116046.415,0.5,0.5,,,,,
600276.SH,20221125,39.18,39.8,38.8,39.63,39.37,0.26,0.6604,248639.39,981440.21,0.5,0.5,,,,,
600276.SH,20221128,38.9,39.47,38.61,39.18,39.63,-0.45,-1.1355,260135.07,1014566.782,0.5,0.5,,,,,
600276.SH,20221129,39.42,40.22,39.09,40.05,39.18,0.87,2.2205,275733.27,1099869.108,0.5,0.5,,,,,
600276.SH,20221130,40.05,40.3,39.6,39.83,40.05,-0.22,-0.5493,293263.72,1170428.278,0.5,0.5,,,,,
600276.SH,20221201,40.22,40.96,39.8,40.47,39.83,0.64,1.6068,379558.16,1530958.402,0.5,0.5,,,,,
600276.SH,20221202,40.43,40.91,40.23,40.5,40.47,0.03,0.0741,250603.29,1017634.127,0.5,0.5,,,,,
600276.SH,20221205,40.5,40.86,39.6,39.88,40.5,-0.62,-1.5309,453317.41,1820773.517,0.5,0.5,,,,,
600276.SH,20221206,39.7,40.5,39.68,39.88,39.88,0.0,0.0,274308.04,1098865.54,0.5,0.5,,,,,
600276.SH,20221207,39.8,40.88,39.34,40.58,39.88,0.7,1.7553,396003.31,1594275.196,0.5,0.5,,,,,
600276.SH,20221208,40.57,40.58,38.86,38.87,40.58,-1.71,-4.2139,612777.45,2415374.745,0.5,0.5,,,,,
600276.SH,20221209,38.94,39.3,38.7,38.82,38.87,-0.05,-0.1286,409826.99,1597863.492,0.5,0.5,,,,,
600276.SH,20221212,38.9,39.55,38.5,38.88,38.82,0.06,0.1546,376900.11,1469815.693,0.5,0.5,,,,,
600276.SH,20221213,38.89,39.0,37.86,38.38,38.88,-0.5,-1.286,384599.77,1470661.682,0.5,0.5,,,,,
600276.SH,20221214,38.38,38.58,37.8,38.44,38.38,0.06,0.1563,262940.84,1005170.476,0.5,0.5,,,,,
600276.SH,20221215,38.18,38.8,37.86,37.96,38.44,-0.48,-1.2487,212865.04,810989.449,0.5,0.5,,,,,
600276.SH,20221216,37.81,38.05,37.71,38.0,37.96,0.04,0.1054,249092.48,943216.013,0.5,0.5,,,,,
600276.SH,20221219,38.08,38.24,37.08,37.19,38.0,-0.81,-2.1316,291345.05,1089921.474,0.5,0.5,,,,,
600276.SH,20221220,37.17,37.48,36.5,36.51,37.19,-0.68,-1.8284,278437.99,1023223.014,0.5,0.5,,,,,
600276.SH,20221221,36.51,36.69,35.93,36.14,36.51,-0.37,-1.0134,251313.27,910631.428,0.5,0.5,,,,,
600276.SH,20221222,36.45,37.35,36.26,36.63,36.14,0.49,1.3558,356206.32,1309943.892,0.5,0.5,,,,,
600276.SH,20221223,36.31,36.93,36.2,36.75,36.63,0.12,0.3276,216845.2,793292.486,0.5,0.5,,,,,
600276.SH,20221226,36.71,38.0,36.68,37.56,36.75,0.81,2.2041,316401.83,1188097.328,0.5,0.5,,,,,
600276.SH,20221227,37.88,37.89,36.88,37.07,37.56,-0.49,-1.3046,320140.23,1187739.097,0.5,0.5,,,,,
600276.SH,20221228,36.99,37.85,36.92,37.4,37.07,0.33,0.8902,247494.78,927033.305,0.5,0.5,,,,,
600276.SH,20221229,37.25,38.31,37.05,38.13,37.4,0.73,1.9519,357508.43,1356125.789,0.5,0.5,,,,,
600276.SH,20221230,38.17,38.85,38.17,38.53,38.13,0.4,1.049,282411.27,1088042.969,0.5,0.5,,,,,
600276.SH,20230103,38.62,39.05,38.11,38.44,38.53,-0.09,-0.2336,257564.93,991614.86,0.5,0.5,,,,,
600276.SH,20230104,38.63,38.99,38.41,38.77,38.44,0.33,0.8585,257668.0,997834.534,0.5,0.5,,,,,
600276.SH,20230105,39.0,39.87,38.71,39.55,38.77,0.78,2.0119,408464.18,1613986.781,0.5,0.5,,,,,
600276.SH,20230106,39.7,39.84,39.21,39.31,39.55,-0.24,-0.6068,200106.79,787437.452,0.5,0.5,,,,,
600276.SH,20230109,39.28,39.8,38.77,39.55,39.31,0.24,0.6105,328360.27,1293593.37,0.5,0.5,,,,,
600276.SH,20230110,39.53,39.9,39.3,39.38,39.55,-0.17,-0.4298,374507.72,1480991.442,0.5,0.5,,,,,
600276.SH,20230111,39.38,39.65,38.33,38.45,39.38,-0.93,-2.3616,531572.59,2068893.23,0.5,0.5,,,,,
600276.SH,20230112,38.47,38.54,37.74,37.79,38.45,-0.66,-1.7165,495276.76,1882797.072,0.5,0.5,,,,,
600276.SH,20230113,38.45,39.51,37.84,39.27,37.79,1.48,3.9164,708163.02,2763485.912,0.5,0.5,,,,,
600276.SH,20230116,39.27,43.2,39.27,43.13,39.27,3.86,9.8294,1378804.85,5856679.147,0.5,0.5,,,,,
600276.SH,20230117,42.79,43.33,41.88,42.18,43.13,-0.95,-2.2026,844312.16,3578996.621,0.5,0.5,,,,,
600276.SH,20230118,42.28,42.66,41.33,41.57,42.18,-0.61,-1.4462,541312.92,2257341.222,0.5,0.5,,,,,
600276.SH,20230119,42.16,44.77,41.66,43.64,41.57,2.07,4.9796,1094864.09,4757344.051,0.5,0.5,,,,,
600276.SH,20230120,43.68,44.88,43.39,43.54,43.64,-0.1,-0.2291,532464.67,2337576.257,0.5,0.5,,,,,
600276.SH,20230130,43.9,44.44,43.09,43.25,43.54,-0.29,-0.6661,496623.46,2164334.277,0.5,0.5,,,,,
600276.SH,20230131,43.27,43.8,42.14,42.21,43.25,-1.04,-2.4046,409175.58,1742218.997,0.5,0.5,,,,,
600276.SH,20230201,42.23,42.7,41.98,42.64,42.21,0.43,1.0187,396413.65,1680608.255,0.5,0.5,,,,,
600276.SH,20230202,42.7,44.1,42.45,43.0,42.64,0.36,0.8443,653486.51,2842278.053,0.5,0.5,,,,,
600276.SH,20230203,43.07,43.59,42.72,42.8,43.0,-0.2,-0.4651,498018.17,2146527.069,0.5,0.5,,,,,
600276.SH,20230206,42.8,42.97,41.9,42.49,42.8,-0.31,-0.7243,379172.65,1603885.946,0.5,0.5,,,,,
600276.SH,20230207,42.39,43.18,41.84,42.1,42.49,-0.39,-0.9179,307633.1,1303480.006,0.5,0.5,,,,,
600276.SH,20230208,42.19,43.5,42.15,42.96,42.1,0.86,2.0428,423949.35,1824844.44,0.5,0.5,,,,,
600276.SH,20230209,42.82,43.87,42.67,43.65,42.96,0.69,1.6061,373021.95,1623294.43,0.5,0.5,,,,,
600276.SH,20230210,43.64,43.96,43.23,43.6,43.65,-0.05,-0.1145,279699.63,1220159.16,0.5,0.5,,,,,
600276.SH,20230213,44.31,45.99,44.31,44.97,43.6,1.37,3.1422,652677.26,2952331.992,0.5,0.5,,,,,
600276.SH,20230214,44.93,45.4,44.54,45.22,44.97,0.25,0.5559,329762.5,1484295.714,0.5,0.5,,,,,
600276.SH,20230215,45.2,45.53,44.45,44.81,45.22,-0.41,-0.9067,269469.78,1207715.8,0.5,0.5,,,,,
600276.SH,20230216,44.8,45.07,43.31,43.79,44.81,-1.02,-2.2763,458815.24,2028582.882,0.5,0.5,,,,,
600276.SH,20230217,43.7,44.9,43.38,44.17,43.79,0.38,0.8678,395715.99,1758055.625,0.5,0.5,,,,,
600276.SH,20230220,44.16,45.45,43.69,45.22,44.17,1.05,2.3772,459923.11,2057766.373,0.5,0.5,,,,,
600276.SH,20230221,45.02,45.44,44.3,44.5,45.22,-0.72,-1.5922,337434.04,1509418.242,0.5,0.5,,,,,
600276.SH,20230222,44.4,44.8,44.0,44.11,44.5,-0.39,-0.8764,222476.59,987207.396,0.5,0.5,,,,,
600276.SH,20230223,44.02,44.32,43.18,43.52,44.11,-0.59,-1.3376,337062.11,1466260.51,0.5,0.5,,,,,
600276.SH,20230224,43.39,44.19,43.09,43.19,43.52,-0.33,-0.7583,238178.26,1035285.454,0.5,0.5,,,,,
600276.SH,20230227,42.9,43.4,42.6,43.13,43.19,-0.06,-0.1389,270401.02,1165183.03,0.5,0.5,,,,,
600276.SH,20230228,43.23,44.43,42.92,43.5,43.13,0.37,0.8579,328494.51,1425000.851,0.5,0.5,,,,,
600276.SH,20230301,43.43,44.14,43.18,43.77,43.5,0.27,0.6207,265212.82,1160326.142,0.5,0.5,,,,,
600276.SH,20230302,43.49,43.77,42.88,43.19,43.77,-0.58,-1.3251,230685.76,996391.536,0.5,0.5,,,,,
600276.SH,20230303,43.16,43.98,43.1,43.4,43.19,0.21,0.4862,190156.12,828331.823,0.5,0.5,,,,,
600276.SH,20230306,43.5,43.76,43.08,43.42,43.4,0.02,0.0461,210868.72,914437.005,0.5,0.5,,,,,
600276.SH,20230307,43.4,43.8,42.11,42.12,43.42,-1.3,-2.994,334386.82,1427706.842,0.5,0.5,,,,,
600276.SH,20230308,42.11,42.33,41.59,41.96,42.12,-0.16,-0.3799,270510.28,1132653.787,0.5,0.5,,,,,
600276.SH,20230309,41.93,42.23,41.7,41.73,41.96,-0.23,-0.5481,176773.88,741253.794,0.5,0.5,,,,,
600276.SH,20230310,41.36,42.21,41.33,41.86,41.73,0.13,0.3115,208267.78,871034.044,0.5,0.5,,,,,
600276.SH,20230313,41.53,41.9,41.21,41.42,41.86,-0.44,-1.0511,254688.54,1057253.671,0.5,0.5,,,,,
600276.SH,20230314,41.42,42.46,41.28,41.48,41.42,0.06,0.1449,331394.74,1385033.745,0.5,0.5,,,,,
600276.SH,20230315,41.85,42.27,41.26,41.38,41.48,-0.1,-0.2411,212095.71,883570.353,0.5,0.5,,,,,
600276.SH,20230316,41.15,41.95,41.06,41.19,41.38,-0.19,-0.4592,184247.65,764647.466,0.5,0.5,,,,,
600276.SH,20230317,41.55,41.79,40.7,40.82,41.19,-0.37,-0.8983,387715.55,1594954.443,0.5,0.5,,,,,
600276.SH,20230320,40.88,41.09,40.09,40.4,40.82,-0.42,-1.0289,335133.18,1356733.045,0.5,0.5,,,,,
600276.SH,20230321,40.35,41.78,40.35,41.6,40.4,1.2,2.9703,333896.63,1381649.367,0.5,0.5,,,,,
600276.SH,20230322,41.61,42.76,41.61,42.63,41.6,1.03,2.476,331144.24,1400488.361,0.5,0.5,,,,,
600276.SH,20230323,42.59,42.96,42.29,42.67,42.63,0.04,0.0938,262655.61,1119244.842,0.5,0.5,,,,,
600276.SH,20230324,42.6,42.87,41.63,41.7,42.67,-0.97,-2.2733,259856.41,1090994.993,0.5,0.5,,,,,
600276.SH,20230327,41.7,43.3,40.9,43.28,41.7,1.58,3.789,469300.86,1997213.195,0.5,0.5,,,,,
600276.SH,20230328,43.09,43.2,42.32,43.0,43.28,-0.28,-0.647,261611.18,1120913.319,0.5,0.5,,,,,
600276.SH,20230329,43.35,43.46,42.78,43.16,43.0,0.16,0.3721,183575.76,791915.355,0.5,0.5,,,,,
600276.SH,20230330,43.16,43.25,42.51,43.01,43.16,-0.15,-0.3475,206746.89,886710.468,0.5,0.5,,,,,
600276.SH,20230331,43.01,43.44,42.5,42.82,43.01,-0.19,-0.4418,220698.49,946650.492,0.5,0.5,,,,,
600276.SH,20230403,42.65,43.18,42.4,42.56,42.82,-0.26,-0.6072,244113.61,1040547.921,0.5,0.5,,,,,
600276.SH,20230404,42.56,43.16,42.1,43.15,42.56,0.59,1.3863,338527.19,1440361.472,0.5,0.5,,,,,
600276.SH,20230406,43.2,43.25,42.3,42.78,43.15,-0.37,-0.8575,280352.52,1195281.141,0.5,0.5,,,,,
600276.SH,20230407,42.79,45.3,42.79,45.15,42.78,2.37,5.54,670008.52,2995405.582,0.5,0.5,,,,,
600276.SH,20230410,45.15,46.69,44.9,46.27,45.15,1.12,2.4806,662719.65,3063903.64,0.5,0.5,,,,,
600276.SH,20230411,46.2,46.66,45.72,46.01,46.27,-0.26,-0.5619,327026.06,1506697.778,0.5,0.5,,,,,
600276.SH,20230412,46.1,47.35,45.56,45.63,46.01,-0.38,-0.8259,336008.69,1550776.1,0.5,0.5,,,,,
600276.SH,20230413,45.63,47.75,45.47,47.35,45.63,1.72,3.7694,646011.44,3044670.87,0.5,0.5,,,,,
600276.SH,20230414,47.94,48.63,47.0,47.72,47.35,0.37,0.7814,604879.52,2891168.165,0.5,0.5,,,,,
600276.SH,20230417,47.8,50.3,47.8,49.29,47.72,1.57,3.29,803311.57,3968648.863,0.5,0.5,,,,,
600276.SH,20230418,49.3,49.7,48.38,48.93,49.29,-0.36,-0.7304,376306.31,1838343.934,0.5,0.5,,,,,
600276.SH,20230419,48.8,49.2,48.41,48.66,48.93,-0.27,-0.5518,267819.79,1302378.973,0.5,0.5,,,,,
600276.SH,20230420,48.5,48.91,47.53,47.8,48.66,-0.86,-1.7674,414766.07,1987866.965,0.5,0.5,,,,,
600276.SH,20230421,47.8,48.35,47.32,47.32,47.8,-0.48,-1.0042,408354.84,1952335.295,0.5,0.5,,,,,
600276.SH,20230424,47.33,49.32,47.33,48.35,47.32,1.03,2.1767,603104.83,2925086.233,0.5,0.5,,,,,
600276.SH,20230425,48.35,48.96,47.28,47.98,48.35,-0.37,-0.7653,438672.08,2110863.168,0.5,0.5,,,,,
600276.SH,20230426,48.0,48.77,47.02,48.2,47.98,0.22,0.4585,360254.8,1727777.631,0.5,0.5,,,,,
600276.SH,20230427,48.18,48.75,47.41,48.2,48.2,0.0,0.0,400538.33,1928356.61,0.5,0.5,,,,,
600276.SH,20230428,48.2,48.95,47.83,48.65,48.2,0.45,0.9336,282982.96,1371262.044,0.5,0.5,,,,,
600276.SH,20230504,48.55,49.9,48.48,49.27,48.65,0.62,1.2744,432507.08,2136055.052,0.5,0.5,,,,,
600276.SH,20230505,49.38,49.48,47.08,47.47,49.27,-1.8,-3.6533,422608.25,2016143.924,0.5,0.5,,,,,
600276.SH,20230508,47.47,47.6,46.07,46.51,47.47,-0.96,-2.0223,468052.47,2173812.803,0.5,0.5,,,,,
600276.SH,20230509,46.39,46.82,45.7,45.93,46.51,-0.58,-1.247,289535.61,1338169.982,0.5,0.5,,,,,
600276.SH,20230510,46.0,46.7,45.65,46.35,45.93,0.42,0.9144,251665.12,1164998.556,0.5,0.5,,,,,
600276.SH,20230511,46.35,47.99,46.21,46.43,46.35,0.08,0.1726,286218.14,1342559.169,0.5,0.5,,,,,
600276.SH,20230512,46.44,46.87,45.37,45.51,46.43,-0.92,-1.9815,363767.1,1664150.284,0.5,0.5,,,,,
600276.SH,20230515,45.51,47.61,45.5,47.44,45.51,1.93,4.2408,326024.93,1521748.663,0.5,0.5,,,,,
600276.SH,20230516,49.1,49.71,48.7,49.13,47.44,1.69,3.5624,588845.71,2901294.223,0.5,0.5,,,,,
600276.SH,20230517,49.25,49.35,48.16,48.5,49.13,-0.63,-1.2823,271330.92,1319909.08,0.5,0.5,,,,,
600276.SH,20230518,48.5,48.87,47.78,48.02,48.5,-0.48,-0.9897,229021.66,1103908.779,0.5,0.5,,,,,
600276.SH,20230519,48.08,49.75,48.08,49.13,48.02,1.11,2.3115,341092.83,1678078.977,0.5,0.5,,,,,
600276.SH,20230522,49.18,50.2,48.33,48.7,49.13,-0.43,-0.8752,291329.91,1429543.987,0.5,0.5,,,,,
600276.SH,20230523,48.75,49.9,48.74,49.1,48.7,0.4,0.8214,328982.6,1627856.977,0.5,0.5,,,,,
600276.SH,20230524,49.1,49.18,47.63,47.96,49.1,-1.14,-2.3218,287120.39,1381356.168,0.5,0.5,,,,,
600276.SH,20230525,47.67,48.25,47.18,48.06,47.96,0.1,0.2085,183705.35,878653.565,0.5,0.5,,,,,
600276.SH,20230526,47.95,49.05,47.89,48.4,48.06,0.34,0.7074,174985.95,849836.856,0.5,0.5,,,,,
600276.SH,20230529,48.45,49.03,47.83,48.3,48.4,-0.1,-0.2066,218624.7,1056765.398,0.5,0.5,,,,,
600276.SH,20230530,48.3,49.2,47.3,48.29,48.3,-0.01,-0.0207,347626.6,1679739.747,0.5,0.5,,,,,
600276.SH,20230531,48.5,48.63,45.01,45.55,48.29,-2.74,-5.6741,859349.09,3959239.718,0.5,0.5,,,,,
600276.SH,20230601,45.56,46.89,45.45,45.93,45.55,0.38,0.8342,458275.91,2118563.584,0.5,0.5,,,,,
600276.SH,20230602,46.18,46.84,45.87,46.03,45.93,0.1,0.2177,286950.31,1327951.617,0.5,0.5,,,,,
600276.SH,20230605,46.2,46.9,46.04,46.5,46.03,0.47,1.0211,270911.4,1259519.912,0.5,0.5,,,,,
600276.SH,20230606,46.54,47.17,46.15,46.31,46.5,-0.19,-0.4086,267819.98,1253088.436,0.5,0.5,,,,,
600276.SH,20230607,46.3,46.69,45.35,45.5,46.31,-0.81,-1.7491,248217.52,1135394.748,0.5,0.5,,,,,
600276.SH,20230608,45.5,45.68,44.85,45.59,45.34,0.25,0.5514,223283.68,1009002.559,0.5,0.5,,,,,
600276.SH,20230609,45.34,46.15,45.11,45.79,45.59,0.2,0.4387,314957.25,1435337.094,0.5,0.5,,,,,
600276.SH,20230612,45.63,45.63,43.7,44.7,45.79,-1.09,-2.3804,499494.18,2227022.806,0.5,0.5,,,,,
600276.SH,20230613,44.61,45.34,44.27,45.0,44.7,0.3,0.6711,196179.74,879416.555,0.5,0.5,,,,,
600276.SH,20230614,45.1,46.38,44.82,46.0,45.0,1.0,2.2222,411555.84,1890579.169,0.5,0.5,,,,,
600276.SH,20230615,46.4,46.99,46.04,46.93,46.0,0.93,2.0217,317300.99,1477897.989,0.5,0.5,,,,,
600276.SH,20230616,46.8,48.48,46.7,47.5,46.93,0.57,1.2146,380343.66,1814534.587,0.5,0.5,,,,,
600276.SH,20230619,47.5,47.88,46.63,46.88,47.5,-0.62,-1.3053,218126.81,1023984.13,0.5,0.5,,,,,
600276.SH,20230620,46.97,47.49,46.7,46.78,46.88,-0.1,-0.2133,148967.22,699886.986,0.5,0.5,,,,,
600276.SH,20230621,46.51,47.17,46.4,46.4,46.78,-0.38,-0.8123,170862.61,798760.481,0.5,0.5,,,,,
600276.SH,20230626,46.28,47.08,45.68,46.36,46.4,-0.04,-0.0862,213999.89,989068.485,0.5,0.5,,,,,
600276.SH,20230627,46.18,46.8,45.83,45.95,46.36,-0.41,-0.8844,189783.55,876672.322,0.5,0.5,,,,,
600276.SH,20230628,46.13,46.4,45.71,46.2,45.95,0.25,0.5441,215203.19,992111.162,0.5,0.5,,,,,
600276.SH,20230629,46.15,47.44,46.1,47.05,46.2,0.85,1.8398,302949.97,1423288.085,0.5,0.5,,,,,
600276.SH,20230630,46.9,48.48,46.86,47.9,47.05,0.85,1.8066,283561.63,1360379.379,0.5,0.5,,,,,
600276.SH,20230703,47.92,47.92,47.03,47.36,47.9,-0.54,-1.1273,203984.24,967058.795,0.5,0.5,,,,,
600276.SH,20230704,47.3,50.5,46.51,48.85,47.36,1.49,3.1461,841570.68,4123867.419,0.5,0.5,,,,,
600276.SH,20230705,48.85,49.85,48.53,49.19,48.85,0.34,0.696,461083.11,2275614.523,0.5,0.5,,,,,
600276.SH,20230706,49.16,49.2,47.89,48.11,49.19,-1.08,-2.1956,252248.43,1219395.802,0.5,0.5,,,,,
600276.SH,20230707,48.0,48.59,47.81,48.39,48.11,0.28,0.582,172267.79,831988.64,0.5,0.5,,,,,
600276.SH,20230710,48.38,48.49,47.36,47.61,48.39,-0.78,-1.6119,216794.25,1034167.999,0.5,0.5,,,,,
600276.SH,20230711,48.0,48.56,47.21,48.24,47.61,0.63,1.3233,242128.38,1164154.726,0.5,0.5,,,,,
600276.SH,20230712,48.24,48.4,47.55,47.77,48.24,-0.47,-0.9743,146811.1,703955.313,0.5,0.5,,,,,
600276.SH,20230713,47.94,48.2,47.5,48.01,47.77,0.24,0.5024,246040.15,1180018.589,0.5,0.5,,,,,
600276.SH,20230714,47.98,47.99,47.5,47.52,48.01,-0.49,-1.0206,134610.16,641622.957,0.5,0.5,,,,,
600276.SH,20230717,47.52,47.52,46.73,47.2,47.52,-0.32,-0.6734,213943.59,1006066.369,0.5,0.5,,,,,
600276.SH,20230718,47.4,47.85,47.0,47.2,47.2,0.0,0.0,121134.52,572775.268,0.5,0.5,,,,,
600276.SH,20230719,47.0,47.37,46.55,46.69,47.2,-0.51,-1.0805,194150.49,909126.296,0.5,0.5,,,,,
600276.SH,20230720,46.99,47.4,45.87,45.96,46.69,-0.73,-1.5635,180988.29,840875.002,0.5,0.5,,,,,
600276.SH,20230721,46.03,46.3,45.65,45.93,45.96,-0.03,-0.0653,209765.58,963680.908,0.5,0.5,,,,,
600276.SH,20230724,45.9,48.0,45.89,47.29,45.93,1.36,2.961,473988.16,2245495.19,0.5,0.5,,,,,
600276.SH,20230725,47.75,47.9,47.13,47.76,47.29,0.47,0.9939,249097.69,1185933.141,0.5,0.5,,,,,
600276.SH,20230726,47.77,48.16,47.55,48.08,47.76,0.32,0.67,167788.04,805101.338,0.5,0.5,,,,,
600276.SH,20230727,48.33,48.47,47.8,48.11,48.08,0.03,0.0624,162254.72,780565.524,0.5,0.5,,,,,
600276.SH,20230728,47.88,49.2,47.59,49.05,48.11,0.94,1.9539,377573.4,1831117.114,0.5,0.5,,,,,
600276.SH,20230731,49.04,49.33,44.22,44.58,49.05,-4.47,-9.1131,1359241.69,6226335.069,0.5,0.5,,,,,
600276.SH,20230801,44.31,44.31,42.3,43.38,44.58,-1.2,-2.6918,1344001.31,5837540.23,0.5,0.5,,,,,
600276.SH,20230802,43.25,43.99,42.06,42.28,43.38,-1.1,-2.5357,934818.63,4002903.506,0.5,0.5,,,,,
600276.SH,20230803,41.85,42.89,41.18,42.27,42.28,-0.01,-0.0237,791887.96,3340548.136,0.5,0.5,,,,,
600276.SH,20230804,42.55,42.67,41.0,41.07,42.27,-1.2,-2.8389,1064608.87,4420471.054,0.5,0.5,,,,,
600276.SH,20230807,40.66,40.66,38.56,39.13,41.07,-1.94,-4.7236,1347893.1,5280883.46,0.5,0.5,,,,,
600276.SH,20230808,38.6,40.69,38.58,40.14,39.13,1.01,2.5811,974176.96,3876529.259,0.5,0.5,,,,,
600276.SH,20230809,39.9,40.67,39.8,40.21,40.14,0.07,0.1744,573863.28,2309143.09,0.5,0.5,,,,,
600276.SH,20230810,40.21,40.38,39.6,39.9,40.21,-0.31,-0.771,355952.51,1420732.108,0.5,0.5,,,,,
600276.SH,20230811,39.96,40.23,39.2,39.2,39.9,-0.7,-1.7544,337897.76,1337250.935,0.5,0.5,,,,,
600276.SH,20230814,38.83,40.79,38.8,40.62,39.2,1.42,3.6224,602789.81,2413358.863,0.5,0.5,,,,,
600276.SH,20230815,40.61,41.1,39.98,40.5,40.62,-0.12,-0.2954,426582.21,1726457.704,0.5,0.5,,,,,
600276.SH,20230816,40.39,41.91,40.25,41.01,40.5,0.51,1.2593,630408.95,2598200.518,0.5,0.5,,,,,
600276.SH,20230817,40.72,40.86,40.1,40.57,41.01,-0.44,-1.0729,395599.04,1599099.728,0.5,0.5,,,,,
600276.SH,20230818,40.5,40.58,39.8,39.95,40.57,-0.62,-1.5282,261862.08,1051772.611,0.5,0.5,,,,,
600276.SH,20230821,37.96,39.33,37.1,38.8,39.95,-1.15,-2.8786,607920.5,2340167.373,0.5,0.5,,,,,
600276.SH,20230822,39.15,39.4,38.33,39.15,38.8,0.35,0.9021,435385.59,1693144.201,0.5,0.5,,,,,
600276.SH,20230823,39.1,39.31,38.68,38.7,39.15,-0.45,-1.1494,258170.58,1006532.647,0.5,0.5,,,,,
600276.SH,20230824,38.71,40.88,38.4,40.44,38.7,1.74,4.4961,477736.53,1910733.102,0.5,0.5,,,,,
600276.SH,20230825,40.26,41.33,40.16,40.72,40.44,0.28,0.6924,430305.79,1756092.212,0.5,0.5,,,,,
600276.SH,20230828,42.99,43.35,41.52,41.92,40.72,1.2,2.947,722101.77,3043511.38,0.5,0.5,,,,,
600276.SH,20230829,41.91,42.49,41.6,42.25,41.92,0.33,0.7872,376996.85,1588977.336,0.5,0.5,,,,,
600276.SH,20230830,42.5,42.5,42.0,42.15,42.25,-0.1,-0.2367,253503.81,1070521.274,0.5,0.5,,,,,
600276.SH,20230831,42.15,42.24,41.7,41.78,42.15,-0.37,-0.8778,259632.64,1088210.681,0.5,0.5,,,,,
600276.SH,20230901,41.85,42.02,41.43,41.53,41.78,-0.25,-0.5984,165313.03,688552.632,0.5,0.5,,,,,
600276.SH,20230904,41.93,41.97,41.1,41.2,41.53,-0.33,-0.7946,324688.08,1341074.606,0.5,0.5,,,,,
600276.SH,20230905,41.21,41.58,41.09,41.21,41.2,0.01,0.0243,202444.28,837077.292,0.5,0.5,,,,,
600276.SH,20230906,41.01,41.19,40.6,40.73,41.21,-0.48,-1.1648,211816.11,864434.723,0.5,0.5,,,,,
600276.SH,20230907,40.88,40.88,39.93,40.29,40.73,-0.44,-1.0803,286649.43,1152145.076,0.5,0.5,,,,,
600276.SH,20230908,40.25,40.61,40.0,40.58,40.29,0.29,0.7198,178496.59,720117.159,0.5,0.5,,,,,
600276.SH,20230911,40.75,43.16,40.75,43.0,40.58,2.42,5.9635,757357.06,3231973.811,0.5,0.5,,,,,
600276.SH,20230912,42.81,43.18,42.68,42.91,43.0,-0.09,-0.2093,262042.55,1124850.924,0.5,0.5,,,,,
600276.SH,20230913,42.85,43.08,42.01,42.2,42.91,-0.71,-1.6546,223141.29,946141.604,0.5,0.5,,,,,
600276.SH,20230914,42.33,42.79,42.05,42.59,42.2,0.39,0.9242,230088.52,977473.28,0.5,0.5,,,,,
600276.SH,20230915,42.7,43.95,42.35,43.6,42.59,1.01,2.3714,669590.64,2917106.85,0.5,0.5,,,,,
600276.SH,20230918,43.61,44.95,43.59,44.36,43.6,0.76,1.7431,478973.73,2129867.026,0.5,0.5,,,,,
600276.SH,20230919,44.36,44.82,44.09,44.63,44.36,0.27,0.6087,257265.85,1144955.6,0.5,0.5,,,,,
600276.SH,20230920,44.5,44.6,43.88,44.35,44.63,-0.28,-0.6274,218103.68,964374.254,0.5,0.5,,,,,
600276.SH,20230921,44.35,44.39,43.78,43.89,44.35,-0.46,-1.0372,192237.92,845940.881,0.5,0.5,,,,,
600276.SH,20230922,43.97,44.14,43.4,44.06,43.89,0.17,0.3873,282408.36,1236954.485,0.5,0.5,,,,,
600276.SH,20230925,44.1,45.05,43.71,44.85,44.06,0.79,1.793,407403.39,1820689.408,0.5,0.5,,,,,
600276.SH,20230926,44.8,45.08,44.15,44.7,44.85,-0.15,-0.3344,273017.92,1216854.602,0.5,0.5,,,,,
600276.SH,20230927,44.68,45.68,44.65,45.31,44.7,0.61,1.3647,357243.35,1617557.677,0.5,0.5,,,,,
600276.SH,20230928,45.55,45.88,44.76,44.94,45.31,-0.37,-0.8166,251307.45,1135092.321,0.5,0.5,,,,,
600276.SH,20231009,44.89,45.2,44.12,44.76,44.94,-0.18,-0.4005,331422.48,1475154.936,0.5,0.5,,,,,
600276.SH,20231010,44.92,44.99,44.28,44.37,44.76,-0.39,-0.8713,166018.62,740031.441,0.5,0.5,,,,,
600276.SH,20231011,44.7,45.57,44.7,45.05,44.37,0.68,1.5326,329577.19,1488505.889,0.5,0.5,,,,,
600276.SH,20231012,45.6,45.65,44.7,44.95,45.05,-0.1,-0.222,244607.77,1099547.113,0.5,0.5,,,,,
600276.SH,20231013,44.58,45.12,44.37,44.65,44.95,-0.3,-0.6674,187513.25,837370.916,0.5,0.5,,,,,
600276.SH,20231016,44.82,45.12,44.1,44.23,44.65,-0.42,-0.9406,214400.14,953935.321,0.5,0.5,,,,,
600276.SH,20231017,44.23,44.53,43.6,44.47,44.23,0.24,0.5426,214292.57,943523.855,0.5,0.5,,,,,
600276.SH,20231018,44.48,44.49,43.76,43.82,44.47,-0.65,-1.4617,157010.71,690070.188,0.5,0.5,,,,,
600276.SH,20231019,43.66,44.08,43.2,43.41,43.82,-0.41,-0.9356,262746.5,1145345.846,0.5,0.5,,,,,
600276.SH,20231020,43.12,43.5,42.55,42.72,43.41,-0.69,-1.5895,303034.33,1296586.797,0.5,0.5,,,,,
600276.SH,20231023,42.73,43.36,42.33,43.07,42.72,0.35,0.8193,224631.99,964201.611,0.5,0.5,,,,,
600276.SH,20231024,43.06,43.5,42.61,43.23,43.07,0.16,0.3715,260856.07,1124684.898,0.5,0.5,,,,,
600276.SH,20231025,43.69,43.87,43.06,43.17,43.23,-0.06,-0.1388,275145.4,1192763.487,0.5,0.5,,,,,
600276.SH,20231026,43.89,44.85,43.45,44.45,43.17,1.28,2.965,418091.67,1856368.719,0.5,0.5,,,,,
600276.SH,20231027,44.26,45.55,43.88,45.4,44.45,0.95,2.1372,414072.04,1862059.5,0.5,0.5,,,,,
600276.SH,20231030,45.45,47.0,45.2,46.58,45.4,1.18,2.5991,550653.86,2552988.94,0.5,0.5,,,,,
600276.SH,20231031,48.53,48.78,47.23,47.94,46.58,1.36,2.9197,706569.35,3387726.474,0.5,0.5,,,,,
600276.SH,20231101,47.95,48.18,47.29,47.97,47.94,0.03,0.0626,335686.63,1601908.875,0.5,0.5,,,,,
600276.SH,20231102,48.17,48.2,47.71,47.9,47.97,-0.07,-0.1459,205141.54,983703.283,0.5,0.5,,,,,
600276.SH,20231103,47.8,48.1,47.4,47.51,47.9,-0.39,-0.8142,212838.11,1015296.077,0.5,0.5,,,,,
600276.SH,20231106,48.49,48.88,48.16,48.33,47.51,0.82,1.726,378137.66,1834312.514,0.5,0.5,,,,,
600276.SH,20231107,48.5,48.81,48.18,48.43,48.33,0.1,0.2069,261491.97,1270647.902,0.5,0.5,,,,,
600276.SH,20231108,48.47,49.74,48.47,49.28,48.43,0.85,1.7551,318466.19,1567457.009,0.5,0.5,,,,,
600276.SH,20231109,49.14,49.37,48.27,48.38,49.28,-0.9,-1.8263,294700.18,1431770.225,0.5,0.5,,,,,
600276.SH,20231110,48.1,48.68,48.03,48.39,48.38,0.01,0.0207,186558.43,902627.142,0.5,0.5,,,,,
600276.SH,20231113,48.51,48.64,47.06,47.3,48.39,-1.09,-2.2525,338641.22,1606447.219,0.5,0.5,,,,,
600276.SH,20231114,47.37,47.68,46.8,47.04,47.3,-0.26,-0.5497,206787.55,973364.199,0.5,0.5,,,,,
600276.SH,20231115,47.68,47.98,47.16,47.33,47.04,0.29,0.6165,156722.04,743383.344,0.5,0.5,,,,,
600276.SH,20231116,47.03,47.48,46.76,46.8,47.33,-0.53,-1.1198,139575.72,655045.907,0.5,0.5,,,,,
600276.SH,20231117,46.79,47.33,46.68,47.14,46.8,0.34,0.7265,211799.04,995487.699,0.5,0.5,,,,,
600276.SH,20231120,47.21,47.98,46.96,47.49,47.14,0.35,0.7425,231080.19,1096914.505,0.5,0.5,,,,,
600276.SH,20231121,47.6,48.08,47.31,47.58,47.49,0.09,0.1895,205465.93,981885.82,0.5,0.5,,,,,
600276.SH,20231122,47.58,47.67,47.14,47.14,47.58,-0.44,-0.9248,126901.97,600591.031,0.5,0.5,,,,,
600276.SH,20231123,47.15,47.27,46.65,47.17,47.14,0.03,0.0636,126847.1,596480.165,0.5,0.5,,,,,
600276.SH,20231124,47.01,47.21,46.72,46.93,47.17,-0.24,-0.5088,146471.1,688379.061,0.5,0.5,,,,,
600276.SH,20231127,46.92,47.1,46.42,46.8,46.93,-0.13,-0.277,184431.96,863329.196,0.5,0.5,,,,,
600276.SH,20231128,46.7,47.5,46.58,47.5,46.8,0.7,1.4957,204180.19,963092.934,0.5,0.5,,,,,
600276.SH,20231129,47.5,47.9,47.33,47.67,47.5,0.17,0.3579,175453.65,835534.026,0.5,0.5,,,,,
600276.SH,20231130,47.7,48.08,47.43,48.02,47.67,0.35,0.7342,215983.33,1034052.589,0.5,0.5,,,,,
600276.SH,20231201,47.95,48.13,45.83,46.58,48.02,-1.44,-2.9988,408166.47,1904555.696,0.5,0.5,,,,,
600276.SH,20231204,46.56,46.64,45.5,45.99,46.58,-0.59,-1.2666,276861.01,1277259.197,0.5,0.5,,,,,
600276.SH,20231205,45.83,46.3,45.15,45.25,45.99,-0.74,-1.609,265791.43,1213967.601,0.5,0.5,,,,,
600276.SH,20231206,45.22,46.02,44.85,45.41,45.25,0.16,0.3536,220289.02,1000552.801,0.5,0.5,,,,,
600276.SH,20231207,45.48,45.75,44.73,44.78,45.41,-0.63,-1.3874,237437.94,1069538.351,0.5,0.5,,,,,
600276.SH,20231208,44.77,45.66,44.65,45.59,44.78,0.81,1.8088,292412.98,1326068.365,0.5,0.5,,,,,
600276.SH,20231211,45.37,46.6,45.06,46.53,45.59,0.94,2.0619,267694.68,1225504.47,0.5,0.5,,,,,
600276.SH,20231212,46.53,46.66,45.45,45.8,46.53,-0.73,-1.5689,212970.04,974828.671,0.5,0.5,,,,,
600276.SH,20231213,45.54,46.09,45.52,45.62,45.8,-0.18,-0.393,186764.47,856154.192,0.5,0.5,,,,,
600276.SH,20231214,46.08,46.19,45.57,45.73,45.62,0.11,0.2411,194061.17,890571.7,0.5,0.5,,,,,
600276.SH,20231215,45.75,45.84,44.45,44.66,45.73,-1.07,-2.3398,259065.71,1163993.227,0.5,0.5,,,,,
600276.SH,20231218,44.59,45.78,44.18,45.49,44.66,0.83,1.8585,244785.62,1110849.272,0.5,0.5,,,,,
600276.SH,20231219,45.41,45.44,44.21,44.78,45.49,-0.71,-1.5608,214346.76,958138.755,0.5,0.5,,,,,
600276.SH,20231220,44.7,45.18,44.19,44.23,44.78,-0.55,-1.2282,189820.63,846390.828,0.5,0.5,,,,,
600276.SH,20231221,44.18,44.63,44.05,44.49,44.23,0.26,0.5878,188352.12,835984.122,0.5,0.5,,,,,
600276.SH,20231222,44.48,44.57,43.51,44.01,44.49,-0.48,-1.0789,242358.23,1067834.266,0.5,0.5,,,,,
600276.SH,20231225,44.01,44.55,43.9,44.0,44.01,-0.01,-0.0227,133611.5,590059.431,0.5,0.5,,,,,
600276.SH,20231226,44.0,44.07,43.3,43.98,44.0,-0.02,-0.0455,150553.93,657505.418,0.5,0.5,,,,,
600276.SH,20231227,43.9,44.21,43.36,44.09,43.98,0.11,0.2501,216014.9,947551.025,0.5,0.5,,,,,
600276.SH,20231228,44.1,44.85,43.93,44.75,44.09,0.66,1.4969,307634.47,1370257.485,0.5,0.5,,,,,
600276.SH,20231229,44.88,45.4,44.65,45.23,44.75,0.48,1.0726,242380.46,1094134.425,0.5,0.5,,,,,
600276.SH,20240102,45.24,45.44,44.36,44.47,45.23,-0.76,-1.6803,182607.97,815829.089,0.5,0.5,,,,,
600276.SH,20240103,44.21,44.88,44.05,44.23,44.47,-0.24,-0.5397,146693.79,651690.508,0.5,0.5,,,,,
600276.SH,20240104,44.3,44.34,42.88,43.79,44.23,-0.44,-0.9948,339045.43,1468337.357,0.5,0.5,,,,,
600276.SH,20240105,43.31,43.5,41.28,41.95,43.79,-1.84,-4.2019,495226.87,2085701.637,0.5,0.5,,,,,
600276.SH,20240108,41.8,41.8,41.0,41.11,41.95,-0.84,-2.0024,300091.12,1238699.559,0.5,0.5,,,,,
600276.SH,20240109,41.15,41.56,40.88,41.2,41.11,0.09,0.2189,211749.33,872816.754,0.5,0.5,,,,,
600276.SH,20240110,41.2,41.99,40.77,41.5,41.2,0.3,0.7282,206745.83,860280.445,0.5,0.5,,,,,
600276.SH,20240111,41.51,41.85,41.18,41.48,41.5,-0.02,-0.0482,189719.94,788171.079,0.5,0.5,,,,,
600276.SH,20240112,41.21,41.6,40.92,41.1,41.48,-0.38,-0.9161,132701.35,548157.565,0.5,0.5,,,,,
600276.SH,20240115,40.7,41.9,40.68,41.51,41.1,0.41,0.9976,148934.96,617603.018,0.5,0.5,,,,,
600276.SH,20240116,41.2,41.65,40.8,41.41,41.51,-0.1,-0.2409,186577.09,768555.374,0.5,0.5,,,,,
600276.SH,20240117,41.13,41.29,40.11,40.11,41.41,-1.3,-3.1393,240232.17,974124.257,0.5,0.5,,,,,
600276.SH,20240118,40.0,41.4,39.47,41.29,40.11,1.18,2.9419,387164.6,1559153.303,0.5,0.5,,,,,
600276.SH,20240119,41.09,41.6,40.81,41.41,41.29,0.12,0.2906,317394.89,1309874.297,0.5,0.5,,,,,
600276.SH,20240122,41.4,41.7,40.13,40.78,41.41,-0.63,-1.5214,349377.45,1430463.188,0.5,0.5,,,,,
600276.SH,20240123,40.68,40.92,40.23,40.3,40.78,-0.48,-1.177,208862.14,846394.265,0.5,0.5,,,,,
600276.SH,20240124,40.68,40.73,39.5,40.52,40.3,0.22,0.5459,250042.07,1001342.749,0.5,0.5,,,,,
600276.SH,20240125,40.84,41.2,40.05,41.2,40.52,0.68,1.6782,278911.63,1134726.996,0.5,0.5,,,,,
600276.SH,20240126,40.9,41.22,40.01,40.3,41.2,-0.9,-2.1845,302799.54,1230888.858,0.5,0.5,,,,,
600276.SH,20240129,40.25,40.55,39.03,39.25,40.3,-1.05,-2.6055,281051.0,1112608.513,0.5,0.5,,,,,
600276.SH,20240130,39.22,39.44,38.56,38.69,39.25,-0.56,-1.4268,233013.0,905581.935,0.5,0.5,,,,,
600276.SH,20240131,38.4,38.6,37.22,37.45,38.69,-1.24,-3.205,380597.05,1433750.351,0.5,0.5,,,,,
600276.SH,20240201,37.2,38.06,36.88,37.16,37.45,-0.29,-0.7744,300234.6,1122310.504,0.5,0.5,,,,,
600276.SH,20240202,37.22,37.67,35.51,35.95,37.16,-1.21,-3.2562,360475.09,1317464.771,0.5,0.5,,,,,
600276.SH,20240205,35.98,37.96,35.79,37.4,35.95,1.45,4.0334,497938.6,1835851.264,0.5,0.5,,,,,
600276.SH,20240206,37.4,41.05,37.2,41.0,37.4,3.6,9.6257,568194.66,2272656.933,0.5,0.5,,,,,
600276.SH,20240207,41.25,41.86,40.51,41.84,41.0,0.84,2.0488,522123.78,2164428.888,0.5,0.5,,,,,
600276.SH,20240208,41.84,42.55,41.18,41.87,41.84,0.03,0.0717,379944.04,1579175.793,0.5,0.5,,,,,
600276.SH,20240219,41.86,42.17,41.05,41.66,41.87,-0.21,-0.5016,253807.9,1055722.627,0.5,0.5,,,,,
600276.SH,20240220,41.73,42.23,41.51,41.86,41.66,0.2,0.4801,212255.0,889338.539,0.5,0.5,,,,,
600276.SH,20240221,41.88,42.46,41.45,42.22,41.86,0.36,0.86,299014.7,1260180.46,0.5,0.5,,,,,
600276.SH,20240222,42.0,42.54,41.96,42.43,42.22,0.21,0.4974,175300.89,740956.883,0.5,0.5,,,,,
600276.SH,20240223,42.43,42.86,41.88,42.39,42.43,-0.04,-0.0943,229506.41,971812.476,0.5,0.5,,,,,
600276.SH,20240226,42.21,42.49,41.8,42.08,42.39,-0.31,-0.7313,188782.34,796444.428,0.5,0.5,,,,,
600276.SH,20240227,42.1,42.33,41.84,42.27,42.08,0.19,0.4515,176161.19,740889.142,0.5,0.5,,,,,
600276.SH,20240228,42.47,43.59,42.23,42.23,42.27,-0.04,-0.0946,340117.85,1458671.569,0.5,0.5,,,,,
600276.SH,20240229,42.22,42.85,42.1,42.64,42.23,0.41,0.9709,253408.41,1076844.666,0.5,0.5,,,,,
600276.SH,20240301,42.64,42.92,42.1,42.52,42.64,-0.12,-0.2814,215636.99,916978.866,0.5,0.5,,,,,
600276.SH,20240304,42.52,43.98,42.46,43.9,42.52,1.38,3.2455,376568.12,1640672.142,0.5,0.5,,,,,
600276.SH,20240305,43.9,44.7,43.62,44.56,43.9,0.66,1.5034,371200.36,1643167.915,0.5,0.5,,,,,
600276.SH,20240306,44.65,44.9,43.7,43.96,44.56,-0.6,-1.3465,216990.75,957081.998,0.5,0.5,,,,,
600276.SH,20240307,43.9,43.96,41.6,41.95,43.96,-2.01,-4.5723,457432.63,1939466.492,0.5,0.5,,,,,
600276.SH,20240308,41.94,42.7,41.62,41.89,41.95,-0.06,-0.143,277417.88,1164468.604,0.5,0.5,,,,,
600276.SH,20240311,41.9,43.7,41.68,43.6,41.89,1.71,4.0821,325467.46,1400965.85,0.5,0.5,,,,,
600276.SH,20240312,43.71,45.29,43.2,44.93,43.6,1.33,3.0505,431409.72,1921884.773,0.5,0.5,,,,,
600276.SH,20240313,45.0,45.03,44.16,44.68,44.93,-0.25,-0.5564,207494.81,924209.602,0.5,0.5,,,,,
600276.SH,20240314,49.0,49.15,46.51,47.03,44.68,2.35,5.2596,1099244.76,5248912.838,0.5,0.5,,,,,
600276.SH,20240315,46.98,47.95,46.5,47.13,47.03,0.1,0.2126,438579.39,2069250.035,0.5,0.5,,,,,
600276.SH,20240318,47.0,47.68,46.45,47.28,47.13,0.15,0.3183,297914.31,1406103.941,0.5,0.5,,,,,
600276.SH,20240319,46.91,47.33,45.9,45.97,47.28,-1.31,-2.7707,272047.91,1262475.448,0.5,0.5,,,,,
600276.SH,20240320,45.66,45.91,45.31,45.63,45.97,-0.34,-0.7396,225014.1,1025230.382,0.5,0.5,,,,,
600276.SH,20240321,45.85,46.07,45.45,45.63,45.63,0.0,0.0,183357.06,839240.724,0.5,0.5,,,,,
600276.SH,20240322,45.54,46.0,45.1,45.93,45.63,0.3,0.6575,242254.21,1103378.348,0.5,0.5,,,,,
600276.SH,20240325,45.95,46.82,45.81,46.16,45.93,0.23,0.5008,232619.53,1078638.224,0.5,0.5,,,,,
600276.SH,20240326,46.1,46.59,45.87,46.27,46.16,0.11,0.2383,200060.73,925152.065,0.5,0.5,,,,,
600276.SH,20240327,46.2,46.35,45.7,45.91,46.27,-0.36,-0.778,155668.13,716342.078,0.5,0.5,,,,,
600276.SH,20240328,45.91,46.86,45.54,46.21,45.91,0.3,0.6535,214019.47,993801.318,0.5,0.5,,,,,
600276.SH,20240329,46.21,46.37,45.4,45.97,46.21,-0.24,-0.5194,187037.57,857879.351,0.5,0.5,,,,,
600276.SH,20240401,45.98,46.8,45.98,46.32,45.97,0.35,0.7614,202224.35,937070.924,0.5,0.5,,,,,
600276.SH,20240402,46.2,46.69,45.06,45.46,46.32,-0.86,-1.8566,224903.09,1024255.824,0.5,0.5,,,,,
600276.SH,20240403,45.1,45.33,44.52,44.76,45.46,-0.7,-1.5398,236904.2,1064081.572,0.5,0.5,,,,,
600276.SH,20240408,44.8,45.87,44.8,45.4,44.76,0.64,1.4298,236267.91,1071343.514,0.5,0.5,,,,,
600276.SH,20240409,45.4,45.63,44.28,45.54,45.4,0.14,0.3084,215272.35,967808.523,0.5,0.5,,,,,
600276.SH,20240410,45.54,45.98,44.9,45.45,45.54,-0.09,-0.1976,163530.62,744122.727,0.5,0.5,,,,,
600276.SH,20240411,45.05,45.49,44.63,44.94,45.45,-0.51,-1.1221,186091.52,837102.507,0.5,0.5,,,,,
600276.SH,20240412,44.8,45.35,43.95,44.09,44.94,-0.85,-1.8914,222119.02,987099.187,0.5,0.5,,,,,
600276.SH,20240415,44.14,45.15,44.09,44.56,44.09,0.47,1.066,220277.68,984050.772,0.5,0.5,,,,,
600276.SH,20240416,44.33,44.65,43.79,44.26,44.56,-0.3,-0.6732,233857.21,1033684.47,0.5,0.5,,,,,
600276.SH,20240417,44.35,44.78,43.84,44.39,44.26,0.13,0.2937,232756.0,1032367.344,0.5,0.5,,,,,
600276.SH,20240418,45.2,45.5,42.2,42.35,44.39,-2.04,-4.5956,590167.74,2541878.651,0.5,0.5,,,,,
600276.SH,20240419,42.0,42.34,41.22,41.68,42.35,-0.67,-1.5821,384254.6,1601560.704,0.5,0.5,,,,,
600276.SH,20240422,41.99,42.17,41.46,41.86,41.68,0.18,0.4319,278064.45,1163954.983,0.5,0.5,,,,,
600276.SH,20240423,41.86,44.27,41.8,44.07,41.86,2.21,5.2795,493661.1,2134259.117,0.5,0.5,,,,,
600276.SH,20240424,43.96,44.2,43.4,43.7,44.07,-0.37,-0.8396,216251.98,946244.236,0.5,0.5,,,,,
600276.SH,20240425,43.7,44.97,43.5,44.3,43.7,0.6,1.373,244691.03,1085861.364,0.5,0.5,,,,,
600276.SH,20240426,44.2,45.79,44.17,45.61,44.3,1.31,2.9571,342782.62,1550025.297,0.5,0.5,,,,,
600276.SH,20240429,45.6,46.86,45.53,46.18,45.61,0.57,1.2497,342795.67,1586424.722,0.5,0.5,,,,,
600276.SH,20240430,46.39,46.85,45.85,46.16,46.18,-0.02,-0.0433,192502.43,893082.21,0.5,0.5,,,,,
600276.SH,20240506,46.93,47.87,46.42,47.16,46.16,1.0,2.1664,325824.23,1541063.569,0.5,0.5,,,,,
600276.SH,20240507,47.16,47.5,47.02,47.23,47.16,0.07,0.1484,203779.65,964125.27,0.5,0.5,,,,,
600276.SH,20240508,47.26,47.37,46.25,46.42,47.23,-0.81,-1.715,261291.51,1217234.952,0.5,0.5,,,,,
600276.SH,20240509,46.51,47.23,46.31,46.9,46.42,0.48,1.034,175147.23,820722.434,0.5,0.5,,,,,
600276.SH,20240510,46.79,47.05,46.19,46.48,46.9,-0.42,-0.8955,155772.77,725489.832,0.5,0.5,,,,,
600276.SH,20240513,46.48,46.78,45.37,45.53,46.48,-0.95,-2.0439,291756.92,1338054.191,0.5,0.5,,,,,
600276.SH,20240514,45.53,45.78,45.22,45.33,45.53,-0.2,-0.4393,197237.37,897260.526,0.5,0.5,,,,,
600276.SH,20240515,45.34,45.42,44.53,44.67,45.33,-0.66,-1.456,159428.98,713465.989,0.5,0.5,,,,,
600276.SH,20240516,45.0,45.11,44.4,44.69,44.67,0.02,0.0448,234377.08,1048106.878,0.5,0.5,,,,,
600276.SH,20240517,45.5,46.23,44.07,44.75,44.69,0.06,0.1343,376855.49,1689843.524,0.5,0.5,,,,,
600276.SH,20240520,44.28,44.79,43.48,43.81,44.75,-0.94,-2.1006,397022.65,1742797.464,0.5,0.5,,,,,
600276.SH,20240521,43.72,44.16,43.42,43.8,43.81,-0.01,-0.0228,244383.25,1071157.251,0.5,0.5,,,,,
600276.SH,20240522,43.9,43.96,43.4,43.54,43.8,-0.26,-0.5936,252388.47,1100081.62,0.5,0.5,,,,,
600276.SH,20240523,43.54,43.59,42.9,43.05,43.54,-0.49,-1.1254,197024.07,848668.345,0.5,0.5,,,,,
600276.SH,20240524,43.05,43.18,42.38,42.44,43.05,-0.61,-1.417,220383.5,939654.301,0.5,0.5,,,,,
600276.SH,20240527,42.33,42.9,41.82,42.7,42.44,0.26,0.6126,306781.96,1300950.779,0.5,0.5,,,,,
600276.SH,20240528,42.7,43.59,42.36,43.27,42.7,0.57,1.3349,374278.81,1616893.172,0.5,0.5,,,,,
600276.SH,20240529,43.25,43.48,42.95,43.02,43.27,-0.25,-0.5778,166766.75,719612.073,0.5,0.5,,,,,
600276.SH,20240530,43.05,43.24,42.54,42.88,43.02,-0.14,-0.3254,132477.11,567669.926,0.5,0.5,,,,,
600276.SH,20240531,43.4,43.59,42.36,42.36,42.88,-0.52,-1.2127,228650.66,980570.414,0.5,0.5,,,,,
600276.SH,20240603,42.22,42.69,42.07,42.5,42.36,0.14,0.3305,187800.93,796785.13,0.5,0.5,,,,,
600276.SH,20240604,42.45,44.0,42.36,43.83,42.5,1.33,3.1294,358138.9,1561008.549,0.5,0.5,,,,,
600276.SH,20240605,43.83,44.3,43.69,43.92,43.83,0.09,0.2053,180675.77,794605.429,0.5,0.5,,,,,
600276.SH,20240606,43.65,44.1,42.8,42.91,43.92,-1.01,-2.2996,225868.53,978566.367,0.5,0.5,,,,,
600276.SH,20240607,42.99,43.26,42.15,42.15,42.91,-0.76,-1.7711,238547.35,1013241.225,0.5,0.5,,,,,
600276.SH,20240611,42.0,42.81,41.7,42.72,42.15,0.57,1.3523,251121.41,1062111.846,0.5,0.5,,,,,
600276.SH,20240612,42.73,42.73,41.91,42.1,42.72,-0.62,-1.4513,218505.45,922178.802,0.5,0.5,,,,,
600276.SH,20240613,42.1,42.43,41.53,42.06,42.1,-0.04,-0.095,207298.21,872698.85,0.5,0.5,,,,,
600276.SH,20240614,41.9,42.1,41.08,41.9,42.06,-0.16,-0.3804,415372.4,1729630.309,0.5,0.5,,,,,
600276.SH,20240617,41.6,42.7,41.59,42.53,41.9,0.63,1.5036,241981.12,1024367.306,0.5,0.5,,,,,
600276.SH,20240618,42.5,42.71,41.81,41.97,42.53,-0.56,-1.3167,203923.34,860147.2,0.5,0.5,,,,,
600276.SH,20240619,42.0,42.26,41.21,41.36,41.97,-0.61,-1.4534,201011.28,836081.465,0.5,0.5,,,,,
600276.SH,20240620,41.34,41.77,40.58,40.6,41.36,-0.76,-1.8375,247827.4,1013799.895,0.5,0.5,,,,,
600276.SH,20240621,40.7,40.8,39.77,40.04,40.6,-0.56,-1.3793,364553.01,1459102.929,0.5,0.5,,,,,
600276.SH,20240624,40.0,40.64,39.54,40.29,40.04,0.25,0.6244,278930.44,1123508.475,0.5,0.5,,,,,
600276.SH,20240625,40.51,40.58,39.45,39.7,40.29,-0.59,-1.4644,224589.55,895023.382,0.5,0.5,,,,,
600276.SH,20240626,39.69,40.04,39.43,39.9,39.7,0.2,0.5038,223235.23,887607.506,0.5,0.5,,,,,
600276.SH,20240627,39.85,39.85,39.0,39.24,39.9,-0.66,-1.6541,271837.73,1064851.488,0.5,0.5,,,,,
600276.SH,20240628,39.2,39.44,38.33,38.46,39.24,-0.78,-1.9878,309257.98,1199640.451,0.5,0.5,,,,,
600276.SH,20240701,38.45,38.47,37.8,38.27,38.46,-0.19,-0.494,238909.13,911326.444,0.5,0.5,,,,,
600276.SH,20240702,38.23,38.25,37.24,37.47,38.27,-0.8,-2.0904,310846.95,1168354.207,0.5,0.5,,,,,
600276.SH,20240703,37.6,39.6,37.33,38.67,37.47,1.2,3.2026,552759.48,2137708.98,0.5,0.5,,,,,
600276.SH,20240704,38.67,39.45,38.33,38.45,38.67,-0.22,-0.5689,289257.33,1120476.865,0.5,0.5,,,,,
600276.SH,20240705,38.46,40.3,38.1,40.03,38.45,1.58,4.1092,493652.71,1942122.106,0.5,0.5,,,,,
600276.SH,20240708,39.2,40.1,38.44,39.21,40.03,-0.82,-2.0485,499868.2,1964892.357,0.5,0.5,,,,,
600276.SH,20240709,39.12,39.48,38.01,38.99,39.21,-0.22,-0.5611,401062.62,1555216.747,0.5,0.5,,,,,
600276.SH,20240710,39.0,39.79,38.88,39.41,38.99,0.42,1.0772,202323.04,796385.785,0.5,0.5,,,,,
600276.SH,20240711,39.79,41.14,39.3,40.6,39.41,1.19,3.0195,379802.0,1538773.534,0.5,0.5,,,,,
600276.SH,20240712,40.84,41.5,40.48,41.27,40.4,0.87,2.1535,315010.13,1296947.586,0.5,0.5,,,,,
600276.SH,20240715,41.0,41.29,40.46,40.78,41.27,-0.49,-1.1873,207109.58,845176.103,0.5,0.5,,,,,
600276.SH,20240716,40.65,41.06,40.42,40.95,40.78,0.17,0.4169,226268.02,924082.558,0.5,0.5,,,,,
600276.SH,20240717,40.58,42.15,40.5,41.74,40.95,0.79,1.9292,356832.08,1488713.789,0.5,0.5,,,,,
600276.SH,20240718,41.8,42.42,41.7,42.15,41.74,0.41,0.9823,307122.3,1292463.143,0.5,0.5,,,,,
600276.SH,20240719,42.08,42.48,41.93,42.23,42.15,0.08,0.1898,277510.83,1171709.541,0.5,0.5,,,,,
600276.SH,20240722,42.22,43.1,41.85,42.77,42.23,0.54,1.2787,325703.26,1391175.548,0.5,0.5,,,,,
600276.SH,20240723,42.73,42.82,41.35,41.41,42.77,-1.36,-3.1798,366896.67,1532779.454,0.5,0.5,,,,,
600276.SH,20240724,41.29,42.06,41.2,41.4,41.41,-0.01,-0.0241,200351.66,832921.592,0.5,0.5,,,,,
600276.SH,20240725,41.22,41.88,40.7,41.46,41.4,0.06,0.1449,219080.3,908502.721,0.5,0.5,,,,,
600276.SH,20240726,41.46,41.58,40.59,41.07,41.46,-0.39,-0.9407,221158.17,907314.994,0.5,0.5,,,,,
600276.SH,20240729,41.02,41.36,40.39,40.49,41.07,-0.58,-1.4122,234789.09,956395.685,0.5,0.5,,,,,
600276.SH,20240730,40.5,40.66,39.62,40.0,40.49,-0.49,-1.2102,242615.02,969474.036,0.5,0.5,,,,,
600276.SH,20240731,39.99,42.36,39.7,42.21,40.0,2.21,5.525,395724.2,1638778.249,0.5,0.5,,,,,
600276.SH,20240801,42.19,42.5,41.75,41.95,42.21,-0.26,-0.616,174313.19,733290.056,0.5,0.5,,,,,
600276.SH,20240802,41.89,42.98,41.8,42.17,41.95,0.22,0.5244,255820.33,1085719.97,0.5,0.5,,,,,
600276.SH,20240805,42.17,43.58,42.11,42.65,42.17,0.48,1.1382,323588.03,1386017.875,0.5,0.5,,,,,
600276.SH,20240806,42.63,43.18,42.48,42.91,42.65,0.26,0.6096,217715.13,931702.111,0.5,0.5,,,,,
600276.SH,20240807,42.88,42.89,42.11,42.15,42.91,-0.76,-1.7711,177293.45,751651.391,0.5,0.5,,,,,
600276.SH,20240808,42.11,42.89,42.11,42.58,42.15,0.43,1.0202,164886.58,700866.8,0.5,0.5,,,,,
600276.SH,20240809,42.7,43.3,42.41,42.42,42.58,-0.16,-0.3758,155984.27,666579.242,0.5,0.5,,,,,
600276.SH,20240812,42.22,43.96,42.21,43.63,42.42,1.21,2.8524,332834.89,1447922.052,0.5,0.5,,,,,
600276.SH,20240813,43.6,43.6,42.4,42.67,43.63,-0.96,-2.2003,227236.19,973012.156,0.5,0.5,,,,,
600276.SH,20240814,42.95,42.98,42.09,42.5,42.67,-0.17,-0.3984,141846.73,602382.871,0.5,0.5,,,,,
600276.SH,20240815,42.38,43.65,42.32,42.92,42.5,0.42,0.9882,214246.55,921651.49,0.5,0.5,,,,,
600276.SH,20240816,42.6,43.21,42.3,43.12,42.92,0.2,0.466,156942.8,673487.375,0.5,0.5,,,,,
600276.SH,20240819,43.21,43.6,41.77,42.11,43.12,-1.01,-2.3423,239672.9,1014833.545,0.5,0.5,,,,,
600276.SH,20240820,42.1,42.38,41.8,42.25,42.11,0.14,0.3325,153987.22,648578.631,0.5,0.5,,,,,
600276.SH,20240821,42.19,42.8,42.04,42.31,42.25,0.06,0.142,162312.98,688060.044,0.5,0.5,,,,,
600276.SH,20240822,43.21,44.27,42.63,43.93,42.31,1.62,3.8289,537347.5,2349925.931,0.5,0.5,,,,,
600276.SH,20240823,43.68,43.95,43.08,43.62,43.93,-0.31,-0.7057,277508.8,1208090.958,0.5,0.5,,,,,
600276.SH,20240826,43.61,43.8,42.8,43.32,43.62,-0.3,-0.6878,245224.98,1059543.421,0.5,0.5,,,,,
600276.SH,20240827,43.27,43.98,43.11,43.6,43.32,0.28,0.6464,226267.54,987526.036,0.5,0.5,,,,,
600276.SH,20240828,43.6,44.08,43.15,43.5,43.6,-0.1,-0.2294,206226.88,896690.757,0.5,0.5,,,,,
600276.SH,20240829,43.48,44.55,43.3,44.32,43.5,0.82,1.8851,305230.04,1349314.946,0.5,0.5,,,,,
600276.SH,20240830,44.44,44.5,43.93,44.13,44.32,-0.19,-0.4287,313280.37,1385994.563,0.5,0.5,,,,,
600276.SH,20240902,44.01,44.37,43.02,43.9,44.13,-0.23,-0.5212,258008.46,1128406.266,0.5,0.5,,,,,
600276.SH,20240903,43.88,45.2,43.72,44.58,43.9,0.68,1.549,316479.68,1415250.776,0.5,0.5,,,,,
600276.SH,20240904,44.38,45.15,44.17,44.51,44.58,-0.07,-0.157,212577.2,949655.587,0.5,0.5,,,,,
600276.SH,20240905,44.66,45.18,44.42,45.0,44.51,0.49,1.1009,198638.61,892416.905,0.5,0.5,,,,,
600276.SH,20240906,45.15,45.15,44.4,44.4,45.0,-0.6,-1.3333,141475.7,632592.17,0.5,0.5,,,,,
600276.SH,20240909,44.4,45.42,44.3,44.55,44.4,0.15,0.3378,256016.84,1144505.482,0.5,0.5,,,,,
600276.SH,20240910,44.4,44.7,43.71,44.48,44.55,-0.07,-0.1571,199182.91,883221.376,0.5,0.5,,,,,
600276.SH,20240911,44.3,45.55,44.11,45.43,44.48,0.95,2.1358,291578.38,1318678.749,0.5,0.5,,,,,
600276.SH,20240912,45.23,45.78,44.75,44.97,45.43,-0.46,-1.0125,186578.15,842058.821,0.5,0.5,,,,,
600276.SH,20240913,44.95,45.3,44.4,44.77,44.97,-0.2,-0.4447,195097.34,874100.288,0.5,0.5,,,,,
600276.SH,20240918,44.89,45.59,44.78,45.12,44.77,0.35,0.7818,175079.05,791075.183,0.5,0.5,,,,,
600276.SH,20240919,45.13,45.33,44.4,45.0,45.12,-0.12,-0.266,224011.52,1006153.997,0.5,0.5,,,,,
600276.SH,20240920,44.9,44.9,42.32,42.71,45.0,-2.29,-5.0889,669155.99,2879104.757,0.5,0.5,,,,,
600276.SH,20240923,42.88,43.48,42.52,42.71,42.71,0.0,0.0,284753.78,1219950.847,0.5,0.5,,,,,
600276.SH,20240924,43.38,43.72,42.24,43.66,42.71,0.95,2.2243,433280.54,1866263.527,0.5,0.5,,,,,
600276.SH,20240925,44.01,44.65,43.69,43.84,43.66,0.18,0.4123,433825.01,1914228.8,0.5,0.5,,,,,
600276.SH,20240926,44.14,46.5,43.71,46.46,43.84,2.62,5.9763,476933.38,2151506.359,0.5,0.5,,,,,
600276.SH,20240927,47.38,48.9,46.95,48.68,46.46,2.22,4.7783,380620.85,1826081.206,0.5,0.5,,,,,
600276.SH,20240930,50.2,52.74,50.0,52.3,48.68,3.62,7.4363,1018482.11,5250200.815,0.5,0.5,,,,,
600276.SH,20241008,57.53,57.53,53.4,56.01,52.3,3.71,7.0937,1192594.93,6658937.52,0.5,0.5,,,,,
600276.SH,20241009,55.0,55.0,51.56,51.68,56.01,-4.33,-7.7308,900590.68,4785336.951,0.5,0.5,,,,,
600276.SH,20241010,51.68,53.82,51.68,52.57,51.68,0.89,1.7221,585280.66,3089484.854,0.5,0.5,,,,,
600276.SH,20241011,52.13,52.57,49.68,50.2,52.57,-2.37,-4.5083,495422.03,2518858.627,0.5,0.5,,,,,
600276.SH,20241014,50.5,51.67,50.06,51.39,50.2,1.19,2.3705,395841.23,2016817.82,0.5,0.5,,,,,
600276.SH,20241015,51.39,52.62,50.55,50.6,51.39,-0.79,-1.5373,363263.59,1870266.585,0.5,0.5,,,,,
600276.SH,20241016,49.89,50.68,49.01,49.18,50.6,-1.42,-2.8063,397388.16,1971863.407,0.5,0.5,,,,,
600276.SH,20241017,49.3,50.53,49.22,49.22,49.18,0.04,0.0813,342963.11,1711600.383,0.5,0.5,,,,,
600276.SH,20241018,49.0,51.51,48.76,50.48,49.22,1.26,2.5599,536725.95,2684309.741,0.5,0.5,,,,,
600276.SH,20241021,50.6,51.07,49.33,50.56,50.48,0.08,0.1585,471851.78,2372525.724,0.5,0.5,,,,,
600276.SH,20241022,50.21,51.79,50.21,50.76,50.56,0.2,0.3956,401077.48,2046102.371,0.5,0.5,,,,,
600276.SH,20241023,50.83,51.18,50.14,50.69,50.76,-0.07,-0.1379,370597.32,1875687.445,0.5,0.5,,,,,
600276.SH,20241024,50.6,50.6,47.82,48.67,50.69,-2.02,-3.985,901547.12,4383045.856,0.5,0.5,,,,,
600276.SH,20241025,48.6,48.6,46.72,48.0,48.67,-0.67,-1.3766,943148.86,4498732.087,0.5,0.5,,,,,
600276.SH,20241028,48.03,48.9,47.97,48.59,48.0,0.59,1.2292,571141.04,2769377.026,0.5,0.5,,,,,
600276.SH,20241029,48.62,48.91,48.1,48.18,48.59,-0.41,-0.8438,397700.39,1926235.12,0.5,0.5,,,,,
600276.SH,20241030,48.18,48.48,46.96,47.2,48.18,-0.98,-2.034,475484.94,2256717.311,0.5,0.5,,,,,
600276.SH,20241031,47.21,47.4,46.56,46.6,47.2,-0.6,-1.2712,456721.71,2138254.363,0.5,0.5,,,,,
600276.SH,20241101,46.72,48.5,46.72,47.56,46.6,0.96,2.0601,619958.84,2962180.401,0.5,0.5,,,,,
600276.SH,20241104,48.1,48.39,47.26,47.99,47.56,0.43,0.9041,406592.29,1942430.936,0.5,0.5,,,,,
600276.SH,20241105,47.62,48.84,47.5,48.68,47.99,0.69,1.4378,514369.98,2489509.35,0.5,0.5,,,,,
600276.SH,20241106,48.71,49.68,48.25,48.75,48.68,0.07,0.1438,537558.39,2624774.467,0.5,0.5,,,,,
600276.SH,20241107,48.6,50.0,48.41,50.0,48.75,1.25,2.5641,584066.08,2882919.254,0.5,0.5,,,,,
600276.SH,20241108,50.1,50.5,49.15,49.5,50.0,-0.5,-1.0,652314.45,3240522.917,0.5,0.5,,,,,
600276.SH,20241111,48.99,49.67,48.3,49.43,49.5,-0.07,-0.1414,586791.68,2870267.472,0.5,0.5,,,,,
600276.SH,20241112,49.43,50.78,49.05,49.29,49.43,-0.14,-0.2832,767356.8,3839811.096,0.5,0.5,,,,,
600276.SH,20241113,49.16,50.26,49.06,49.35,49.29,0.06,0.1217,409141.37,2023644.063,0.5,0.5,,,,,
600276.SH,20241114,49.27,49.7,48.43,48.45,49.35,-0.9,-1.8237,389091.69,1911896.966,0.5,0.5,,,,,
600276.SH,20241115,48.27,48.7,47.7,47.7,48.45,-0.75,-1.548,330869.81,1593427.809,0.5,0.5,,,,,
600276.SH,20241118,47.71,48.06,47.0,47.2,47.7,-0.5,-1.0482,303535.55,1443825.224,0.5,0.5,,,,,
600276.SH,20241119,47.24,47.8,46.84,47.43,47.2,0.23,0.4873,260304.58,1230951.482,0.5,0.5,,,,,
600276.SH,20241120,47.44,50.79,47.44,50.46,47.43,3.03,6.3884,1095673.59,5459304.163,0.5,0.5,,,,,
600276.SH,20241121,50.31,50.97,49.75,50.19,50.46,-0.27,-0.5351,488474.93,2454422.663,0.5,0.5,,,,,
600276.SH,20241122,50.19,50.63,48.2,48.27,50.19,-1.92,-3.8255,501547.61,2463628.941,0.5,0.5,,,,,
600276.SH,20241125,48.6,49.49,47.76,47.76,48.27,-0.51,-1.0566,436128.7,2119573.829,0.5,0.5,,,,,
600276.SH,20241126,47.86,49.56,47.8,48.68,47.76,0.92,1.9263,399756.02,1955082.311,0.5,0.5,,,,,
600276.SH,20241127,48.62,50.2,48.58,49.99,48.68,1.31,2.691,574543.6,2862205.754,0.5,0.5,,,,,
600276.SH,20241128,49.95,50.75,49.32,49.7,49.99,-0.29,-0.5801,367210.23,1836357.877,0.5,0.5,,,,,
600276.SH,20241129,50.11,51.3,49.8,50.69,49.7,0.99,1.992,693040.72,3512492.251,0.5,0.5,,,,,
600276.SH,20241202,50.6,50.79,50.02,50.45,50.69,-0.24,-0.4735,419764.62,2116109.033,0.5,0.5,,,,,
600276.SH,20241203,50.35,50.41,49.53,49.63,50.45,-0.82,-1.6254,396197.49,1972432.253,0.5,0.5,,,,,
600276.SH,20241204,49.65,49.98,49.25,49.4,49.63,-0.23,-0.4634,258260.13,1281641.897,0.5,0.5,,,,,
600276.SH,20241205,49.42,49.45,48.45,48.95,49.4,-0.45,-0.9109,298107.75,1454359.603,0.5,0.5,,,,,
600276.SH,20241206,48.95,49.8,48.84,49.53,48.95,0.58,1.1849,342291.1,1688375.559,0.5,0.5,,,,,
600276.SH,20241209,49.98,50.09,49.06,49.38,49.53,-0.15,-0.3028,276613.58,1368832.175,0.5,0.5,,,,,
600276.SH,20241210,50.25,50.25,47.61,48.13,49.38,-1.25,-2.5314,1022100.21,4957092.802,0.5,0.5,,,,,
600276.SH,20241211,47.86,48.17,47.51,48.15,48.13,0.02,0.0416,429448.59,2056039.72,0.5,0.5,,,,,
600276.SH,20241212,48.15,48.15,47.6,48.04,48.15,-0.11,-0.2285,361608.92,1732532.838,0.5,0.5,,,,,
600276.SH,20241213,47.8,47.91,46.56,46.59,48.04,-1.45,-3.0183,650777.16,3061019.957,0.5,0.5,,,,,
600276.SH,20241216,46.58,46.58,45.8,46.07,46.59,-0.52,-1.1161,354079.12,1630463.503,0.5,0.5,,,,,
600276.SH,20241217,46.05,46.97,45.9,46.5,46.07,0.43,0.9334,315874.86,1470663.476,0.5,0.5,,,,,
600276.SH,20241218,46.7,47.05,46.53,46.59,46.5,0.09,0.1935,247139.65,1154970.052,0.5,0.5,,,,,
600276.SH,20241219,46.18,46.66,45.88,46.54,46.59,-0.05,-0.1073,217460.77,1007124.998,0.5,0.5,,,,,
600276.SH,20241220,46.54,46.88,46.22,46.25,46.54,-0.29,-0.6231,260732.76,1212975.576,0.5,0.5,,,,,
600276.SH,20241223,46.25,46.33,45.51,45.85,46.25,-0.4,-0.8649,361926.84,1660614.929,0.5,0.5,,,,,
600276.SH,20241224,45.85,46.66,45.78,46.33,45.85,0.48,1.0469,293991.09,1362414.863,0.5,0.5,,,,,
600276.SH,20241225,46.56,47.0,46.33,46.62,46.33,0.29,0.6259,315257.66,1472155.113,0.5,0.5,,,,,
600276.SH,20241226,46.5,46.54,45.76,46.11,46.62,-0.51,-1.094,255827.87,1178284.148,0.5,0.5,,,,,
600276.SH,20241227,46.2,46.36,45.9,46.1,46.11,-0.01,-0.0217,212505.38,980779.073,0.5,0.5,,,,,
600276.SH,20241230,46.29,46.76,46.05,46.14,46.1,0.04,0.0868,256266.85,1186680.455,0.5,0.5,,,,,
600276.SH,20241231,46.13,46.57,45.85,45.9,46.14,-0.24,-0.5202,388165.93,1793640.701,0.5,0.5,,,,,
600276.SH,20250102,45.88,46.1,44.7,44.95,45.9,-0.95,-2.0697,348132.41,1575496.086,0.5,0.5,,,,,
600276.SH,20250103,45.0,45.17,44.16,44.36,44.95,-0.59,-1.3126,273873.2,1223704.155,0.5,0.5,,,,,
600276.SH,20250106,44.75,45.11,44.38,45.01,44.36,0.65,1.4653,301481.16,1351231.04,0.5,0.5,,,,,
600276.SH,20250107,45.05,45.09,44.01,44.04,45.01,-0.97,-2.1551,257421.75,1139218.012,0.5,0.5,,,,,
600276.SH,20250108,44.05,44.18,42.95,43.55,44.04,-0.49,-1.1126,350327.42,1524946.448,0.5,0.5,,,,,
600276.SH,20250109,43.58,43.87,43.06,43.08,43.55,-0.47,-1.0792,257767.64,1116825.881,0.5,0.5,,,,,
600276.SH,20250110,43.06,43.41,42.53,42.67,43.08,-0.41,-0.9517,265751.59,1138717.521,0.5,0.5,,,,,
600276.SH,20250113,42.51,43.17,42.4,42.81,42.67,0.14,0.3281,191129.33,819457.43,0.5,0.5,,,,,
600276.SH,20250114,42.81,44.41,42.81,44.29,42.81,1.48,3.4571,337755.03,1481294.682,0.5,0.5,,,,,
600276.SH,20250115,44.26,44.28,43.66,43.88,44.29,-0.41,-0.9257,184964.57,810779.951,0.5,0.5,,,,,
600276.SH,20250116,44.08,44.15,42.86,42.9,43.88,-0.98,-2.2334,310157.71,1344908.224,0.5,0.5,,,,,
600276.SH,20250117,42.5,43.08,42.44,42.84,42.9,-0.06,-0.1399,200612.2,857835.007,0.5,0.5,,,,,
600276.SH,20250120,43.29,45.36,43.28,44.52,42.84,1.68,3.9216,558602.98,2490393.185,0.5,0.5,,,,,
600276.SH,20250121,44.85,45.3,44.55,45.13,44.52,0.61,1.3702,353980.18,1593272.36,0.5,0.5,,,,,
600276.SH,20250122,45.03,45.24,44.24,44.43,45.13,-0.7,-1.5511,210750.95,939501.099,0.5,0.5,,,,,
600276.SH,20250123,44.55,44.82,43.77,43.96,44.43,-0.47,-1.0578,286082.25,1264462.646,0.5,0.5,,,,,
600276.SH,20250124,43.87,45.15,43.82,44.64,43.96,0.68,1.5469,350460.72,1569811.205,0.5,0.5,,,,,
600276.SH,20250127,44.8,45.18,44.58,44.65,44.64,0.01,0.0224,193067.71,864900.093,0.5,0.5,,,,,
600276.SH,20250205,44.67,44.8,43.87,44.01,44.65,-0.64,-1.4334,274406.78,1209865.781,0.5,0.5,,,,,
600276.SH,20250206,44.13,44.55,43.67,44.36,44.01,0.35,0.7953,252177.2,1113529.253,0.5,0.5,,,,,
600276.SH,20250207,44.36,46.33,44.0,45.29,44.36,0.93,2.0965,505422.35,2283393.395,0.5,0.5,,,,,
600276.SH,20250210,45.5,45.5,44.67,44.88,45.29,-0.41,-0.9053,378892.46,1702769.263,0.5,0.5,,,,,
600276.SH,20250211,45.0,45.1,44.05,44.19,44.88,-0.69,-1.5374,310678.3,1376208.094,0.5,0.5,,,,,
600276.SH,20250212,44.2,44.55,44.02,44.44,44.19,0.25,0.5657,251757.38,1113067.394,0.5,0.5,,,,,
600276.SH,20250213,44.3,45.06,44.06,44.64,44.44,0.2,0.45,378625.24,1692124.022,0.5,0.5,,,,,
600276.SH,20250214,44.62,45.77,44.56,45.5,44.64,0.86,1.9265,522174.34,2363013.539,0.5,0.5,,,,,
600276.SH,20250217,45.8,46.31,44.95,45.26,45.5,-0.24,-0.5275,557653.26,2543137.861,0.5,0.5,,,,,
600276.SH,20250218,45.31,45.77,44.66,44.82,45.26,-0.44,-0.9722,350219.47,1582024.379,0.5,0.5,,,,,
600276.SH,20250219,44.74,45.18,44.2,44.71,44.82,-0.11,-0.2454,367611.03,1642055.731,0.5,0.5,,,,,
600276.SH,20250220,44.75,46.98,44.75,46.5,44.71,1.79,4.0036,854057.51,3962875.924,0.5,0.5,,,,,
600276.SH,20250221,46.7,48.48,46.53,48.28,46.5,1.78,3.828,975118.16,4658378.219,0.5,0.5,,,,,
600276.SH,20250224,48.4,48.65,47.6,48.09,48.28,-0.19,-0.3935,533080.63,2562457.64,0.5,0.5,,,,,
600276.SH,20250225,47.64,48.25,47.17,47.37,48.09,-0.72,-1.4972,354331.99,1689640.415,0.5,0.5,,,,,
600276.SH,20250226,47.6,47.74,46.95,47.55,47.37,0.18,0.38,328112.8,1551997.435,0.5,0.5,,,,,
600276.SH,20250227,47.4,48.36,47.19,47.91,47.55,0.36,0.7571,369081.48,1768169.581,0.5,0.5,,,,,
600276.SH,20250228,47.71,48.1,45.81,45.96,47.91,-1.95,-4.0701,491615.19,2294571.489,0.5,0.5,,,,,
600276.SH,20250303,45.95,46.81,45.77,45.92,45.96,-0.04,-0.087,318945.54,1476382.971,0.5,0.5,,,,,
600276.SH,20250304,45.81,46.09,45.38,45.86,45.92,-0.06,-0.1307,243336.71,1113598.159,0.5,0.5,,,,,
600276.SH,20250305,45.86,46.12,45.46,45.98,45.86,0.12,0.2617,252669.65,1157331.477,0.5,0.5,,,,,
600276.SH,20250306,46.3,46.86,46.05,46.52,45.98,0.54,1.1744,331389.15,1539946.176,0.5,0.5,,,,,
600276.SH,20250307,46.4,46.4,45.52,45.68,46.52,-0.84,-1.8057,336614.4,1544840.662,0.5,0.5,,,,,
600276.SH,20250310,45.82,46.16,45.0,45.49,45.68,-0.19,-0.4159,343605.56,1561460.747,0.5,0.5,,,,,
600276.SH,20250311,45.05,45.49,44.95,45.34,45.49,-0.15,-0.3297,291535.12,1317152.158,0.5,0.5,,,,,
600276.SH,20250312,45.38,45.79,44.95,45.0,45.34,-0.34,-0.7499,339551.47,1533371.103,0.5,0.5,,,,,
600276.SH,20250313,45.05,45.28,44.77,45.03,45.0,0.03,0.0667,243348.95,1095003.467,0.5,0.5,,,,,
600276.SH,20250314,45.12,46.87,44.88,46.54,45.03,1.51,3.3533,573206.76,2648874.641,0.5,0.5,,,,,
600276.SH,20250317,47.32,47.35,46.38,46.48,46.54,-0.06,-0.1289,277430.95,1295638.303,0.5,0.5,,,,,
600276.SH,20250318,46.88,47.48,46.42,46.5,46.48,0.02,0.043,308309.46,1443933.601,0.5,0.5,,,,,
600276.SH,20250319,46.52,48.12,46.3,47.29,46.5,0.79,1.6989,485161.79,2295409.175,0.5,0.5,,,,,
600276.SH,20250320,47.2,47.47,46.48,46.63,47.29,-0.66,-1.3956,325187.57,1521454.257,0.5,0.5,,,,,
600276.SH,20250321,46.4,46.63,44.83,44.85,46.63,-1.78,-3.8173,541538.18,2458827.778,0.5,0.5,,,,,
600276.SH,20250324,44.86,45.04,44.2,44.35,44.85,-0.5,-1.1148,327075.94,1454999.354,0.5,0.5,,,,,
600276.SH,20250325,44.47,45.02,44.23,44.87,44.35,0.52,1.1725,229105.0,1026660.592,0.5,0.5,,,,,
600276.SH,20250326,46.2,46.94,46.07,46.23,44.87,1.36,3.031,611035.93,2832596.084,0.5,0.5,,,,,
600276.SH,20250327,46.08,48.42,45.6,48.39,46.23,2.16,4.6723,868632.07,4127696.681,0.5,0.5,,,,,
600276.SH,20250328,48.39,49.53,48.39,48.61,48.39,0.22,0.4546,772998.09,3782798.004,0.5,0.5,,,,,
600276.SH,20250331,48.98,50.08,48.85,49.2,48.61,0.59,1.2137,783165.91,3863528.326,0.5,0.5,,,,,
600276.SH,20250401,49.2,52.5,48.91,51.8,49.2,2.6,5.2846,1359062.8,6963773.597,0.5,0.5,,,,,
600276.SH,20250402,51.32,51.76,50.66,50.85,51.8,-0.95,-1.834,631878.82,3230471.821,0.5,0.5,,,,,
600276.SH,20250403,50.41,51.6,50.41,51.04,50.85,0.19,0.3736,517858.46,2643033.087,0.5,0.5,,,,,
600276.SH,20250407,48.8,49.85,46.76,48.7,51.04,-2.34,-4.5846,1155033.05,5580749.462,0.5,0.5,,,,,
600276.SH,20250408,48.8,49.29,47.26,48.7,48.7,0.0,0.0,987645.78,4739094.856,0.5,0.5,,,,,
600276.SH,20250409,47.73,48.22,45.86,48.22,48.7,-0.48,-0.9856,975199.51,4574095.268,0.5,0.5,,,,,
600276.SH,20250410,48.97,49.09,47.86,48.5,48.22,0.28,0.5807,731712.6,3541702.205,0.5,0.5,,,,,
600276.SH,20250411,48.16,48.68,47.8,48.38,48.5,-0.12,-0.2474,425797.99,2053266.781,0.5,0.5,,,,,
600276.SH,20250414,48.38,50.0,48.1,48.87,48.38,0.49,1.0128,571834.42,2811326.097,0.5,0.5,,,,,
600276.SH,20250415,48.6,48.93,47.92,48.27,48.87,-0.6,-1.2277,326288.85,1571241.599,0.5,0.5,,,,,
600276.SH,20250416,48.4,48.9,47.36,48.9,48.27,0.63,1.3052,455344.14,2184411.134,0.5,0.5,,,,,
600276.SH,20250417,48.54,48.87,48.32,48.78,48.9,-0.12,-0.2454,303900.4,1477059.115,0.5,0.5,,,,,
600276.SH,20250418,48.58,48.92,47.86,48.0,48.78,-0.78,-1.599,253301.79,1217785.121,0.5,0.5,,,,,
600276.SH,20250421,47.7,49.4,47.63,49.17,48.0,1.17,2.4375,370680.01,1811287.012,0.5,0.5,,,,,
600276.SH,20250422,49.04,51.3,49.04,50.97,49.17,1.8,3.6608,617891.98,3116791.043,0.5,0.5,,,,,
600276.SH,20250423,50.96,51.45,50.62,51.09,50.97,0.12,0.2354,385430.44,1964625.809,0.5,0.5,,,,,
600276.SH,20250424,50.97,51.72,50.42,51.13,51.09,0.04,0.0783,336077.41,1721477.004,0.5,0.5,,,,,
600276.SH,20250425,51.68,52.0,49.97,50.27,51.13,-0.86,-1.682,524329.14,2660676.971,0.5,0.5,,,,,
600276.SH,20250428,49.68,50.15,49.0,49.97,50.27,-0.3,-0.5968,396210.32,1969933.552,0.5,0.5,,,,,
600276.SH,20250429,49.71,49.73,48.88,49.6,49.97,-0.37,-0.7404,346669.88,1708826.486,0.5,0.5,,,,,
600276.SH,20250430,49.45,51.36,49.3,51.1,49.6,1.5,3.0242,429338.48,2173618.447,0.5,0.5,,,,,
600276.SH,20250506,52.1,52.18,50.73,51.0,51.1,-0.1,-0.1957,385439.45,1971965.956,0.5,0.5,,,,,
600276.SH,20250507,52.1,52.25,51.01,51.51,51.0,0.51,1.0,397287.94,2044498.617,0.5,0.5,,,,,
600276.SH,20250508,51.22,51.73,51.03,51.56,51.51,0.05,0.0971,290148.12,1493108.281,0.5,0.5,,,,,
600276.SH,20250509,51.56,52.99,51.45,52.81,51.56,1.25,2.4244,586037.14,3078537.82,0.5,0.5,,,,,
600276.SH,20250512,52.0,52.0,50.2,50.69,52.81,-2.12,-4.0144,843912.22,4279425.861,0.5,0.5,,,,,
600276.SH,20250513,51.19,52.23,50.88,51.23,50.69,0.54,1.0653,519132.33,2667979.498,0.5,0.5,,,,,
600276.SH,20250514,51.02,53.25,51.01,52.9,51.23,1.67,3.2598,626346.9,3280790.285,0.5,0.5,,,,,
600276.SH,20250515,52.9,53.95,52.7,53.69,52.9,0.79,1.4934,533614.59,2853103.03,0.5,0.5,,,,,
600276.SH,20250516,53.49,54.0,52.9,53.85,53.69,0.16,0.298,382176.6,2047406.426,0.5,0.5,,,,,
600276.SH,20250519,53.8,54.33,53.05,53.45,53.85,-0.4,-0.7428,350190.68,1875209.002,0.5,0.5,,,,,
600276.SH,20250520,54.29,55.15,53.79,54.45,53.45,1.0,1.8709,593356.91,3233612.042,0.5,0.5,,,,,
600276.SH,20250521,54.28,56.5,54.03,55.94,54.45,1.49,2.7365,612403.49,3398156.91,0.5,0.5,,,,,
600276.SH,20250522,56.0,56.36,55.16,55.6,55.94,-0.34,-0.6078,413146.29,2298821.74,0.5,0.5,,,,,
600276.SH,20250523,55.9,56.0,54.3,54.5,55.4,-0.9,-1.6245,541840.27,2981192.924,0.5,0.5,,,,,
600276.SH,20250526,54.2,54.63,53.06,53.35,54.5,-1.15,-2.1101,532284.37,2850955.759,0.5,0.5,,,,,
600276.SH,20250527,53.22,54.09,53.13,53.42,53.35,0.07,0.1312,360323.48,1930051.269,0.5,0.5,,,,,
600276.SH,20250528,53.59,54.93,53.33,54.25,53.42,0.83,1.5537,358049.83,1943962.412,0.5,0.5,,,,,
600276.SH,20250529,54.15,54.59,53.86,54.1,54.25,-0.15,-0.2765,354852.76,1924548.694,0.5,0.5,,,,,
600276.SH,20250530,54.29,55.66,54.25,54.74,54.1,0.64,1.183,471421.6,2590435.177,0.5,0.5,,,,,
600276.SH,20250603,54.74,55.78,54.25,54.88,54.74,0.14,0.2558,434450.35,2397345.666,0.5,0.5,,,,,
600276.SH,20250604,54.84,55.84,54.61,55.29,54.88,0.41,0.7471,368593.02,2038925.051,0.5,0.5,,,,,
600276.SH,20250605,55.1,55.1,53.55,53.88,55.29,-1.41,-2.5502,495272.67,2675359.811,0.5,0.5,,,,,
600276.SH,20250606,53.9,54.18,53.38,53.8,53.88,-0.08,-0.1485,344533.88,1849932.993,0.5,0.5,,,,,
600276.SH,20250609,54.0,55.79,53.78,54.36,53.8,0.56,1.0409,656905.82,3607525.589,0.5,0.5,,,,,
600276.SH,20250610,54.38,55.8,54.38,55.13,54.36,0.77,1.4165,480735.17,2654117.466,0.5,0.5,,,,,
600276.SH,20250611,55.0,55.81,54.55,54.71,55.13,-0.42,-0.7618,377735.66,2080608.921,0.5,0.5,,,,,
600276.SH,20250612,54.4,56.2,54.0,55.82,54.71,1.11,2.0289,493188.22,2730556.453,0.5,0.5,,,,,
600276.SH,20250613,55.69,56.06,53.56,53.89,55.82,-1.93,-3.4575,660238.3,3593704.539,0.5,0.5,,,,,
600276.SH,20250616,53.41,54.08,53.1,53.76,53.89,-0.13,-0.2412,392241.37,2100282.375,0.5,0.5,,,,,
600276.SH,20250617,54.0,54.21,51.6,51.84,53.76,-1.92,-3.5714,695180.32,3648258.374,0.5,0.5,,,,,
600276.SH,20250618,51.7,52.23,51.32,51.81,51.84,-0.03,-0.0579,334095.43,1728559.051,0.5,0.5,,,,,
600276.SH,20250619,51.84,52.39,51.31,51.58,51.81,-0.23,-0.4439,373166.94,1930536.852,0.5,0.5,,,,,
600276.SH,20250620,51.75,52.33,51.63,51.76,51.58,0.18,0.349,240607.75,1249132.876,0.5,0.5,,,,,
600276.SH,20250623,51.68,52.18,51.2,51.96,51.76,0.2,0.3864,313281.06,1620281.115,0.5,0.5,,,,,
600276.SH,20250624,52.09,52.5,51.73,52.15,51.96,0.19,0.3657,451035.39,2347206.997,0.5,0.5,,,,,
600276.SH,20250625,52.15,53.03,51.31,52.95,52.15,0.8,1.534,536481.96,2799316.482,0.5,0.5,,,,,
600276.SH,20250626,52.6,52.95,51.9,52.08,52.95,-0.87,-1.6431,392268.68,2050704.854,0.5,0.5,,,,,
600276.SH,20250627,51.91,52.07,51.67,51.95,52.08,-0.13,-0.2496,287765.07,1492711.802,0.5,0.5,,,,,
600276.SH,20250630,51.91,52.19,50.99,51.9,51.95,-0.05,-0.0962,445354.88,2292910.157,0.5,0.5,,,,,
600276.SH,20250701,51.89,52.74,51.8,52.46,51.9,0.56,1.079,397724.96,2084478.374,0.5,0.5,,,,,
600276.SH,20250702,52.4,53.44,52.1,52.25,52.46,-0.21,-0.4003,325712.23,1714632.081,0.5,0.5,,,,,
600276.SH,20250703,52.26,52.58,51.81,52.47,52.25,0.22,0.4211,293678.18,1536828.863,0.5,0.5,,,,,
600276.SH,20250704,52.61,53.79,52.6,53.26,52.47,0.79,1.5056,477923.12,2548289.616,0.5,0.5,,,,,
600276.SH,20250707,53.38,53.59,52.56,52.65,53.26,-0.61,-1.1453,286387.94,1516132.786,0.5,0.5,,,,,
600276.SH,20250708,52.69,53.69,52.5,53.4,52.65,0.75,1.4245,359263.15,1916547.623,0.5,0.5,,,,,
600276.SH,20250709,53.4,57.94,53.02,57.19,53.4,3.79,7.0974,1158211.69,6507788.433,0.5,0.5,,,,,
600276.SH,20250710,57.13,58.28,56.61,57.6,57.19,0.41,0.7169,903715.7,5204345.946,0.5,0.5,,,,,
600276.SH,20250711,57.51,58.12,56.88,56.9,57.6,-0.7,-1.2153,658631.71,3779524.292,0.5,0.5,,,,,
600276.SH,20250714,56.75,58.05,56.56,57.21,56.9,0.31,0.5448,473758.36,2714468.293,0.5,0.5,,,,,
600276.SH,20250715,57.25,57.53,56.52,57.22,57.21,0.01,0.0175,436928.47,2491977.102,0.5,0.5,,,,,
600276.SH,20250716,57.65,58.9,57.04,57.22,57.22,0.0,0.0,398191.2,2293530.537,0.5,0.5,,,,,
600276.SH,20250717,56.9,57.9,56.84,57.73,57.22,0.51,0.8913,444146.28,2553187.389,0.5,0.5,,,,,
600276.SH,20250718,58.21,59.86,57.9,58.76,57.73,1.03,1.7842,660985.65,3881474.081,0.5,0.5,,,,,
600276.SH,20250721,58.5,58.8,57.68,58.0,58.76,-0.76,-1.2934,509441.85,2960736.582,0.5,0.5,,,,,
600276.SH,20250722,58.0,58.85,57.2,57.41,58.0,-0.59,-1.0172,475570.25,2753253.571,0.5,0.5,,,,,
600276.SH,20250723,57.2,58.08,56.87,57.13,57.41,-0.28,-0.4877,425295.11,2440208.239,0.5,0.5,,,,,
600276.SH,20250724,57.44,57.98,56.95,57.5,57.13,0.37,0.6476,465834.15,2670846.698,0.5,0.5,,,,,
600276.SH,20250725,57.5,57.55,56.35,56.4,57.5,-1.1,-1.913,505394.23,2873987.055,0.5,0.5,,,,,
600276.SH,20250728,60.1,62.04,59.66,62.04,56.4,5.64,10.0,1630095.95,9943549.097,0.5,0.5,,,,,
600276.SH,20250729,63.0,65.43,62.13,63.8,62.04,1.76,2.8369,1682768.89,10731327.179,0.5,0.5,,,,,
600276.SH,20250730,63.81,64.73,62.65,63.59,63.8,-0.21,-0.3292,980849.33,6247901.661,0.5,0.5,,,,,
600276.SH,20250731,63.4,64.25,62.5,62.9,63.59,-0.69,-1.0851,742038.75,4690208.201,0.5,0.5,,,,,
600276.SH,20250801,62.83,63.58,60.76,61.31,62.9,-1.59,-2.5278,734654.64,4545894.531,0.5,0.5,,,,,
600276.SH,20250804,60.6,62.05,60.0,62.0,61.31,0.69,1.1254,689613.49,4217834.709,0.5,0.5,,,,,
600276.SH,20250805,62.11,62.46,61.56,62.3,62.0,0.3,0.4839,541443.18,3356911.222,0.5,0.5,,,,,
600276.SH,20250806,62.19,62.55,61.38,61.58,62.3,-0.72,-1.1557,572478.61,3539622.159,0.5,0.5,,,,,
600276.SH,20250807,61.25,62.1,60.7,60.81,61.58,-0.77,-1.2504,504763.97,3088025.792,0.5,0.5,,,,,
600276.SH,20250808,60.7,61.13,60.0,60.99,60.81,0.18,0.296,362970.73,2203721.883,0.5,0.5,,,,,
600276.SH,20250811,60.99,61.42,60.68,61.07,60.99,0.08,0.1312,425752.38,2600063.209,0.5,0.5,,,,,
600276.SH,20250812,61.32,61.45,60.26,60.85,61.07,-0.22,-0.3602,391834.75,2380971.082,0.5,0.5,,,,,
600276.SH,20250813,60.85,63.51,60.85,62.61,60.85,1.76,2.8924,815296.32,5079201.588,0.5,0.5,,,,,
600276.SH,20250814,62.85,63.6,62.36,62.82,62.61,0.21,0.3354,571266.47,3597162.01,0.5,0.5,,,,,
600276.SH,20250815,62.64,64.27,62.46,63.4,62.82,0.58,0.9233,614932.54,3908038.788,0.5,0.5,,,,,
600276.SH,20250818,63.4,63.95,62.81,63.08,63.4,-0.32,-0.5047,728857.56,4616557.07,0.5,0.5,,,,,
600276.SH,20250819,63.4,65.4,61.63,61.69,63.08,-1.39,-2.2036,997700.49,6322095.612,0.5,0.5,,,,,
600276.SH,20250820,61.66,62.97,61.11,62.85,61.69,1.16,1.8804,650424.42,4025484.233,0.5,0.5,,,,,
600276.SH,20250821,63.98,65.33,62.95,63.99,62.85,1.14,1.8138,858629.23,5507421.603,0.5,0.5,,,,,
600276.SH,20250822,64.71,65.2,63.83,64.98,63.99,0.99,1.5471,637718.91,4115097.233,0.5,0.5,,,,,
600276.SH,20250825,64.98,66.4,64.37,66.26,64.98,1.28,1.9698,849233.81,5551997.681,0.5,0.5,,,,,
600276.SH,20250826,66.2,66.2,65.0,65.3,66.26,-0.96,-1.4488,575129.37,3761929.156,0.5,0.5,,,,,
600276.SH,20250827,65.01,65.71,63.04,63.05,65.3,-2.25,-3.4456,836169.34,5375767.159,0.5,0.5,,,,,
600276.SH,20250828,62.95,63.22,61.41,63.03,63.05,-0.02,-0.0317,715901.54,4469129.644,0.5,0.5,,,,,
600276.SH,20250829,63.03,66.87,63.03,66.23,63.03,3.2,5.0769,1023186.07,6677635.302,0.5,0.5,,,,,
600276.SH,20250901,66.4,68.88,65.92,68.35,66.23,2.12,3.201,872180.89,5917826.674,0.5,0.5,,,,,
600276.SH,20250902,69.8,70.77,67.8,68.87,68.35,0.52,0.7608,1084489.69,7512721.689,0.5,0.5,,,,,
600276.SH,20250903,68.8,73.42,68.8,71.98,68.87,3.11,4.5158,1129369.01,8078844.874,0.5,0.5,,,,,
600276.SH,20250904,71.27,71.58,67.5,68.65,71.98,-3.33,-4.6263,1102894.06,7625423.229,0.5,0.5,,,,,
600276.SH,20250905,69.0,72.98,69.0,72.47,68.65,3.82,5.5645,936478.56,6663122.815,0.5,0.5,,,,,
600276.SH,20250908,73.0,73.87,71.64,72.31,72.47,-0.16,-0.2208,748209.28,5423039.921,0.5,0.5,,,,,
600276.SH,20250909,72.17,74.04,70.48,71.09,72.31,-1.22,-1.6872,767670.09,5517534.684,0.5,0.5,,,,,
600276.SH,20250910,70.84,71.77,70.08,70.32,71.09,-0.77,-1.0831,468204.13,3306783.039,0.5,0.5,,,,,
600276.SH,20250911,66.58,68.47,64.0,68.29,70.32,-2.03,-2.8868,1942359.37,12928573.364,0.5,0.5,,,,,
600276.SH,20250912,68.28,69.51,67.86,69.01,68.29,0.72,1.0543,831215.21,5710845.365,0.5,0.5,,,,,
600276.SH,20250915,68.85,69.69,68.26,69.1,69.01,0.09,0.1304,611881.53,4225790.379,0.5,0.5,,,,,
600276.SH,20250916,69.1,69.34,68.34,69.15,69.1,0.05,0.0724,434582.05,2991348.434,0.5,0.5,,,,,
600276.SH,20250917,69.3,70.8,69.3,70.13,69.15,0.98,1.4172,586033.71,4103135.889,0.5,0.5,,,,,
600276.SH,20250918,70.56,73.12,69.9,71.09,70.13,0.96,1.3689,865638.88,6173830.34,0.5,0.5,,,,,
600276.SH,20250919,71.1,71.24,69.49,69.65,71.09,-1.44,-2.0256,524392.42,3681125.692,0.5,0.5,,,,,
600276.SH,20250922,70.49,72.7,70.4,71.05,69.65,1.4,2.0101,576542.43,4118513.261,0.5,0.5,,,,,
600276.SH,20250923,71.0,71.19,68.5,69.7,71.05,-1.35,-1.9001,561329.57,3909219.697,0.5,0.5,,,,,
600276.SH,20250924,69.7,70.38,69.3,70.11,69.7,0.41,0.5882,395302.11,2763214.641,0.5,0.5,,,,,
600276.SH,20250925,72.4,73.08,71.55,72.27,70.11,2.16,3.0809,739039.18,5347121.399,0.5,0.5,,,,,
600276.SH,20250926,70.8,71.37,69.23,70.08,72.27,-2.19,-3.0303,699044.85,4900954.441,0.5,0.5,,,,,
600276.SH,20250929,69.79,69.79,67.76,69.2,70.08,-0.88,-1.2557,647991.04,4442889.453,0.5,0.5,,,,,
600276.SH,20250930,69.0,71.58,68.8,71.55,69.2,2.35,3.396,579450.78,4079739.679,0.5,0.5,,,,,
600276.SH,20251009,71.56,71.66,69.11,71.15,71.55,-0.4,-0.559,592793.4,4173571.948,0.5,0.5,,,,,
600276.SH,20251010,70.38,70.88,67.85,68.2,71.15,-2.95,-4.1462,706100.7,4868800.903,0.5,0.5,,,,,
600276.SH,20251013,66.0,68.03,65.7,66.98,68.2,-1.22,-1.7889,532287.09,3555005.478,0.5,0.5,,,,,
600276.SH,20251014,67.61,67.66,63.7,64.27,66.98,-2.71,-4.046,702946.63,4593967.583,0.5,0.5,,,,,
600276.SH,20251015,64.2,66.42,63.68,66.4,64.27,2.13,3.3141,511231.63,3335928.393,0.5,0.5,,,,,
600276.SH,20251016,66.43,68.5,65.72,66.84,66.4,0.44,0.6627,460377.57,3096812.048,0.5,0.5,,,,,
600276.SH,20251017,66.85,67.4,65.0,65.1,66.84,-1.74,-2.6032,349507.34,2298728.245,0.5,0.5,,,,,
600276.SH,20251020,65.99,66.51,64.83,65.13,65.1,0.03,0.0461,326716.94,2146357.392,0.5,0.5,,,,,
600276.SH,20251021,65.5,66.58,65.14,66.0,65.13,0.87,1.3358,369560.31,2436269.459,0.5,0.5,,,,,
600276.SH,20251022,66.25,66.79,65.01,65.26,66.0,-0.74,-1.1212,398048.08,2610971.756,0.5,0.5,,,,,
600276.SH,20251023,65.01,65.43,64.02,65.14,65.26,-0.12,-0.1839,342785.26,2219041.425,0.5,0.5,,,,,
600276.SH,20251024,65.26,66.36,65.01,65.5,65.14,0.36,0.5527,372752.77,2441099.938,0.5,0.5,,,,,
600276.SH,20251027,66.55,67.85,66.51,67.01,65.5,1.51,2.3053,508924.92,3413538.793,0.5,0.5,,,,,
600276.SH,20251028,65.22,65.46,63.5,63.62,67.01,-3.39,-5.0589,1082089.99,6923383.033,0.5,0.5,,,,,
600276.SH,20251029,63.6,64.48,62.71,64.02,63.62,0.4,0.6287,562174.55,3577122.185,0.5,0.5,,,,,
600276.SH,20251030,64.02,64.02,62.87,62.88,64.02,-1.14,-1.7807,608740.0,3856500.507,0.5,0.5,,,,,
600276.SH,20251031,63.36,65.49,63.2,64.15,62.88,1.27,2.0197,837063.9,5386074.734,0.5,0.5,,,,,
600276.SH,20251103,64.96,64.99,62.82,63.4,64.15,-0.75,-1.1691,460305.61,2924454.178,0.5,0.5,,,,,
600276.SH,20251104,63.42,63.45,61.55,61.92,63.4,-1.48,-2.3344,515609.66,3215841.267,0.5,0.5,,,,,
600276.SH,20251105,61.3,62.49,61.22,61.96,61.92,0.04,0.0646,334380.78,2074291.419,0.5,0.5,,,,,
600276.SH,20251106,61.95,62.5,61.47,62.42,61.96,0.46,0.7424,252523.95,1567372.106,0.5,0.5,,,,,
600276.SH,20251107,62.0,62.49,61.5,61.58,62.42,-0.84,-1.3457,270654.28,1670988.958,0.5,0.5,,,,,
600276.SH,20251110,61.57,61.93,60.96,61.83,61.58,0.25,0.406,396248.3,2431973.885,0.5,0.5,,,,,
600276.SH,20251111,61.95,62.2,61.0,61.06,61.83,-0.77,-1.2454,275159.98,1687561.58,0.5,0.5,,,,,
600276.SH,20251112,61.09,62.86,61.09,62.1,61.06,1.04,1.7032,514267.76,3203516.791,0.5,0.5,,,,,
600276.SH,20251113,62.69,63.79,62.23,63.56,62.1,1.46,2.351,508318.37,3211808.939,0.5,0.5,,,,,
600276.SH,20251114,63.45,63.9,62.76,62.9,63.56,-0.66,-1.0384,319504.14,2021555.066,0.5,0.5,,,,,
600276.SH,20251117,62.89,63.05,61.41,61.8,62.9,-1.1,-1.7488,315384.52,1952561.578,0.5,0.5,,,,,
600276.SH,20251118,61.61,62.85,61.52,61.78,61.8,-0.02,-0.0324,219100.59,1359324.791,0.5,0.5,,,,,
600276.SH,20251119,61.5,61.78,61.02,61.11,61.78,-0.67,-1.0845,211162.42,1295307.075,0.5,0.5,,,,,
600276.SH,20251120,61.23,61.65,60.54,60.63,61.11,-0.48,-0.7855,253480.06,1544020.77,0.5,0.5,,,,,
600276.SH,20251121,60.33,61.1,59.31,59.5,60.63,-1.13,-1.8638,447335.34,2679336.097,0.5,0.5,,,,,
600276.SH,20251124,60.04,61.1,59.96,60.66,59.5,1.16,1.9496,343973.24,2083464.658,0.5,0.5,,,,,
600276.SH,20251125,61.1,61.61,60.53,60.88,60.66,0.22,0.3627,265045.13,1620797.704,0.5,0.5,,,,,
600276.SH,20251126,61.5,62.8,61.03,62.36,60.88,1.48,2.431,439861.95,2739532.775,0.5,0.5,,,,,
600276.SH,20251127,62.6,62.96,61.94,62.09,62.36,-0.27,-0.433,257307.63,1604386.052,0.5,0.5,,,,,
600276.SH,20251128,62.36,62.36,61.61,62.08,62.09,-0.01,-0.0161,202776.19,1257510.631,0.5,0.5,,,,,
600276.SH,20251201,62.08,62.09,61.06,61.94,62.08,-0.14,-0.2255,254830.95,1567868.103,0.5,0.5,,,,,
600276.SH,20251202,61.9,61.9,61.0,61.12,61.94,-0.82,-1.3239,182306.14,1115986.037,0.5,0.5,,,,,
600276.SH,20251203,61.1,61.55,60.7,60.97,61.12,-0.15,-0.2454,198529.76,1211357.997,0.5,0.5,,,,,
600276.SH,20251204,61.01,61.49,60.97,61.25,60.97,0.28,0.4592,180407.66,1103403.553,0.5,0.5,,,,,
600276.SH,20251205,61.19,61.79,60.7,61.62,61.25,0.37,0.6041,231176.15,1418750.952,0.5,0.5,,,,,
600276.SH,20251208,62.6,63.55,61.92,62.46,61.62,0.84,1.3632,508617.59,3186857.202,0.5,0.5,,,,,
600276.SH,20251209,62.32,64.15,62.3,63.08,62.46,0.62,0.9926,493593.39,3131342.824,0.5,0.5,,,,,
600276.SH,20251210,63.15,63.56,62.27,63.38,63.08,0.3,0.4756,288959.61,1820981.675,0.5,0.5,,,,,
600276.SH,20251211,63.56,63.94,63.11,63.4,63.38,0.02,0.0316,247061.27,1569053.154,0.5,0.5,,,,,
600276.SH,20251212,63.28,63.28,62.26,63.28,63.4,-0.12,-0.1893,315629.26,1984535.365,0.5,0.5,,,,,
600276.SH,20251215,62.68,62.68,61.38,61.38,63.28,-1.9,-3.0025,290072.2,1796682.727,0.5,0.5,,,,,
600276.SH,20251216,61.38,61.49,58.68,59.15,61.38,-2.23,-3.6331,523784.86,3112549.391,0.5,0.5,,,,,
600276.SH,20251217,59.35,60.8,59.01,60.3,59.15,1.15,1.9442,330417.82,1980882.81,0.5,0.5,,,,,
600276.SH,20251218,60.05,60.57,59.95,60.0,60.3,-0.3,-0.4975,179309.29,1078752.36,0.5,0.5,,,,,
600276.SH,20251219,60.07,61.38,59.91,60.85,60.0,0.85,1.4167,288358.42,1753822.164,0.5,0.5,,,,,
600276.SH,20251222,60.81,61.5,60.33,60.93,60.85,0.08,0.1315,236709.24,1444845.737,0.5,0.5,,,,,
600276.SH,20251223,60.85,62.56,60.84,61.8,60.93,0.87,1.4279,329190.95,2037549.674,0.5,0.5,,,,,
600276.SH,20251224,61.67,62.0,61.08,61.23,61.8,-0.57,-0.9223,250502.06,1539580.672,0.5,0.5,,,,,
600276.SH,20251225,61.22,61.66,61.03,61.4,61.23,0.17,0.2776,155181.75,952122.26,0.5,0.5,,,,,
600276.SH,20251226,61.3,61.66,60.6,61.06,61.4,-0.34,-0.5537,214307.81,1311044.16,0.5,0.5,,,,,
600276.SH,20251229,61.06,61.27,60.41,60.51,61.06,-0.55,-0.9008,285751.62,1737055.879,0.5,0.5,,,,,
600276.SH,20251230,60.4,60.6,59.9,60.18,60.51,-0.33,-0.5454,253304.61,1525944.032,0.5,0.5,,,,,
600276.SH,20251231,60.16,60.36,59.5,59.57,60.18,-0.61,-1.0136,268278.96,1603948.702,0.5,0.5,,,,,
600276.SH,20260105,60.06,63.49,59.99,63.08,59.57,3.51,5.8922,851170.28,5316701.689,0.5,0.5,,,,,
600276.SH,20260106,63.36,63.48,62.4,63.06,63.08,-0.02,-0.0317,463524.57,2919198.722,0.5,0.5,,,,,
600276.SH,20260107,63.01,64.8,63.0,63.85,63.06,0.79,1.2528,524651.73,3364332.736,0.5,0.5,,,,,
600276.SH,20260108,65.0,65.05,63.03,63.6,63.85,-0.25,-0.3915,447748.54,2854769.456,0.5,0.5,,,,,
600276.SH,20260109,63.58,64.2,62.8,63.78,63.6,0.18,0.283,426357.53,2709908.741,0.5,0.5,,,,,
600276.SH,20260112,64.1,64.3,63.21,63.85,63.78,0.07,0.1098,428770.19,2735494.019,0.5,0.5,,,,,
600276.SH,20260113,64.3,65.83,64.05,64.52,63.85,0.67,1.0493,740340.35,4818680.909,0.5,0.5,,,,,
600276.SH,20260114,64.55,65.6,63.2,63.61,64.52,-0.91,-1.4104,629255.34,4049394.399,0.5,0.5,,,,,
600276.SH,20260115,63.18,63.83,62.7,63.17,63.61,-0.44,-0.6917,467612.36,2956591.609,0.5,0.5,,,,,
600276.SH,20260116,63.35,63.52,61.66,61.94,63.17,-1.23,-1.9471,523786.28,3262750.168,0.5,0.5,,,,,
600276.SH,20260119,61.8,62.38,60.66,61.12,61.94,-0.82,-1.3239,473890.96,2909640.71,0.5,0.5,,,,,
600276.SH,20260120,61.13,61.65,60.4,60.5,61.12,-0.62,-1.0144,427754.92,2599009.142,0.5,0.5,,,,,
600276.SH,20260121,60.51,60.88,59.86,60.1,60.5,-0.4,-0.6612,546035.08,3291737.381,0.5,0.5,,,,,
600276.SH,20260122,60.36,60.36,59.3,59.44,60.1,-0.66,-1.0982,537068.13,3203889.161,0.5,0.5,,,,,
600276.SH,20260123,59.73,60.27,58.76,58.99,59.44,-0.45,-0.7571,808043.0,4801931.324,0.5,0.5,,,,,
600276.SH,20260126,58.99,59.16,58.05,58.16,58.99,-0.83,-1.407,727328.88,4244912.106,0.5,0.5,,,,,
600276.SH,20260127,58.39,58.49,57.14,57.2,58.16,-0.96,-1.6506,637255.48,3659971.231,0.5,0.5,,,,,
600276.SH,20260128,57.44,57.8,56.3,56.55,57.2,-0.65,-1.1364,878750.43,4992876.575,0.5,0.5,,,,,
600276.SH,20260129,56.35,58.37,56.08,58.11,56.55,1.56,2.7586,1137824.75,6528912.261,0.5,0.5,,,,,
600276.SH,20260130,58.0,59.79,57.76,58.16,58.11,0.05,0.086,852044.89,4988191.673,0.5,0.5,,,,,
600276.SH,20260202,57.76,58.33,56.31,56.49,58.16,-1.67,-2.8714,609579.98,3482011.262,0.5,0.5,,,,,
600276.SH,20260203,57.0,57.69,56.5,57.47,56.49,0.98,1.7348,498834.53,2850875.66,0.5,0.5,,,,,
600276.SH,20260204,57.3,57.7,56.23,57.6,57.47,0.13,0.2262,489242.96,2781889.093,0.5,0.5,,,,,
600276.SH,20260205,57.5,58.47,57.3,58.16,57.6,0.56,0.9722,517745.55,3003455.269,0.5,0.5,,,,,
600276.SH,20260206,57.74,58.15,57.24,57.31,58.16,-0.85,-1.4615,360903.65,2078633.87,0.5,0.5,,,,,
600276.SH,20260209,57.75,57.89,57.0,57.45,57.31,0.14,0.2443,366116.88,2100347.755,0.5,0.5,,,,,
600276.SH,20260210,57.46,59.04,57.05,58.4,57.45,0.95,1.6536,648860.69,3782364.995,0.5,0.5,,,,,
600276.SH,20260211,58.4,59.95,58.35,58.9,58.4,0.5,0.8562,573680.08,3389452.542,0.5,0.5,,,,,
600276.SH,20260212,58.6,59.49,58.5,58.74,58.9,-0.16,-0.2716,348689.8,2051201.547,0.5,0.5,,,,,
600276.SH,20260213,58.76,59.05,58.13,58.23,58.74,-0.51,-0.8682,343568.1,2009040.552,0.5,0.5,,,,,
600276.SH,20260224,58.31,58.48,57.72,58.01,58.23,-0.22,-0.3778,338981.34,1967937.99,0.5,0.5,,,,,
600276.SH,20260225,57.98,58.2,57.58,57.86,58.01,-0.15,-0.2586,421579.37,2436801.368,0.5,0.5,,,,,
600276.SH,20260226,57.86,58.1,56.6,56.72,57.86,-1.14,-1.9703,508987.07,2904851.185,0.5,0.5,,,,,
600276.SH,20260227,56.62,57.27,56.3,56.56,56.72,-0.16,-0.2821,363641.1,2063125.422,0.5,0.5,,,,,
600276.SH,20260302,55.58,56.08,54.2,54.54,56.56,-2.02,-3.5714,742061.95,4067670.783,0.5,0.5,,,,,
600276.SH,20260303,54.7,55.33,53.45,53.61,54.54,-0.93,-1.7052,601399.1,3257388.812,0.5,0.5,,,,,
600276.SH,20260304,53.22,53.9,52.67,52.98,53.61,-0.63,-1.1752,471518.2,2502294.687,0.5,0.5,,,,,
600276.SH,20260305,53.41,54.84,53.1,53.72,52.98,0.74,1.3968,484859.84,2609662.194,0.5,0.5,,,,,
600276.SH,20260306,53.6,55.67,53.4,55.56,53.72,1.84,3.4252,629119.3,3465527.848,0.5,0.5,,,,,
600276.SH,20260309,54.78,55.18,54.05,54.94,55.56,-0.62,-1.1159,426233.28,2329596.366,0.5,0.5,,,,,
600276.SH,20260310,55.3,56.75,55.3,56.55,54.94,1.61,2.9305,473604.92,2669120.574,0.5,0.5,,,,,
600276.SH,20260311,56.45,56.55,55.6,55.83,56.55,-0.72,-1.2732,321259.28,1795447.675,0.5,0.5,,,,,
600276.SH,20260312,55.8,56.04,55.23,55.3,55.83,-0.53,-0.9493,266691.35,1480023.552,0.5,0.5,,,,,
600276.SH,20260313,55.3,55.63,54.95,55.11,55.3,-0.19,-0.3436,244164.44,1347312.522,0.5,0.5,,,,,
600276.SH,20260316,55.21,56.05,54.52,55.59,55.11,0.48,0.871,307751.44,1706961.132,0.5,0.5,,,,,
600276.SH,20260317,55.69,57.44,55.38,56.3,55.59,0.71,1.2772,504110.99,2853748.29,0.5,0.5,,,,,
600276.SH,20260318,56.26,57.08,56.02,56.88,56.3,0.58,1.0302,393793.11,2228050.343,0.5,0.5,,,,,
600276.SH,20260319,56.17,57.03,55.91,56.02,56.88,-0.86,-1.512,343646.51,1935908.148,0.5,0.5,,,,,
600276.SH,20260320,56.19,56.76,55.05,55.14,56.02,-0.88,-1.5709,347395.1,1936270.337,0.5,0.5,,,,,
600276.SH,20260323,54.18,54.35,52.41,52.78,55.14,-2.36,-4.28,487701.57,2600360.832,0.5,0.5,,,,,
600276.SH,20260324,53.27,53.74,52.81,53.64,52.78,0.86,1.6294,348355.04,1854905.816,0.5,0.5,,,,,
600276.SH,20260325,54.0,54.86,53.84,54.1,53.64,0.46,0.8576,411525.62,2230992.166,0.5,0.5,,,,,
600276.SH,20260326,53.28,54.1,51.54,51.63,54.1,-2.47,-4.5656,649416.53,3412838.811,0.5,0.5,,,,,
600276.SH,20260327,51.3,55.48,51.11,55.18,51.63,3.55,6.8758,991196.28,5393542.863,0.5,0.5,,,,,
600276.SH,20260330,54.73,56.1,54.61,55.76,55.18,0.58,1.0511,697270.79,3866003.912,0.5,0.5,,,,,
600276.SH,20260331,55.86,57.38,55.2,55.22,55.76,-0.54,-0.9684,692923.92,3885745.233,0.5,0.5,,,,,
600276.SH,20260401,56.03,57.78,55.6,57.73,55.22,2.51,4.5455,1005516.56,5750559.322,0.5,0.5,,,,,
600276.SH,20260402,57.74,58.35,57.01,57.37,57.73,-0.36,-0.6236,765169.85,4415860.425,0.5,0.5,,,,,
600276.SH,20260403,56.98,56.99,56.1,56.38,57.37,-0.99,-1.7256,454916.05,2569466.951,0.5,0.5,,,,,
600276.SH,20260407,56.51,56.85,55.0,56.12,56.38,-0.26,-0.4612,401466.88,2244163.329,0.5,0.5,,,,,
600276.SH,20260408,57.01,57.64,55.91,57.45,56.12,1.33,2.3699,734462.9,4189267.319,0.5,0.5,,,,,
600276.SH,20260409,56.92,57.97,56.71,56.96,57.45,-0.49,-0.8529,480754.74,2749696.421,0.5,0.5,,,,,
600276.SH,20260410,57.5,58.14,56.8,57.06,56.96,0.1,0.1756,587794.69,3371850.93,0.5,0.5,,,,,
600276.SH,20260413,56.6,56.64,55.01,55.2,57.06,-1.86,-3.2597,796044.38,4431612.86,0.5,0.5,,,,,
600276.SH,20260414,55.35,56.31,54.8,56.18,55.2,0.98,1.7754,574456.5,3184393.125,0.5,0.5,,,,,
600276.SH,20260415,57.94,58.45,57.04,57.73,56.18,1.55,2.759,1029479.51,5945432.691,0.5,0.5,,,,,
600276.SH,20260416,57.98,58.0,57.02,57.47,57.73,-0.26,-0.4504,576718.43,3311971.254,0.5,0.5,,,,,
600276.SH,20260417,57.2,57.2,56.01,56.33,57.47,-1.14,-1.9836,632523.68,3567405.886,0.5,0.5,,,,,
600276.SH,20260420,56.33,56.68,55.83,56.34,56.33,0.01,0.0178,433048.62,2433980.876,0.5,0.5,,,,,
600276.SH,20260421,56.35,56.76,55.55,55.75,56.34,-0.59,-1.0472,432751.3,2420276.829,0.5,0.5,,,,,
600276.SH,20260422,55.6,55.94,54.94,55.44,55.75,-0.31,-0.5561,523563.07,2894035.207,0.5,0.5,,,,,
600276.SH,20260423,56.03,57.96,56.03,56.4,55.44,0.96,1.7316,963938.0,5474037.22,0.5,0.5,,,,,
600276.SH,20260424,56.5,56.75,55.32,56.05,56.4,-0.35,-0.6206,557797.62,3129630.48,0.5,0.5,,,,,
600276.SH,20260427,56.06,56.07,55.2,55.38,56.05,-0.67,-1.1954,455529.55,2523081.153,0.5,0.5,,,,,
600276.SH,20260428,55.38,57.35,54.8,54.84,55.38,-0.54,-0.9751,903119.52,5056516.343,0.5,0.5,,,,,
600276.SH,20260429,54.83,55.08,54.2,54.99,54.84,0.15,0.2735,591509.22,3232737.364,0.5,0.5,,,,,
600276.SH,20260430,55.04,55.04,53.81,53.88,54.99,-1.11,-2.0185,712484.82,3855730.653,0.5,0.5,,,,,
600276.SH,20260506,53.98,54.11,53.4,53.63,53.88,-0.25,-0.464,665747.53,3573491.857,0.5,0.5,,,,,
600276.SH,20260507,53.88,54.43,53.4,53.68,53.63,0.05,0.0932,623451.82,3352802.192,0.5,0.5,,,,,
600276.SH,20260508,53.88,53.92,52.68,52.8,53.68,-0.88,-1.6393,802414.65,4253912.511,0.5,0.5,,,,,
600276.SH,20260511,52.8,53.79,52.12,53.52,52.8,0.72,1.3636,1023063.39,5425541.107,0.5,0.5,,,,,
600276.SH,20260512,53.53,58.87,52.75,56.11,53.52,2.59,4.8393,2465399.65,13832346.444,0.5,0.5,,,,,
600276.SH,20260513,56.11,57.26,55.66,55.86,56.11,-0.25,-0.4456,1327790.72,7453651.588,0.5,0.5,,,,,
600276.SH,20260514,55.8,56.74,54.28,54.32,55.86,-1.54,-2.7569,917226.81,5058298.449,0.5,0.5,,,,,
600276.SH,20260515,54.08,55.66,53.75,53.99,54.32,-0.33,-0.6075,765988.95,4173748.481,0.5,0.5,,,,,
600276.SH,20260518,53.78,53.8,52.19,52.43,53.99,-1.56,-2.8894,786608.89,4141536.235,0.5,0.5,,,,,
600276.SH,20260519,52.3,52.91,51.33,51.59,52.43,-0.84,-1.6021,699094.53,3627118.898,0.5,0.5,,,,,
600276.SH,20260520,51.51,51.96,50.38,50.95,51.59,-0.64,-1.2406,827046.41,4207608.523,0.5,0.5,,,,,
600276.SH,20260521,51.03,52.79,50.88,51.45,50.95,0.5,0.9814,994024.91,5157539.017,0.5,0.5,,,,,
600276.SH,20260522,51.55,51.58,50.4,50.47,51.45,-0.98,-1.9048,677619.85,3439250.074,0.5,0.5,,,,,
600276.SH,20260525,50.01,50.02,49.02,49.43,50.47,-1.04,-2.0606,838354.91,4132036.88,0.5,0.5,,,,,
600276.SH,20260526,49.08,50.17,48.8,49.2,49.43,-0.23,-0.4653,713745.51,3526003.698,0.5,0.5,,,,,
600276.SH,20260527,48.88,51.3,48.45,50.37,49.0,1.37,2.7959,961152.93,4800578.724,0.5,0.5,,,,,
600276.SH,20260528,50.06,50.58,47.85,48.0,50.37,-2.37,-4.7052,978696.76,4764526.056,0.5,0.5,,,,,
600276.SH,20260529,48.02,50.52,47.62,50.19,48.0,2.19,4.5625,1300404.6,6428005.491,0.5,0.5,,,,,
600276.SH,20260601,50.32,51.2,49.0,49.17,50.19,-1.02,-2.0323,946652.92,4730298.019,0.5,0.5,,,,,
600276.SH,20260602,48.82,49.1,47.9,48.4,49.17,-0.77,-1.566,611443.12,2958267.989,0.5,0.5,,,,,
600276.SH,20260603,48.1,48.18,47.2,47.2,48.4,-1.2,-2.4793,815364.21,3874213.873,0.5,0.5,,,,,
600276.SH,20260604,47.0,47.88,46.51,46.63,47.2,-0.57,-1.2076,639248.85,3002777.698,0.5,0.5,,,,,
600276.SH,20260605,47.48,48.72,47.0,47.08,46.63,0.45,0.965,930263.96,4447209.359,0.5,0.5,,,,,
600276.SH,20260608,46.6,47.72,45.55,45.94,47.08,-1.14,-2.4214,684210.68,3166674.106,0.5,0.5,,,,,
600276.SH,20260609,46.34,46.6,45.26,46.38,45.94,0.44,0.9578,621286.09,2856659.948,0.5,0.5,,,,,
600276.SH,20260610,46.1,47.38,45.91,47.01,46.38,0.63,1.3583,621575.53,2901932.496,0.5,0.5,,,,,
600276.SH,20260611,46.7,47.2,46.22,46.98,47.01,-0.03,-0.0638,473373.64,2211880.829,0.5,0.5,,,,,
601166.SH,20210615,21.35,21.38,20.85,20.92,21.56,-0.64,-2.9685,1053112.61,2211526.867,0.5,0.5,,,,,
601166.SH,20210616,20.85,21.13,20.73,20.89,20.92,-0.03,-0.1434,876142.56,1835236.083,0.5,0.5,,,,,
601166.SH,20210617,20.9,21.05,20.78,20.8,20.89,-0.09,-0.4308,668422.47,1394423.135,0.5,0.5,,,,,
601166.SH,20210618,20.7,20.72,20.04,20.16,20.8,-0.64,-3.0769,1472700.98,2988011.954,0.5,0.5,,,,,
601166.SH,20210621,20.1,20.18,19.83,19.89,20.16,-0.27,-1.3393,909977.36,1815252.355,0.5,0.5,,,,,
601166.SH,20210622,19.99,20.28,19.78,20.02,19.89,0.13,0.6536,1171826.11,2343808.541,0.5,0.5,,,,,
601166.SH,20210623,20.06,20.31,19.9,20.22,20.02,0.2,0.999,848506.55,1711202.946,0.5,0.5,,,,,
601166.SH,20210624,20.26,20.44,20.18,20.44,20.22,0.22,1.088,664527.0,1350696.346,0.5,0.5,,,,,
601166.SH,20210625,20.49,20.82,20.45,20.72,20.44,0.28,1.3699,1015960.77,2099828.094,0.5,0.5,,,,,
601166.SH,20210628,20.72,20.78,20.13,20.23,20.72,-0.49,-2.3649,1063893.45,2161253.123,0.5,0.5,,,,,
601166.SH,20210629,19.54,19.8,19.46,19.68,19.43,0.25,1.2867,956975.09,1877011.425,0.5,0.5,,,,,
601166.SH,20210630,19.9,20.79,19.9,20.55,19.68,0.87,4.4207,1383069.08,2836473.278,0.5,0.5,,,,,
601166.SH,20210701,20.83,21.65,20.75,21.31,20.55,0.76,3.6983,1760490.61,3737193.724,0.5,0.5,,,,,
601166.SH,20210702,21.09,21.1,20.65,20.79,21.31,-0.52,-2.4402,1245256.71,2599595.366,0.5,0.5,,,,,
601166.SH,20210705,20.94,21.08,20.4,21.04,20.79,0.25,1.2025,847833.18,1762929.937,0.5,0.5,,,,,
601166.SH,20210706,21.06,21.66,21.0,21.47,21.04,0.43,2.0437,1057849.79,2266167.379,0.5,0.5,,,,,
601166.SH,20210707,21.45,21.8,21.17,21.34,21.47,-0.13,-0.6055,749238.27,1604779.503,0.5,0.5,,,,,
601166.SH,20210708,21.54,21.62,20.58,20.7,21.34,-0.64,-2.9991,1347908.18,2803461.846,0.5,0.5,,,,,
601166.SH,20210709,20.68,20.91,20.11,20.31,20.7,-0.39,-1.8841,1174398.67,2401103.644,0.5,0.5,,,,,
601166.SH,20210712,20.6,20.96,20.31,20.51,20.31,0.2,0.9847,1233859.39,2538267.368,0.5,0.5,,,,,
601166.SH,20210713,20.55,20.7,20.12,20.41,20.51,-0.1,-0.4876,825470.32,1686823.153,0.5,0.5,,,,,
601166.SH,20210714,20.39,20.39,19.7,19.82,20.41,-0.59,-2.8907,1156382.31,2300359.141,0.5,0.5,,,,,
601166.SH,20210715,19.81,20.85,19.71,20.8,19.82,0.98,4.9445,1276302.2,2602711.129,0.5,0.5,,,,,
601166.SH,20210716,20.67,20.92,20.31,20.45,20.8,-0.35,-1.6827,758201.48,1554457.403,0.5,0.5,,,,,
601166.SH,20210719,20.44,20.5,19.94,20.41,20.45,-0.04,-0.1956,748672.98,1510217.118,0.5,0.5,,,,,
601166.SH,20210720,20.28,20.4,19.96,20.03,20.41,-0.38,-1.8618,612004.66,1231337.026,0.5,0.5,,,,,
601166.SH,20210721,20.06,20.2,19.64,19.73,20.03,-0.3,-1.4978,1163013.29,2303286.34,0.5,0.5,,,,,
601166.SH,20210722,19.7,20.27,19.68,19.91,19.73,0.18,0.9123,847360.89,1693875.232,0.5,0.5,,,,,
601166.SH,20210723,19.92,19.93,19.6,19.79,19.91,-0.12,-0.6027,787151.78,1552210.291,0.5,0.5,,,,,
601166.SH,20210726,19.62,19.65,18.68,18.7,19.79,-1.09,-5.5078,1607333.14,3052709.827,0.5,0.5,,,,,
601166.SH,20210727,18.77,18.87,17.85,17.98,18.7,-0.72,-3.8503,1596391.14,2913553.047,0.5,0.5,,,,,
601166.SH,20210728,18.09,18.46,17.95,18.33,17.98,0.35,1.9466,1120704.92,2045977.845,0.5,0.5,,,,,
601166.SH,20210729,18.48,18.48,17.91,17.94,18.33,-0.39,-2.1277,1249646.23,2256777.208,0.5,0.5,,,,,
601166.SH,20210730,17.85,17.94,17.53,17.67,17.94,-0.27,-1.505,955772.47,1688461.849,0.5,0.5,,,,,
601166.SH,20210802,17.55,18.04,17.17,17.9,17.67,0.23,1.3016,1388659.29,2453857.256,0.5,0.5,,,,,
601166.SH,20210803,17.72,17.88,17.5,17.64,17.9,-0.26,-1.4525,1107108.03,1951290.424,0.5,0.5,,,,,
601166.SH,20210804,17.7,17.72,17.37,17.4,17.64,-0.24,-1.3605,920211.34,1605648.62,0.5,0.5,,,,,
601166.SH,20210805,17.36,17.61,17.27,17.41,17.4,0.01,0.0575,776649.93,1356297.062,0.5,0.5,,,,,
601166.SH,20210806,17.32,17.64,17.08,17.55,17.41,0.14,0.8041,960913.92,1670656.235,0.5,0.5,,,,,
601166.SH,20210809,17.58,18.59,17.56,18.22,17.55,0.67,3.8177,1620648.97,2953930.531,0.5,0.5,,,,,
601166.SH,20210810,18.19,18.78,17.95,18.66,18.22,0.44,2.4149,1454307.45,2671969.918,0.5,0.5,,,,,
601166.SH,20210811,18.68,19.33,18.58,18.74,18.66,0.08,0.4287,1490810.84,2827961.844,0.5,0.5,,,,,
601166.SH,20210812,18.72,18.87,18.54,18.61,18.74,-0.13,-0.6937,729884.83,1365260.162,0.5,0.5,,,,,
601166.SH,20210813,18.62,18.7,18.4,18.63,18.61,0.02,0.1075,726766.59,1346606.558,0.5,0.5,,,,,
601166.SH,20210816,18.77,18.89,18.47,18.63,18.63,0.0,0.0,750721.26,1402725.365,0.5,0.5,,,,,
601166.SH,20210817,18.62,18.84,18.34,18.39,18.63,-0.24,-1.2882,734270.2,1364887.333,0.5,0.5,,,,,
601166.SH,20210818,18.43,19.41,18.42,19.19,18.39,0.8,4.3502,1331224.2,2528960.297,0.5,0.5,,,,,
601166.SH,20210819,19.1,19.25,18.55,18.55,19.19,-0.64,-3.3351,1045515.66,1964478.306,0.5,0.5,,,,,
601166.SH,20210820,18.68,18.8,18.01,18.26,18.55,-0.29,-1.5633,1313533.59,2399423.976,0.5,0.5,,,,,
601166.SH,20210823,18.25,18.48,18.16,18.29,18.26,0.03,0.1643,786544.62,1441096.05,0.5,0.5,,,,,
601166.SH,20210824,18.29,18.68,18.23,18.59,18.29,0.3,1.6402,912142.72,1686720.979,0.5,0.5,,,,,
601166.SH,20210825,18.58,18.75,18.29,18.37,18.59,-0.22,-1.1834,723375.69,1337091.168,0.5,0.5,,,,,
601166.SH,20210826,18.35,18.38,18.02,18.13,18.37,-0.24,-1.3065,795092.98,1442587.749,0.5,0.5,,,,,
601166.SH,20210827,18.1,18.29,17.82,18.01,18.13,-0.12,-0.6619,1057717.73,1909178.228,0.5,0.5,,,,,
601166.SH,20210830,18.14,18.46,17.93,18.1,18.01,0.09,0.4997,1157385.81,2102592.297,0.5,0.5,,,,,
601166.SH,20210831,18.15,18.6,17.96,18.5,18.1,0.4,2.2099,1166433.73,2135357.084,0.5,0.5,,,,,
601166.SH,20210901,18.41,19.35,18.39,19.16,18.5,0.66,3.5676,1863631.62,3534930.261,0.5,0.5,,,,,
601166.SH,20210902,19.27,19.62,19.24,19.43,19.16,0.27,1.4092,1356523.77,2638083.44,0.5,0.5,,,,,
601166.SH,20210903,19.35,19.78,18.95,19.44,19.43,0.01,0.0515,1239110.12,2405259.538,0.5,0.5,,,,,
601166.SH,20210906,19.35,19.67,19.32,19.36,19.44,-0.08,-0.4115,768484.15,1496084.494,0.5,0.5,,,,,
601166.SH,20210907,19.42,19.93,19.2,19.9,19.36,0.54,2.7893,1223166.95,2393891.888,0.5,0.5,,,,,
601166.SH,20210908,19.83,20.08,19.3,19.43,19.9,-0.47,-2.3618,1356653.24,2664556.573,0.5,0.5,,,,,
601166.SH,20210909,19.31,19.38,19.05,19.23,19.43,-0.2,-1.0293,925753.12,1777025.28,0.5,0.5,,,,,
601166.SH,20210910,19.26,20.23,19.23,19.74,19.23,0.51,2.6521,1935697.67,3835141.72,0.5,0.5,,,,,
601166.SH,20210913,19.74,20.15,19.61,20.09,19.74,0.35,1.773,1586912.19,3163870.466,0.5,0.5,,,,,
601166.SH,20210914,20.09,20.2,19.13,19.16,20.09,-0.93,-4.6292,1747155.01,3407602.456,0.5,0.5,,,,,
601166.SH,20210915,19.08,19.23,18.7,18.85,19.16,-0.31,-1.618,1193492.05,2260123.774,0.5,0.5,,,,,
601166.SH,20210916,18.75,18.97,18.58,18.6,18.85,-0.25,-1.3263,907176.28,1699646.603,0.5,0.5,,,,,
601166.SH,20210917,18.6,18.82,18.46,18.68,18.6,0.08,0.4301,770200.54,1433650.295,0.5,0.5,,,,,
601166.SH,20210922,18.0,18.32,17.78,18.12,18.68,-0.56,-2.9979,1389290.9,2502514.844,0.5,0.5,,,,,
601166.SH,20210923,18.25,18.53,18.08,18.22,18.12,0.1,0.5519,757548.73,1383340.603,0.5,0.5,,,,,
601166.SH,20210924,18.19,18.3,17.85,17.92,18.22,-0.3,-1.6465,803239.87,1448719.67,0.5,0.5,,,,,
601166.SH,20210927,17.92,18.15,17.52,18.1,17.92,0.18,1.0045,1221820.87,2175945.222,0.5,0.5,,,,,
601166.SH,20210928,18.1,18.57,18.04,18.46,18.1,0.36,1.989,1016262.97,1865644.873,0.5,0.5,,,,,
601166.SH,20210929,18.27,18.75,18.21,18.51,18.46,0.05,0.2709,818234.03,1511555.151,0.5,0.5,,,,,
601166.SH,20210930,18.54,18.54,18.21,18.3,18.51,-0.21,-1.1345,708723.4,1299064.538,0.5,0.5,,,,,
601166.SH,20211008,18.41,18.74,18.4,18.68,18.3,0.38,2.0765,810562.17,1506411.141,0.5,0.5,,,,,
601166.SH,20211011,19.0,19.5,19.0,19.36,18.68,0.68,3.6403,1563445.4,3023712.844,0.5,0.5,,,,,
601166.SH,20211012,19.33,19.65,19.16,19.34,19.36,-0.02,-0.1033,1053341.02,2041157.851,0.5,0.5,,,,,
601166.SH,20211013,19.33,19.46,19.04,19.21,19.34,-0.13,-0.6722,701940.65,1349798.401,0.5,0.5,,,,,
601166.SH,20211014,19.24,19.47,18.96,19.09,19.21,-0.12,-0.6247,571365.77,1095933.62,0.5,0.5,,,,,
601166.SH,20211015,19.14,19.48,19.0,19.22,19.09,0.13,0.681,842512.56,1622340.105,0.5,0.5,,,,,
601166.SH,20211018,19.34,19.47,19.1,19.24,19.22,0.02,0.1041,664331.48,1277985.858,0.5,0.5,,,,,
601166.SH,20211019,19.2,19.48,19.17,19.23,19.24,-0.01,-0.052,676641.57,1305805.109,0.5,0.5,,,,,
601166.SH,20211020,19.3,19.51,19.05,19.15,19.23,-0.08,-0.416,687582.7,1322525.346,0.5,0.5,,,,,
601166.SH,20211021,19.3,19.86,19.3,19.78,19.15,0.63,3.2898,1469600.45,2883109.376,0.5,0.5,,,,,
601166.SH,20211022,19.9,20.12,19.67,19.87,19.78,0.09,0.455,971692.17,1933881.959,0.5,0.5,,,,,
601166.SH,20211025,19.58,19.76,19.48,19.65,19.87,-0.22,-1.1072,876198.24,1715776.027,0.5,0.5,,,,,
601166.SH,20211026,19.58,19.76,19.27,19.38,19.65,-0.27,-1.374,1045140.4,2034275.471,0.5,0.5,,,,,
601166.SH,20211027,19.3,19.35,18.83,19.08,19.38,-0.3,-1.548,995326.21,1898520.365,0.5,0.5,,,,,
601166.SH,20211028,19.01,19.2,18.89,19.05,19.08,-0.03,-0.1572,590691.78,1124050.102,0.5,0.5,,,,,
601166.SH,20211029,19.34,19.41,18.52,18.63,19.05,-0.42,-2.2047,1642608.01,3101893.132,0.5,0.5,,,,,
601166.SH,20211101,18.67,19.25,18.58,18.97,18.63,0.34,1.825,1376605.63,2610843.895,0.5,0.5,,,,,
601166.SH,20211102,18.97,19.07,17.88,18.02,18.97,-0.95,-5.0079,2758717.21,5026249.207,0.5,0.5,,,,,
601166.SH,20211103,18.03,18.29,17.94,18.29,18.02,0.27,1.4983,1014872.44,1840885.487,0.5,0.5,,,,,
601166.SH,20211104,18.22,18.32,18.01,18.23,18.29,-0.06,-0.328,773762.3,1405082.038,0.5,0.5,,,,,
601166.SH,20211105,18.04,18.24,17.97,18.14,18.23,-0.09,-0.4937,729897.09,1321378.382,0.5,0.5,,,,,
601166.SH,20211108,18.14,18.25,17.97,18.07,18.14,-0.07,-0.3859,803827.51,1456889.884,0.5,0.5,,,,,
601166.SH,20211109,18.19,18.42,18.12,18.31,18.07,0.24,1.3282,789709.41,1442540.354,0.5,0.5,,,,,
601166.SH,20211110,18.25,18.27,18.05,18.19,18.31,-0.12,-0.6554,724861.18,1314856.472,0.5,0.5,,,,,
601166.SH,20211111,18.11,18.94,18.11,18.89,18.19,0.7,3.8483,1483276.78,2775988.97,0.5,0.5,,,,,
601166.SH,20211112,18.9,19.08,18.73,18.84,18.89,-0.05,-0.2647,660593.86,1245699.99,0.5,0.5,,,,,
601166.SH,20211115,18.87,19.07,18.66,18.83,18.84,-0.01,-0.0531,548120.48,1030556.65,0.5,0.5,,,,,
601166.SH,20211116,18.74,18.91,18.49,18.6,18.83,-0.23,-1.2215,537806.21,1003468.731,0.5,0.5,,,,,
601166.SH,20211117,18.45,18.73,18.42,18.51,18.6,-0.09,-0.4839,461644.21,856773.558,0.5,0.5,,,,,
601166.SH,20211118,18.48,18.59,18.27,18.3,18.51,-0.21,-1.1345,579222.66,1064174.876,0.5,0.5,,,,,
601166.SH,20211119,18.28,18.61,18.24,18.5,18.3,0.2,1.0929,678054.57,1249610.033,0.5,0.5,,,,,
601166.SH,20211122,18.53,18.58,18.14,18.2,18.5,-0.3,-1.6216,1058189.59,1930611.781,0.5,0.5,,,,,
601166.SH,20211123,18.2,18.28,18.07,18.13,18.2,-0.07,-0.3846,1056175.51,1916447.603,0.5,0.5,,,,,
601166.SH,20211124,18.14,18.43,18.01,18.31,18.13,0.18,0.9928,1083727.21,1971818.623,0.5,0.5,,,,,
601166.SH,20211125,18.25,18.32,18.18,18.27,18.31,-0.04,-0.2185,574888.73,1049420.611,0.5,0.5,,,,,
601166.SH,20211126,18.19,18.25,18.06,18.2,18.27,-0.07,-0.3831,748758.19,1358620.354,0.5,0.5,,,,,
601166.SH,20211129,18.09,18.16,17.98,18.07,18.2,-0.13,-0.7143,824462.87,1487708.807,0.5,0.5,,,,,
601166.SH,20211130,18.06,18.13,17.95,18.01,18.07,-0.06,-0.332,587480.96,1059115.462,0.5,0.5,,,,,
601166.SH,20211201,18.0,18.16,17.95,18.12,18.01,0.11,0.6108,544134.32,984257.297,0.5,0.5,,,,,
601166.SH,20211202,18.09,18.43,17.98,18.37,18.12,0.25,1.3797,928809.28,1696196.118,0.5,0.5,,,,,
601166.SH,20211203,18.35,18.45,18.12,18.3,18.37,-0.07,-0.3811,822041.91,1500461.355,0.5,0.5,,,,,
601166.SH,20211206,18.35,18.86,18.35,18.52,18.3,0.22,1.2022,1324104.06,2463316.668,0.5,0.5,,,,,
601166.SH,20211207,18.74,19.3,18.72,19.22,18.52,0.7,3.7797,2510043.97,4775164.678,0.5,0.5,,,,,
601166.SH,20211208,19.12,19.51,19.07,19.45,19.22,0.23,1.1967,1520074.74,2936913.576,0.5,0.5,,,,,
601166.SH,20211209,19.45,19.88,19.36,19.43,19.45,-0.02,-0.1028,1432510.36,2800564.385,0.5,0.5,,,,,
601166.SH,20211210,19.3,19.73,19.26,19.42,19.43,-0.01,-0.0515,1221508.34,2372960.859,0.5,0.5,,,,,
601166.SH,20211213,19.54,20.07,19.54,19.59,19.42,0.17,0.8754,1410507.71,2792217.242,0.5,0.5,,,,,
601166.SH,20211214,19.51,19.56,19.07,19.21,19.59,-0.38,-1.9398,1037367.92,1994533.982,0.5,0.5,,,,,
601166.SH,20211215,19.1,19.24,18.92,19.12,19.21,-0.09,-0.4685,961685.03,1832566.082,0.5,0.5,,,,,
601166.SH,20211216,19.24,19.55,19.15,19.5,19.12,0.38,1.9874,940316.9,1823029.558,0.5,0.5,,,,,
601166.SH,20211217,19.5,19.69,19.41,19.48,19.5,-0.02,-0.1026,846600.12,1653523.124,0.5,0.5,,,,,
601166.SH,20211220,19.41,19.69,19.37,19.52,19.48,0.04,0.2053,699545.82,1368176.264,0.5,0.5,,,,,
601166.SH,20211221,19.5,19.82,19.45,19.53,19.52,0.01,0.0512,881011.54,1729336.839,0.5,0.5,,,,,
601166.SH,20211222,19.66,19.69,19.22,19.32,19.53,-0.21,-1.0753,697347.74,1350456.381,0.5,0.5,,,,,
601166.SH,20211223,19.45,19.62,19.11,19.26,19.32,-0.06,-0.3106,1396114.59,2692633.244,0.5,0.5,,,,,
601166.SH,20211224,19.36,19.36,19.06,19.07,19.26,-0.19,-0.9865,763854.94,1462305.175,0.5,0.5,,,,,
601166.SH,20211227,19.01,19.07,18.81,18.85,19.07,-0.22,-1.1536,944857.65,1787175.904,0.5,0.5,,,,,
601166.SH,20211228,18.92,19.18,18.91,19.04,18.85,0.19,1.008,930354.68,1775270.423,0.5,0.5,,,,,
601166.SH,20211229,19.13,19.13,18.88,18.92,19.04,-0.12,-0.6303,601637.87,1142117.982,0.5,0.5,,,,,
601166.SH,20211230,18.94,19.21,18.92,19.05,18.92,0.13,0.6871,798266.08,1523528.379,0.5,0.5,,,,,
601166.SH,20211231,19.11,19.16,18.98,19.04,19.05,-0.01,-0.0525,553909.08,1055756.726,0.5,0.5,,,,,
601166.SH,20220104,19.07,19.2,18.84,19.13,19.04,0.09,0.4727,1055270.96,2008970.566,0.5,0.5,,,,,
601166.SH,20220105,19.15,20.32,19.14,20.07,19.13,0.94,4.9137,2454030.37,4887972.335,0.5,0.5,,,,,
601166.SH,20220106,20.16,20.25,19.9,19.96,20.07,-0.11,-0.5481,1219046.28,2441886.022,0.5,0.5,,,,,
601166.SH,20220107,20.1,20.46,19.96,20.4,19.96,0.44,2.2044,1177944.74,2389606.941,0.5,0.5,,,,,
601166.SH,20220110,20.59,20.74,20.2,20.63,20.4,0.23,1.1275,1278528.08,2615168.646,0.5,0.5,,,,,
601166.SH,20220111,21.0,21.56,20.8,21.4,20.63,0.77,3.7324,1954062.37,4161625.66,0.5,0.5,,,,,
601166.SH,20220112,21.45,21.56,21.1,21.37,21.4,-0.03,-0.1402,1481451.53,3166649.289,0.5,0.5,,,,,
601166.SH,20220113,21.4,21.63,21.16,21.24,21.37,-0.13,-0.6083,1096567.11,2337946.561,0.5,0.5,,,,,
601166.SH,20220114,21.17,21.2,20.54,20.66,21.24,-0.58,-2.7307,1465026.4,3036715.978,0.5,0.5,,,,,
601166.SH,20220117,20.73,20.96,20.36,20.51,20.66,-0.15,-0.726,816622.75,1679029.834,0.5,0.5,,,,,
601166.SH,20220118,20.52,21.34,20.4,21.3,20.51,0.79,3.8518,1364751.27,2863106.17,0.5,0.5,,,,,
601166.SH,20220119,21.3,21.64,21.14,21.51,21.3,0.21,0.9859,1323516.59,2837981.305,0.5,0.5,,,,,
601166.SH,20220120,21.49,22.27,21.46,22.15,21.51,0.64,2.9754,1638619.6,3610072.353,0.5,0.5,,,,,
601166.SH,20220121,22.0,22.07,21.7,21.8,22.15,-0.35,-1.5801,817944.51,1786680.945,0.5,0.5,,,,,
601166.SH,20220124,21.8,22.31,21.59,22.06,21.8,0.26,1.1927,1168088.67,2569932.399,0.5,0.5,,,,,
601166.SH,20220125,22.0,22.0,21.4,21.42,22.06,-0.64,-2.9012,1024314.58,2212679.789,0.5,0.5,,,,,
601166.SH,20220126,21.51,21.72,21.21,21.33,21.42,-0.09,-0.4202,674513.62,1439454.657,0.5,0.5,,,,,
601166.SH,20220127,21.32,21.55,21.05,21.3,21.33,-0.03,-0.1406,995375.75,2121877.7,0.5,0.5,,,,,
601166.SH,20220128,21.45,21.48,20.8,20.88,21.3,-0.42,-1.9718,1025663.95,2167122.129,0.5,0.5,,,,,
601166.SH,20220207,21.35,22.08,21.27,22.01,20.88,1.13,5.4119,1594037.22,3467046.281,0.5,0.5,,,,,
601166.SH,20220208,22.05,22.47,21.98,22.38,22.01,0.37,1.6811,1215913.69,2704923.138,0.5,0.5,,,,,
601166.SH,20220209,22.43,22.65,22.16,22.27,22.38,-0.11,-0.4915,1082394.67,2423187.106,0.5,0.5,,,,,
601166.SH,20220210,22.22,22.75,22.03,22.65,22.27,0.38,1.7063,907148.66,2042210.78,0.5,0.5,,,,,
601166.SH,20220211,22.78,23.13,22.6,22.99,22.65,0.34,1.5011,1236475.47,2832508.011,0.5,0.5,,,,,
601166.SH,20220214,22.95,22.95,22.14,22.25,22.99,-0.74,-3.2188,1133554.76,2533923.318,0.5,0.5,,,,,
601166.SH,20220215,22.13,22.38,21.51,21.85,22.25,-0.4,-1.7978,1543969.17,3370705.543,0.5,0.5,,,,,
601166.SH,20220216,21.9,22.36,21.9,22.18,21.85,0.33,1.5103,709955.66,1574129.12,0.5,0.5,,,,,
601166.SH,20220217,22.19,22.8,22.13,22.3,22.18,0.12,0.541,1103724.32,2477906.756,0.5,0.5,,,,,
601166.SH,20220218,22.31,22.89,22.28,22.89,22.3,0.59,2.6457,933979.88,2119133.512,0.5,0.5,,,,,
601166.SH,20220221,22.8,22.9,22.3,22.76,22.89,-0.13,-0.5679,809656.67,1828381.541,0.5,0.5,,,,,
601166.SH,20220222,22.82,23.22,22.52,23.08,22.76,0.32,1.406,1252978.56,2873605.365,0.5,0.5,,,,,
601166.SH,20220223,23.08,23.09,22.35,22.5,23.08,-0.58,-2.513,1102071.35,2489160.596,0.5,0.5,,,,,
601166.SH,20220224,22.52,22.78,22.28,22.32,22.5,-0.18,-0.8,1028155.69,2311675.213,0.5,0.5,,,,,
601166.SH,20220225,22.39,22.59,21.87,22.11,22.32,-0.21,-0.9409,1125989.45,2488473.304,0.5,0.5,,,,,
601166.SH,20220228,22.0,22.12,21.41,22.07,22.11,-0.04,-0.1809,1022221.29,2230054.19,0.5,0.5,,,,,
601166.SH,20220301,22.0,22.28,21.75,22.17,22.07,0.1,0.4531,871792.9,1917241.143,0.5,0.5,,,,,
601166.SH,20220302,21.85,22.29,21.82,22.06,22.17,-0.11,-0.4962,532416.39,1174785.457,0.5,0.5,,,,,
601166.SH,20220303,22.09,22.44,22.06,22.08,22.06,0.02,0.0907,718004.91,1594274.483,0.5,0.5,,,,,
601166.SH,20220304,22.0,22.09,21.6,21.71,22.08,-0.37,-1.6757,752301.48,1635990.909,0.5,0.5,,,,,
601166.SH,20220307,21.49,21.82,21.21,21.34,21.71,-0.37,-1.7043,1184656.47,2542907.267,0.5,0.5,,,,,
601166.SH,20220308,21.15,21.33,20.5,20.6,21.34,-0.74,-3.4677,1361880.91,2853935.58,0.5,0.5,,,,,
601166.SH,20220309,20.69,20.94,19.88,20.47,20.6,-0.13,-0.6311,1231452.57,2522825.43,0.5,0.5,,,,,
601166.SH,20220310,20.88,21.0,20.6,20.67,20.47,0.2,0.977,743162.24,1545999.979,0.5,0.5,,,,,
601166.SH,20220311,20.54,20.89,20.09,20.8,20.67,0.13,0.6289,820472.57,1682297.128,0.5,0.5,,,,,
601166.SH,20220314,20.51,20.94,20.13,20.14,20.8,-0.66,-3.1731,821298.21,1677137.218,0.5,0.5,,,,,
601166.SH,20220315,19.99,20.0,18.8,18.85,20.14,-1.29,-6.4052,1643798.1,3169652.419,0.5,0.5,,,,,
601166.SH,20220316,19.2,20.01,18.85,19.82,18.85,0.97,5.1459,1437253.07,2787562.336,0.5,0.5,,,,,
601166.SH,20220317,20.28,20.34,19.63,19.91,19.82,0.09,0.4541,1227694.18,2453713.003,0.5,0.5,,,,,
601166.SH,20220318,19.78,20.88,19.73,20.76,19.91,0.85,4.2692,1430838.53,2931752.83,0.5,0.5,,,,,
601166.SH,20220321,20.68,20.8,20.17,20.22,20.76,-0.54,-2.6012,975084.33,1988924.587,0.5,0.5,,,,,
601166.SH,20220322,20.29,20.93,20.25,20.81,20.22,0.59,2.9179,863389.14,1784369.846,0.5,0.5,,,,,
601166.SH,20220323,20.74,20.78,19.63,19.71,20.81,-1.1,-5.2859,3084134.72,6148405.435,0.5,0.5,,,,,
601166.SH,20220324,19.58,19.88,19.36,19.85,19.71,0.14,0.7103,1098797.24,2168392.295,0.5,0.5,,,,,
601166.SH,20220325,19.98,20.45,19.85,20.07,19.85,0.22,1.1083,1329047.86,2675943.135,0.5,0.5,,,,,
601166.SH,20220328,19.84,20.16,19.56,20.03,20.07,-0.04,-0.1993,821770.25,1637628.387,0.5,0.5,,,,,
601166.SH,20220329,20.08,20.12,19.83,19.88,20.03,-0.15,-0.7489,526222.33,1049983.838,0.5,0.5,,,,,
601166.SH,20220330,19.99,20.34,19.89,20.29,19.88,0.41,2.0624,960165.21,1935092.679,0.5,0.5,,,,,
601166.SH,20220331,20.2,20.79,20.14,20.67,20.29,0.38,1.8728,1178968.87,2425511.483,0.5,0.5,,,,,
601166.SH,20220401,20.56,21.42,20.45,21.4,20.67,0.73,3.5317,1421226.89,3002129.689,0.5,0.5,,,,,
601166.SH,20220406,21.19,22.21,21.17,21.92,21.4,0.52,2.4299,1598676.36,3500524.237,0.5,0.5,,,,,
601166.SH,20220407,21.88,22.18,21.47,21.59,21.92,-0.33,-1.5055,1101117.25,2398438.197,0.5,0.5,,,,,
601166.SH,20220408,21.6,22.04,21.59,21.99,21.59,0.4,1.8527,802278.26,1754316.421,0.5,0.5,,,,,
601166.SH,20220411,21.88,21.94,21.5,21.75,21.99,-0.24,-1.0914,860659.51,1871521.845,0.5,0.5,,,,,
601166.SH,20220412,21.65,22.0,21.37,21.73,21.75,-0.02,-0.092,878479.77,1905047.646,0.5,0.5,,,,,
601166.SH,20220413,21.66,22.03,21.53,21.72,21.73,-0.01,-0.046,817165.05,1784569.877,0.5,0.5,,,,,
601166.SH,20220414,22.05,22.06,21.5,21.68,21.72,-0.04,-0.1842,937776.36,2035327.131,0.5,0.5,,,,,
601166.SH,20220415,21.62,22.42,21.55,22.26,21.68,0.58,2.6753,1189639.9,2625350.67,0.5,0.5,,,,,
601166.SH,20220418,21.97,21.97,21.45,21.68,22.26,-0.58,-2.6056,1143365.58,2476074.536,0.5,0.5,,,,,
601166.SH,20220419,21.6,21.66,21.1,21.45,21.68,-0.23,-1.0609,928746.86,1982821.749,0.5,0.5,,,,,
601166.SH,20220420,21.49,21.62,21.21,21.26,21.45,-0.19,-0.8858,730517.66,1561042.797,0.5,0.5,,,,,
601166.SH,20220421,21.26,21.68,20.96,21.13,21.26,-0.13,-0.6115,912944.6,1947659.208,0.5,0.5,,,,,
601166.SH,20220422,20.97,21.6,20.91,21.42,21.13,0.29,1.3725,762350.75,1630350.369,0.5,0.5,,,,,
601166.SH,20220425,20.91,21.09,20.25,20.28,21.42,-1.14,-5.3221,1492988.43,3086710.294,0.5,0.5,,,,,
601166.SH,20220426,20.38,20.74,20.24,20.42,20.28,0.14,0.6903,910385.33,1866639.024,0.5,0.5,,,,,
601166.SH,20220427,20.26,20.79,20.22,20.54,20.42,0.12,0.5877,877748.85,1803283.308,0.5,0.5,,,,,
601166.SH,20220428,20.5,21.07,20.46,21.05,20.54,0.51,2.483,1054012.55,2198281.365,0.5,0.5,,,,,
601166.SH,20220429,20.95,20.95,20.0,20.48,21.05,-0.57,-2.7078,1827993.88,3712928.953,0.5,0.5,,,,,
601166.SH,20220505,20.35,20.7,20.25,20.4,20.48,-0.08,-0.3906,1003052.04,2047619.438,0.5,0.5,,,,,
601166.SH,20220506,20.19,20.38,19.93,19.96,20.4,-0.44,-2.1569,643860.5,1293115.981,0.5,0.5,,,,,
601166.SH,20220509,19.84,19.93,19.45,19.62,19.96,-0.34,-1.7034,669036.47,1314923.566,0.5,0.5,,,,,
601166.SH,20220510,19.47,20.07,19.33,20.0,19.62,0.38,1.9368,829533.04,1641619.466,0.5,0.5,,,,,
601166.SH,20220511,20.05,20.1,19.67,19.78,20.0,-0.22,-1.1,1054972.11,2092493.055,0.5,0.5,,,,,
601166.SH,20220512,19.66,19.74,19.46,19.63,19.78,-0.15,-0.7583,582934.61,1141925.128,0.5,0.5,,,,,
601166.SH,20220513,19.74,20.09,19.6,19.75,19.63,0.12,0.6113,1069314.49,2119039.065,0.5,0.5,,,,,
601166.SH,20220516,19.76,19.76,19.18,19.34,19.75,-0.41,-2.0759,1237326.24,2388282.832,0.5,0.5,,,,,
601166.SH,20220517,19.37,19.74,19.22,19.59,19.34,0.25,1.2927,858625.32,1676834.673,0.5,0.5,,,,,
601166.SH,20220518,19.7,19.71,19.28,19.42,19.59,-0.17,-0.8678,742995.59,1441303.92,0.5,0.5,,,,,
601166.SH,20220519,19.2,19.35,19.17,19.28,19.42,-0.14,-0.7209,665182.09,1280155.69,0.5,0.5,,,,,
601166.SH,20220520,19.38,19.76,19.36,19.69,19.28,0.41,2.1266,1024770.85,2012286.329,0.5,0.5,,,,,
601166.SH,20220523,19.75,19.87,19.51,19.68,19.69,-0.01,-0.0508,800159.63,1575985.623,0.5,0.5,,,,,
601166.SH,20220524,19.76,19.84,19.47,19.48,19.68,-0.2,-1.0163,607269.82,1192644.309,0.5,0.5,,,,,
601166.SH,20220525,19.55,19.65,19.44,19.53,19.48,0.05,0.2567,461297.85,901938.495,0.5,0.5,,,,,
601166.SH,20220526,19.6,19.62,19.35,19.53,19.53,0.0,0.0,616063.24,1200373.294,0.5,0.5,,,,,
601166.SH,20220527,19.59,19.89,19.55,19.72,19.53,0.19,0.9729,736519.7,1452788.824,0.5,0.5,,,,,
601166.SH,20220530,19.88,19.88,19.46,19.53,19.72,-0.19,-0.9635,594662.93,1165857.887,0.5,0.5,,,,,
601166.SH,20220531,19.55,19.73,19.45,19.65,19.53,0.12,0.6144,710118.8,1394974.495,0.5,0.5,,,,,
601166.SH,20220601,19.7,19.71,19.47,19.56,19.65,-0.09,-0.458,607185.61,1187582.565,0.5,0.5,,,,,
601166.SH,20220602,19.47,19.55,19.31,19.35,19.56,-0.21,-1.0736,721369.89,1397313.235,0.5,0.5,,,,,
601166.SH,20220606,19.31,19.35,18.96,19.19,19.35,-0.16,-0.8269,1315649.72,2510420.018,0.5,0.5,,,,,
601166.SH,20220607,19.12,19.59,19.09,19.51,19.19,0.32,1.6675,1004751.36,1949584.759,0.5,0.5,,,,,
601166.SH,20220608,19.57,19.64,19.37,19.63,19.51,0.12,0.6151,802914.03,1567252.195,0.5,0.5,,,,,
601166.SH,20220609,19.75,20.28,19.7,20.19,19.63,0.56,2.8528,1486129.86,2982767.12,0.5,0.5,,,,,
601166.SH,20220610,20.12,20.37,19.97,20.33,20.19,0.14,0.6934,1042362.09,2103333.413,0.5,0.5,,,,,
601166.SH,20220613,20.24,20.32,19.75,19.9,20.33,-0.43,-2.1151,1006421.82,2003540.692,0.5,0.5,,,,,
601166.SH,20220614,19.79,20.25,19.73,20.23,19.9,0.33,1.6583,898241.69,1797935.827,0.5,0.5,,,,,
601166.SH,20220615,20.25,21.0,20.15,20.72,20.23,0.49,2.4221,1756860.54,3636870.001,0.5,0.5,,,,,
601166.SH,20220616,19.8,19.83,19.37,19.41,19.69,-0.28,-1.422,1243800.83,2437697.189,0.5,0.5,,,,,
601166.SH,20220617,19.27,19.53,19.24,19.39,19.41,-0.02,-0.103,1008084.74,1951951.339,0.5,0.5,,,,,
601166.SH,20220620,19.39,19.43,19.02,19.13,19.39,-0.26,-1.3409,960299.59,1836451.882,0.5,0.5,,,,,
601166.SH,20220621,19.12,19.5,19.02,19.38,19.13,0.25,1.3068,718301.33,1389466.219,0.5,0.5,,,,,
601166.SH,20220622,19.36,19.36,19.1,19.1,19.38,-0.28,-1.4448,648893.89,1245925.283,0.5,0.5,,,,,
601166.SH,20220623,19.15,19.31,19.11,19.3,19.1,0.2,1.0471,642933.92,1235697.89,0.5,0.5,,,,,
601166.SH,20220624,19.29,19.41,19.03,19.19,19.3,-0.11,-0.5699,895596.57,1715038.946,0.5,0.5,,,,,
601166.SH,20220627,19.19,19.49,19.14,19.36,19.19,0.17,0.8859,848896.94,1642325.585,0.5,0.5,,,,,
601166.SH,20220628,19.4,19.61,19.27,19.47,19.36,0.11,0.5682,676452.26,1313859.795,0.5,0.5,,,,,
601166.SH,20220629,19.4,19.82,19.39,19.66,19.47,0.19,0.9759,839916.48,1652407.158,0.5,0.5,,,,,
601166.SH,20220630,19.61,20.02,19.52,19.9,19.66,0.24,1.2208,1003384.37,1993739.774,0.5,0.5,,,,,
601166.SH,20220701,19.92,20.01,19.82,19.9,19.9,0.0,0.0,602202.13,1199895.129,0.5,0.5,,,,,
601166.SH,20220704,19.86,19.94,19.57,19.67,19.9,-0.23,-1.1558,780490.57,1535754.304,0.5,0.5,,,,,
601166.SH,20220705,19.69,19.98,19.6,19.7,19.67,0.03,0.1525,815967.23,1612547.342,0.5,0.5,,,,,
601166.SH,20220706,19.65,19.71,19.28,19.39,19.7,-0.31,-1.5736,733436.82,1423624.679,0.5,0.5,,,,,
601166.SH,20220707,19.35,19.46,19.2,19.22,19.39,-0.17,-0.8767,582847.28,1124998.854,0.5,0.5,,,,,
601166.SH,20220708,19.32,19.35,19.06,19.31,19.22,0.09,0.4683,595228.34,1146119.977,0.5,0.5,,,,,
601166.SH,20220711,19.26,19.48,19.17,19.17,19.31,-0.14,-0.725,629121.78,1213967.806,0.5,0.5,,,,,
601166.SH,20220712,19.22,19.48,19.22,19.28,19.17,0.11,0.5738,702961.55,1360820.559,0.5,0.5,,,,,
601166.SH,20220713,19.16,19.25,18.55,18.6,19.28,-0.68,-3.527,1815044.84,3399747.79,0.5,0.5,,,,,
601166.SH,20220714,18.43,18.43,17.94,18.0,18.6,-0.6,-3.2258,1987092.41,3579739.443,0.5,0.5,,,,,
601166.SH,20220715,18.04,18.13,17.61,17.63,18.0,-0.37,-2.0556,1464229.21,2614497.68,0.5,0.5,,,,,
601166.SH,20220718,17.75,17.95,17.66,17.8,17.63,0.17,0.9643,872069.74,1553204.29,0.5,0.5,,,,,
601166.SH,20220719,17.81,17.88,17.61,17.75,17.8,-0.05,-0.2809,801578.43,1419874.584,0.5,0.5,,,,,
601166.SH,20220720,17.85,17.93,17.67,17.75,17.75,0.0,0.0,633218.47,1125462.43,0.5,0.5,,,,,
601166.SH,20220721,17.7,17.7,17.31,17.36,17.75,-0.39,-2.1972,1158802.53,2026269.355,0.5,0.5,,,,,
601166.SH,20220722,17.41,17.6,17.36,17.53,17.36,0.17,0.9793,621485.77,1087838.708,0.5,0.5,,,,,
601166.SH,20220725,17.53,17.66,17.42,17.6,17.53,0.07,0.3993,421863.41,741561.896,0.5,0.5,,,,,
601166.SH,20220726,17.62,17.91,17.6,17.9,17.6,0.3,1.7045,801883.12,1428005.241,0.5,0.5,,,,,
601166.SH,20220727,18.03,18.05,17.75,17.83,17.9,-0.07,-0.3911,566766.6,1013897.197,0.5,0.5,,,,,
601166.SH,20220728,17.88,18.05,17.87,17.9,17.83,0.07,0.3926,553790.55,994061.21,0.5,0.5,,,,,
601166.SH,20220729,17.95,18.03,17.72,17.77,17.9,-0.13,-0.7263,520738.56,928591.055,0.5,0.5,,,,,
601166.SH,20220801,17.71,17.71,17.53,17.55,17.77,-0.22,-1.238,532803.27,937838.339,0.5,0.5,,,,,
601166.SH,20220802,17.42,17.43,17.15,17.38,17.55,-0.17,-0.9687,779241.92,1345304.041,0.5,0.5,,,,,
601166.SH,20220803,17.3,17.5,17.15,17.17,17.38,-0.21,-1.2083,624408.31,1076996.385,0.5,0.5,,,,,
601166.SH,20220804,17.26,17.49,17.17,17.44,17.17,0.27,1.5725,509061.93,884560.776,0.5,0.5,,,,,
601166.SH,20220805,17.45,17.6,17.32,17.6,17.44,0.16,0.9174,413499.59,722545.45,0.5,0.5,,,,,
601166.SH,20220808,17.58,17.74,17.48,17.52,17.6,-0.08,-0.4545,355450.62,624406.653,0.5,0.5,,,,,
601166.SH,20220809,17.53,17.55,17.43,17.45,17.52,-0.07,-0.3995,253334.82,443129.653,0.5,0.5,,,,,
601166.SH,20220810,17.5,17.52,17.3,17.35,17.45,-0.1,-0.5731,311596.0,541170.725,0.5,0.5,,,,,
601166.SH,20220811,17.5,17.88,17.41,17.85,17.35,0.5,2.8818,698553.45,1236217.719,0.5,0.5,,,,,
601166.SH,20220812,17.77,17.92,17.73,17.87,17.85,0.02,0.112,383194.79,683644.423,0.5,0.5,,,,,
601166.SH,20220815,17.81,17.91,17.5,17.56,17.87,-0.31,-1.7348,631098.63,1113624.945,0.5,0.5,,,,,
601166.SH,20220816,17.52,17.71,17.51,17.57,17.56,0.01,0.0569,366719.79,645669.827,0.5,0.5,,,,,
601166.SH,20220817,17.63,17.95,17.5,17.9,17.57,0.33,1.8782,707082.78,1258091.008,0.5,0.5,,,,,
601166.SH,20220818,17.85,17.87,17.56,17.65,17.9,-0.25,-1.3966,507026.05,895308.182,0.5,0.5,,,,,
601166.SH,20220819,17.58,17.99,17.57,17.8,17.65,0.15,0.8499,684367.02,1223239.875,0.5,0.5,,,,,
601166.SH,20220822,17.7,17.98,17.67,17.76,17.8,-0.04,-0.2247,502418.35,895627.64,0.5,0.5,,,,,
601166.SH,20220823,17.76,17.8,17.53,17.61,17.76,-0.15,-0.8446,426784.78,751739.653,0.5,0.5,,,,,
601166.SH,20220824,17.6,17.85,17.56,17.58,17.61,-0.03,-0.1704,550157.86,973753.201,0.5,0.5,,,,,
601166.SH,20220825,17.63,17.95,17.56,17.9,17.58,0.32,1.8203,670003.86,1188181.904,0.5,0.5,,,,,
601166.SH,20220826,17.88,17.92,17.67,17.88,17.9,-0.02,-0.1117,512143.14,911187.486,0.5,0.5,,,,,
601166.SH,20220829,17.43,17.48,16.88,16.93,17.88,-0.95,-5.3132,2267800.55,3856084.6,0.5,0.5,,,,,
601166.SH,20220830,16.88,16.99,16.7,16.82,16.93,-0.11,-0.6497,938700.22,1576647.363,0.5,0.5,,,,,
601166.SH,20220831,16.73,17.25,16.69,17.11,16.82,0.29,1.7241,1013764.66,1725405.708,0.5,0.5,,,,,
601166.SH,20220901,17.03,17.23,17.0,17.11,17.11,0.0,0.0,554334.45,950670.916,0.5,0.5,,,,,
601166.SH,20220902,17.17,17.25,16.95,17.03,17.11,-0.08,-0.4676,455455.65,778015.072,0.5,0.5,,,,,
601166.SH,20220905,17.03,17.13,16.88,17.08,17.03,0.05,0.2936,529370.82,898960.855,0.5,0.5,,,,,
601166.SH,20220906,17.09,17.25,17.0,17.06,17.08,-0.02,-0.1171,606214.57,1036892.065,0.5,0.5,,,,,
601166.SH,20220907,17.03,17.12,16.93,17.09,17.06,0.03,0.1758,435892.67,742032.672,0.5,0.5,,,,,
601166.SH,20220908,17.1,17.16,17.01,17.01,17.09,-0.08,-0.4681,494942.43,844675.431,0.5,0.5,,,,,
601166.SH,20220909,17.09,17.47,17.03,17.38,17.01,0.37,2.1752,983033.41,1705316.617,0.5,0.5,,,,,
601166.SH,20220913,17.47,17.65,17.31,17.59,17.38,0.21,1.2083,753858.7,1323289.559,0.5,0.5,,,,,
601166.SH,20220914,17.4,17.57,17.38,17.38,17.59,-0.21,-1.1939,477132.12,832781.623,0.5,0.5,,,,,
601166.SH,20220915,17.48,17.72,17.45,17.69,17.38,0.31,1.7837,954106.54,1682255.337,0.5,0.5,,,,,
601166.SH,20220916,17.61,17.67,17.22,17.22,17.69,-0.47,-2.6569,734805.21,1278981.693,0.5,0.5,,,,,
601166.SH,20220919,17.25,17.38,17.2,17.34,17.22,0.12,0.6969,406575.75,703783.886,0.5,0.5,,,,,
601166.SH,20220920,17.37,17.43,17.08,17.08,17.34,-0.26,-1.4994,484674.36,832611.832,0.5,0.5,,,,,
601166.SH,20220921,17.09,17.25,16.99,17.15,17.08,0.07,0.4098,413002.02,707431.489,0.5,0.5,,,,,
601166.SH,20220922,17.04,17.12,17.0,17.05,17.15,-0.1,-0.5831,388091.81,660977.504,0.5,0.5,,,,,
601166.SH,20220923,17.02,17.27,17.02,17.1,17.05,0.05,0.2933,390988.8,670485.154,0.5,0.5,,,,,
601166.SH,20220926,17.03,17.16,16.73,16.75,17.1,-0.35,-2.0468,643545.63,1089173.365,0.5,0.5,,,,,
601166.SH,20220927,16.78,16.89,16.6,16.81,16.75,0.06,0.3582,581404.18,973579.482,0.5,0.5,,,,,
601166.SH,20220928,16.77,16.97,16.61,16.84,16.81,0.03,0.1785,539909.66,908294.274,0.5,0.5,,,,,
601166.SH,20220929,16.93,16.96,16.49,16.54,16.84,-0.3,-1.7815,740478.15,1233329.548,0.5,0.5,,,,,
601166.SH,20220930,16.57,16.77,16.54,16.65,16.54,0.11,0.6651,470496.19,783686.181,0.5,0.5,,,,,
601166.SH,20221010,16.6,16.74,16.46,16.49,16.65,-0.16,-0.961,504861.64,837803.576,0.5,0.5,,,,,
601166.SH,20221011,16.58,16.6,16.31,16.33,16.49,-0.16,-0.9703,423705.92,696264.698,0.5,0.5,,,,,
601166.SH,20221012,16.35,16.5,16.1,16.48,16.33,0.15,0.9186,544681.17,886002.684,0.5,0.5,,,,,
601166.SH,20221013,16.41,16.48,16.16,16.3,16.48,-0.18,-1.0922,556712.22,905075.762,0.5,0.5,,,,,
601166.SH,20221014,16.41,16.64,16.4,16.51,16.3,0.21,1.2883,521781.55,863769.293,0.5,0.5,,,,,
601166.SH,20221017,16.45,16.61,16.42,16.53,16.51,0.02,0.1211,382824.0,632374.239,0.5,0.5,,,,,
601166.SH,20221018,16.63,16.71,16.51,16.56,16.53,0.03,0.1815,477072.77,790642.689,0.5,0.5,,,,,
601166.SH,20221019,16.5,16.59,16.15,16.15,16.56,-0.41,-2.4758,732764.39,1194968.511,0.5,0.5,,,,,
601166.SH,20221020,16.13,16.19,16.03,16.09,16.15,-0.06,-0.3715,600013.98,965483.06,0.5,0.5,,,,,
601166.SH,20221021,16.11,16.21,15.97,15.99,16.09,-0.1,-0.6215,496712.9,797771.429,0.5,0.5,,,,,
601166.SH,20221024,15.99,16.05,15.26,15.3,15.99,-0.69,-4.3152,1157427.76,1799947.778,0.5,0.5,,,,,
601166.SH,20221025,15.43,15.53,15.28,15.36,15.3,0.06,0.3922,723392.25,1113709.655,0.5,0.5,,,,,
601166.SH,20221026,15.36,15.48,15.18,15.23,15.36,-0.13,-0.8464,585753.58,897518.627,0.5,0.5,,,,,
601166.SH,20221027,15.29,15.44,15.24,15.25,15.23,0.02,0.1313,462966.04,708788.423,0.5,0.5,,,,,
601166.SH,20221028,15.22,15.33,15.01,15.06,15.25,-0.19,-1.2459,568470.8,860459.133,0.5,0.5,,,,,
601166.SH,20221031,15.0,15.15,14.91,15.03,15.06,-0.03,-0.1992,576493.86,865894.098,0.5,0.5,,,,,
601166.SH,20221101,15.1,15.44,15.09,15.42,15.03,0.39,2.5948,674258.08,1029060.225,0.5,0.5,,,,,
601166.SH,20221102,15.32,15.4,15.2,15.35,15.42,-0.07,-0.454,598258.7,914850.976,0.5,0.5,,,,,
601166.SH,20221103,15.27,15.3,15.09,15.14,15.35,-0.21,-1.3681,458617.08,695721.24,0.5,0.5,,,,,
601166.SH,20221104,15.1,15.5,15.09,15.43,15.14,0.29,1.9155,748388.92,1151835.521,0.5,0.5,,,,,
601166.SH,20221107,15.35,15.57,15.3,15.47,15.43,0.04,0.2592,513675.57,793695.538,0.5,0.5,,,,,
601166.SH,20221108,15.46,15.51,15.36,15.45,15.47,-0.02,-0.1293,367946.54,567525.615,0.5,0.5,,,,,
601166.SH,20221109,15.45,15.59,15.43,15.49,15.45,0.04,0.2589,388866.19,603370.128,0.5,0.5,,,,,
601166.SH,20221110,15.42,15.6,15.39,15.56,15.49,0.07,0.4519,380416.33,589875.786,0.5,0.5,,,,,
601166.SH,20221111,15.84,16.42,15.7,16.15,15.56,0.59,3.7918,1268087.08,2033447.365,0.5,0.5,,,,,
601166.SH,20221114,16.5,17.01,16.5,16.67,16.15,0.52,3.2198,1951001.27,3282761.689,0.5,0.5,,,,,
601166.SH,20221115,16.6,16.89,16.56,16.7,16.67,0.03,0.18,705122.48,1179052.28,0.5,0.5,,,,,
601166.SH,20221116,16.65,16.67,16.5,16.51,16.7,-0.19,-1.1377,623276.34,1032992.648,0.5,0.5,,,,,
601166.SH,20221117,16.44,16.5,16.23,16.38,16.51,-0.13,-0.7874,494633.07,809358.371,0.5,0.5,,,,,
601166.SH,20221118,16.43,16.45,16.18,16.22,16.38,-0.16,-0.9768,449560.95,731431.585,0.5,0.5,,,,,
601166.SH,20221121,16.14,16.14,15.84,16.11,16.22,-0.11,-0.6782,580953.65,928643.319,0.5,0.5,,,,,
601166.SH,20221122,16.12,16.61,16.11,16.51,16.11,0.4,2.4829,733663.13,1203429.824,0.5,0.5,,,,,
601166.SH,20221123,16.52,16.86,16.47,16.7,16.51,0.19,1.1508,732804.56,1224282.308,0.5,0.5,,,,,
601166.SH,20221124,16.75,16.92,16.57,16.62,16.7,-0.08,-0.479,439345.22,734363.839,0.5,0.5,,,,,
601166.SH,20221125,16.62,17.09,16.6,17.01,16.62,0.39,2.3466,956856.03,1621708.705,0.5,0.5,,,,,
601166.SH,20221128,16.77,16.79,16.5,16.73,17.01,-0.28,-1.6461,750299.46,1248283.908,0.5,0.5,,,,,
601166.SH,20221129,17.01,18.05,17.01,17.81,16.73,1.08,6.4555,2652287.84,4672633.552,0.5,0.5,,,,,
601166.SH,20221130,17.68,18.03,17.6,17.7,17.81,-0.11,-0.6176,1060878.23,1889077.396,0.5,0.5,,,,,
601166.SH,20221201,18.01,18.06,17.48,17.53,17.7,-0.17,-0.9605,757837.77,1342542.64,0.5,0.5,,,,,
601166.SH,20221202,17.49,17.59,17.05,17.41,17.53,-0.12,-0.6845,1029713.74,1778911.671,0.5,0.5,,,,,
601166.SH,20221205,17.61,17.95,17.5,17.91,17.41,0.5,2.8719,1064463.61,1894932.937,0.5,0.5,,,,,
601166.SH,20221206,17.8,17.89,17.64,17.79,17.91,-0.12,-0.67,651301.45,1155846.332,0.5,0.5,,,,,
601166.SH,20221207,17.74,17.82,17.53,17.58,17.79,-0.21,-1.1804,589307.63,1041098.562,0.5,0.5,,,,,
601166.SH,20221208,17.58,17.79,17.51,17.74,17.58,0.16,0.9101,505800.38,893637.41,0.5,0.5,,,,,
601166.SH,20221209,17.79,18.14,17.72,18.0,17.74,0.26,1.4656,1091514.77,1960364.151,0.5,0.5,,,,,
601166.SH,20221212,17.9,17.92,17.47,17.53,18.0,-0.47,-2.6111,641818.26,1134922.252,0.5,0.5,,,,,
601166.SH,20221213,17.52,17.79,17.51,17.7,17.53,0.17,0.9698,523454.18,926413.01,0.5,0.5,,,,,
601166.SH,20221214,17.8,17.82,17.54,17.76,17.7,0.06,0.339,473974.64,838246.053,0.5,0.5,,,,,
601166.SH,20221215,17.65,17.75,17.42,17.56,17.76,-0.2,-1.1261,419548.76,737740.889,0.5,0.5,,,,,
601166.SH,20221216,17.48,17.78,17.45,17.65,17.56,0.09,0.5125,657344.81,1159691.687,0.5,0.5,,,,,
601166.SH,20221219,17.67,17.75,17.22,17.33,17.65,-0.32,-1.813,649573.15,1133395.114,0.5,0.5,,,,,
601166.SH,20221220,17.26,17.42,16.86,16.98,17.33,-0.35,-2.0196,866772.89,1480337.675,0.5,0.5,,,,,
601166.SH,20221221,17.01,17.18,16.94,17.11,16.98,0.13,0.7656,374402.46,640056.953,0.5,0.5,,,,,
601166.SH,20221222,17.26,17.36,17.18,17.26,17.11,0.15,0.8767,315192.35,544590.59,0.5,0.5,,,,,
601166.SH,20221223,17.16,17.37,17.14,17.25,17.26,-0.01,-0.0579,344977.38,595257.432,0.5,0.5,,,,,
601166.SH,20221226,17.25,17.39,17.05,17.16,17.25,-0.09,-0.5217,384009.59,661952.682,0.5,0.5,,,,,
601166.SH,20221227,17.32,17.62,17.3,17.43,17.16,0.27,1.5734,445487.1,779816.387,0.5,0.5,,,,,
601166.SH,20221228,17.54,17.75,17.45,17.61,17.43,0.18,1.0327,412201.73,725928.498,0.5,0.5,,,,,
601166.SH,20221229,17.52,17.64,17.29,17.44,17.61,-0.17,-0.9654,408886.16,711617.403,0.5,0.5,,,,,
601166.SH,20221230,17.5,17.68,17.39,17.59,17.44,0.15,0.8601,503057.59,884613.469,0.5,0.5,,,,,
601166.SH,20230103,17.5,17.85,17.33,17.77,17.59,0.18,1.0233,770285.19,1359924.064,0.5,0.5,,,,,
601166.SH,20230104,17.81,18.27,17.76,18.07,17.77,0.3,1.6882,968299.53,1751473.287,0.5,0.5,,,,,
601166.SH,20230105,18.18,18.23,17.98,18.09,18.07,0.02,0.1107,637233.04,1153854.278,0.5,0.5,,,,,
601166.SH,20230106,18.06,18.16,17.9,18.1,18.09,0.01,0.0553,528331.21,952991.09,0.5,0.5,,,,,
601166.SH,20230109,18.12,18.2,18.0,18.08,18.1,-0.02,-0.1105,401439.66,727009.534,0.5,0.5,,,,,
601166.SH,20230110,18.05,18.18,17.75,17.78,18.08,-0.3,-1.6593,655413.34,1174843.861,0.5,0.5,,,,,
601166.SH,20230111,17.83,18.13,17.79,17.98,17.78,0.2,1.1249,624384.77,1125270.868,0.5,0.5,,,,,
601166.SH,20230112,18.07,18.08,17.88,18.05,17.98,0.07,0.3893,365999.57,657691.463,0.5,0.5,,,,,
601166.SH,20230113,18.07,18.23,18.0,18.23,18.05,0.18,0.9972,547582.58,993531.259,0.5,0.5,,,,,
601166.SH,20230116,18.25,18.47,18.13,18.23,18.23,0.0,0.0,742636.87,1358370.789,0.5,0.5,,,,,
601166.SH,20230117,18.18,18.29,18.07,18.2,18.23,-0.03,-0.1646,524374.04,952057.405,0.5,0.5,,,,,
601166.SH,20230118,18.2,18.25,18.03,18.04,18.2,-0.16,-0.8791,490031.24,887000.983,0.5,0.5,,,,,
601166.SH,20230119,18.0,18.11,17.87,18.07,18.04,0.03,0.1663,586364.94,1053867.124,0.5,0.5,,,,,
601166.SH,20230120,18.08,18.08,17.88,17.96,18.07,-0.11,-0.6087,636901.25,1142205.918,0.5,0.5,,,,,
601166.SH,20230130,18.18,18.2,17.88,17.9,17.96,-0.06,-0.3341,784277.72,1412227.084,0.5,0.5,,,,,
601166.SH,20230131,17.86,17.98,17.55,17.62,17.9,-0.28,-1.5642,1103953.47,1958029.605,0.5,0.5,,,,,
601166.SH,20230201,17.67,17.72,17.36,17.5,17.62,-0.12,-0.681,1071986.14,1872668.702,0.5,0.5,,,,,
601166.SH,20230202,17.52,17.54,17.36,17.41,17.5,-0.09,-0.5143,696311.14,1211859.025,0.5,0.5,,,,,
601166.SH,20230203,17.35,17.37,17.19,17.26,17.41,-0.15,-0.8616,604876.95,1043537.122,0.5,0.5,,,,,
601166.SH,20230206,17.18,17.19,17.04,17.15,17.26,-0.11,-0.6373,629470.89,1076055.66,0.5,0.5,,,,,
601166.SH,20230207,17.13,17.24,17.12,17.17,17.15,0.02,0.1166,458881.99,788330.236,0.5,0.5,,,,,
601166.SH,20230208,17.2,17.22,17.1,17.11,17.17,-0.06,-0.3494,371296.39,636739.273,0.5,0.5,,,,,
601166.SH,20230209,17.09,17.27,17.07,17.19,17.11,0.08,0.4676,493650.15,848427.639,0.5,0.5,,,,,
601166.SH,20230210,17.19,17.22,17.1,17.19,17.19,0.0,0.0,367626.62,630824.899,0.5,0.5,,,,,
601166.SH,20230213,17.13,17.14,16.92,16.95,17.19,-0.24,-1.3962,1011471.62,1718575.366,0.5,0.5,,,,,
601166.SH,20230214,17.0,17.05,16.95,17.05,16.95,0.1,0.59,500659.18,850822.367,0.5,0.5,,,,,
601166.SH,20230215,17.01,17.05,16.94,16.96,17.05,-0.09,-0.5279,420401.79,713585.73,0.5,0.5,,,,,
601166.SH,20230216,16.97,17.18,16.83,16.97,16.96,0.01,0.059,734488.3,1252769.422,0.5,0.5,,,,,
601166.SH,20230217,16.96,17.01,16.69,16.71,16.97,-0.26,-1.5321,788703.24,1329734.77,0.5,0.5,,,,,
601166.SH,20230220,16.76,17.16,16.69,17.14,16.71,0.43,2.5733,928176.55,1574087.199,0.5,0.5,,,,,
601166.SH,20230221,17.1,17.24,17.08,17.21,17.14,0.07,0.4084,564885.58,970061.815,0.5,0.5,,,,,
601166.SH,20230222,17.14,17.19,17.03,17.04,17.21,-0.17,-0.9878,387191.34,662118.566,0.5,0.5,,,,,
601166.SH,20230223,17.07,17.18,17.03,17.05,17.04,0.01,0.0587,348497.71,595431.348,0.5,0.5,,,,,
601166.SH,20230224,17.04,17.05,16.89,16.9,17.05,-0.15,-0.8798,494477.9,837087.756,0.5,0.5,,,,,
601166.SH,20230227,16.85,16.96,16.81,16.82,16.9,-0.08,-0.4734,300376.74,506555.361,0.5,0.5,,,,,
601166.SH,20230228,16.86,16.93,16.75,16.91,16.82,0.09,0.5351,489486.93,823654.335,0.5,0.5,,,,,
601166.SH,20230301,16.92,17.2,16.91,17.16,16.91,0.25,1.4784,837326.2,1433857.105,0.5,0.5,,,,,
601166.SH,20230302,17.15,17.24,17.05,17.18,17.16,0.02,0.1166,451677.96,775254.765,0.5,0.5,,,,,
601166.SH,20230303,17.24,17.34,17.16,17.31,17.18,0.13,0.7567,811180.23,1398926.017,0.5,0.5,,,,,
601166.SH,20230306,17.33,17.39,16.96,16.98,17.31,-0.33,-1.9064,980572.48,1675051.988,0.5,0.5,,,,,
601166.SH,20230307,17.03,17.39,16.92,17.0,16.98,0.02,0.1178,1383538.32,2375703.942,0.5,0.5,,,,,
601166.SH,20230308,16.92,16.94,16.81,16.91,17.0,-0.09,-0.5294,704993.44,1188970.069,0.5,0.5,,,,,
601166.SH,20230309,16.92,17.04,16.83,16.83,16.91,-0.08,-0.4731,542969.46,917201.317,0.5,0.5,,,,,
601166.SH,20230310,16.72,16.81,16.6,16.6,16.83,-0.23,-1.3666,737610.28,1229916.086,0.5,0.5,,,,,
601166.SH,20230313,16.57,16.7,16.51,16.56,16.6,-0.04,-0.241,613362.82,1016627.883,0.5,0.5,,,,,
601166.SH,20230314,16.5,16.63,16.4,16.49,16.56,-0.07,-0.4227,527669.38,869657.502,0.5,0.5,,,,,
601166.SH,20230315,16.62,16.7,16.56,16.58,16.49,0.09,0.5458,453078.85,753062.037,0.5,0.5,,,,,
601166.SH,20230316,16.5,16.87,16.46,16.68,16.58,0.1,0.6031,640706.85,1069534.086,0.5,0.5,,,,,
601166.SH,20230317,16.77,16.95,16.65,16.72,16.68,0.04,0.2398,802207.01,1348082.975,0.5,0.5,,,,,
601166.SH,20230320,16.74,16.88,16.61,16.62,16.72,-0.1,-0.5981,546252.99,914122.997,0.5,0.5,,,,,
601166.SH,20230321,16.68,16.81,16.57,16.62,16.62,0.0,0.0,490330.6,815966.668,0.5,0.5,,,,,
601166.SH,20230322,16.68,16.84,16.65,16.77,16.62,0.15,0.9025,494605.72,828363.332,0.5,0.5,,,,,
601166.SH,20230323,16.66,16.88,16.66,16.87,16.77,0.1,0.5963,609662.1,1023353.678,0.5,0.5,,,,,
601166.SH,20230324,16.85,16.88,16.72,16.78,16.87,-0.09,-0.5335,378206.12,635351.703,0.5,0.5,,,,,
601166.SH,20230327,16.8,16.81,16.6,16.63,16.78,-0.15,-0.8939,490568.54,816713.821,0.5,0.5,,,,,
601166.SH,20230328,16.69,16.82,16.64,16.69,16.63,0.06,0.3608,463767.62,774944.437,0.5,0.5,,,,,
601166.SH,20230329,16.79,16.79,16.59,16.6,16.69,-0.09,-0.5392,434578.32,722994.47,0.5,0.5,,,,,
601166.SH,20230330,16.63,16.84,16.57,16.82,16.6,0.22,1.3253,541010.41,903713.433,0.5,0.5,,,,,
601166.SH,20230331,16.86,17.04,16.84,16.89,16.82,0.07,0.4162,779090.59,1319393.297,0.5,0.5,,,,,
601166.SH,20230403,16.88,16.93,16.82,16.89,16.89,0.0,0.0,488526.54,824151.372,0.5,0.5,,,,,
601166.SH,20230404,16.89,17.02,16.85,17.0,16.89,0.11,0.6513,485718.31,823750.24,0.5,0.5,,,,,
601166.SH,20230406,16.98,17.01,16.9,16.92,17.0,-0.08,-0.4706,373315.76,632411.758,0.5,0.5,,,,,
601166.SH,20230407,16.94,17.04,16.93,16.97,16.92,0.05,0.2955,346670.87,588824.346,0.5,0.5,,,,,
601166.SH,20230410,16.97,17.07,16.96,17.05,16.97,0.08,0.4714,410694.39,699520.205,0.5,0.5,,,,,
601166.SH,20230411,17.09,17.14,16.97,16.99,17.05,-0.06,-0.3519,439627.05,749371.364,0.5,0.5,,,,,
601166.SH,20230412,17.04,17.06,16.96,16.98,16.99,-0.01,-0.0589,438651.84,745461.442,0.5,0.5,,,,,
601166.SH,20230413,16.97,17.14,16.9,17.07,16.98,0.09,0.53,569845.09,969599.586,0.5,0.5,,,,,
601166.SH,20230414,17.09,17.22,17.04,17.11,17.07,0.04,0.2343,558727.68,956967.311,0.5,0.5,,,,,
601166.SH,20230417,17.12,17.32,17.06,17.32,17.11,0.21,1.2274,911041.37,1565941.126,0.5,0.5,,,,,
601166.SH,20230418,17.32,17.61,17.29,17.41,17.32,0.09,0.5196,1088767.13,1898479.854,0.5,0.5,,,,,
601166.SH,20230419,17.44,17.49,17.31,17.37,17.41,-0.04,-0.2298,816500.24,1421240.946,0.5,0.5,,,,,
601166.SH,20230420,17.38,17.48,17.24,17.39,17.37,0.02,0.1151,654086.41,1135254.963,0.5,0.5,,,,,
601166.SH,20230421,17.4,17.46,17.08,17.11,17.39,-0.28,-1.6101,941322.15,1622540.909,0.5,0.5,,,,,
601166.SH,20230424,17.1,17.17,16.91,16.93,17.11,-0.18,-1.052,876281.77,1490311.181,0.5,0.5,,,,,
601166.SH,20230425,16.96,17.29,16.96,17.27,16.93,0.34,2.0083,995234.22,1707072.535,0.5,0.5,,,,,
601166.SH,20230426,17.3,17.38,17.06,17.25,17.27,-0.02,-0.1158,792577.8,1363209.399,0.5,0.5,,,,,
601166.SH,20230427,17.19,17.24,17.0,17.14,17.25,-0.11,-0.6377,824700.9,1410709.848,0.5,0.5,,,,,
601166.SH,20230428,17.12,17.4,17.09,17.22,17.14,0.08,0.4667,848219.19,1463009.669,0.5,0.5,,,,,
601166.SH,20230504,16.48,16.78,16.31,16.76,17.22,-0.46,-2.6713,2686373.02,4451167.465,0.5,0.5,,,,,
601166.SH,20230505,16.8,17.37,16.8,17.13,16.76,0.37,2.2076,1775591.99,3046342.467,0.5,0.5,,,,,
601166.SH,20230508,17.21,17.78,17.17,17.63,17.13,0.5,2.9189,2102218.75,3687354.529,0.5,0.5,,,,,
601166.SH,20230509,17.77,17.94,17.5,17.56,17.63,-0.07,-0.3971,1627642.75,2880983.733,0.5,0.5,,,,,
601166.SH,20230510,17.52,17.6,17.27,17.31,17.56,-0.25,-1.4237,1016292.56,1769991.052,0.5,0.5,,,,,
601166.SH,20230511,17.37,17.47,17.21,17.25,17.31,-0.06,-0.3466,595737.61,1030718.256,0.5,0.5,,,,,
601166.SH,20230512,17.27,17.3,17.0,17.03,17.25,-0.22,-1.2754,765441.45,1308713.033,0.5,0.5,,,,,
601166.SH,20230515,17.02,17.2,16.92,17.15,17.03,0.12,0.7046,894216.97,1523324.156,0.5,0.5,,,,,
601166.SH,20230516,17.2,17.4,17.18,17.24,17.15,0.09,0.5248,821942.22,1420712.984,0.5,0.5,,,,,
601166.SH,20230517,17.2,17.37,17.11,17.14,17.24,-0.1,-0.58,663859.63,1143948.637,0.5,0.5,,,,,
601166.SH,20230518,17.22,17.37,17.13,17.18,17.14,0.04,0.2334,739443.24,1274997.622,0.5,0.5,,,,,
601166.SH,20230519,17.15,17.16,17.02,17.04,17.18,-0.14,-0.8149,537571.76,917858.584,0.5,0.5,,,,,
601166.SH,20230522,17.06,17.17,17.03,17.08,17.04,0.04,0.2347,548530.93,937462.046,0.5,0.5,,,,,
601166.SH,20230523,17.08,17.14,16.95,16.95,17.08,-0.13,-0.7611,681130.73,1160360.397,0.5,0.5,,,,,
601166.SH,20230524,16.95,16.99,16.72,16.72,16.95,-0.23,-1.3569,780902.09,1314186.637,0.5,0.5,,,,,
601166.SH,20230525,16.72,16.73,16.6,16.67,16.72,-0.05,-0.299,538868.98,897366.515,0.5,0.5,,,,,
601166.SH,20230526,16.7,16.79,16.6,16.78,16.67,0.11,0.6599,453403.94,757019.515,0.5,0.5,,,,,
601166.SH,20230529,16.8,16.85,16.66,16.75,16.78,-0.03,-0.1788,518930.03,868418.986,0.5,0.5,,,,,
601166.SH,20230530,16.77,16.79,16.54,16.69,16.75,-0.06,-0.3582,547317.03,910880.063,0.5,0.5,,,,,
601166.SH,20230531,16.65,16.69,16.54,16.56,16.69,-0.13,-0.7789,472474.77,783559.806,0.5,0.5,,,,,
601166.SH,20230601,16.58,16.63,16.5,16.55,16.56,-0.01,-0.0604,500704.86,828258.38,0.5,0.5,,,,,
601166.SH,20230602,16.6,16.71,16.58,16.7,16.55,0.15,0.9063,523992.35,872834.913,0.5,0.5,,,,,
601166.SH,20230605,16.7,16.8,16.65,16.73,16.7,0.03,0.1796,307947.34,514657.331,0.5,0.5,,,,,
601166.SH,20230606,16.73,16.95,16.71,16.74,16.73,0.01,0.0598,538389.88,906165.233,0.5,0.5,,,,,
601166.SH,20230607,16.75,16.9,16.74,16.81,16.74,0.07,0.4182,362621.5,609961.17,0.5,0.5,,,,,
601166.SH,20230608,16.85,17.09,16.78,17.08,16.81,0.27,1.6062,667198.6,1131673.938,0.5,0.5,,,,,
601166.SH,20230609,17.07,17.17,17.02,17.1,17.08,0.02,0.1171,571890.7,978557.036,0.5,0.5,,,,,
601166.SH,20230612,17.09,17.11,16.94,16.94,17.1,-0.16,-0.9357,487361.49,828650.803,0.5,0.5,,,,,
601166.SH,20230613,17.0,17.08,16.95,17.01,16.94,0.07,0.4132,421629.0,717093.223,0.5,0.5,,,,,
601166.SH,20230614,17.07,17.11,16.89,16.9,17.01,-0.11,-0.6467,576609.7,980173.789,0.5,0.5,,,,,
601166.SH,20230615,16.96,17.02,16.85,17.0,16.9,0.1,0.5917,485794.32,823408.275,0.5,0.5,,,,,
601166.SH,20230616,17.03,17.09,16.97,16.99,17.0,-0.01,-0.0588,752911.6,1281164.147,0.5,0.5,,,,,
601166.SH,20230619,15.93,15.98,15.77,15.79,15.8,-0.01,-0.0633,861865.61,1366748.097,0.5,0.5,,,,,
601166.SH,20230620,15.8,15.87,15.78,15.78,15.79,-0.01,-0.0633,369273.85,584005.568,0.5,0.5,,,,,
601166.SH,20230621,15.79,15.92,15.77,15.77,15.78,-0.01,-0.0634,340648.13,539180.612,0.5,0.5,,,,,
601166.SH,20230626,15.76,15.76,15.53,15.61,15.77,-0.16,-1.0146,502971.3,784831.137,0.5,0.5,,,,,
601166.SH,20230627,15.61,15.73,15.61,15.68,15.61,0.07,0.4484,237313.93,371638.051,0.5,0.5,,,,,
601166.SH,20230628,15.68,15.72,15.6,15.69,15.68,0.01,0.0638,252680.18,395621.782,0.5,0.5,,,,,
601166.SH,20230629,15.69,15.69,15.55,15.55,15.69,-0.14,-0.8923,283133.39,441642.934,0.5,0.5,,,,,
601166.SH,20230630,15.56,15.71,15.55,15.65,15.55,0.1,0.6431,255757.56,400485.457,0.5,0.5,,,,,
601166.SH,20230703,15.68,15.86,15.66,15.83,15.65,0.18,1.1502,365352.67,576978.602,0.5,0.5,,,,,
601166.SH,20230704,15.83,15.83,15.64,15.68,15.83,-0.15,-0.9476,338493.11,531834.343,0.5,0.5,,,,,
601166.SH,20230705,15.67,15.69,15.59,15.6,15.68,-0.08,-0.5102,280218.47,437673.986,0.5,0.5,,,,,
601166.SH,20230706,15.58,15.63,15.52,15.56,15.6,-0.04,-0.2564,345276.86,537362.227,0.5,0.5,,,,,
601166.SH,20230707,15.54,15.6,15.51,15.52,15.56,-0.04,-0.2571,218741.06,339823.094,0.5,0.5,,,,,
601166.SH,20230710,15.56,15.59,15.43,15.46,15.52,-0.06,-0.3866,321777.56,498025.975,0.5,0.5,,,,,
601166.SH,20230711,15.5,15.55,15.44,15.48,15.46,0.02,0.1294,272863.66,422308.439,0.5,0.5,,,,,
601166.SH,20230712,15.49,15.59,15.48,15.51,15.48,0.03,0.1938,264125.22,410178.481,0.5,0.5,,,,,
601166.SH,20230713,15.56,15.68,15.53,15.68,15.51,0.17,1.0961,376562.27,588620.151,0.5,0.5,,,,,
601166.SH,20230714,15.65,15.73,15.65,15.68,15.68,0.0,0.0,271397.69,425736.505,0.5,0.5,,,,,
601166.SH,20230717,15.63,15.63,15.55,15.59,15.68,-0.09,-0.574,235977.56,367538.758,0.5,0.5,,,,,
601166.SH,20230718,15.61,15.63,15.54,15.56,15.59,-0.03,-0.1924,243972.33,380030.641,0.5,0.5,,,,,
601166.SH,20230719,15.55,15.75,15.54,15.72,15.56,0.16,1.0283,366827.59,573986.831,0.5,0.5,,,,,
601166.SH,20230720,15.77,15.88,15.74,15.79,15.72,0.07,0.4453,415501.19,657197.164,0.5,0.5,,,,,
601166.SH,20230721,15.75,15.84,15.74,15.78,15.79,-0.01,-0.0633,338446.78,534153.331,0.5,0.5,,,,,
601166.SH,20230724,15.71,15.77,15.65,15.66,15.78,-0.12,-0.7605,244387.65,383483.524,0.5,0.5,,,,,
601166.SH,20230725,15.77,15.95,15.77,15.94,15.66,0.28,1.788,662673.05,1052154.122,0.5,0.5,,,,,
601166.SH,20230726,15.89,15.98,15.87,15.95,15.94,0.01,0.0627,306360.26,487624.367,0.5,0.5,,,,,
601166.SH,20230727,15.98,16.13,15.94,16.0,15.95,0.05,0.3135,477050.65,765329.154,0.5,0.5,,,,,
601166.SH,20230728,15.96,16.54,15.95,16.49,16.0,0.49,3.0625,1107674.23,1812479.658,0.5,0.5,,,,,
601166.SH,20230731,16.56,16.84,16.52,16.66,16.49,0.17,1.0309,1049721.47,1751009.98,0.5,0.5,,,,,
601166.SH,20230801,16.61,16.73,16.57,16.63,16.66,-0.03,-0.1801,517334.1,860695.951,0.5,0.5,,,,,
601166.SH,20230802,16.54,16.57,16.25,16.36,16.63,-0.27,-1.6236,694390.35,1137811.623,0.5,0.5,,,,,
601166.SH,20230803,16.3,16.55,16.27,16.51,16.36,0.15,0.9169,399353.39,655689.239,0.5,0.5,,,,,
601166.SH,20230804,16.61,16.8,16.52,16.56,16.51,0.05,0.3028,597000.98,994437.785,0.5,0.5,,,,,
601166.SH,20230807,16.54,16.59,16.45,16.5,16.56,-0.06,-0.3623,422909.22,697968.247,0.5,0.5,,,,,
601166.SH,20230808,16.45,16.55,16.36,16.45,16.5,-0.05,-0.303,387440.45,636824.328,0.5,0.5,,,,,
601166.SH,20230809,16.41,16.54,16.4,16.5,16.45,0.05,0.304,280299.72,462405.149,0.5,0.5,,,,,
601166.SH,20230810,16.43,16.55,16.34,16.44,16.5,-0.06,-0.3636,361964.96,594480.927,0.5,0.5,,,,,
601166.SH,20230811,16.44,16.54,16.1,16.1,16.44,-0.34,-2.0681,538697.35,875790.395,0.5,0.5,,,,,
601166.SH,20230814,16.02,16.02,15.91,15.96,16.1,-0.14,-0.8696,451192.7,720359.059,0.5,0.5,,,,,
601166.SH,20230815,15.98,16.09,15.91,16.05,15.96,0.09,0.5639,378056.93,604764.054,0.5,0.5,,,,,
601166.SH,20230816,16.0,16.12,15.95,16.08,16.05,0.03,0.1869,276516.98,443856.22,0.5,0.5,,,,,
601166.SH,20230817,16.0,16.06,15.92,16.02,16.08,-0.06,-0.3731,406925.98,650055.651,0.5,0.5,,,,,
601166.SH,20230818,15.99,16.17,15.94,15.94,16.02,-0.08,-0.4994,367627.3,590319.362,0.5,0.5,,,,,
601166.SH,20230821,15.95,15.99,15.7,15.7,15.94,-0.24,-1.5056,525844.99,831530.555,0.5,0.5,,,,,
601166.SH,20230822,15.71,15.97,15.71,15.92,15.7,0.22,1.4013,534633.83,848125.181,0.5,0.5,,,,,
601166.SH,20230823,15.87,16.09,15.87,15.91,15.92,-0.01,-0.0628,503858.76,805560.23,0.5,0.5,,,,,
601166.SH,20230824,15.94,15.98,15.76,15.93,15.91,0.02,0.1257,374664.56,595111.67,0.5,0.5,,,,,
601166.SH,20230825,15.87,16.12,15.86,16.01,15.93,0.08,0.5022,460674.0,736990.741,0.5,0.5,,,,,
601166.SH,20230828,16.56,16.67,16.13,16.2,16.01,0.19,1.1868,1069851.73,1751256.05,0.5,0.5,,,,,
601166.SH,20230829,16.19,16.25,15.95,16.0,16.2,-0.2,-1.2346,783116.53,1256147.931,0.5,0.5,,,,,
601166.SH,20230830,16.0,16.01,15.78,15.79,16.0,-0.21,-1.3125,663166.45,1050903.08,0.5,0.5,,,,,
601166.SH,20230831,15.84,16.05,15.8,15.81,15.79,0.02,0.1267,628646.9,1000128.381,0.5,0.5,,,,,
601166.SH,20230901,15.88,16.11,15.86,15.94,15.81,0.13,0.8223,503236.38,804511.919,0.5,0.5,,,,,
601166.SH,20230904,16.04,16.34,16.0,16.24,15.94,0.3,1.8821,793468.64,1286080.74,0.5,0.5,,,,,
601166.SH,20230905,16.19,16.24,16.13,16.17,16.24,-0.07,-0.431,412219.28,667081.004,0.5,0.5,,,,,
601166.SH,20230906,16.11,16.31,16.1,16.29,16.17,0.12,0.7421,358607.15,582258.137,0.5,0.5,,,,,
601166.SH,20230907,16.26,16.31,16.19,16.2,16.29,-0.09,-0.5525,306923.77,498901.464,0.5,0.5,,,,,
601166.SH,20230908,16.2,16.21,16.08,16.16,16.2,-0.04,-0.2469,240551.67,387898.864,0.5,0.5,,,,,
601166.SH,20230911,16.16,16.25,16.1,16.21,16.16,0.05,0.3094,380739.35,616435.185,0.5,0.5,,,,,
601166.SH,20230912,16.21,16.25,16.15,16.17,16.21,-0.04,-0.2468,240530.01,389786.975,0.5,0.5,,,,,
601166.SH,20230913,16.25,16.31,16.12,16.17,16.17,0.0,0.0,358665.78,581015.185,0.5,0.5,,,,,
601166.SH,20230914,16.23,16.27,16.15,16.26,16.17,0.09,0.5566,410478.66,665897.038,0.5,0.5,,,,,
601166.SH,20230915,16.27,16.3,16.02,16.1,16.26,-0.16,-0.984,635260.58,1025705.202,0.5,0.5,,,,,
601166.SH,20230918,16.08,16.15,16.01,16.14,16.1,0.04,0.2484,308930.69,497399.761,0.5,0.5,,,,,
601166.SH,20230919,16.1,16.22,16.08,16.22,16.14,0.08,0.4957,383487.04,620261.889,0.5,0.5,,,,,
601166.SH,20230920,16.22,16.26,16.12,16.22,16.22,0.0,0.0,332169.87,538660.265,0.5,0.5,,,,,
601166.SH,20230921,16.22,16.24,16.12,16.15,16.22,-0.07,-0.4316,347316.58,561946.183,0.5,0.5,,,,,
601166.SH,20230922,16.18,16.38,16.14,16.37,16.15,0.22,1.3622,673681.92,1097384.873,0.5,0.5,,,,,
601166.SH,20230925,16.34,16.43,16.3,16.37,16.37,0.0,0.0,449738.95,736315.968,0.5,0.5,,,,,
601166.SH,20230926,16.36,16.41,16.32,16.35,16.37,-0.02,-0.1222,263097.69,430315.568,0.5,0.5,,,,,
601166.SH,20230927,16.38,16.38,16.24,16.25,16.35,-0.1,-0.6116,350027.01,570131.385,0.5,0.5,,,,,
601166.SH,20230928,16.31,16.38,16.28,16.29,16.25,0.04,0.2462,343072.1,560435.126,0.5,0.5,,,,,
601166.SH,20231009,16.24,16.29,16.13,16.22,16.29,-0.07,-0.4297,480009.22,777799.241,0.5,0.5,,,,,
601166.SH,20231010,16.3,16.37,16.18,16.18,16.22,-0.04,-0.2466,316020.68,513930.708,0.5,0.5,,,,,
601166.SH,20231011,16.31,16.32,16.15,16.16,16.18,-0.02,-0.1236,337892.28,547590.591,0.5,0.5,,,,,
601166.SH,20231012,16.35,16.38,16.26,16.34,16.16,0.18,1.1139,380282.84,620925.003,0.5,0.5,,,,,
601166.SH,20231013,16.25,16.34,16.2,16.27,16.34,-0.07,-0.4284,329640.6,536409.783,0.5,0.5,,,,,
601166.SH,20231016,16.28,16.3,16.16,16.2,16.27,-0.07,-0.4302,279350.6,452702.75,0.5,0.5,,,,,
601166.SH,20231017,16.23,16.32,16.2,16.22,16.2,0.02,0.1235,278169.7,452010.41,0.5,0.5,,,,,
601166.SH,20231018,16.22,16.28,16.17,16.17,16.22,-0.05,-0.3083,363291.0,588893.652,0.5,0.5,,,,,
601166.SH,20231019,16.15,16.16,15.83,15.85,16.17,-0.32,-1.979,707166.32,1128636.413,0.5,0.5,,,,,
601166.SH,20231020,15.83,15.91,15.72,15.79,15.85,-0.06,-0.3785,494683.19,781926.905,0.5,0.5,,,,,
601166.SH,20231023,15.79,15.85,15.64,15.74,15.79,-0.05,-0.3167,399452.48,629264.987,0.5,0.5,,,,,
601166.SH,20231024,15.79,15.81,15.66,15.67,15.74,-0.07,-0.4447,503917.57,791284.458,0.5,0.5,,,,,
601166.SH,20231025,15.79,15.79,15.51,15.57,15.67,-0.1,-0.6382,697458.39,1088776.354,0.5,0.5,,,,,
601166.SH,20231026,15.57,15.74,15.55,15.71,15.57,0.14,0.8992,394706.95,618796.601,0.5,0.5,,,,,
601166.SH,20231027,15.7,15.84,15.69,15.78,15.71,0.07,0.4456,437302.56,689481.311,0.5,0.5,,,,,
601166.SH,20231030,15.7,15.74,15.55,15.57,15.78,-0.21,-1.3308,552737.12,862357.301,0.5,0.5,,,,,
601166.SH,20231031,15.3,15.3,14.95,15.08,15.57,-0.49,-3.1471,1612214.68,2427542.699,0.5,0.5,,,,,
601166.SH,20231101,15.07,15.14,14.96,15.11,15.08,0.03,0.1989,624403.63,940598.796,0.5,0.5,,,,,
601166.SH,20231102,15.12,15.28,15.11,15.25,15.11,0.14,0.9265,492220.75,749046.666,0.5,0.5,,,,,
601166.SH,20231103,15.26,15.28,15.17,15.2,15.25,-0.05,-0.3279,373637.03,568410.619,0.5,0.5,,,,,
601166.SH,20231106,15.23,15.3,15.17,15.27,15.2,0.07,0.4605,480595.39,732851.919,0.5,0.5,,,,,
601166.SH,20231107,15.27,15.28,15.14,15.19,15.27,-0.08,-0.5239,437351.43,664441.922,0.5,0.5,,,,,
601166.SH,20231108,15.18,15.21,15.08,15.13,15.19,-0.06,-0.395,336587.23,509797.814,0.5,0.5,,,,,
601166.SH,20231109,15.11,15.18,15.09,15.12,15.13,-0.01,-0.0661,355552.42,537702.921,0.5,0.5,,,,,
601166.SH,20231110,15.1,15.12,14.96,14.98,15.12,-0.14,-0.9259,503555.32,754939.455,0.5,0.5,,,,,
601166.SH,20231113,15.0,15.04,14.92,14.96,14.98,-0.02,-0.1335,372199.75,556381.56,0.5,0.5,,,,,
601166.SH,20231114,14.95,15.01,14.62,14.72,14.96,-0.24,-1.6043,1071110.42,1578955.088,0.5,0.5,,,,,
601166.SH,20231115,14.77,14.9,14.72,14.85,14.72,0.13,0.8832,632205.34,937760.663,0.5,0.5,,,,,
601166.SH,20231116,14.85,14.87,14.75,14.77,14.85,-0.08,-0.5387,405115.9,598861.81,0.5,0.5,,,,,
601166.SH,20231117,14.74,14.75,14.61,14.71,14.77,-0.06,-0.4062,534408.72,783632.473,0.5,0.5,,,,,
601166.SH,20231120,14.74,14.87,14.68,14.85,14.71,0.14,0.9517,413407.54,611378.095,0.5,0.5,,,,,
601166.SH,20231121,14.88,14.98,14.87,14.89,14.85,0.04,0.2694,387546.38,578667.84,0.5,0.5,,,,,
601166.SH,20231122,14.86,14.93,14.85,14.85,14.89,-0.04,-0.2686,268604.51,399846.812,0.5,0.5,,,,,
601166.SH,20231123,14.85,14.88,14.75,14.83,14.85,-0.02,-0.1347,306822.56,454258.021,0.5,0.5,,,,,
601166.SH,20231124,14.82,14.87,14.78,14.81,14.83,-0.02,-0.1349,265141.38,392909.929,0.5,0.5,,,,,
601166.SH,20231127,14.77,14.82,14.65,14.75,14.81,-0.06,-0.4051,412581.27,607112.285,0.5,0.5,,,,,
601166.SH,20231128,14.75,14.84,14.74,14.8,14.75,0.05,0.339,290625.17,429358.69,0.5,0.5,,,,,
601166.SH,20231129,14.79,14.81,14.49,14.6,14.8,-0.2,-1.3514,688853.06,1004870.911,0.5,0.5,,,,,
601166.SH,20231130,14.6,14.67,14.55,14.6,14.6,0.0,0.0,405065.58,591403.704,0.5,0.5,,,,,
601166.SH,20231201,14.6,14.67,14.5,14.61,14.6,0.01,0.0685,464221.67,676692.633,0.5,0.5,,,,,
601166.SH,20231204,14.62,14.69,14.51,14.51,14.61,-0.1,-0.6845,327216.52,476146.829,0.5,0.5,,,,,
601166.SH,20231205,14.5,14.51,14.16,14.18,14.51,-0.33,-2.2743,617366.09,884241.174,0.5,0.5,,,,,
601166.SH,20231206,14.16,14.25,14.05,14.17,14.18,-0.01,-0.0705,492071.93,697207.011,0.5,0.5,,,,,
601166.SH,20231207,14.19,14.19,14.01,14.12,14.17,-0.05,-0.3529,430911.32,607424.368,0.5,0.5,,,,,
601166.SH,20231208,14.1,14.21,14.09,14.11,14.12,-0.01,-0.0708,359617.88,508481.336,0.5,0.5,,,,,
601166.SH,20231211,14.12,14.44,13.95,14.39,14.11,0.28,1.9844,562369.78,796733.974,0.5,0.5,,,,,
601166.SH,20231212,14.31,14.6,14.3,14.59,14.39,0.2,1.3899,520377.97,755714.368,0.5,0.5,,,,,
601166.SH,20231213,14.58,14.59,14.31,14.34,14.59,-0.25,-1.7135,460384.49,665999.04,0.5,0.5,,,,,
601166.SH,20231214,14.41,14.48,14.34,14.34,14.34,0.0,0.0,273372.99,393738.943,0.5,0.5,,,,,
601166.SH,20231215,14.39,14.49,14.28,14.31,14.34,-0.03,-0.2092,366365.85,526493.883,0.5,0.5,,,,,
601166.SH,20231218,14.29,14.4,14.16,14.36,14.31,0.05,0.3494,293047.87,420029.051,0.5,0.5,,,,,
601166.SH,20231219,14.33,14.42,14.28,14.4,14.36,0.04,0.2786,263194.16,378101.604,0.5,0.5,,,,,
601166.SH,20231220,14.41,14.5,14.32,14.33,14.4,-0.07,-0.4861,340850.76,490814.807,0.5,0.5,,,,,
601166.SH,20231221,14.3,14.52,14.23,14.48,14.33,0.15,1.0468,435001.6,626636.469,0.5,0.5,,,,,
601166.SH,20231222,14.51,14.65,14.4,14.62,14.48,0.14,0.9669,469370.12,683353.263,0.5,0.5,,,,,
601166.SH,20231225,14.6,14.65,14.56,14.61,14.62,-0.01,-0.0684,248101.5,362600.601,0.5,0.5,,,,,
601166.SH,20231226,14.62,14.64,14.51,14.56,14.61,-0.05,-0.3422,204607.21,297788.973,0.5,0.5,,,,,
601166.SH,20231227,14.56,14.58,14.38,14.52,14.56,-0.04,-0.2747,350068.25,506882.173,0.5,0.5,,,,,
601166.SH,20231228,14.52,14.75,14.48,14.74,14.52,0.22,1.5152,499005.48,732191.492,0.5,0.5,,,,,
601166.SH,20231229,14.73,16.21,14.71,16.21,14.74,1.47,9.9729,503351.87,762993.512,0.5,0.5,,,,,
601166.SH,20240102,14.92,14.94,14.77,14.83,16.21,-1.38,-8.5133,1032287.89,1531209.521,0.5,0.5,,,,,
601166.SH,20240103,14.75,14.76,14.6,14.68,14.83,-0.15,-1.0115,765385.28,1121674.839,0.5,0.5,,,,,
601166.SH,20240104,14.66,14.71,14.51,14.62,14.68,-0.06,-0.4087,631231.05,920725.273,0.5,0.5,,,,,
601166.SH,20240105,14.58,14.98,14.55,14.81,14.62,0.19,1.2996,1033392.37,1529703.912,0.5,0.5,,,,,
601166.SH,20240108,14.73,14.9,14.63,14.7,14.81,-0.11,-0.7427,705452.19,1039081.741,0.5,0.5,,,,,
601166.SH,20240109,14.69,14.71,14.59,14.68,14.7,-0.02,-0.1361,483875.8,709084.182,0.5,0.5,,,,,
601166.SH,20240110,14.66,14.7,14.61,14.61,14.68,-0.07,-0.4768,327007.24,478703.796,0.5,0.5,,,,,
601166.SH,20240111,14.6,14.73,14.52,14.66,14.61,0.05,0.3422,414089.5,606261.166,0.5,0.5,,,,,
601166.SH,20240112,14.61,14.77,14.6,14.69,14.66,0.03,0.2046,345305.47,507242.874,0.5,0.5,,,,,
601166.SH,20240115,14.64,14.81,14.64,14.73,14.69,0.04,0.2723,357986.16,527160.351,0.5,0.5,,,,,
601166.SH,20240116,14.71,14.94,14.7,14.93,14.73,0.2,1.3578,704893.55,1044859.855,0.5,0.5,,,,,
601166.SH,20240117,14.9,15.05,14.81,14.81,14.93,-0.12,-0.8038,871693.31,1303277.271,0.5,0.5,,,,,
601166.SH,20240118,14.78,15.15,14.55,15.09,14.81,0.28,1.8906,1101889.53,1632187.994,0.5,0.5,,,,,
601166.SH,20240119,15.01,15.17,14.94,15.15,15.09,0.06,0.3976,733235.36,1106222.394,0.5,0.5,,,,,
601166.SH,20240122,15.14,15.4,15.02,15.2,15.15,0.05,0.33,1215341.83,1856429.204,0.5,0.5,,,,,
601166.SH,20240123,15.11,15.2,15.0,15.1,15.2,-0.1,-0.6579,612646.96,924752.932,0.5,0.5,,,,,
601166.SH,20240124,15.2,15.33,15.08,15.3,15.1,0.2,1.3245,615408.1,935500.519,0.5,0.5,,,,,
601166.SH,20240125,15.35,15.48,15.3,15.47,15.3,0.17,1.1111,688832.48,1062050.858,0.5,0.5,,,,,
601166.SH,20240126,15.47,15.66,15.44,15.64,15.47,0.17,1.0989,913239.24,1422533.468,0.5,0.5,,,,,
601166.SH,20240129,15.66,15.85,15.6,15.72,15.64,0.08,0.5115,737110.99,1158690.207,0.5,0.5,,,,,
601166.SH,20240130,15.67,15.85,15.61,15.65,15.72,-0.07,-0.4453,697537.37,1097050.489,0.5,0.5,,,,,
601166.SH,20240131,15.62,15.79,15.58,15.73,15.65,0.08,0.5112,694748.01,1091088.491,0.5,0.5,,,,,
601166.SH,20240201,15.68,15.77,15.55,15.71,15.73,-0.02,-0.1271,674158.23,1056715.002,0.5,0.5,,,,,
601166.SH,20240202,15.75,15.79,15.35,15.71,15.71,0.0,0.0,877713.86,1375887.234,0.5,0.5,,,,,
601166.SH,20240205,15.71,15.9,15.58,15.84,15.71,0.13,0.8275,1136109.2,1788532.466,0.5,0.5,,,,,
601166.SH,20240206,15.84,15.92,15.75,15.92,15.84,0.08,0.5051,992720.51,1573462.659,0.5,0.5,,,,,
601166.SH,20240207,15.97,15.98,15.64,15.97,15.92,0.05,0.3141,1314550.89,2082308.605,0.5,0.5,,,,,
601166.SH,20240208,15.91,16.05,15.82,16.05,15.97,0.08,0.5009,889506.45,1418512.812,0.5,0.5,,,,,
601166.SH,20240219,16.09,16.19,16.0,16.18,16.05,0.13,0.81,690320.36,1111668.885,0.5,0.5,,,,,
601166.SH,20240220,16.16,16.24,16.1,16.2,16.18,0.02,0.1236,614769.64,995065.043,0.5,0.5,,,,,
601166.SH,20240221,16.2,16.86,16.13,16.67,16.2,0.47,2.9012,1316809.81,2187425.79,0.5,0.5,,,,,
601166.SH,20240222,16.65,16.88,16.6,16.8,16.67,0.13,0.7798,712384.5,1192386.568,0.5,0.5,,,,,
601166.SH,20240223,16.79,16.99,16.78,16.86,16.8,0.06,0.3571,609501.41,1029934.87,0.5,0.5,,,,,
601166.SH,20240226,16.84,16.84,16.42,16.48,16.86,-0.38,-2.2539,830387.57,1377716.806,0.5,0.5,,,,,
601166.SH,20240227,16.41,16.64,16.39,16.55,16.48,0.07,0.4248,469451.27,775387.286,0.5,0.5,,,,,
601166.SH,20240228,16.55,16.66,16.36,16.53,16.55,-0.02,-0.1208,748481.72,1238250.887,0.5,0.5,,,,,
601166.SH,20240229,16.48,16.7,16.46,16.65,16.53,0.12,0.726,660211.05,1097385.683,0.5,0.5,,,,,
601166.SH,20240301,16.62,16.65,16.52,16.58,16.65,-0.07,-0.4204,486603.08,806409.194,0.5,0.5,,,,,
601166.SH,20240304,16.52,16.55,16.38,16.41,16.58,-0.17,-1.0253,546732.43,898879.531,0.5,0.5,,,,,
601166.SH,20240305,16.36,16.67,16.32,16.61,16.41,0.2,1.2188,706846.3,1169988.932,0.5,0.5,,,,,
601166.SH,20240306,16.61,16.7,16.5,16.5,16.61,-0.11,-0.6623,471367.14,782540.795,0.5,0.5,,,,,
601166.SH,20240307,16.5,16.63,16.46,16.51,16.5,0.01,0.0606,419122.22,692828.864,0.5,0.5,,,,,
601166.SH,20240308,16.49,16.57,16.43,16.48,16.51,-0.03,-0.1817,344518.11,567763.417,0.5,0.5,,,,,
601166.SH,20240311,16.47,16.54,16.39,16.5,16.48,0.02,0.1214,417695.03,687747.909,0.5,0.5,,,,,
601166.SH,20240312,16.48,16.61,16.44,16.49,16.5,-0.01,-0.0606,554794.8,917102.705,0.5,0.5,,,,,
601166.SH,20240313,16.48,16.52,16.25,16.31,16.49,-0.18,-1.0916,532706.85,871129.913,0.5,0.5,,,,,
601166.SH,20240314,16.28,16.38,16.28,16.29,16.31,-0.02,-0.1226,309543.11,505216.549,0.5,0.5,,,,,
601166.SH,20240315,16.33,16.47,16.28,16.39,16.29,0.1,0.6139,460854.82,753946.838,0.5,0.5,,,,,
601166.SH,20240318,16.34,16.44,16.33,16.37,16.39,-0.02,-0.122,303569.93,496928.565,0.5,0.5,,,,,
601166.SH,20240319,16.35,16.37,16.18,16.19,16.37,-0.18,-1.0996,409027.3,665251.988,0.5,0.5,,,,,
601166.SH,20240320,16.18,16.3,16.13,16.28,16.19,0.09,0.5559,294985.42,478904.463,0.5,0.5,,,,,
601166.SH,20240321,16.26,16.43,16.24,16.33,16.28,0.05,0.3071,360475.62,589404.375,0.5,0.5,,,,,
601166.SH,20240322,16.32,16.36,16.15,16.27,16.33,-0.06,-0.3674,404523.48,657209.406,0.5,0.5,,,,,
601166.SH,20240325,16.25,16.38,16.21,16.29,16.27,0.02,0.1229,363072.6,592057.459,0.5,0.5,,,,,
601166.SH,20240326,16.33,16.48,16.33,16.46,16.29,0.17,1.0436,498302.21,817632.036,0.5,0.5,,,,,
601166.SH,20240327,16.48,16.69,16.44,16.59,16.46,0.13,0.7898,559530.1,927670.325,0.5,0.5,,,,,
601166.SH,20240328,16.55,16.57,16.22,16.25,16.59,-0.34,-2.0494,833139.62,1361216.366,0.5,0.5,,,,,
601166.SH,20240329,15.72,15.93,15.54,15.78,16.25,-0.47,-2.8923,1160067.65,1827805.865,0.5,0.5,,,,,
601166.SH,20240401,15.8,16.08,15.77,15.83,15.78,0.05,0.3169,926342.16,1475593.666,0.5,0.5,,,,,
601166.SH,20240402,15.82,15.89,15.52,15.59,15.83,-0.24,-1.5161,1158957.36,1813352.671,0.5,0.5,,,,,
601166.SH,20240403,15.54,15.56,15.35,15.41,15.59,-0.18,-1.1546,840291.26,1297308.59,0.5,0.5,,,,,
601166.SH,20240408,15.38,15.53,15.31,15.48,15.41,0.07,0.4543,672485.77,1039260.091,0.5,0.5,,,,,
601166.SH,20240409,15.48,15.6,15.45,15.46,15.48,-0.02,-0.1292,548995.09,850765.779,0.5,0.5,,,,,
601166.SH,20240410,15.47,15.86,15.47,15.72,15.46,0.26,1.6818,923923.14,1449679.163,0.5,0.5,,,,,
601166.SH,20240411,15.66,15.71,15.52,15.65,15.72,-0.07,-0.4453,486581.25,759961.021,0.5,0.5,,,,,
601166.SH,20240412,15.61,15.74,15.47,15.49,15.65,-0.16,-1.0224,615815.23,960877.56,0.5,0.5,,,,,
601166.SH,20240415,15.5,15.81,15.49,15.77,15.49,0.28,1.8076,710114.18,1116502.928,0.5,0.5,,,,,
601166.SH,20240416,15.71,16.03,15.71,15.93,15.77,0.16,1.0146,924681.84,1468990.593,0.5,0.5,,,,,
601166.SH,20240417,15.91,16.2,15.74,16.18,15.93,0.25,1.5694,909936.03,1454346.98,0.5,0.5,,,,,
601166.SH,20240418,16.13,16.5,16.11,16.3,16.18,0.12,0.7417,892052.99,1456591.819,0.5,0.5,,,,,
601166.SH,20240419,16.25,16.39,16.16,16.18,16.3,-0.12,-0.7362,525722.97,853968.808,0.5,0.5,,,,,
601166.SH,20240422,16.23,16.43,16.07,16.13,16.18,-0.05,-0.309,540809.94,875640.308,0.5,0.5,,,,,
601166.SH,20240423,16.19,16.23,15.98,16.0,16.13,-0.13,-0.806,545711.46,878090.658,0.5,0.5,,,,,
601166.SH,20240424,16.06,16.06,15.88,15.91,16.0,-0.09,-0.5625,424145.3,675628.196,0.5,0.5,,,,,
601166.SH,20240425,15.9,16.17,15.87,16.17,15.91,0.26,1.6342,548004.67,880060.483,0.5,0.5,,,,,
601166.SH,20240426,16.17,16.48,16.17,16.43,16.17,0.26,1.6079,1268495.08,2081038.687,0.5,0.5,,,,,
601166.SH,20240429,16.43,16.85,16.39,16.74,16.43,0.31,1.8868,1101084.49,1840493.578,0.5,0.5,,,,,
601166.SH,20240430,16.74,16.9,16.68,16.85,16.74,0.11,0.6571,770945.29,1297231.161,0.5,0.5,,,,,
601166.SH,20240506,17.0,17.08,16.81,16.82,16.85,-0.03,-0.178,805918.39,1365442.097,0.5,0.5,,,,,
601166.SH,20240507,16.83,16.86,16.61,16.82,16.82,0.0,0.0,606679.72,1015797.233,0.5,0.5,,,,,
601166.SH,20240508,16.77,16.91,16.72,16.78,16.82,-0.04,-0.2378,441443.19,741927.576,0.5,0.5,,,,,
601166.SH,20240509,16.75,16.94,16.75,16.86,16.78,0.08,0.4768,403446.74,680501.977,0.5,0.5,,,,,
601166.SH,20240510,16.87,17.12,16.86,17.07,16.86,0.21,1.2456,727722.63,1238433.388,0.5,0.5,,,,,
601166.SH,20240513,17.05,17.2,16.92,17.16,17.07,0.09,0.5272,502021.94,858081.817,0.5,0.5,,,,,
601166.SH,20240514,17.19,17.24,17.05,17.12,17.16,-0.04,-0.2331,434375.99,744158.672,0.5,0.5,,,,,
601166.SH,20240515,17.12,17.19,16.94,17.01,17.12,-0.11,-0.6425,452710.53,770796.746,0.5,0.5,,,,,
601166.SH,20240516,17.04,17.45,17.02,17.38,17.01,0.37,2.1752,928748.33,1608263.383,0.5,0.5,,,,,
601166.SH,20240517,17.42,17.7,17.38,17.7,17.38,0.32,1.8412,875393.61,1534187.821,0.5,0.5,,,,,
601166.SH,20240520,17.71,18.1,17.67,17.86,17.7,0.16,0.904,975845.98,1751096.246,0.5,0.5,,,,,
601166.SH,20240521,17.82,18.1,17.73,18.03,17.86,0.17,0.9518,685140.25,1232272.992,0.5,0.5,,,,,
601166.SH,20240522,18.03,18.3,17.98,18.18,18.03,0.15,0.8319,774065.25,1408261.082,0.5,0.5,,,,,
601166.SH,20240523,18.14,18.2,17.94,18.11,18.18,-0.07,-0.385,627147.7,1135837.029,0.5,0.5,,,,,
601166.SH,20240524,18.06,18.19,17.87,17.89,18.11,-0.22,-1.2148,626611.01,1128934.015,0.5,0.5,,,,,
601166.SH,20240527,17.95,18.28,17.91,18.23,17.89,0.34,1.9005,778318.83,1413720.872,0.5,0.5,,,,,
601166.SH,20240528,18.24,18.45,18.17,18.32,18.23,0.09,0.4937,633707.43,1158762.077,0.5,0.5,,,,,
601166.SH,20240529,18.3,18.4,18.0,18.07,18.32,-0.25,-1.3646,737608.13,1340396.63,0.5,0.5,,,,,
601166.SH,20240530,18.01,18.25,17.8,17.94,18.07,-0.13,-0.7194,680844.99,1224699.989,0.5,0.5,,,,,
601166.SH,20240531,17.97,18.03,17.87,17.89,17.94,-0.05,-0.2787,673862.37,1208476.636,0.5,0.5,,,,,
601166.SH,20240603,17.89,17.98,17.63,17.8,17.89,-0.09,-0.5031,588959.67,1047157.637,0.5,0.5,,,,,
601166.SH,20240604,17.77,17.96,17.73,17.75,17.8,-0.05,-0.2809,492623.72,877685.395,0.5,0.5,,,,,
601166.SH,20240605,17.78,17.83,17.48,17.55,17.75,-0.2,-1.1268,549222.64,966295.316,0.5,0.5,,,,,
601166.SH,20240606,17.58,17.74,17.52,17.57,17.55,0.02,0.114,435238.16,766405.052,0.5,0.5,,,,,
601166.SH,20240607,17.63,17.73,17.43,17.53,17.57,-0.04,-0.2277,462581.07,812751.902,0.5,0.5,,,,,
601166.SH,20240611,17.47,17.6,17.31,17.41,17.53,-0.12,-0.6845,531946.41,927094.075,0.5,0.5,,,,,
601166.SH,20240612,17.46,17.46,17.21,17.28,17.41,-0.13,-0.7467,452883.72,782383.273,0.5,0.5,,,,,
601166.SH,20240613,17.33,17.38,17.13,17.17,17.28,-0.11,-0.6366,324221.39,558948.158,0.5,0.5,,,,,
601166.SH,20240614,17.18,17.57,17.14,17.46,17.17,0.29,1.689,659517.59,1146278.334,0.5,0.5,,,,,
601166.SH,20240617,17.42,17.52,17.23,17.36,17.46,-0.1,-0.5727,431132.82,748090.527,0.5,0.5,,,,,
601166.SH,20240618,17.37,17.55,17.3,17.39,17.36,0.03,0.1728,358813.24,624725.109,0.5,0.5,,,,,
601166.SH,20240619,17.43,17.71,17.38,17.62,17.39,0.23,1.3226,506490.37,889955.996,0.5,0.5,,,,,
601166.SH,20240620,17.63,17.65,17.28,17.3,17.62,-0.32,-1.8161,366616.04,637518.36,0.5,0.5,,,,,
601166.SH,20240621,17.29,17.42,17.12,17.35,17.3,0.05,0.289,487389.99,841993.988,0.5,0.5,,,,,
601166.SH,20240624,17.34,17.46,17.15,17.42,17.35,0.07,0.4035,470881.96,817232.721,0.5,0.5,,,,,
601166.SH,20240625,17.4,17.47,17.23,17.32,17.42,-0.1,-0.5741,479690.52,833153.284,0.5,0.5,,,,,
601166.SH,20240626,17.3,17.4,17.23,17.33,17.32,0.01,0.0577,353251.7,612133.583,0.5,0.5,,,,,
601166.SH,20240627,17.33,17.5,17.23,17.45,17.33,0.12,0.6924,498549.05,867284.131,0.5,0.5,,,,,
601166.SH,20240628,17.5,17.75,17.41,17.62,17.45,0.17,0.9742,620201.81,1092763.998,0.5,0.5,,,,,
601166.SH,20240701,17.63,17.9,17.63,17.75,17.62,0.13,0.7378,434392.17,771876.604,0.5,0.5,,,,,
601166.SH,20240702,17.7,17.97,17.69,17.92,17.75,0.17,0.9577,497294.89,889668.345,0.5,0.5,,,,,
601166.SH,20240703,17.92,17.99,17.64,17.7,17.92,-0.22,-1.2277,425686.79,755992.046,0.5,0.5,,,,,
601166.SH,20240704,17.7,17.8,17.56,17.62,17.7,-0.08,-0.452,443687.23,783546.25,0.5,0.5,,,,,
601166.SH,20240705,17.68,17.71,17.08,17.19,17.62,-0.43,-2.4404,883675.8,1525780.38,0.5,0.5,,,,,
601166.SH,20240708,17.18,17.36,17.13,17.28,17.19,0.09,0.5236,695381.63,1201323.0,0.5,0.5,,,,,
601166.SH,20240709,16.29,16.48,16.19,16.43,16.24,0.19,1.17,803854.03,1312625.849,0.5,0.5,,,,,
601166.SH,20240710,16.42,16.74,16.39,16.61,16.43,0.18,1.0956,471180.42,782631.035,0.5,0.5,,,,,
601166.SH,20240711,16.68,16.7,16.42,16.48,16.61,-0.13,-0.7827,499203.83,824208.646,0.5,0.5,,,,,
601166.SH,20240712,16.49,16.91,16.48,16.88,16.48,0.4,2.4272,595485.18,1000399.227,0.5,0.5,,,,,
601166.SH,20240715,16.84,17.09,16.83,17.03,16.88,0.15,0.8886,465326.45,791436.968,0.5,0.5,,,,,
601166.SH,20240716,17.06,17.1,16.89,17.0,17.03,-0.03,-0.1762,415863.64,706728.877,0.5,0.5,,,,,
601166.SH,20240717,17.01,17.25,17.0,17.2,17.0,0.2,1.1765,646941.47,1111145.753,0.5,0.5,,,,,
601166.SH,20240718,17.26,17.3,17.02,17.1,17.2,-0.1,-0.5814,547819.02,938632.652,0.5,0.5,,,,,
601166.SH,20240719,17.1,17.23,16.86,17.13,17.1,0.03,0.1754,763524.03,1300673.726,0.5,0.5,,,,,
601166.SH,20240722,17.13,17.13,16.66,16.78,17.13,-0.35,-2.0432,613026.89,1030211.546,0.5,0.5,,,,,
601166.SH,20240723,16.79,17.14,16.79,16.94,16.78,0.16,0.9535,617516.62,1050712.551,0.5,0.5,,,,,
601166.SH,20240724,16.92,16.99,16.74,16.83,16.94,-0.11,-0.6494,464531.8,782387.489,0.5,0.5,,,,,
601166.SH,20240725,16.89,16.89,16.56,16.71,16.83,-0.12,-0.713,522131.72,872658.713,0.5,0.5,,,,,
601166.SH,20240726,16.72,16.78,16.38,16.49,16.71,-0.22,-1.3166,486404.89,803412.417,0.5,0.5,,,,,
601166.SH,20240729,16.53,16.77,16.5,16.72,16.49,0.23,1.3948,401882.68,670230.381,0.5,0.5,,,,,
601166.SH,20240730,16.72,16.83,16.59,16.69,16.72,-0.03,-0.1794,436239.81,728499.233,0.5,0.5,,,,,
601166.SH,20240731,16.68,16.83,16.65,16.75,16.69,0.06,0.3595,447818.38,750483.958,0.5,0.5,,,,,
601166.SH,20240801,16.72,16.83,16.56,16.64,16.75,-0.11,-0.6567,414220.57,691208.548,0.5,0.5,,,,,
601166.SH,20240802,16.6,16.66,16.48,16.52,16.64,-0.12,-0.7212,348125.73,576136.708,0.5,0.5,,,,,
601166.SH,20240805,16.5,16.61,16.37,16.38,16.52,-0.14,-0.8475,488028.16,803772.491,0.5,0.5,,,,,
601166.SH,20240806,16.45,16.53,16.14,16.21,16.38,-0.17,-1.0379,474186.52,770943.872,0.5,0.5,,,,,
601166.SH,20240807,16.21,16.45,16.21,16.32,16.21,0.11,0.6786,358499.37,586381.567,0.5,0.5,,,,,
601166.SH,20240808,16.34,16.47,16.3,16.44,16.32,0.12,0.7353,232817.02,381850.528,0.5,0.5,,,,,
601166.SH,20240809,16.45,16.56,16.34,16.37,16.44,-0.07,-0.4258,285310.07,468732.282,0.5,0.5,,,,,
601166.SH,20240812,16.34,16.4,16.28,16.28,16.37,-0.09,-0.5498,211288.34,344703.361,0.5,0.5,,,,,
601166.SH,20240813,16.29,16.37,16.24,16.32,16.28,0.04,0.2457,227720.35,371531.15,0.5,0.5,,,,,
601166.SH,20240814,16.32,16.45,16.27,16.28,16.32,-0.04,-0.2451,231696.82,378249.117,0.5,0.5,,,,,
601166.SH,20240815,16.28,16.64,16.25,16.59,16.28,0.31,1.9042,483620.59,798057.186,0.5,0.5,,,,,
601166.SH,20240816,16.63,16.78,16.6,16.72,16.59,0.13,0.7836,359424.19,600122.183,0.5,0.5,,,,,
601166.SH,20240819,16.75,16.97,16.72,16.95,16.72,0.23,1.3756,393258.57,663910.695,0.5,0.5,,,,,
601166.SH,20240820,16.98,17.0,16.78,16.84,16.95,-0.11,-0.649,386604.48,651857.332,0.5,0.5,,,,,
601166.SH,20240821,16.8,16.87,16.58,16.77,16.84,-0.07,-0.4157,424235.74,709857.715,0.5,0.5,,,,,
601166.SH,20240822,16.79,16.9,16.73,16.82,16.77,0.05,0.2982,440721.02,741642.613,0.5,0.5,,,,,
601166.SH,20240823,16.91,17.34,16.88,17.32,16.82,0.5,2.9727,1106316.74,1897573.157,0.5,0.5,,,,,
601166.SH,20240826,17.33,17.5,17.31,17.48,17.32,0.16,0.9238,669400.42,1165413.8,0.5,0.5,,,,,
601166.SH,20240827,17.48,17.55,17.29,17.33,17.48,-0.15,-0.8581,396531.42,690609.753,0.5,0.5,,,,,
601166.SH,20240828,17.39,17.4,17.13,17.21,17.33,-0.12,-0.6924,480678.83,828119.882,0.5,0.5,,,,,
601166.SH,20240829,17.25,17.27,16.68,16.69,17.21,-0.52,-3.0215,723389.96,1218072.375,0.5,0.5,,,,,
601166.SH,20240830,16.69,16.87,16.51,16.51,16.69,-0.18,-1.0785,838757.41,1399845.902,0.5,0.5,,,,,
601166.SH,20240902,16.53,16.72,16.42,16.5,16.51,-0.01,-0.0606,536398.85,889182.346,0.5,0.5,,,,,
601166.SH,20240903,16.5,16.57,16.16,16.36,16.5,-0.14,-0.8485,579959.88,944222.039,0.5,0.5,,,,,
601166.SH,20240904,16.33,16.49,16.2,16.24,16.36,-0.12,-0.7335,442651.9,721817.887,0.5,0.5,,,,,
601166.SH,20240905,16.25,16.35,16.17,16.3,16.24,0.06,0.3695,417014.12,677519.268,0.5,0.5,,,,,
601166.SH,20240906,16.31,16.6,16.31,16.39,16.3,0.09,0.5521,404647.31,667442.013,0.5,0.5,,,,,
601166.SH,20240909,16.39,16.53,15.95,15.97,16.39,-0.42,-2.5625,653162.66,1053913.071,0.5,0.5,,,,,
601166.SH,20240910,16.0,16.1,15.83,16.07,15.97,0.1,0.6262,405671.86,647381.624,0.5,0.5,,,,,
601166.SH,20240911,16.03,16.04,15.68,15.8,16.07,-0.27,-1.6801,498040.42,788264.75,0.5,0.5,,,,,
601166.SH,20240912,15.83,16.1,15.7,16.03,15.8,0.23,1.4557,382309.74,610272.857,0.5,0.5,,,,,
601166.SH,20240913,16.08,16.18,15.95,15.97,16.03,-0.06,-0.3743,282447.83,453748.615,0.5,0.5,,,,,
601166.SH,20240918,15.97,16.1,15.88,16.07,15.97,0.1,0.6262,295413.58,472924.034,0.5,0.5,,,,,
601166.SH,20240919,16.1,16.12,15.86,16.05,16.07,-0.02,-0.1245,366113.52,586746.1,0.5,0.5,,,,,
601166.SH,20240920,16.07,16.3,16.06,16.25,16.05,0.2,1.2461,578096.73,935535.705,0.5,0.5,,,,,
601166.SH,20240923,16.22,16.62,16.16,16.56,16.25,0.31,1.9077,427252.18,703072.336,0.5,0.5,,,,,
601166.SH,20240924,16.67,17.18,16.6,17.18,16.56,0.62,3.744,1068359.99,1810059.407,0.5,0.5,,,,,
601166.SH,20240925,17.46,17.87,17.36,17.6,17.18,0.42,2.4447,1274030.31,2241514.4,0.5,0.5,,,,,
601166.SH,20240926,17.6,18.45,17.58,18.45,17.6,0.85,4.8295,1679336.53,3035615.414,0.5,0.5,,,,,
601166.SH,20240927,18.8,18.9,18.03,18.34,18.45,-0.11,-0.5962,858450.71,1580453.458,0.5,0.5,,,,,
601166.SH,20240930,18.9,19.41,18.52,19.27,18.34,0.93,5.0709,2414476.98,4580033.744,0.5,0.5,,,,,
601166.SH,20241008,21.0,21.05,19.38,20.01,19.27,0.74,3.8402,2446356.58,4937408.994,0.5,0.5,,,,,
601166.SH,20241009,19.91,19.94,18.61,18.61,20.01,-1.4,-6.9965,1678424.99,3238293.977,0.5,0.5,,,,,
601166.SH,20241010,18.91,19.78,18.91,19.4,18.61,0.79,4.245,1570003.46,3039399.683,0.5,0.5,,,,,
601166.SH,20241011,19.31,19.7,18.81,19.0,19.4,-0.4,-2.0619,1000904.75,1929354.615,0.5,0.5,,,,,
601166.SH,20241014,19.27,19.96,19.27,19.66,19.0,0.66,3.4737,1435215.17,2824227.676,0.5,0.5,,,,,
601166.SH,20241015,19.63,19.95,19.35,19.35,19.66,-0.31,-1.5768,891550.43,1755933.651,0.5,0.5,,,,,
601166.SH,20241016,19.2,20.05,19.18,19.96,19.35,0.61,3.1525,1330098.19,2637796.17,0.5,0.5,,,,,
601166.SH,20241017,19.96,20.18,19.56,19.57,19.96,-0.39,-1.9539,836726.05,1658860.163,0.5,0.5,,,,,
601166.SH,20241018,19.62,19.79,19.2,19.6,19.57,0.03,0.1533,948696.64,1848841.829,0.5,0.5,,,,,
601166.SH,20241021,19.57,19.57,18.97,19.23,19.6,-0.37,-1.8878,1152118.41,2205819.432,0.5,0.5,,,,,
601166.SH,20241022,19.13,19.4,19.06,19.14,19.23,-0.09,-0.468,573671.54,1100885.151,0.5,0.5,,,,,
601166.SH,20241023,19.13,19.24,19.01,19.16,19.14,0.02,0.1045,531445.32,1018325.827,0.5,0.5,,,,,
601166.SH,20241024,19.1,19.27,19.07,19.17,19.16,0.01,0.0522,372018.07,713420.095,0.5,0.5,,,,,
601166.SH,20241025,19.23,19.28,19.01,19.14,19.17,-0.03,-0.1565,474426.64,907853.416,0.5,0.5,,,,,
601166.SH,20241028,19.07,19.13,18.72,19.02,19.14,-0.12,-0.627,640523.83,1211045.476,0.5,0.5,,,,,
601166.SH,20241029,19.03,19.32,18.91,19.01,19.02,-0.01,-0.0526,603657.43,1151369.819,0.5,0.5,,,,,
601166.SH,20241030,18.91,19.12,18.7,18.77,19.01,-0.24,-1.2625,580632.7,1093679.49,0.5,0.5,,,,,
601166.SH,20241031,18.5,18.62,18.03,18.28,18.77,-0.49,-2.6105,1388507.18,2531356.49,0.5,0.5,,,,,
601166.SH,20241101,18.21,18.55,18.2,18.29,18.28,0.01,0.0547,793594.2,1458761.489,0.5,0.5,,,,,
601166.SH,20241104,18.33,18.38,18.02,18.31,18.29,0.02,0.1093,585214.05,1064209.911,0.5,0.5,,,,,
601166.SH,20241105,18.29,18.44,18.13,18.4,18.31,0.09,0.4915,864413.95,1582687.287,0.5,0.5,,,,,
601166.SH,20241106,18.39,18.48,18.21,18.33,18.4,-0.07,-0.3804,905731.06,1662295.812,0.5,0.5,,,,,
601166.SH,20241107,18.38,18.94,18.34,18.91,18.33,0.58,3.1642,954177.04,1780805.388,0.5,0.5,,,,,
601166.SH,20241108,18.94,19.09,18.63,18.7,18.91,-0.21,-1.1105,860198.06,1617922.761,0.5,0.5,,,,,
601166.SH,20241111,18.5,18.6,18.26,18.38,18.7,-0.32,-1.7112,819390.53,1503980.594,0.5,0.5,,,,,
601166.SH,20241112,18.35,18.63,18.11,18.13,18.38,-0.25,-1.3602,811100.06,1484547.091,0.5,0.5,,,,,
601166.SH,20241113,18.12,18.26,18.08,18.15,18.13,0.02,0.1103,583419.22,1059457.764,0.5,0.5,,,,,
601166.SH,20241114,18.11,18.4,18.06,18.19,18.15,0.04,0.2204,677474.89,1237263.313,0.5,0.5,,,,,
601166.SH,20241115,18.17,18.34,18.05,18.05,18.19,-0.14,-0.7697,713659.43,1297804.346,0.5,0.5,,,,,
601166.SH,20241118,18.2,18.98,18.2,18.51,18.05,0.46,2.5485,1681920.49,3137214.797,0.5,0.5,,,,,
601166.SH,20241119,18.51,18.72,18.21,18.33,18.51,-0.18,-0.9724,984692.68,1813886.974,0.5,0.5,,,,,
601166.SH,20241120,18.35,18.36,18.19,18.22,18.33,-0.11,-0.6001,640151.48,1168660.688,0.5,0.5,,,,,
601166.SH,20241121,18.21,18.28,18.14,18.24,18.22,0.02,0.1098,439913.86,800507.808,0.5,0.5,,,,,
601166.SH,20241122,18.25,18.29,17.8,17.8,18.24,-0.44,-2.4123,848441.35,1528594.115,0.5,0.5,,,,,
601166.SH,20241125,17.91,17.99,17.71,17.76,17.8,-0.04,-0.2247,645260.27,1152007.049,0.5,0.5,,,,,
601166.SH,20241126,17.75,18.05,17.67,17.96,17.76,0.2,1.1261,624652.27,1117604.825,0.5,0.5,,,,,
601166.SH,20241127,17.95,18.12,17.8,18.11,17.96,0.15,0.8352,479128.2,861930.83,0.5,0.5,,,,,
601166.SH,20241128,18.11,18.16,17.9,18.03,18.11,-0.08,-0.4417,476988.37,860265.921,0.5,0.5,,,,,
601166.SH,20241129,18.06,18.23,18.03,18.05,18.03,0.02,0.1109,708221.73,1283874.387,0.5,0.5,,,,,
601166.SH,20241202,18.05,18.23,18.0,18.19,18.05,0.14,0.7756,581067.46,1054504.292,0.5,0.5,,,,,
601166.SH,20241203,18.18,18.45,18.12,18.45,18.19,0.26,1.4294,744987.48,1366282.52,0.5,0.5,,,,,
601166.SH,20241204,18.44,18.52,18.2,18.42,18.45,-0.03,-0.1626,672369.65,1236105.44,0.5,0.5,,,,,
601166.SH,20241205,18.36,18.42,18.23,18.26,18.42,-0.16,-0.8686,437531.91,801362.236,0.5,0.5,,,,,
601166.SH,20241206,18.29,18.63,18.28,18.49,18.26,0.23,1.2596,702704.21,1299008.438,0.5,0.5,,,,,
601166.SH,20241209,18.49,18.64,18.38,18.54,18.49,0.05,0.2704,584094.07,1083046.249,0.5,0.5,,,,,
601166.SH,20241210,18.88,18.97,18.67,18.68,18.54,0.14,0.7551,938825.78,1765951.572,0.5,0.5,,,,,
601166.SH,20241211,18.73,18.81,18.51,18.55,18.68,-0.13,-0.6959,626746.63,1167835.259,0.5,0.5,,,,,
601166.SH,20241212,18.56,18.84,18.52,18.75,18.55,0.2,1.0782,692184.42,1295469.381,0.5,0.5,,,,,
601166.SH,20241213,18.68,18.71,18.15,18.15,18.75,-0.6,-3.2,1131966.6,2077707.803,0.5,0.5,,,,,
601166.SH,20241216,18.18,18.37,18.18,18.22,18.15,0.07,0.3857,544176.41,994405.812,0.5,0.5,,,,,
601166.SH,20241217,18.2,18.43,18.17,18.36,18.22,0.14,0.7684,570434.98,1045432.811,0.5,0.5,,,,,
601166.SH,20241218,18.41,18.68,18.39,18.6,18.36,0.24,1.3072,692378.13,1287280.649,0.5,0.5,,,,,
601166.SH,20241219,18.51,18.68,18.47,18.54,18.6,-0.06,-0.3226,548274.52,1017992.068,0.5,0.5,,,,,
601166.SH,20241220,18.53,18.69,18.46,18.52,18.54,-0.02,-0.1079,653239.91,1212612.448,0.5,0.5,,,,,
601166.SH,20241223,18.52,18.92,18.52,18.82,18.52,0.3,1.6199,971535.55,1826675.952,0.5,0.5,,,,,
601166.SH,20241224,18.83,19.04,18.82,18.98,18.82,0.16,0.8502,827210.94,1567185.949,0.5,0.5,,,,,
601166.SH,20241225,19.01,19.27,18.98,19.19,18.98,0.21,1.1064,745273.77,1428014.497,0.5,0.5,,,,,
601166.SH,20241226,19.16,19.25,19.01,19.22,19.19,0.03,0.1563,577985.97,1107808.095,0.5,0.5,,,,,
601166.SH,20241227,19.23,19.35,19.0,19.35,19.22,0.13,0.6764,708824.53,1362339.588,0.5,0.5,,,,,
601166.SH,20241230,19.36,19.62,19.36,19.55,19.35,0.2,1.0336,724250.39,1413955.42,0.5,0.5,,,,,
601166.SH,20241231,19.49,19.6,19.16,19.16,19.55,-0.39,-1.9949,813366.0,1576099.345,0.5,0.5,,,,,
601166.SH,20250102,19.21,19.35,18.83,18.92,19.16,-0.24,-1.2526,951277.2,1813631.03,0.5,0.5,,,,,
601166.SH,20250103,18.93,19.15,18.8,18.92,18.92,0.0,0.0,736913.2,1396707.839,0.5,0.5,,,,,
601166.SH,20250106,19.01,19.25,18.7,19.21,18.92,0.29,1.5328,844270.52,1607370.452,0.5,0.5,,,,,
601166.SH,20250107,19.15,19.55,19.14,19.43,19.21,0.22,1.1452,694613.83,1345436.696,0.5,0.5,,,,,
601166.SH,20250108,19.43,19.8,19.4,19.64,19.43,0.21,1.0808,844442.66,1657569.915,0.5,0.5,,,,,
601166.SH,20250109,19.68,19.74,19.33,19.61,19.64,-0.03,-0.1527,641164.28,1256237.827,0.5,0.5,,,,,
601166.SH,20250110,19.66,19.78,19.37,19.58,19.61,-0.03,-0.153,650177.44,1276377.685,0.5,0.5,,,,,
601166.SH,20250113,19.44,19.56,19.12,19.29,19.58,-0.29,-1.4811,638704.64,1233913.738,0.5,0.5,,,,,
601166.SH,20250114,19.33,19.68,19.22,19.61,19.29,0.32,1.6589,777592.91,1520370.698,0.5,0.5,,,,,
601166.SH,20250115,19.63,20.08,19.56,19.8,19.61,0.19,0.9689,783713.26,1558636.309,0.5,0.5,,,,,
601166.SH,20250116,20.0,20.05,19.72,19.99,19.8,0.19,0.9596,703283.13,1402327.987,0.5,0.5,,,,,
601166.SH,20250117,19.98,20.09,19.8,19.9,19.99,-0.09,-0.4502,512627.51,1021581.92,0.5,0.5,,,,,
601166.SH,20250120,20.04,20.13,19.84,19.88,19.9,-0.02,-0.1005,561583.21,1123410.009,0.5,0.5,,,,,
601166.SH,20250121,19.95,20.16,19.77,19.96,19.88,0.08,0.4024,573613.53,1148553.367,0.5,0.5,,,,,
601166.SH,20250122,19.99,20.0,19.5,19.51,19.96,-0.45,-2.2545,703029.76,1382211.998,0.5,0.5,,,,,
601166.SH,20250123,19.66,20.19,19.65,20.14,19.51,0.63,3.2291,994136.17,1990190.42,0.5,0.5,,,,,
601166.SH,20250124,20.08,20.32,19.93,20.23,20.14,0.09,0.4469,721447.75,1456724.896,0.5,0.5,,,,,
601166.SH,20250127,20.32,20.5,20.22,20.31,20.23,0.08,0.3955,669850.52,1362916.304,0.5,0.5,,,,,
601166.SH,20250205,20.48,20.48,20.06,20.13,20.31,-0.18,-0.8863,569413.75,1149678.062,0.5,0.5,,,,,
601166.SH,20250206,20.09,20.35,20.02,20.24,20.13,0.11,0.5464,529924.99,1069537.147,0.5,0.5,,,,,
601166.SH,20250207,20.18,20.3,20.07,20.12,20.24,-0.12,-0.5929,620196.9,1249717.763,0.5,0.5,,,,,
601166.SH,20250210,20.12,20.63,20.02,20.35,20.12,0.23,1.1431,771457.48,1573384.87,0.5,0.5,,,,,
601166.SH,20250211,20.36,20.54,20.29,20.35,20.35,0.0,0.0,434901.63,886753.997,0.5,0.5,,,,,
601166.SH,20250212,20.4,20.87,20.29,20.8,20.35,0.45,2.2113,726420.11,1495854.752,0.5,0.5,,,,,
601166.SH,20250213,20.76,20.95,20.7,20.72,20.8,-0.08,-0.3846,457214.86,950467.992,0.5,0.5,,,,,
601166.SH,20250214,20.75,21.18,20.66,21.16,20.72,0.44,2.1236,811007.68,1701541.632,0.5,0.5,,,,,
601166.SH,20250217,21.1,21.15,20.76,20.95,21.16,-0.21,-0.9924,673914.35,1408227.607,0.5,0.5,,,,,
601166.SH,20250218,20.85,21.22,20.82,21.05,20.95,0.1,0.4773,590479.49,1243839.849,0.5,0.5,,,,,
601166.SH,20250219,20.99,21.09,20.91,21.0,21.05,-0.05,-0.2375,432591.33,909263.682,0.5,0.5,,,,,
601166.SH,20250220,21.01,21.03,20.81,20.84,21.0,-0.16,-0.7619,404953.88,845067.828,0.5,0.5,,,,,
601166.SH,20250221,20.92,20.92,20.51,20.67,20.84,-0.17,-0.8157,607645.85,1255601.268,0.5,0.5,,,,,
601166.SH,20250224,20.57,20.71,20.43,20.49,20.67,-0.18,-0.8708,506186.41,1039684.309,0.5,0.5,,,,,
601166.SH,20250225,20.43,20.55,20.33,20.41,20.49,-0.08,-0.3904,485183.14,990369.434,0.5,0.5,,,,,
601166.SH,20250226,20.49,20.8,20.42,20.44,20.41,0.03,0.147,512125.17,1054417.105,0.5,0.5,,,,,
601166.SH,20250227,20.45,20.94,20.35,20.92,20.44,0.48,2.3483,643982.26,1332813.27,0.5,0.5,,,,,
601166.SH,20250228,20.86,21.09,20.75,20.75,20.92,-0.17,-0.8126,639372.06,1335631.048,0.5,0.5,,,,,
601166.SH,20250303,20.91,20.95,20.61,20.75,20.75,0.0,0.0,461078.44,956749.254,0.5,0.5,,,,,
601166.SH,20250304,20.7,20.98,20.7,20.82,20.75,0.07,0.3373,399199.23,833343.194,0.5,0.5,,,,,
601166.SH,20250305,20.83,21.16,20.78,21.1,20.82,0.28,1.3449,632939.24,1333120.795,0.5,0.5,,,,,
601166.SH,20250306,21.11,21.19,20.9,21.13,21.1,0.03,0.1422,560514.59,1181458.701,0.5,0.5,,,,,
601166.SH,20250307,21.17,21.43,21.1,21.36,21.13,0.23,1.0885,642880.17,1370963.871,0.5,0.5,,,,,
601166.SH,20250310,21.3,21.34,20.95,21.0,21.36,-0.36,-1.6854,605541.52,1274813.24,0.5,0.5,,,,,
601166.SH,20250311,20.94,21.3,20.94,21.3,21.0,0.3,1.4286,560076.08,1184923.575,0.5,0.5,,,,,
601166.SH,20250312,21.28,21.47,21.15,21.22,21.3,-0.08,-0.3756,403868.06,860715.138,0.5,0.5,,,,,
601166.SH,20250313,21.25,21.51,21.22,21.35,21.22,0.13,0.6126,592418.95,1268063.873,0.5,0.5,,,,,
601166.SH,20250314,21.4,21.88,21.35,21.76,21.35,0.41,1.9204,990998.02,2150244.48,0.5,0.5,,,,,
601166.SH,20250317,21.85,21.99,21.73,21.9,21.76,0.14,0.6434,543790.18,1190285.414,0.5,0.5,,,,,
601166.SH,20250318,21.88,21.94,21.77,21.83,21.9,-0.07,-0.3196,324110.27,708718.568,0.5,0.5,,,,,
601166.SH,20250319,21.83,22.44,21.82,22.38,21.83,0.55,2.5195,809340.7,1796548.259,0.5,0.5,,,,,
601166.SH,20250320,22.41,22.48,22.11,22.3,22.38,-0.08,-0.3575,618911.51,1380250.074,0.5,0.5,,,,,
601166.SH,20250321,22.2,22.34,21.59,21.63,22.3,-0.67,-3.0045,807332.12,1764288.398,0.5,0.5,,,,,
601166.SH,20250324,21.63,21.9,21.63,21.83,21.63,0.2,0.9246,429973.81,936798.557,0.5,0.5,,,,,
601166.SH,20250325,21.84,21.98,21.72,21.78,21.83,-0.05,-0.229,316395.86,689961.725,0.5,0.5,,,,,
601166.SH,20250326,21.71,21.82,21.41,21.48,21.78,-0.3,-1.3774,604397.34,1301908.274,0.5,0.5,,,,,
601166.SH,20250327,21.49,21.76,21.46,21.5,21.48,0.02,0.0931,383656.02,827879.603,0.5,0.5,,,,,
601166.SH,20250328,21.55,21.65,21.42,21.53,21.5,0.03,0.1395,386115.35,830766.56,0.5,0.5,,,,,
601166.SH,20250331,21.56,21.72,21.35,21.6,21.53,0.07,0.3251,562278.1,1212863.7,0.5,0.5,,,,,
601166.SH,20250401,21.58,21.6,21.15,21.26,21.6,-0.34,-1.5741,613001.03,1305557.996,0.5,0.5,,,,,
601166.SH,20250402,21.2,21.44,21.19,21.25,21.26,-0.01,-0.047,384626.28,819669.634,0.5,0.5,,,,,
601166.SH,20250403,21.04,21.33,20.99,21.18,21.25,-0.07,-0.3294,396030.84,838599.996,0.5,0.5,,,,,
601166.SH,20250407,20.3,20.75,19.67,20.13,21.18,-1.05,-4.9575,1741398.5,3514105.81,0.5,0.5,,,,,
601166.SH,20250408,20.13,20.88,20.03,20.81,20.13,0.68,3.378,1563774.86,3205975.028,0.5,0.5,,,,,
601166.SH,20250409,20.7,20.8,20.28,20.39,20.81,-0.42,-2.0183,941606.1,1932747.018,0.5,0.5,,,,,
601166.SH,20250410,20.52,20.94,20.36,20.76,20.39,0.37,1.8146,683322.03,1417511.525,0.5,0.5,,,,,
601166.SH,20250411,20.73,20.85,20.55,20.75,20.76,-0.01,-0.0482,454120.38,940343.862,0.5,0.5,,,,,
601166.SH,20250414,20.8,21.0,20.75,20.8,20.75,0.05,0.241,461712.05,963247.515,0.5,0.5,,,,,
601166.SH,20250415,20.84,21.16,20.82,21.11,20.8,0.31,1.4904,494183.63,1040744.219,0.5,0.5,,,,,
601166.SH,20250416,21.03,21.27,20.87,21.13,21.11,0.02,0.0947,645819.42,1357277.212,0.5,0.5,,,,,
601166.SH,20250417,21.05,21.15,20.83,21.03,21.13,-0.1,-0.4733,483190.61,1015091.278,0.5,0.5,,,,,
601166.SH,20250418,21.03,21.48,21.02,21.39,21.03,0.36,1.7118,516228.85,1097987.12,0.5,0.5,,,,,
601166.SH,20250421,21.35,21.55,21.08,21.08,21.39,-0.31,-1.4493,472600.58,1004446.071,0.5,0.5,,,,,
601166.SH,20250422,21.08,21.2,21.0,21.03,21.08,-0.05,-0.2372,351033.54,740087.711,0.5,0.5,,,,,
601166.SH,20250423,21.1,21.12,20.86,20.95,21.03,-0.08,-0.3804,360547.91,756092.529,0.5,0.5,,,,,
601166.SH,20250424,20.9,21.18,20.9,21.15,20.95,0.2,0.9547,376957.35,796196.135,0.5,0.5,,,,,
601166.SH,20250425,21.17,21.23,20.91,20.94,21.15,-0.21,-0.9929,368367.55,775126.587,0.5,0.5,,,,,
601166.SH,20250428,21.01,21.18,20.94,21.09,20.94,0.15,0.7163,380770.63,802954.185,0.5,0.5,,,,,
601166.SH,20250429,21.07,21.22,21.0,21.02,21.09,-0.07,-0.3319,334685.03,705114.564,0.5,0.5,,,,,
601166.SH,20250430,20.93,20.94,20.59,20.87,21.02,-0.15,-0.7136,574756.93,1193061.701,0.5,0.5,,,,,
601166.SH,20250506,21.05,21.05,20.73,20.73,20.87,-0.14,-0.6708,470069.46,980278.016,0.5,0.5,,,,,
601166.SH,20250507,20.9,21.08,20.81,21.04,20.73,0.31,1.4954,527321.2,1106233.643,0.5,0.5,,,,,
601166.SH,20250508,21.1,21.68,21.05,21.53,21.04,0.49,2.3289,723859.24,1552810.848,0.5,0.5,,,,,
601166.SH,20250509,21.52,22.14,21.52,22.1,21.53,0.57,2.6475,821624.33,1806257.208,0.5,0.5,,,,,
601166.SH,20250512,22.1,22.59,21.98,22.28,22.1,0.18,0.8145,862343.16,1926441.116,0.5,0.5,,,,,
601166.SH,20250513,22.33,22.57,22.11,22.55,22.28,0.27,1.2118,758636.0,1696702.181,0.5,0.5,,,,,
601166.SH,20250514,22.46,23.03,22.45,22.93,22.55,0.38,1.6851,900990.72,2055203.657,0.5,0.5,,,,,
601166.SH,20250515,22.99,23.14,22.8,22.89,22.93,-0.04,-0.1744,595403.75,1365535.664,0.5,0.5,,,,,
601166.SH,20250516,22.88,22.96,22.58,22.7,22.89,-0.19,-0.8301,481782.56,1093803.969,0.5,0.5,,,,,
601166.SH,20250519,22.85,22.95,22.67,22.72,22.7,0.02,0.0881,454135.18,1034717.789,0.5,0.5,,,,,
601166.SH,20250520,22.79,22.93,22.46,22.52,22.72,-0.2,-0.8803,498767.41,1127551.219,0.5,0.5,,,,,
601166.SH,20250521,22.65,22.87,22.51,22.71,22.52,0.19,0.8437,449311.51,1021858.639,0.5,0.5,,,,,
601166.SH,20250522,22.7,22.94,22.66,22.9,22.71,0.19,0.8366,387713.67,885841.455,0.5,0.5,,,,,
601166.SH,20250523,22.88,22.98,22.73,22.81,22.9,-0.09,-0.393,409252.01,935467.315,0.5,0.5,,,,,
601166.SH,20250526,22.81,22.88,22.57,22.62,22.81,-0.19,-0.833,392893.4,891722.939,0.5,0.5,,,,,
601166.SH,20250527,22.79,22.93,22.68,22.76,22.62,0.14,0.6189,405719.28,925337.814,0.5,0.5,,,,,
601166.SH,20250528,22.79,22.84,22.48,22.54,22.76,-0.22,-0.9666,372490.89,841688.653,0.5,0.5,,,,,
601166.SH,20250529,22.6,22.85,22.47,22.65,22.54,0.11,0.488,480046.76,1088790.409,0.5,0.5,,,,,
601166.SH,20250530,22.71,22.88,22.53,22.64,22.65,-0.01,-0.0442,499689.91,1134277.475,0.5,0.5,,,,,
601166.SH,20250603,23.05,23.95,22.9,23.71,22.64,1.07,4.7261,1527291.32,3596385.127,0.5,0.5,,,,,
601166.SH,20250604,23.75,23.87,23.56,23.62,23.71,-0.09,-0.3796,503112.24,1190002.656,0.5,0.5,,,,,
601166.SH,20250605,23.62,23.74,23.43,23.52,23.62,-0.1,-0.4234,456161.31,1074101.875,0.5,0.5,,,,,
601166.SH,20250606,23.62,23.85,23.5,23.56,23.52,0.04,0.1701,459981.84,1086652.583,0.5,0.5,,,,,
601166.SH,20250609,23.66,23.87,23.59,23.8,23.56,0.24,1.0187,569928.4,1353564.828,0.5,0.5,,,,,
601166.SH,20250610,23.9,24.33,23.72,23.81,23.8,0.01,0.042,784887.57,1884783.396,0.5,0.5,,,,,
601166.SH,20250611,23.88,24.32,23.81,23.98,23.81,0.17,0.714,574616.76,1383522.166,0.5,0.5,,,,,
601166.SH,20250612,24.0,24.11,23.8,23.86,23.98,-0.12,-0.5004,711438.47,1701213.578,0.5,0.5,,,,,
601166.SH,20250613,23.87,23.94,23.45,23.5,23.86,-0.36,-1.5088,1817196.19,4286333.512,0.5,0.5,,,,,
601166.SH,20250616,23.6,24.0,23.53,23.96,23.5,0.46,1.9574,727631.52,1738311.744,0.5,0.5,,,,,
601166.SH,20250617,24.0,24.15,23.79,23.81,23.96,-0.15,-0.626,495532.29,1184646.05,0.5,0.5,,,,,
601166.SH,20250618,23.81,23.98,23.65,23.91,23.81,0.1,0.42,536774.73,1279994.387,0.5,0.5,,,,,
601166.SH,20250619,23.93,23.99,23.74,23.8,23.91,-0.11,-0.4601,524855.76,1251586.439,0.5,0.5,,,,,
601166.SH,20250620,22.95,23.28,22.83,23.16,22.74,0.42,1.847,790045.49,1825598.592,0.5,0.5,,,,,
601166.SH,20250623,23.16,23.77,23.03,23.75,23.16,0.59,2.5475,781181.88,1833164.183,0.5,0.5,,,,,
601166.SH,20250624,23.66,24.16,23.6,23.85,23.75,0.1,0.4211,779732.2,1861459.498,0.5,0.5,,,,,
601166.SH,20250625,23.85,24.13,23.56,24.06,23.85,0.21,0.8805,604484.39,1440150.977,0.5,0.5,,,,,
601166.SH,20250626,24.01,24.26,23.85,24.18,24.06,0.12,0.4988,657603.97,1583708.584,0.5,0.5,,,,,
601166.SH,20250627,24.18,24.22,23.43,23.56,24.18,-0.62,-2.5641,890619.76,2118395.114,0.5,0.5,,,,,
601166.SH,20250630,23.42,23.56,23.2,23.34,23.56,-0.22,-0.9338,533899.89,1245905.412,0.5,0.5,,,,,
601166.SH,20250701,23.53,23.72,23.35,23.55,23.34,0.21,0.8997,486559.1,1147244.956,0.5,0.5,,,,,
601166.SH,20250702,23.65,24.0,23.48,23.9,23.55,0.35,1.4862,598592.29,1425191.396,0.5,0.5,,,,,
601166.SH,20250703,23.9,24.13,23.67,24.07,23.9,0.17,0.7113,494186.83,1183006.993,0.5,0.5,,,,,
601166.SH,20250704,24.07,25.0,23.96,24.83,24.07,0.76,3.1575,1009389.89,2486887.997,0.5,0.5,,,,,
601166.SH,20250707,24.83,25.15,24.74,25.12,24.83,0.29,1.1679,611801.22,1527411.563,0.5,0.5,,,,,
601166.SH,20250708,25.06,25.19,24.86,25.14,25.12,0.02,0.0796,526753.74,1321047.642,0.5,0.5,,,,,
601166.SH,20250709,25.1,25.15,24.82,25.08,25.14,-0.06,-0.2387,546565.36,1367713.035,0.5,0.5,,,,,
601166.SH,20250710,25.01,25.45,24.94,24.94,25.08,-0.14,-0.5582,842925.36,2124297.408,0.5,0.5,,,,,
601166.SH,20250711,25.13,25.18,24.45,24.45,24.94,-0.49,-1.9647,1277581.38,3171468.157,0.5,0.5,,,,,
601166.SH,20250714,24.58,24.88,24.46,24.69,24.45,0.24,0.9816,798195.09,1970682.493,0.5,0.5,,,,,
601166.SH,20250715,24.7,24.77,24.25,24.43,24.69,-0.26,-1.0531,585199.56,1432863.479,0.5,0.5,,,,,
601166.SH,20250716,24.44,24.51,24.02,24.31,24.43,-0.12,-0.4912,585384.95,1417278.634,0.5,0.5,,,,,
601166.SH,20250717,24.3,24.5,24.21,24.29,24.31,-0.02,-0.0823,489326.06,1191239.01,0.5,0.5,,,,,
601166.SH,20250718,24.39,24.65,24.29,24.42,24.29,0.13,0.5352,525199.64,1283650.867,0.5,0.5,,,,,
601166.SH,20250721,24.42,24.47,24.0,24.01,24.42,-0.41,-1.679,724598.85,1749087.308,0.5,0.5,,,,,
601166.SH,20250722,24.02,24.12,23.71,23.85,24.01,-0.16,-0.6664,884208.67,2108725.86,0.5,0.5,,,,,
601166.SH,20250723,23.85,24.1,23.71,23.79,23.85,-0.06,-0.2516,779440.5,1861858.075,0.5,0.5,,,,,
601166.SH,20250724,23.78,23.79,23.24,23.32,23.79,-0.47,-1.9756,993262.64,2325762.624,0.5,0.5,,,,,
601166.SH,20250725,23.18,23.35,23.0,23.17,23.32,-0.15,-0.6432,828381.11,1917823.54,0.5,0.5,,,,,
601166.SH,20250728,23.2,23.3,22.92,22.96,23.17,-0.21,-0.9063,733992.45,1694291.52,0.5,0.5,,,,,
601166.SH,20250729,22.97,23.07,22.67,22.71,22.96,-0.25,-1.0889,756035.56,1726509.242,0.5,0.5,,,,,
601166.SH,20250730,22.72,22.99,22.67,22.77,22.71,0.06,0.2642,738516.84,1684886.428,0.5,0.5,,,,,
601166.SH,20250731,22.8,22.88,22.49,22.64,22.77,-0.13,-0.5709,715312.9,1618126.3,0.5,0.5,,,,,
601166.SH,20250801,22.6,22.77,22.36,22.53,22.64,-0.11,-0.4859,635035.09,1433318.295,0.5,0.5,,,,,
601166.SH,20250804,22.53,23.07,22.5,22.78,22.53,0.25,1.1096,712914.04,1628078.98,0.5,0.5,,,,,
601166.SH,20250805,22.78,23.22,22.71,23.09,22.78,0.31,1.3608,820303.52,1883106.433,0.5,0.5,,,,,
601166.SH,20250806,23.09,23.28,22.92,22.98,23.09,-0.11,-0.4764,553475.15,1275671.131,0.5,0.5,,,,,
601166.SH,20250807,23.0,23.25,22.86,23.07,22.98,0.09,0.3916,567573.91,1310756.095,0.5,0.5,,,,,
601166.SH,20250808,23.18,23.22,23.0,23.06,23.07,-0.01,-0.0433,410842.13,949131.791,0.5,0.5,,,,,
601166.SH,20250811,23.04,23.1,22.82,22.88,23.06,-0.18,-0.7806,572556.58,1314486.634,0.5,0.5,,,,,
601166.SH,20250812,22.89,23.25,22.89,22.99,22.88,0.11,0.4808,598123.87,1382771.889,0.5,0.5,,,,,
601166.SH,20250813,23.08,23.22,22.8,22.8,22.99,-0.19,-0.8264,613422.18,1408452.937,0.5,0.5,,,,,
601166.SH,20250814,22.81,22.96,22.61,22.73,22.8,-0.07,-0.307,629365.83,1433604.879,0.5,0.5,,,,,
601166.SH,20250815,22.7,22.72,22.19,22.32,22.73,-0.41,-1.8038,1009323.05,2258233.413,0.5,0.5,,,,,
601166.SH,20250818,22.31,22.63,22.23,22.62,22.32,0.3,1.3441,790749.42,1775769.43,0.5,0.5,,,,,
601166.SH,20250819,22.62,22.69,22.42,22.55,22.62,-0.07,-0.3095,464353.64,1047941.112,0.5,0.5,,,,,
601166.SH,20250820,22.54,22.73,22.41,22.59,22.55,0.04,0.1774,517479.44,1168068.71,0.5,0.5,,,,,
601166.SH,20250821,22.59,22.67,22.45,22.61,22.59,0.02,0.0885,453809.49,1025073.971,0.5,0.5,,,,,
601166.SH,20250822,22.58,22.83,22.5,22.77,22.61,0.16,0.7077,640809.29,1448655.288,0.5,0.5,,,,,
601166.SH,20250825,22.78,22.97,22.71,22.95,22.77,0.18,0.7905,617576.74,1412332.034,0.5,0.5,,,,,
601166.SH,20250826,22.9,23.04,22.8,22.88,22.95,-0.07,-0.305,526530.65,1206282.546,0.5,0.5,,,,,
601166.SH,20250827,22.85,22.96,22.44,22.5,22.88,-0.38,-1.6608,688557.33,1563309.935,0.5,0.5,,,,,
601166.SH,20250828,22.55,22.88,22.41,22.77,22.5,0.27,1.2,715184.08,1621385.462,0.5,0.5,,,,,
601166.SH,20250829,22.7,22.85,22.36,22.41,22.77,-0.36,-1.581,1103674.67,2489556.639,0.5,0.5,,,,,
601166.SH,20250901,22.5,22.5,21.8,21.81,22.41,-0.6,-2.6774,1019475.14,2247745.505,0.5,0.5,,,,,
601166.SH,20250902,21.8,22.0,21.65,21.99,21.81,0.18,0.8253,974915.25,2127430.409,0.5,0.5,,,,,
601166.SH,20250903,21.99,22.19,21.6,21.72,21.99,-0.27,-1.2278,813434.39,1777442.124,0.5,0.5,,,,,
601166.SH,20250904,21.7,22.04,21.39,21.92,21.72,0.2,0.9208,1032058.79,2242826.169,0.5,0.5,,,,,
601166.SH,20250905,21.86,21.9,21.66,21.75,21.92,-0.17,-0.7755,512886.66,1115373.251,0.5,0.5,,,,,
601166.SH,20250908,21.66,21.8,21.4,21.46,21.75,-0.29,-1.3333,681393.34,1468718.931,0.5,0.5,,,,,
601166.SH,20250909,21.47,21.57,21.41,21.52,21.46,0.06,0.2796,451936.83,970474.73,0.5,0.5,,,,,
601166.SH,20250910,21.53,21.64,21.43,21.5,21.52,-0.02,-0.0929,394779.57,850545.558,0.5,0.5,,,,,
601166.SH,20250911,21.51,21.88,21.42,21.84,21.5,0.34,1.5814,693893.66,1500929.724,0.5,0.5,,,,,
601166.SH,20250912,21.86,22.0,21.4,21.42,21.84,-0.42,-1.9231,871443.05,1882460.576,0.5,0.5,,,,,
601166.SH,20250915,21.4,21.43,20.99,21.07,21.42,-0.35,-1.634,817576.18,1732525.311,0.5,0.5,,,,,
601166.SH,20250916,21.08,21.29,20.67,20.7,21.07,-0.37,-1.7561,1098591.49,2294390.879,0.5,0.5,,,,,
601166.SH,20250917,20.71,20.99,20.51,20.59,20.7,-0.11,-0.5314,1216993.19,2519638.397,0.5,0.5,,,,,
601166.SH,20250918,20.63,20.74,20.18,20.25,20.59,-0.34,-1.6513,1326464.86,2706633.183,0.5,0.5,,,,,
601166.SH,20250919,20.28,20.46,20.11,20.29,20.25,0.04,0.1975,902439.97,1831841.493,0.5,0.5,,,,,
601166.SH,20250922,20.35,20.44,20.1,20.13,20.29,-0.16,-0.7886,522176.2,1056135.326,0.5,0.5,,,,,
601166.SH,20250923,20.13,20.53,19.94,20.41,20.13,0.28,1.391,1186146.52,2413456.042,0.5,0.5,,,,,
601166.SH,20250924,20.39,20.63,20.17,20.24,20.41,-0.17,-0.8329,851938.73,1733311.216,0.5,0.5,,,,,
601166.SH,20250925,20.23,20.36,20.02,20.21,20.24,-0.03,-0.1482,735591.68,1487668.221,0.5,0.5,,,,,
601166.SH,20250926,20.25,20.42,20.01,20.32,20.21,0.11,0.5443,751354.16,1522919.747,0.5,0.5,,,,,
601166.SH,20250929,20.26,20.5,20.05,20.05,20.32,-0.27,-1.3287,1288719.76,2607343.269,0.5,0.5,,,,,
601166.SH,20250930,20.09,20.13,19.79,19.85,20.05,-0.2,-0.9975,1422284.61,2832139.64,0.5,0.5,,,,,
601166.SH,20251009,19.89,19.92,19.65,19.67,19.85,-0.18,-0.9068,1422040.77,2805438.366,0.5,0.5,,,,,
601166.SH,20251010,19.66,19.94,19.64,19.69,19.67,0.02,0.1017,1224887.16,2418379.471,0.5,0.5,,,,,
601166.SH,20251013,19.56,19.86,19.35,19.7,19.69,0.01,0.0508,1186447.88,2329693.939,0.5,0.5,,,,,
601166.SH,20251014,19.65,20.23,19.61,20.23,19.7,0.53,2.6904,1674255.52,3354050.749,0.5,0.5,,,,,
601166.SH,20251015,20.2,20.41,20.1,20.31,20.23,0.08,0.3955,1218771.33,2467841.307,0.5,0.5,,,,,
601166.SH,20251016,20.3,20.53,20.12,20.45,20.31,0.14,0.6893,1040839.27,2118894.0,0.5,0.5,,,,,
601166.SH,20251017,20.43,20.62,20.15,20.19,20.45,-0.26,-1.2714,1026704.97,2092372.211,0.5,0.5,,,,,
601166.SH,20251020,20.22,20.35,19.96,20.26,20.19,0.07,0.3467,733316.79,1478700.781,0.5,0.5,,,,,
601166.SH,20251021,20.26,20.36,20.13,20.16,20.26,-0.1,-0.4936,713193.21,1443091.379,0.5,0.5,,,,,
601166.SH,20251022,20.16,20.59,20.13,20.4,20.16,0.24,1.1905,1052977.51,2142510.746,0.5,0.5,,,,,
601166.SH,20251023,20.43,20.88,20.43,20.76,20.4,0.36,1.7647,1288925.21,2669162.662,0.5,0.5,,,,,
601166.SH,20251024,20.72,20.86,20.58,20.6,20.76,-0.16,-0.7707,871084.4,1802052.791,0.5,0.5,,,,,
601166.SH,20251027,20.56,20.64,20.36,20.43,20.6,-0.17,-0.8252,868098.11,1779382.266,0.5,0.5,,,,,
601166.SH,20251028,20.5,20.54,20.25,20.42,20.43,-0.01,-0.0489,678050.58,1381509.043,0.5,0.5,,,,,
601166.SH,20251029,20.35,20.35,19.98,20.01,20.42,-0.41,-2.0078,931097.31,1870240.598,0.5,0.5,,,,,
601166.SH,20251030,20.01,20.18,19.92,20.03,20.01,0.02,0.1,853521.72,1710598.137,0.5,0.5,,,,,
601166.SH,20251031,20.1,20.28,20.09,20.23,20.03,0.2,0.9985,887861.88,1793197.839,0.5,0.5,,,,,
601166.SH,20251103,20.29,20.65,20.26,20.56,20.23,0.33,1.6312,990849.24,2032997.911,0.5,0.5,,,,,
601166.SH,20251104,20.61,21.36,20.57,21.14,20.56,0.58,2.821,1684893.05,3553167.554,0.5,0.5,,,,,
601166.SH,20251105,21.26,21.45,21.11,21.22,21.14,0.08,0.3784,1094259.62,2330966.266,0.5,0.5,,,,,
601166.SH,20251106,21.15,21.37,21.02,21.16,21.22,-0.06,-0.2828,873787.48,1853238.579,0.5,0.5,,,,,
601166.SH,20251107,21.28,21.47,21.12,21.17,21.16,0.01,0.0473,758866.16,1612872.6,0.5,0.5,,,,,
601166.SH,20251110,21.17,21.32,21.05,21.18,21.17,0.01,0.0472,620422.19,1314425.267,0.5,0.5,,,,,
601166.SH,20251111,21.16,21.37,21.09,21.27,21.18,0.09,0.4249,634824.83,1348581.788,0.5,0.5,,,,,
601166.SH,20251112,21.35,21.55,21.28,21.3,21.27,0.03,0.141,933772.15,1997830.533,0.5,0.5,,,,,
601166.SH,20251113,21.32,21.42,21.13,21.28,21.3,-0.02,-0.0939,673044.9,1428762.789,0.5,0.5,,,,,
601166.SH,20251114,21.29,21.9,21.28,21.6,21.28,0.32,1.5038,1195918.27,2588790.612,0.5,0.5,,,,,
601166.SH,20251117,21.56,21.67,21.28,21.42,21.6,-0.18,-0.8333,901597.39,1928831.974,0.5,0.5,,,,,
601166.SH,20251118,21.41,21.49,21.23,21.3,21.42,-0.12,-0.5602,543063.22,1158813.022,0.5,0.5,,,,,
601166.SH,20251119,21.34,21.6,21.29,21.43,21.3,0.13,0.6103,614975.27,1318701.348,0.5,0.5,,,,,
601166.SH,20251120,21.39,21.86,21.36,21.52,21.43,0.09,0.42,811553.81,1755148.196,0.5,0.5,,,,,
601166.SH,20251121,21.65,21.65,21.21,21.36,21.52,-0.16,-0.7435,1022189.33,2187792.528,0.5,0.5,,,,,
601166.SH,20251124,21.4,21.44,21.01,21.01,21.36,-0.35,-1.6386,902302.4,1911010.241,0.5,0.5,,,,,
601166.SH,20251125,21.05,21.42,20.87,21.4,21.01,0.39,1.8563,705706.86,1496052.471,0.5,0.5,,,,,
601166.SH,20251126,21.44,21.62,21.24,21.3,21.4,-0.1,-0.4673,522058.02,1115834.134,0.5,0.5,,,,,
601166.SH,20251127,21.24,21.44,21.11,21.39,21.3,0.09,0.4225,558515.32,1189138.08,0.5,0.5,,,,,
601166.SH,20251128,21.34,21.36,21.1,21.11,21.39,-0.28,-1.309,567063.0,1202270.109,0.5,0.5,,,,,
601166.SH,20251201,20.93,21.23,20.9,21.16,21.11,0.05,0.2369,773596.74,1631303.704,0.5,0.5,,,,,
601166.SH,20251202,21.22,21.26,20.96,21.15,21.16,-0.01,-0.0473,531469.79,1121724.094,0.5,0.5,,,,,
601166.SH,20251203,21.1,21.29,20.93,20.94,21.15,-0.21,-0.9929,591744.9,1248351.588,0.5,0.5,,,,,
601166.SH,20251204,20.94,21.03,20.82,20.87,20.94,-0.07,-0.3343,452229.27,944873.768,0.5,0.5,,,,,
601166.SH,20251205,20.83,20.89,20.58,20.8,20.87,-0.07,-0.3354,671356.07,1391780.995,0.5,0.5,,,,,
601166.SH,20251208,20.8,21.04,20.76,20.88,20.8,0.08,0.3846,741995.58,1551897.043,0.5,0.5,,,,,
601166.SH,20251209,20.92,20.95,20.65,20.72,20.88,-0.16,-0.7663,614575.97,1275049.172,0.5,0.5,,,,,
601166.SH,20251210,20.68,20.71,20.26,20.35,20.72,-0.37,-1.7857,716148.6,1461613.882,0.5,0.5,,,,,
601166.SH,20251211,20.37,20.42,20.24,20.42,20.35,0.07,0.344,630223.68,1281591.161,0.5,0.5,,,,,
601166.SH,20251212,20.4,20.65,20.32,20.65,20.42,0.23,1.1263,958856.28,1967883.795,0.5,0.5,,,,,
601166.SH,20251215,20.6,20.86,20.58,20.69,20.65,0.04,0.1937,506771.88,1051157.428,0.5,0.5,,,,,
601166.SH,20251216,20.73,20.74,20.33,20.42,20.69,-0.27,-1.305,475216.92,972631.746,0.5,0.5,,,,,
601166.SH,20251217,20.41,20.62,20.23,20.48,20.42,0.06,0.2938,695326.03,1419135.975,0.5,0.5,,,,,
601166.SH,20251218,20.43,20.95,20.36,20.94,20.48,0.46,2.2461,670014.53,1388716.471,0.5,0.5,,,,,
601166.SH,20251219,20.9,21.18,20.81,21.09,20.94,0.15,0.7163,717066.44,1508595.195,0.5,0.5,,,,,
601166.SH,20251222,21.1,21.23,20.96,20.99,21.09,-0.1,-0.4742,626549.4,1318552.861,0.5,0.5,,,,,
601166.SH,20251223,21.06,21.1,20.91,21.06,20.99,0.07,0.3335,447450.43,940645.542,0.5,0.5,,,,,
601166.SH,20251224,21.06,21.11,20.88,21.03,21.06,-0.03,-0.1425,499214.23,1048641.826,0.5,0.5,,,,,
601166.SH,20251225,21.03,21.24,21.02,21.04,21.03,0.01,0.0476,545939.53,1154305.574,0.5,0.5,,,,,
601166.SH,20251226,21.03,21.18,21.0,21.14,21.04,0.1,0.4753,502879.33,1061270.981,0.5,0.5,,,,,
601166.SH,20251229,21.16,21.46,21.08,21.42,21.14,0.28,1.3245,751746.28,1602749.146,0.5,0.5,,,,,
601166.SH,20251230,21.35,21.42,21.07,21.09,21.42,-0.33,-1.5406,675343.98,1429650.769,0.5,0.5,,,,,
601166.SH,20251231,21.13,21.18,21.03,21.06,21.09,-0.03,-0.1422,516303.36,1089090.774,0.5,0.5,,,,,
601166.SH,20260105,21.09,21.17,20.94,21.05,21.06,-0.01,-0.0475,681921.02,1433154.162,0.5,0.5,,,,,
601166.SH,20260106,21.05,21.48,20.92,21.46,21.05,0.41,1.9477,980486.0,2081354.537,0.5,0.5,,,,,
601166.SH,20260107,21.47,21.58,21.16,21.24,21.46,-0.22,-1.0252,721682.53,1536327.487,0.5,0.5,,,,,
601166.SH,20260108,21.2,21.23,20.86,20.92,21.24,-0.32,-1.5066,683149.13,1431407.032,0.5,0.5,,,,,
601166.SH,20260109,20.98,21.06,20.79,20.84,20.92,-0.08,-0.3824,593630.78,1239044.443,0.5,0.5,,,,,
601166.SH,20260112,20.81,21.01,20.68,20.92,20.84,0.08,0.3839,806680.18,1683033.481,0.5,0.5,,,,,
601166.SH,20260113,20.94,21.17,20.86,21.01,20.92,0.09,0.4302,671490.08,1413448.396,0.5,0.5,,,,,
601166.SH,20260114,20.97,21.18,20.51,20.51,21.01,-0.5,-2.3798,1296933.81,2705360.734,0.5,0.5,,,,,
601166.SH,20260115,20.51,20.69,20.27,20.32,20.51,-0.19,-0.9264,1011762.46,2071464.781,0.5,0.5,,,,,
601166.SH,20260116,20.41,20.45,19.97,20.08,20.32,-0.24,-1.1811,1662410.62,3352989.527,0.5,0.5,,,,,
601166.SH,20260119,20.06,20.2,19.97,20.08,20.08,0.0,0.0,882620.09,1771558.388,0.5,0.5,,,,,
601166.SH,20260120,20.08,20.17,19.92,20.09,20.08,0.01,0.0498,920846.79,1847923.24,0.5,0.5,,,,,
601166.SH,20260121,20.13,20.27,19.58,19.61,20.09,-0.48,-2.3892,1484015.65,2945354.261,0.5,0.5,,,,,
601166.SH,20260122,19.67,19.84,19.32,19.35,19.61,-0.26,-1.3259,1459433.97,2842796.271,0.5,0.5,,,,,
601166.SH,20260123,19.37,19.56,19.01,19.12,19.35,-0.23,-1.1886,1709547.42,3289784.766,0.5,0.5,,,,,
601166.SH,20260126,19.11,19.17,18.87,18.88,19.12,-0.24,-1.2552,2124266.87,4032081.238,0.5,0.5,,,,,
601166.SH,20260127,18.9,19.1,18.77,18.82,18.88,-0.06,-0.3178,1378785.84,2610346.338,0.5,0.5,,,,,
601166.SH,20260128,18.81,18.89,18.51,18.55,18.82,-0.27,-1.4346,2045227.26,3817641.687,0.5,0.5,,,,,
601166.SH,20260129,18.57,18.99,18.35,18.89,18.55,0.34,1.8329,2392840.74,4455195.879,0.5,0.5,,,,,
601166.SH,20260130,18.9,19.18,18.7,18.7,18.89,-0.19,-1.0058,1497069.06,2832333.599,0.5,0.5,,,,,
601166.SH,20260202,18.72,19.2,18.72,18.87,18.7,0.17,0.9091,1591233.57,3025190.516,0.5,0.5,,,,,
601166.SH,20260203,18.93,18.99,18.76,18.89,18.87,0.02,0.106,1010472.22,1905561.56,0.5,0.5,,,,,
601166.SH,20260204,18.87,19.22,18.83,19.18,18.89,0.29,1.5352,1151367.38,2198841.159,0.5,0.5,,,,,
601166.SH,20260205,19.2,19.49,19.2,19.38,19.18,0.2,1.0428,1198482.29,2318435.836,0.5,0.5,,,,,
601166.SH,20260206,18.82,18.96,18.72,18.85,18.82,0.03,0.1594,1048455.37,1974567.154,0.5,0.5,,,,,
601166.SH,20260209,18.85,18.97,18.76,18.88,18.85,0.03,0.1592,644395.29,1215569.554,0.5,0.5,,,,,
601166.SH,20260210,18.88,18.96,18.8,18.82,18.88,-0.06,-0.3178,518706.05,978050.86,0.5,0.5,,,,,
601166.SH,20260211,18.89,18.89,18.75,18.86,18.82,0.04,0.2125,520589.03,980527.831,0.5,0.5,,,,,
601166.SH,20260212,18.86,18.86,18.56,18.59,18.86,-0.27,-1.4316,777622.41,1450221.249,0.5,0.5,,,,,
601166.SH,20260213,18.6,18.66,18.45,18.49,18.59,-0.1,-0.5379,662593.88,1228885.342,0.5,0.5,,,,,
601166.SH,20260224,18.55,18.59,18.35,18.35,18.49,-0.14,-0.7572,815624.85,1503552.137,0.5,0.5,,,,,
601166.SH,20260225,18.37,18.49,18.27,18.3,18.35,-0.05,-0.2725,860861.67,1581398.387,0.5,0.5,,,,,
601166.SH,20260226,18.35,18.41,18.21,18.25,18.3,-0.05,-0.2732,568238.07,1038749.152,0.5,0.5,,,,,
601166.SH,20260227,18.24,18.45,18.24,18.31,18.25,0.06,0.3288,870035.21,1596476.71,0.5,0.5,,,,,
601166.SH,20260302,18.26,18.42,18.21,18.31,18.31,0.0,0.0,852835.43,1562216.135,0.5,0.5,,,,,
601166.SH,20260303,18.32,18.6,18.25,18.44,18.31,0.13,0.71,1203070.8,2219475.157,0.5,0.5,,,,,
601166.SH,20260304,18.38,18.42,18.02,18.14,18.44,-0.3,-1.6269,1175244.38,2137689.519,0.5,0.5,,,,,
601166.SH,20260305,18.16,18.48,18.15,18.47,18.14,0.33,1.8192,883036.88,1620828.335,0.5,0.5,,,,,
601166.SH,20260306,18.4,18.57,18.38,18.52,18.47,0.05,0.2707,588803.2,1090246.42,0.5,0.5,,,,,
601166.SH,20260309,18.4,18.53,18.29,18.3,18.52,-0.22,-1.1879,939328.11,1726858.928,0.5,0.5,,,,,
601166.SH,20260310,18.32,18.52,18.3,18.47,18.3,0.17,0.929,615726.91,1133935.349,0.5,0.5,,,,,
601166.SH,20260311,18.49,18.71,18.4,18.71,18.47,0.24,1.2994,742558.28,1380734.146,0.5,0.5,,,,,
601166.SH,20260312,18.68,18.83,18.66,18.81,18.71,0.1,0.5345,701945.62,1316943.935,0.5,0.5,,,,,
601166.SH,20260313,18.8,18.99,18.73,18.83,18.81,0.02,0.1063,668446.36,1260095.011,0.5,0.5,,,,,
601166.SH,20260316,18.88,18.97,18.78,18.83,18.83,0.0,0.0,715958.99,1350807.352,0.5,0.5,,,,,
601166.SH,20260317,18.84,19.07,18.8,19.01,18.83,0.18,0.9559,820461.47,1558210.536,0.5,0.5,,,,,
601166.SH,20260318,19.0,19.05,18.84,18.95,19.01,-0.06,-0.3156,635232.02,1203070.388,0.5,0.5,,,,,
601166.SH,20260319,18.89,19.0,18.81,18.83,18.95,-0.12,-0.6332,659738.66,1247222.56,0.5,0.5,,,,,
601166.SH,20260320,18.85,18.96,18.76,18.79,18.83,-0.04,-0.2124,664282.56,1252054.816,0.5,0.5,,,,,
601166.SH,20260323,18.65,18.66,18.14,18.24,18.79,-0.55,-2.9271,1092369.7,2004203.291,0.5,0.5,,,,,
601166.SH,20260324,18.3,18.73,18.3,18.72,18.24,0.48,2.6316,817478.71,1518857.186,0.5,0.5,,,,,
601166.SH,20260325,18.78,18.79,18.58,18.76,18.72,0.04,0.2137,581800.14,1086900.488,0.5,0.5,,,,,
601166.SH,20260326,18.75,18.98,18.71,18.88,18.76,0.12,0.6397,581221.6,1097370.098,0.5,0.5,,,,,
601166.SH,20260327,18.8,18.92,18.69,18.7,18.88,-0.18,-0.9534,587324.28,1102223.367,0.5,0.5,,,,,
601166.SH,20260330,18.6,18.73,18.54,18.69,18.7,-0.01,-0.0535,622448.02,1161063.038,0.5,0.5,,,,,
601166.SH,20260331,18.72,18.96,18.69,18.82,18.69,0.13,0.6956,750266.46,1416081.247,0.5,0.5,,,,,
601166.SH,20260401,18.89,19.09,18.82,18.91,18.82,0.09,0.4782,742015.31,1406437.577,0.5,0.5,,,,,
601166.SH,20260402,18.91,18.98,18.81,18.9,18.91,-0.01,-0.0529,509593.88,962974.71,0.5,0.5,,,,,
601166.SH,20260403,18.9,18.92,18.65,18.69,18.9,-0.21,-1.1111,479151.54,898497.057,0.5,0.5,,,,,
601166.SH,20260407,18.7,18.79,18.49,18.53,18.69,-0.16,-0.8561,557921.84,1039680.869,0.5,0.5,,,,,
601166.SH,20260408,18.67,18.83,18.6,18.78,18.53,0.25,1.3492,651015.94,1219458.769,0.5,0.5,,,,,
601166.SH,20260409,18.73,18.78,18.56,18.6,18.78,-0.18,-0.9585,510411.06,950465.252,0.5,0.5,,,,,
601166.SH,20260410,18.61,18.65,18.53,18.53,18.6,-0.07,-0.3763,602524.2,1118859.663,0.5,0.5,,,,,
601166.SH,20260413,18.51,18.52,18.37,18.42,18.53,-0.11,-0.5936,502479.99,925380.718,0.5,0.5,,,,,
601166.SH,20260414,18.44,18.57,18.43,18.57,18.42,0.15,0.8143,482024.8,892443.849,0.5,0.5,,,,,
601166.SH,20260415,18.58,18.75,18.57,18.7,18.57,0.13,0.7001,555378.97,1037196.948,0.5,0.5,,,,,
601166.SH,20260416,18.69,18.79,18.57,18.61,18.7,-0.09,-0.4813,558619.83,1042351.514,0.5,0.5,,,,,
601166.SH,20260417,18.6,18.61,18.4,18.4,18.61,-0.21,-1.1284,831071.67,1533711.842,0.5,0.5,,,,,
601166.SH,20260420,18.42,18.46,18.34,18.36,18.4,-0.04,-0.2174,1008677.02,1855047.04,0.5,0.5,,,,,
601166.SH,20260421,18.37,18.68,18.36,18.42,18.36,0.06,0.3268,1059433.11,1961763.384,0.5,0.5,,,,,
601166.SH,20260422,18.44,18.47,18.22,18.22,18.42,-0.2,-1.0858,1266286.8,2317850.133,0.5,0.5,,,,,
601166.SH,20260423,18.22,18.28,18.13,18.2,18.22,-0.02,-0.1098,969638.93,1763937.165,0.5,0.5,,,,,
601166.SH,20260424,18.18,18.32,18.11,18.18,18.2,-0.02,-0.1099,807310.11,1469908.571,0.5,0.5,,,,,
601166.SH,20260427,18.23,18.41,18.16,18.17,18.18,-0.01,-0.055,1085833.9,1982718.02,0.5,0.5,,,,,
601166.SH,20260428,18.18,18.21,18.04,18.14,18.17,-0.03,-0.1651,864194.59,1566028.965,0.5,0.5,,,,,
601166.SH,20260429,18.09,18.18,18.05,18.18,18.14,0.04,0.2205,966844.45,1750964.455,0.5,0.5,,,,,
601166.SH,20260430,18.03,18.04,17.84,17.93,18.18,-0.25,-1.3751,1530386.7,2744334.777,0.5,0.5,,,,,
601166.SH,20260506,17.94,17.97,17.74,17.79,17.93,-0.14,-0.7808,1351426.01,2406410.705,0.5,0.5,,,,,
601166.SH,20260507,17.81,17.85,17.74,17.75,17.79,-0.04,-0.2248,871579.04,1548628.066,0.5,0.5,,,,,
601166.SH,20260508,17.76,17.84,17.72,17.73,17.75,-0.02,-0.1127,849683.07,1508738.481,0.5,0.5,,,,,
601166.SH,20260511,17.72,17.76,17.65,17.73,17.73,0.0,0.0,934458.21,1653649.395,0.5,0.5,,,,,
601166.SH,20260512,17.73,17.82,17.71,17.75,17.73,0.02,0.1128,1058052.89,1878698.534,0.5,0.5,,,,,
601166.SH,20260513,17.78,17.81,17.69,17.69,17.75,-0.06,-0.338,806073.97,1428862.238,0.5,0.5,,,,,
601166.SH,20260514,17.68,17.74,17.58,17.69,17.69,0.0,0.0,909211.99,1604646.427,0.5,0.5,,,,,
601166.SH,20260515,17.67,17.81,17.6,17.67,17.69,-0.02,-0.1131,864750.09,1530401.23,0.5,0.5,,,,,
601166.SH,20260518,17.66,17.66,17.38,17.45,17.67,-0.22,-1.245,891160.79,1557576.583,0.5,0.5,,,,,
601166.SH,20260519,17.45,17.7,17.45,17.5,17.45,0.05,0.2865,829256.93,1457733.223,0.5,0.5,,,,,
601166.SH,20260520,17.52,17.52,17.33,17.33,17.5,-0.17,-0.9714,652831.04,1136757.138,0.5,0.5,,,,,
601166.SH,20260521,17.33,17.42,17.28,17.37,17.33,0.04,0.2308,786797.62,1365096.741,0.5,0.5,,,,,
601166.SH,20260522,17.32,17.59,17.28,17.46,17.37,0.09,0.5181,973197.36,1698769.878,0.5,0.5,,,,,
601166.SH,20260525,17.46,17.74,17.42,17.64,17.46,0.18,1.0309,977258.59,1725412.11,0.5,0.5,,,,,
601166.SH,20260526,17.66,17.89,17.64,17.83,17.64,0.19,1.0771,945462.23,1682424.373,0.5,0.5,,,,,
601166.SH,20260527,17.84,18.15,17.83,18.0,17.83,0.17,0.9534,1307566.58,2357501.885,0.5,0.5,,,,,
601166.SH,20260528,18.09,18.19,17.91,17.97,18.0,-0.03,-0.1667,977419.89,1763462.767,0.5,0.5,,,,,
601166.SH,20260529,17.8,18.52,17.78,18.5,17.97,0.53,2.9494,2087086.13,3818492.52,0.5,0.5,,,,,
601166.SH,20260601,18.48,18.5,18.3,18.44,18.5,-0.06,-0.3243,1175844.9,2163673.524,0.5,0.5,,,,,
601166.SH,20260602,18.4,18.7,18.36,18.61,18.44,0.17,0.9219,1094948.66,2034756.554,0.5,0.5,,,,,
601166.SH,20260603,18.56,18.64,18.38,18.49,18.61,-0.12,-0.6448,1008619.36,1867745.826,0.5,0.5,,,,,
601166.SH,20260604,18.53,18.62,18.23,18.29,18.49,-0.2,-1.0817,770490.55,1417890.189,0.5,0.5,,,,,
601166.SH,20260605,18.32,18.66,18.32,18.6,18.29,0.31,1.6949,1171999.98,2178524.449,0.5,0.5,,,,,
601166.SH,20260608,18.58,18.68,18.48,18.54,18.6,-0.06,-0.3226,849176.08,1577214.924,0.5,0.5,,,,,
601166.SH,20260609,18.48,18.6,18.41,18.45,18.54,-0.09,-0.4854,819348.73,1516009.499,0.5,0.5,,,,,
601166.SH,20260610,18.5,18.93,18.38,18.89,18.45,0.44,2.3848,1373526.56,2573013.105,0.5,0.5,,,,,
601166.SH,20260611,18.91,18.97,18.62,18.79,18.89,-0.1,-0.5294,1014088.67,1905076.319,0.5,0.5,,,,,
600900.SH,20210615,20.69,20.75,20.36,20.43,20.69,-0.26,-1.2566,428075.18,877522.2,0.5,0.5,,,,,
600900.SH,20210616,20.43,20.59,20.22,20.4,20.43,-0.03,-0.1468,412396.15,841933.3,0.5,0.5,,,,,
600900.SH,20210617,20.44,20.72,20.34,20.4,20.4,0.0,0.0,421769.95,866536.326,0.5,0.5,,,,,
600900.SH,20210618,20.47,20.52,20.06,20.08,20.4,-0.32,-1.5686,513203.76,1037095.299,0.5,0.5,,,,,
600900.SH,20210621,20.12,20.14,19.8,19.94,20.08,-0.14,-0.6972,508948.1,1013084.621,0.5,0.5,,,,,
600900.SH,20210622,19.92,20.32,19.92,20.15,19.94,0.21,1.0532,358059.43,721434.072,0.5,0.5,,,,,
600900.SH,20210623,20.25,20.38,20.05,20.27,20.15,0.12,0.5955,402782.01,814425.614,0.5,0.5,,,,,
600900.SH,20210624,20.3,20.45,20.23,20.4,20.27,0.13,0.6413,257446.38,524439.376,0.5,0.5,,,,,
600900.SH,20210625,20.44,20.72,20.3,20.64,20.4,0.24,1.1765,490388.54,1005552.904,0.5,0.5,,,,,
600900.SH,20210628,20.82,21.45,20.78,20.97,20.64,0.33,1.5988,656123.85,1380408.737,0.5,0.5,,,,,
600900.SH,20210629,20.97,20.97,20.36,20.5,20.97,-0.47,-2.2413,432558.49,890229.544,0.5,0.5,,,,,
600900.SH,20210630,20.51,20.71,20.39,20.64,20.5,0.14,0.6829,229813.75,472168.763,0.5,0.5,,,,,
600900.SH,20210701,20.65,20.95,20.41,20.89,20.64,0.25,1.2112,285216.8,589083.447,0.5,0.5,,,,,
600900.SH,20210702,20.73,20.75,20.25,20.3,20.89,-0.59,-2.8243,411888.59,839403.593,0.5,0.5,,,,,
600900.SH,20210705,20.3,20.4,20.04,20.13,20.3,-0.17,-0.8374,364824.54,734636.853,0.5,0.5,,,,,
600900.SH,20210706,20.1,20.72,19.95,20.27,20.13,0.14,0.6955,396850.27,806203.341,0.5,0.5,,,,,
600900.SH,20210707,20.29,20.43,20.11,20.31,20.27,0.04,0.1973,301929.04,611213.22,0.5,0.5,,,,,
600900.SH,20210708,20.39,20.45,20.04,20.31,20.31,0.0,0.0,357036.04,721024.624,0.5,0.5,,,,,
600900.SH,20210709,20.26,20.4,20.19,20.31,20.31,0.0,0.0,277994.23,564245.147,0.5,0.5,,,,,
600900.SH,20210712,20.38,20.42,19.91,19.96,20.31,-0.35,-1.7233,556711.69,1117592.303,0.5,0.5,,,,,
600900.SH,20210713,19.91,20.21,19.82,20.19,19.96,0.23,1.1523,337663.32,678015.684,0.5,0.5,,,,,
600900.SH,20210714,20.21,20.26,19.93,20.21,20.19,0.02,0.0991,378056.54,759761.127,0.5,0.5,,,,,
600900.SH,20210715,20.11,20.34,19.97,20.28,20.21,0.07,0.3464,331778.23,670717.009,0.5,0.5,,,,,
600900.SH,20210716,19.61,19.61,19.18,19.29,19.58,-0.29,-1.4811,539814.18,1041371.768,0.5,0.5,,,,,
600900.SH,20210719,19.27,19.43,19.15,19.4,19.29,0.11,0.5702,305816.83,590447.563,0.5,0.5,,,,,
600900.SH,20210720,19.39,19.44,19.2,19.29,19.4,-0.11,-0.567,253928.95,489774.868,0.5,0.5,,,,,
600900.SH,20210721,19.22,19.29,19.0,19.01,19.29,-0.28,-1.4515,560251.25,1070155.64,0.5,0.5,,,,,
600900.SH,20210722,18.99,19.08,18.79,18.84,19.01,-0.17,-0.8943,521332.31,983832.823,0.5,0.5,,,,,
600900.SH,20210723,18.9,18.96,18.63,18.79,18.84,-0.05,-0.2654,419832.89,786854.237,0.5,0.5,,,,,
600900.SH,20210726,18.69,18.92,18.67,18.84,18.79,0.05,0.2661,421879.08,792312.228,0.5,0.5,,,,,
600900.SH,20210727,18.84,18.85,18.19,18.33,18.84,-0.51,-2.707,544955.4,1005885.409,0.5,0.5,,,,,
600900.SH,20210728,18.2,18.82,18.2,18.76,18.33,0.43,2.3459,578490.96,1072439.199,0.5,0.5,,,,,
600900.SH,20210729,18.69,18.87,18.55,18.59,18.76,-0.17,-0.9062,385123.11,720265.456,0.5,0.5,,,,,
600900.SH,20210730,18.6,19.0,18.48,19.0,18.59,0.41,2.2055,444097.13,835918.989,0.5,0.5,,,,,
600900.SH,20210802,18.97,19.04,18.58,18.9,19.0,-0.1,-0.5263,550855.76,1036065.013,0.5,0.5,,,,,
600900.SH,20210803,18.81,18.99,18.72,18.88,18.9,-0.02,-0.1058,363804.9,685191.258,0.5,0.5,,,,,
600900.SH,20210804,18.84,19.27,18.68,19.06,18.88,0.18,0.9534,422544.12,804162.881,0.5,0.5,,,,,
600900.SH,20210805,19.02,19.2,18.9,19.15,19.06,0.09,0.4722,347063.94,662322.044,0.5,0.5,,,,,
600900.SH,20210806,19.1,19.12,18.88,19.05,19.15,-0.1,-0.5222,349538.41,663441.13,0.5,0.5,,,,,
600900.SH,20210809,19.02,19.4,19.0,19.35,19.05,0.3,1.5748,416144.32,802532.177,0.5,0.5,,,,,
600900.SH,20210810,19.35,19.57,19.23,19.55,19.35,0.2,1.0336,375970.8,731686.853,0.5,0.5,,,,,
600900.SH,20210811,19.5,19.65,19.45,19.57,19.55,0.02,0.1023,260190.06,509335.834,0.5,0.5,,,,,
600900.SH,20210812,19.54,19.86,19.5,19.69,19.57,0.12,0.6132,321146.98,632905.707,0.5,0.5,,,,,
600900.SH,20210813,19.69,19.78,19.54,19.6,19.69,-0.09,-0.4571,203315.96,398551.124,0.5,0.5,,,,,
600900.SH,20210816,19.64,19.77,19.55,19.77,19.6,0.17,0.8673,219456.35,432308.082,0.5,0.5,,,,,
600900.SH,20210817,19.81,19.95,19.44,19.63,19.77,-0.14,-0.7081,293658.33,576858.211,0.5,0.5,,,,,
600900.SH,20210818,19.5,19.79,19.49,19.69,19.63,0.06,0.3057,293076.86,577040.644,0.5,0.5,,,,,
600900.SH,20210819,19.58,19.95,19.56,19.92,19.69,0.23,1.1681,354631.86,702289.342,0.5,0.5,,,,,
600900.SH,20210820,19.97,20.07,19.56,19.85,19.92,-0.07,-0.3514,419242.18,828815.655,0.5,0.5,,,,,
600900.SH,20210823,19.87,20.28,19.85,20.0,19.85,0.15,0.7557,471356.88,944274.264,0.5,0.5,,,,,
600900.SH,20210824,20.07,20.15,19.8,19.85,20.0,-0.15,-0.75,355599.14,708214.784,0.5,0.5,,,,,
600900.SH,20210825,19.92,19.93,19.67,19.73,19.85,-0.12,-0.6045,297169.02,587420.941,0.5,0.5,,,,,
600900.SH,20210826,19.73,19.79,19.49,19.5,19.73,-0.23,-1.1657,217958.79,427488.966,0.5,0.5,,,,,
600900.SH,20210827,19.53,19.75,19.42,19.53,19.5,0.03,0.1538,200675.54,393217.018,0.5,0.5,,,,,
600900.SH,20210830,19.42,19.48,18.98,19.09,19.53,-0.44,-2.2529,383155.39,734091.762,0.5,0.5,,,,,
600900.SH,20210831,19.07,19.42,18.9,19.34,19.09,0.25,1.3096,379745.41,727303.525,0.5,0.5,,,,,
600900.SH,20210901,19.4,19.99,19.34,19.82,19.34,0.48,2.4819,535959.8,1058053.507,0.5,0.5,,,,,
600900.SH,20210902,19.72,20.0,19.63,19.98,19.82,0.16,0.8073,366442.36,726517.388,0.5,0.5,,,,,
600900.SH,20210903,20.0,20.15,19.84,20.06,19.98,0.08,0.4004,437720.8,876481.829,0.5,0.5,,,,,
600900.SH,20210906,20.07,20.27,19.97,20.02,20.06,-0.04,-0.1994,349864.98,701932.303,0.5,0.5,,,,,
600900.SH,20210907,20.04,20.16,19.88,20.03,20.02,0.01,0.05,359075.15,719153.802,0.5,0.5,,,,,
600900.SH,20210908,20.05,20.45,20.05,20.33,20.03,0.3,1.4978,554974.45,1125412.683,0.5,0.5,,,,,
600900.SH,20210909,20.5,20.51,19.92,20.39,20.33,0.06,0.2951,578505.88,1172316.002,0.5,0.5,,,,,
600900.SH,20210910,20.39,20.53,20.23,20.4,20.39,0.01,0.049,415915.35,848735.039,0.5,0.5,,,,,
600900.SH,20210913,20.37,20.65,20.27,20.38,20.4,-0.02,-0.098,368842.4,753583.318,0.5,0.5,,,,,
600900.SH,20210914,20.39,20.44,20.01,20.09,20.38,-0.29,-1.423,375382.16,758706.004,0.5,0.5,,,,,
600900.SH,20210915,20.0,20.08,19.65,19.71,20.09,-0.38,-1.8915,384541.56,760573.319,0.5,0.5,,,,,
600900.SH,20210916,19.71,20.22,19.63,19.76,19.71,0.05,0.2537,389123.7,772533.276,0.5,0.5,,,,,
600900.SH,20210917,19.77,20.48,19.77,20.31,19.76,0.55,2.7834,561249.33,1137932.764,0.5,0.5,,,,,
600900.SH,20210922,20.27,21.69,20.25,21.36,20.31,1.05,5.1699,1142537.03,2428239.222,0.5,0.5,,,,,
600900.SH,20210923,21.45,21.93,21.05,21.23,21.36,-0.13,-0.6086,1013648.62,2170815.423,0.5,0.5,,,,,
600900.SH,20210924,21.53,21.55,20.85,21.09,21.23,-0.14,-0.6594,732813.49,1553563.541,0.5,0.5,,,,,
600900.SH,20210927,21.46,21.66,21.11,21.58,21.09,0.49,2.3234,1019653.3,2187010.649,0.5,0.5,,,,,
600900.SH,20210928,21.49,22.06,21.12,21.79,21.58,0.21,0.9731,904817.25,1956084.85,0.5,0.5,,,,,
600900.SH,20210929,21.63,22.22,21.35,22.12,21.79,0.33,1.5145,1122400.7,2451746.777,0.5,0.5,,,,,
600900.SH,20210930,22.2,22.28,21.43,22.0,22.12,-0.12,-0.5425,987507.01,2160433.402,0.5,0.5,,,,,
600900.SH,20211008,22.5,22.51,21.69,21.95,22.0,-0.05,-0.2273,795368.1,1743026.209,0.5,0.5,,,,,
600900.SH,20211011,22.1,22.17,21.4,21.62,21.95,-0.33,-1.5034,587591.02,1273105.645,0.5,0.5,,,,,
600900.SH,20211012,21.41,21.58,21.08,21.33,21.62,-0.29,-1.3414,604423.07,1284896.697,0.5,0.5,,,,,
600900.SH,20211013,21.25,21.25,20.7,20.85,21.33,-0.48,-2.2504,398105.51,831380.846,0.5,0.5,,,,,
600900.SH,20211014,20.85,20.95,20.55,20.68,20.85,-0.17,-0.8153,346879.29,717000.065,0.5,0.5,,,,,
600900.SH,20211015,20.63,20.91,20.5,20.85,20.68,0.17,0.8221,405824.44,843059.694,0.5,0.5,,,,,
600900.SH,20211018,20.85,21.24,20.74,21.06,20.85,0.21,1.0072,444545.72,934824.267,0.5,0.5,,,,,
600900.SH,20211019,20.9,21.4,20.76,21.31,21.06,0.25,1.1871,411164.16,868148.245,0.5,0.5,,,,,
600900.SH,20211020,21.3,21.38,20.9,20.99,21.31,-0.32,-1.5016,660220.66,1389055.749,0.5,0.5,,,,,
600900.SH,20211021,21.0,21.08,20.81,21.07,20.99,0.08,0.3811,339621.98,711438.91,0.5,0.5,,,,,
600900.SH,20211022,21.05,21.12,20.84,21.0,21.07,-0.07,-0.3322,298440.48,625398.971,0.5,0.5,,,,,
600900.SH,20211025,20.94,21.35,20.88,21.03,21.0,0.03,0.1429,462937.66,977047.209,0.5,0.5,,,,,
600900.SH,20211026,21.06,21.25,20.98,21.16,21.03,0.13,0.6182,328985.6,694633.946,0.5,0.5,,,,,
600900.SH,20211027,21.14,21.27,20.98,21.27,21.16,0.11,0.5198,360287.33,762583.902,0.5,0.5,,,,,
600900.SH,20211028,21.16,21.25,20.99,21.13,21.27,-0.14,-0.6582,420750.88,887563.938,0.5,0.5,,,,,
600900.SH,20211029,21.1,21.25,20.86,21.25,21.13,0.12,0.5679,407089.01,857456.58,0.5,0.5,,,,,
600900.SH,20211101,21.11,21.42,21.06,21.38,21.25,0.13,0.6118,383044.68,814916.266,0.5,0.5,,,,,
600900.SH,20211102,21.39,21.43,20.66,20.95,21.38,-0.43,-2.0112,569460.01,1192929.049,0.5,0.5,,,,,
600900.SH,20211103,20.83,21.29,20.77,21.17,20.95,0.22,1.0501,408790.18,863704.541,0.5,0.5,,,,,
600900.SH,20211104,21.16,21.27,21.02,21.06,21.17,-0.11,-0.5196,280268.35,591659.882,0.5,0.5,,,,,
600900.SH,20211105,21.03,21.13,20.65,20.66,21.06,-0.4,-1.8993,372511.8,773594.815,0.5,0.5,,,,,
600900.SH,20211108,20.73,20.74,20.31,20.35,20.66,-0.31,-1.5005,342853.18,700885.822,0.5,0.5,,,,,
600900.SH,20211109,20.55,20.59,20.12,20.34,20.35,-0.01,-0.0491,366741.96,745503.354,0.5,0.5,,,,,
600900.SH,20211110,20.4,20.4,19.91,20.15,20.34,-0.19,-0.9341,397716.45,797936.088,0.5,0.5,,,,,
600900.SH,20211111,20.1,20.24,19.96,20.13,20.15,-0.02,-0.0993,402082.09,807567.357,0.5,0.5,,,,,
600900.SH,20211112,20.14,20.19,19.8,19.97,20.13,-0.16,-0.7948,419824.77,838673.959,0.5,0.5,,,,,
600900.SH,20211115,20.07,20.27,19.92,20.17,19.97,0.2,1.0015,449912.45,903602.41,0.5,0.5,,,,,
600900.SH,20211116,20.1,20.23,19.93,20.0,20.17,-0.17,-0.8428,324937.39,650158.879,0.5,0.5,,,,,
600900.SH,20211117,20.01,20.19,19.96,20.06,20.0,0.06,0.3,289355.28,580528.189,0.5,0.5,,,,,
600900.SH,20211118,20.0,20.13,19.96,20.04,20.06,-0.02,-0.0997,257364.57,516122.72,0.5,0.5,,,,,
600900.SH,20211119,20.02,20.27,19.98,20.21,20.04,0.17,0.8483,303074.44,610516.284,0.5,0.5,,,,,
600900.SH,20211122,20.22,20.28,19.99,19.99,20.21,-0.22,-1.0886,293103.5,587633.008,0.5,0.5,,,,,
600900.SH,20211123,19.97,20.02,19.9,19.98,19.99,-0.01,-0.05,329493.81,657547.993,0.5,0.5,,,,,
600900.SH,20211124,20.04,20.04,19.72,19.79,19.98,-0.19,-0.951,382762.35,759832.603,0.5,0.5,,,,,
600900.SH,20211125,19.8,19.91,19.68,19.79,19.79,0.0,0.0,366550.19,726031.85,0.5,0.5,,,,,
600900.SH,20211126,19.75,19.75,19.49,19.53,19.79,-0.26,-1.3138,455695.03,891323.168,0.5,0.5,,,,,
600900.SH,20211213,21.47,21.48,20.52,20.86,19.53,1.33,6.81,2404663.34,5079887.858,0.5,0.5,,,,,
600900.SH,20211214,20.55,21.77,20.35,21.68,20.86,0.82,3.931,1528169.72,3254785.753,0.5,0.5,,,,,
600900.SH,20211215,21.53,21.88,21.5,21.83,21.68,0.15,0.6919,810446.09,1759463.805,0.5,0.5,,,,,
600900.SH,20211216,21.78,22.02,21.65,22.02,21.83,0.19,0.8704,583787.68,1278107.373,0.5,0.5,,,,,
600900.SH,20211217,21.97,22.18,21.82,21.91,22.02,-0.11,-0.4995,568884.35,1251931.828,0.5,0.5,,,,,
600900.SH,20211220,21.74,22.03,21.49,21.75,21.91,-0.16,-0.7303,487849.38,1060548.556,0.5,0.5,,,,,
600900.SH,20211221,21.83,22.14,21.73,21.98,21.75,0.23,1.0575,362840.02,797472.8,0.5,0.5,,,,,
600900.SH,20211222,21.99,22.18,21.93,22.01,21.98,0.03,0.1365,307357.28,678650.606,0.5,0.5,,,,,
600900.SH,20211223,22.02,22.26,21.91,22.2,22.01,0.19,0.8632,324362.86,718751.458,0.5,0.5,,,,,
600900.SH,20211224,22.17,23.03,22.07,22.37,22.2,0.17,0.7658,506447.78,1140593.253,0.5,0.5,,,,,
600900.SH,20211227,22.35,22.71,22.06,22.35,22.37,-0.02,-0.0894,339157.57,757945.27,0.5,0.5,,,,,
600900.SH,20211228,22.44,22.55,22.12,22.37,22.35,0.02,0.0895,395865.85,884930.115,0.5,0.5,,,,,
600900.SH,20211229,22.37,22.41,22.13,22.25,22.37,-0.12,-0.5364,291482.89,648559.083,0.5,0.5,,,,,
600900.SH,20211230,22.17,22.6,22.1,22.53,22.25,0.28,1.2584,333393.76,748600.906,0.5,0.5,,,,,
600900.SH,20211231,22.47,22.82,22.47,22.7,22.53,0.17,0.7545,318894.49,723342.723,0.5,0.5,,,,,
600900.SH,20220104,22.79,22.9,22.55,22.84,22.7,0.14,0.6167,472079.44,1074028.15,0.5,0.5,,,,,
600900.SH,20220105,22.75,22.93,22.55,22.79,22.84,-0.05,-0.2189,442437.79,1006812.981,0.5,0.5,,,,,
600900.SH,20220106,22.66,22.78,21.96,22.01,22.79,-0.78,-3.4226,629043.84,1401497.026,0.5,0.5,,,,,
600900.SH,20220107,22.16,22.38,21.89,22.16,22.01,0.15,0.6815,355473.13,787488.346,0.5,0.5,,,,,
600900.SH,20220110,22.12,22.49,22.12,22.4,22.16,0.24,1.083,326506.52,729809.861,0.5,0.5,,,,,
600900.SH,20220111,22.45,22.99,22.38,22.5,22.4,0.1,0.4464,456187.9,1036164.684,0.5,0.5,,,,,
600900.SH,20220112,22.47,22.62,22.02,22.27,22.5,-0.23,-1.0222,350229.82,778462.495,0.5,0.5,,,,,
600900.SH,20220113,22.3,22.5,22.1,22.36,22.27,0.09,0.4041,342485.77,765999.881,0.5,0.5,,,,,
600900.SH,20220114,22.42,22.66,22.03,22.45,22.36,0.09,0.4025,405242.29,908136.975,0.5,0.5,,,,,
600900.SH,20220117,22.45,22.94,22.44,22.62,22.45,0.17,0.7572,428970.62,976518.429,0.5,0.5,,,,,
600900.SH,20220118,22.66,22.98,22.51,22.86,22.62,0.24,1.061,365991.62,835034.315,0.5,0.5,,,,,
600900.SH,20220119,22.84,23.04,22.75,22.95,22.86,0.09,0.3937,348656.74,798901.464,0.5,0.5,,,,,
600900.SH,20220120,22.97,23.52,22.87,23.08,22.95,0.13,0.5664,595636.1,1380512.579,0.5,0.5,,,,,
600900.SH,20220121,23.07,23.23,22.81,22.98,23.08,-0.1,-0.4333,354717.14,815250.634,0.5,0.5,,,,,
600900.SH,20220124,22.98,23.18,22.71,22.85,22.98,-0.13,-0.5657,269919.17,617396.025,0.5,0.5,,,,,
600900.SH,20220125,22.68,22.85,22.44,22.44,22.85,-0.41,-1.7943,302615.35,683725.559,0.5,0.5,,,,,
600900.SH,20220126,22.46,22.77,22.39,22.57,22.44,0.13,0.5793,220260.11,497368.293,0.5,0.5,,,,,
600900.SH,20220127,22.58,22.6,22.13,22.38,22.57,-0.19,-0.8418,324109.24,723901.429,0.5,0.5,,,,,
600900.SH,20220128,22.48,22.6,21.9,21.92,22.38,-0.46,-2.0554,352449.49,784593.956,0.5,0.5,,,,,
600900.SH,20220207,22.1,22.58,21.99,22.39,21.92,0.47,2.1442,310437.47,691945.045,0.5,0.5,,,,,
600900.SH,20220208,22.45,23.22,22.39,23.22,22.39,0.83,3.707,383214.62,878778.499,0.5,0.5,,,,,
600900.SH,20220209,23.25,23.44,22.96,23.33,23.22,0.11,0.4737,388550.76,903796.253,0.5,0.5,,,,,
600900.SH,20220210,23.45,23.79,23.19,23.78,23.33,0.45,1.9288,345390.84,812299.579,0.5,0.5,,,,,
600900.SH,20220211,23.77,23.94,23.62,23.74,23.78,-0.04,-0.1682,286057.49,679411.807,0.5,0.5,,,,,
600900.SH,20220214,23.74,23.74,23.17,23.39,23.74,-0.35,-1.4743,313333.57,732261.975,0.5,0.5,,,,,
600900.SH,20220215,23.38,23.47,23.0,23.1,23.39,-0.29,-1.2398,249175.2,576783.738,0.5,0.5,,,,,
600900.SH,20220216,23.16,23.39,23.07,23.09,23.1,-0.01,-0.0433,220365.5,511097.851,0.5,0.5,,,,,
600900.SH,20220217,23.09,23.41,23.04,23.24,23.09,0.15,0.6496,314025.61,730170.474,0.5,0.5,,,,,
600900.SH,20220218,23.24,23.31,23.01,23.23,23.24,-0.01,-0.043,185016.27,429026.95,0.5,0.5,,,,,
600900.SH,20220221,23.1,23.2,22.91,23.05,23.23,-0.18,-0.7749,185151.11,426069.145,0.5,0.5,,,,,
600900.SH,20220222,22.95,23.0,22.7,22.84,23.05,-0.21,-0.9111,235655.07,537423.471,0.5,0.5,,,,,
600900.SH,20220223,22.9,22.98,22.68,22.8,22.84,-0.04,-0.1751,262587.35,598602.57,0.5,0.5,,,,,
600900.SH,20220224,22.84,23.03,22.54,22.66,22.8,-0.14,-0.614,414802.93,942142.039,0.5,0.5,,,,,
600900.SH,20220225,22.71,22.9,22.64,22.75,22.66,0.09,0.3972,386623.99,880033.177,0.5,0.5,,,,,
600900.SH,20220228,22.81,23.22,22.71,23.18,22.75,0.43,1.8901,398210.79,915878.501,0.5,0.5,,,,,
600900.SH,20220301,23.2,23.38,23.06,23.27,23.18,0.09,0.3883,277211.36,644305.701,0.5,0.5,,,,,
600900.SH,20220302,23.27,23.66,23.18,23.57,23.27,0.3,1.2892,331569.74,779747.186,0.5,0.5,,,,,
600900.SH,20220303,23.7,24.03,23.61,23.95,23.57,0.38,1.6122,385734.08,919428.956,0.5,0.5,,,,,
600900.SH,20220304,23.9,24.05,23.5,23.95,23.95,0.0,0.0,405904.87,966816.624,0.5,0.5,,,,,
600900.SH,20220307,23.87,24.15,23.73,23.82,23.95,-0.13,-0.5428,566620.99,1354854.727,0.5,0.5,,,,,
600900.SH,20220308,23.81,23.86,23.07,23.2,23.82,-0.62,-2.6029,687976.15,1615154.15,0.5,0.5,,,,,
600900.SH,20220309,23.25,23.56,22.41,22.98,23.2,-0.22,-0.9483,729974.69,1683503.109,0.5,0.5,,,,,
600900.SH,20220310,23.25,23.3,22.68,22.71,22.98,-0.27,-1.1749,464149.84,1060693.713,0.5,0.5,,,,,
600900.SH,20220311,22.6,22.66,22.1,22.6,22.71,-0.11,-0.4844,440143.02,984247.229,0.5,0.5,,,,,
600900.SH,20220314,22.42,22.9,22.33,22.5,22.6,-0.1,-0.4425,450095.06,1019666.287,0.5,0.5,,,,,
600900.SH,20220315,22.39,22.4,21.03,21.15,22.5,-1.35,-6.0,761192.35,1642719.192,0.5,0.5,,,,,
600900.SH,20220316,21.4,22.54,21.09,22.38,21.15,1.23,5.8156,757809.25,1649350.669,0.5,0.5,,,,,
600900.SH,20220317,22.6,22.63,21.83,21.9,22.38,-0.48,-2.1448,614377.09,1354231.09,0.5,0.5,,,,,
600900.SH,20220318,21.88,22.19,21.72,21.78,21.9,-0.12,-0.5479,996629.49,2183347.956,0.5,0.5,,,,,
600900.SH,20220321,22.0,22.0,21.49,21.65,21.78,-0.13,-0.5969,412678.79,893225.104,0.5,0.5,,,,,
600900.SH,20220322,21.7,22.15,21.63,22.04,21.65,0.39,1.8014,315525.97,690836.882,0.5,0.5,,,,,
600900.SH,20220323,22.1,22.23,21.8,21.89,22.04,-0.15,-0.6806,322252.42,708039.609,0.5,0.5,,,,,
600900.SH,20220324,21.71,21.87,21.55,21.57,21.89,-0.32,-1.4619,340645.22,738660.798,0.5,0.5,,,,,
600900.SH,20220325,21.52,21.7,21.29,21.31,21.57,-0.26,-1.2054,253195.03,543075.814,0.5,0.5,,,,,
600900.SH,20220328,21.2,21.85,20.91,21.75,21.31,0.44,2.0648,450182.66,964906.592,0.5,0.5,,,,,
600900.SH,20220329,21.68,21.92,21.61,21.81,21.75,0.06,0.2759,295556.32,644342.586,0.5,0.5,,,,,
600900.SH,20220330,21.88,22.0,21.66,21.9,21.81,0.09,0.4127,400881.37,874407.533,0.5,0.5,,,,,
600900.SH,20220331,21.9,22.13,21.73,22.0,21.9,0.1,0.4566,296523.6,650706.635,0.5,0.5,,,,,
600900.SH,20220401,21.94,22.29,21.82,22.22,22.0,0.22,1.0,296414.44,654261.215,0.5,0.5,,,,,
600900.SH,20220406,22.02,22.47,22.02,22.36,22.22,0.14,0.6301,361172.2,805189.562,0.5,0.5,,,,,
600900.SH,20220407,22.39,22.75,22.26,22.67,22.36,0.31,1.3864,360590.49,814140.019,0.5,0.5,,,,,
600900.SH,20220408,22.7,23.24,22.64,23.2,22.67,0.53,2.3379,412765.98,949759.893,0.5,0.5,,,,,
600900.SH,20220411,23.28,23.33,22.79,22.94,23.2,-0.26,-1.1207,453708.69,1042026.844,0.5,0.5,,,,,
600900.SH,20220412,23.17,23.3,22.79,23.04,22.94,0.1,0.4359,412895.87,951523.128,0.5,0.5,,,,,
600900.SH,20220413,22.96,23.27,22.9,23.09,23.04,0.05,0.217,283011.79,655504.956,0.5,0.5,,,,,
600900.SH,20220414,23.09,23.5,23.03,23.24,23.09,0.15,0.6496,260450.2,607067.326,0.5,0.5,,,,,
600900.SH,20220415,23.23,23.56,23.2,23.4,23.24,0.16,0.6885,210125.68,491931.413,0.5,0.5,,,,,
600900.SH,20220418,23.23,23.41,22.85,22.95,23.4,-0.45,-1.9231,256145.6,590552.826,0.5,0.5,,,,,
600900.SH,20220419,23.03,23.47,23.01,23.19,22.95,0.24,1.0458,445508.74,1034299.868,0.5,0.5,,,,,
600900.SH,20220420,23.28,23.52,23.04,23.35,23.19,0.16,0.69,415433.83,969137.984,0.5,0.5,,,,,
600900.SH,20220421,23.26,23.67,23.22,23.54,23.35,0.19,0.8137,571294.5,1343779.499,0.5,0.5,,,,,
600900.SH,20220422,23.41,23.69,23.03,23.69,23.54,0.15,0.6372,950570.64,2230523.338,0.5,0.5,,,,,
600900.SH,20220425,23.49,23.73,22.91,22.92,23.69,-0.77,-3.2503,776732.45,1817450.076,0.5,0.5,,,,,
600900.SH,20220426,22.92,23.39,22.86,23.19,22.92,0.27,1.178,438101.29,1014242.481,0.5,0.5,,,,,
600900.SH,20220427,23.28,23.34,22.67,22.88,23.19,-0.31,-1.3368,613466.91,1407071.104,0.5,0.5,,,,,
600900.SH,20220428,22.68,23.06,22.46,23.01,22.88,0.13,0.5682,491600.08,1119211.054,0.5,0.5,,,,,
600900.SH,20220429,22.99,23.09,22.55,22.72,23.01,-0.29,-1.2603,594429.55,1351410.874,0.5,0.5,,,,,
600900.SH,20220505,22.85,23.23,22.72,23.08,22.72,0.36,1.5845,456706.65,1049526.251,0.5,0.5,,,,,
600900.SH,20220506,22.98,23.25,22.6,22.72,23.08,-0.36,-1.5598,341630.73,779396.294,0.5,0.5,,,,,
600900.SH,20220509,22.73,22.77,22.27,22.34,22.72,-0.38,-1.6725,283667.66,637206.321,0.5,0.5,,,,,
600900.SH,20220510,22.34,22.85,22.11,22.84,22.34,0.5,2.2381,462986.89,1046185.504,0.5,0.5,,,,,
600900.SH,20220511,22.75,22.9,22.47,22.55,22.84,-0.29,-1.2697,553816.48,1250596.624,0.5,0.5,,,,,
600900.SH,20220512,22.59,22.78,22.11,22.31,22.55,-0.24,-1.0643,404749.73,906321.893,0.5,0.5,,,,,
600900.SH,20220513,22.4,23.23,22.28,23.23,22.31,0.92,4.1237,564499.83,1294700.561,0.5,0.5,,,,,
600900.SH,20220516,23.26,23.3,22.93,22.99,23.23,-0.24,-1.0331,337057.3,776115.124,0.5,0.5,,,,,
600900.SH,20220517,23.15,23.27,22.9,23.0,22.99,0.01,0.0435,340348.19,784681.017,0.5,0.5,,,,,
600900.SH,20220518,23.08,23.08,22.61,22.78,23.0,-0.22,-0.9565,383736.22,874167.816,0.5,0.5,,,,,
600900.SH,20220519,22.72,23.3,22.69,23.28,22.78,0.5,2.1949,485202.17,1118633.565,0.5,0.5,,,,,
600900.SH,20220520,23.4,23.79,23.2,23.3,23.28,0.02,0.0859,562442.6,1319819.787,0.5,0.5,,,,,
600900.SH,20220523,23.5,23.5,22.72,22.9,23.3,-0.4,-1.7167,523528.23,1202355.717,0.5,0.5,,,,,
600900.SH,20220524,22.81,23.13,22.75,22.89,22.9,-0.01,-0.0437,378895.62,870083.402,0.5,0.5,,,,,
600900.SH,20220525,23.04,23.29,22.94,23.21,22.89,0.32,1.398,403913.45,936020.565,0.5,0.5,,,,,
600900.SH,20220526,23.35,23.84,23.21,23.8,23.21,0.59,2.542,585997.55,1385233.168,0.5,0.5,,,,,
600900.SH,20220527,23.99,24.02,23.68,23.72,23.8,-0.08,-0.3361,456129.56,1086339.538,0.5,0.5,,,,,
600900.SH,20220530,23.88,24.03,23.56,23.74,23.72,0.02,0.0843,404612.16,963872.347,0.5,0.5,,,,,
600900.SH,20220531,23.7,24.04,23.61,24.02,23.74,0.28,1.1794,442947.51,1060754.785,0.5,0.5,,,,,
600900.SH,20220601,24.02,24.33,23.85,24.23,24.02,0.21,0.8743,477906.83,1150865.753,0.5,0.5,,,,,
600900.SH,20220602,24.05,24.2,23.84,23.92,24.23,-0.31,-1.2794,399283.15,956304.255,0.5,0.5,,,,,
600900.SH,20220606,24.01,24.25,23.55,24.13,23.92,0.21,0.8779,542857.8,1298820.992,0.5,0.5,,,,,
600900.SH,20220607,24.02,24.04,23.61,23.67,24.13,-0.46,-1.9063,515533.84,1222791.129,0.5,0.5,,,,,
600900.SH,20220608,23.8,23.84,23.57,23.77,23.67,0.1,0.4225,381336.72,904531.662,0.5,0.5,,,,,
600900.SH,20220609,23.69,24.04,23.63,23.71,23.77,-0.06,-0.2524,494432.57,1178575.794,0.5,0.5,,,,,
600900.SH,20220610,23.68,24.06,23.66,24.02,23.71,0.31,1.3075,859956.32,2049245.232,0.5,0.5,,,,,
600900.SH,20220613,23.74,23.91,23.19,23.28,24.02,-0.74,-3.0808,913218.74,2135334.164,0.5,0.5,,,,,
600900.SH,20220614,23.17,24.02,23.17,24.0,23.28,0.72,3.0928,765712.28,1818362.041,0.5,0.5,,,,,
600900.SH,20220615,23.98,24.08,23.64,23.67,24.0,-0.33,-1.375,525002.43,1250077.871,0.5,0.5,,,,,
600900.SH,20220616,23.74,23.77,23.23,23.23,23.67,-0.44,-1.8589,604019.44,1415526.531,0.5,0.5,,,,,
600900.SH,20220617,23.34,23.66,23.29,23.6,23.23,0.37,1.5928,518347.27,1220639.213,0.5,0.5,,,,,
600900.SH,20220620,23.5,23.52,23.08,23.13,23.6,-0.47,-1.9915,631540.59,1465669.026,0.5,0.5,,,,,
600900.SH,20220621,23.13,23.25,23.0,23.15,23.13,0.02,0.0865,425430.68,984851.871,0.5,0.5,,,,,
600900.SH,20220622,23.19,23.29,23.07,23.2,23.15,0.05,0.216,484326.42,1122313.502,0.5,0.5,,,,,
600900.SH,20220623,23.2,23.23,23.03,23.1,23.2,-0.1,-0.431,491046.58,1134360.492,0.5,0.5,,,,,
600900.SH,20220624,23.11,23.39,23.03,23.37,23.1,0.27,1.1688,573158.89,1328146.879,0.5,0.5,,,,,
600900.SH,20220627,23.35,23.49,23.21,23.31,23.37,-0.06,-0.2567,491607.97,1148943.188,0.5,0.5,,,,,
600900.SH,20220628,23.3,23.3,23.07,23.11,23.31,-0.2,-0.858,575841.23,1331818.855,0.5,0.5,,,,,
600900.SH,20220629,23.1,23.19,22.93,23.15,23.11,0.04,0.1731,590534.59,1361406.898,0.5,0.5,,,,,
600900.SH,20220630,23.12,23.19,22.95,23.12,23.15,-0.03,-0.1296,391142.56,902706.79,0.5,0.5,,,,,
600900.SH,20220701,24.0,24.52,23.87,24.32,23.12,1.2,5.1903,1297092.78,3147234.417,0.5,0.5,,,,,
600900.SH,20220704,24.35,24.57,24.05,24.35,24.32,0.03,0.1234,660129.91,1609051.87,0.5,0.5,,,,,
600900.SH,20220705,24.33,24.51,24.05,24.24,24.35,-0.11,-0.4517,534587.61,1294855.469,0.5,0.5,,,,,
600900.SH,20220706,24.28,24.3,23.98,24.06,24.24,-0.18,-0.7426,388448.12,934573.743,0.5,0.5,,,,,
600900.SH,20220707,24.16,24.45,24.1,24.1,24.06,0.04,0.1663,392578.08,952172.862,0.5,0.5,,,,,
600900.SH,20220708,24.1,24.3,23.89,24.2,24.1,0.1,0.4149,415700.46,1000142.146,0.5,0.5,,,,,
600900.SH,20220711,24.48,24.99,24.48,24.69,24.2,0.49,2.0248,673385.5,1669501.393,0.5,0.5,,,,,
600900.SH,20220712,24.69,25.08,24.67,24.9,24.69,0.21,0.8505,522402.62,1303281.65,0.5,0.5,,,,,
600900.SH,20220713,25.0,25.18,24.8,24.97,24.9,0.07,0.2811,462033.31,1154859.591,0.5,0.5,,,,,
600900.SH,20220714,25.0,25.02,24.66,24.86,24.97,-0.11,-0.4405,588772.14,1462094.435,0.5,0.5,,,,,
600900.SH,20220715,24.71,24.83,24.3,24.3,24.86,-0.56,-2.2526,621757.37,1527141.902,0.5,0.5,,,,,
600900.SH,20220718,24.37,25.13,24.37,24.95,24.3,0.65,2.6749,606761.1,1510508.795,0.5,0.5,,,,,
600900.SH,20220719,25.13,25.15,24.78,25.05,24.95,0.1,0.4008,454163.8,1134520.519,0.5,0.5,,,,,
600900.SH,20220720,25.2,25.27,24.86,24.94,25.05,-0.11,-0.4391,370601.74,926024.154,0.5,0.5,,,,,
600900.SH,20220721,24.47,24.47,23.95,24.01,24.12,-0.11,-0.4561,343868.25,829377.173,0.5,0.5,,,,,
600900.SH,20220722,24.02,24.3,23.87,24.13,24.01,0.12,0.4998,328322.04,792861.776,0.5,0.5,,,,,
600900.SH,20220725,24.17,24.24,23.96,24.1,24.13,-0.03,-0.1243,241719.43,582926.532,0.5,0.5,,,,,
600900.SH,20220726,24.08,24.25,24.01,24.1,24.1,0.0,0.0,266513.07,643709.843,0.5,0.5,,,,,
600900.SH,20220727,24.1,24.16,23.9,23.92,24.1,-0.18,-0.7469,258844.16,620286.866,0.5,0.5,,,,,
600900.SH,20220728,23.95,24.2,23.8,23.9,23.92,-0.02,-0.0836,293325.77,703987.732,0.5,0.5,,,,,
600900.SH,20220729,23.99,24.23,23.83,23.88,23.9,-0.02,-0.0837,356801.22,856238.729,0.5,0.5,,,,,
600900.SH,20220801,23.88,24.0,23.62,23.78,23.88,-0.1,-0.4188,368128.79,876446.084,0.5,0.5,,,,,
600900.SH,20220802,23.65,23.82,23.5,23.62,23.78,-0.16,-0.6728,395204.97,933631.964,0.5,0.5,,,,,
600900.SH,20220803,23.67,23.82,23.41,23.44,23.62,-0.18,-0.7621,320412.51,754669.431,0.5,0.5,,,,,
600900.SH,20220804,23.55,23.9,23.41,23.85,23.44,0.41,1.7491,314618.7,746067.094,0.5,0.5,,,,,
600900.SH,20220805,23.92,24.1,23.8,24.08,23.85,0.23,0.9644,240371.3,575872.426,0.5,0.5,,,,,
600900.SH,20220808,24.07,24.3,24.01,24.14,24.08,0.06,0.2492,186789.32,451867.468,0.5,0.5,,,,,
600900.SH,20220809,24.14,24.28,24.0,24.03,24.14,-0.11,-0.4557,213611.22,515212.128,0.5,0.5,,,,,
600900.SH,20220810,24.1,24.13,23.8,23.89,24.03,-0.14,-0.5826,175135.92,418198.565,0.5,0.5,,,,,
600900.SH,20220811,23.91,24.1,23.77,24.0,23.89,0.11,0.4604,258410.78,619819.484,0.5,0.5,,,,,
600900.SH,20220812,24.0,24.24,23.94,24.23,24.0,0.23,0.9583,213291.01,515031.097,0.5,0.5,,,,,
600900.SH,20220815,24.12,24.3,23.95,24.01,24.23,-0.22,-0.908,282338.68,679612.778,0.5,0.5,,,,,
600900.SH,20220816,24.03,24.25,23.84,23.9,24.01,-0.11,-0.4581,334412.08,803935.985,0.5,0.5,,,,,
600900.SH,20220817,23.87,23.87,23.38,23.56,23.9,-0.34,-1.4226,563318.23,1326891.731,0.5,0.5,,,,,
600900.SH,20220818,23.48,23.64,23.38,23.4,23.56,-0.16,-0.6791,280851.93,659127.491,0.5,0.5,,,,,
600900.SH,20220819,23.24,23.62,23.13,23.59,23.4,0.19,0.812,383745.97,898727.158,0.5,0.5,,,,,
600900.SH,20220822,23.46,23.79,23.43,23.48,23.59,-0.11,-0.4663,308109.09,725668.332,0.5,0.5,,,,,
600900.SH,20220823,23.45,23.48,23.21,23.23,23.48,-0.25,-1.0647,376747.28,877908.158,0.5,0.5,,,,,
600900.SH,20220824,23.23,23.42,23.15,23.16,23.23,-0.07,-0.3013,276685.1,644171.87,0.5,0.5,,,,,
600900.SH,20220825,23.21,23.65,23.21,23.59,23.16,0.43,1.8566,281824.05,660126.996,0.5,0.5,,,,,
600900.SH,20220826,23.58,23.58,23.27,23.39,23.59,-0.2,-0.8478,279532.68,652863.134,0.5,0.5,,,,,
600900.SH,20220829,23.25,23.45,23.15,23.3,23.39,-0.09,-0.3848,266742.63,620661.332,0.5,0.5,,,,,
600900.SH,20220830,23.3,23.37,23.12,23.28,23.3,-0.02,-0.0858,230440.41,534621.259,0.5,0.5,,,,,
600900.SH,20220831,23.33,23.98,23.28,23.98,23.28,0.7,3.0069,810053.1,1924117.532,0.5,0.5,,,,,
600900.SH,20220901,23.73,24.08,23.62,23.91,23.98,-0.07,-0.2919,377805.91,901719.922,0.5,0.5,,,,,
600900.SH,20220902,23.9,24.17,23.73,23.82,23.91,-0.09,-0.3764,291596.65,697272.184,0.5,0.5,,,,,
600900.SH,20220905,23.71,23.9,23.51,23.82,23.82,0.0,0.0,311538.78,738489.72,0.5,0.5,,,,,
600900.SH,20220906,23.85,23.98,23.73,23.75,23.82,-0.07,-0.2939,343370.64,818020.674,0.5,0.5,,,,,
600900.SH,20220907,23.6,23.64,23.42,23.57,23.75,-0.18,-0.7579,423951.72,996783.593,0.5,0.5,,,,,
600900.SH,20220908,23.62,23.85,23.53,23.65,23.57,0.08,0.3394,259446.49,614593.75,0.5,0.5,,,,,
600900.SH,20220909,23.75,24.06,23.66,23.91,23.65,0.26,1.0994,354352.66,847909.591,0.5,0.5,,,,,
600900.SH,20220913,23.85,23.91,23.66,23.79,23.91,-0.12,-0.5019,273346.21,650135.092,0.5,0.5,,,,,
600900.SH,20220914,23.7,23.93,23.64,23.7,23.79,-0.09,-0.3783,218758.98,519309.099,0.5,0.5,,,,,
600900.SH,20220915,23.72,23.98,23.61,23.72,23.7,0.02,0.0844,405831.36,966015.202,0.5,0.5,,,,,
600900.SH,20220916,23.73,23.84,23.46,23.46,23.72,-0.26,-1.0961,398814.92,942339.845,0.5,0.5,,,,,
600900.SH,20220919,23.53,23.63,23.41,23.48,23.46,0.02,0.0853,281286.75,660326.163,0.5,0.5,,,,,
600900.SH,20220920,23.48,23.54,23.4,23.42,23.48,-0.06,-0.2555,235485.8,552233.619,0.5,0.5,,,,,
600900.SH,20220921,23.42,23.58,23.32,23.43,23.42,0.01,0.0427,249728.42,585925.065,0.5,0.5,,,,,
600900.SH,20220922,23.37,23.5,23.26,23.42,23.43,-0.01,-0.0427,233919.77,546354.236,0.5,0.5,,,,,
600900.SH,20220923,23.29,23.51,23.29,23.33,23.42,-0.09,-0.3843,275063.34,644002.163,0.5,0.5,,,,,
600900.SH,20220926,23.28,23.42,23.05,23.05,23.33,-0.28,-1.2002,402685.96,933964.148,0.5,0.5,,,,,
600900.SH,20220927,23.02,23.06,22.53,22.7,23.05,-0.35,-1.5184,604007.3,1373464.918,0.5,0.5,,,,,
600900.SH,20220928,22.68,22.69,22.38,22.46,22.7,-0.24,-1.0573,624737.67,1403694.512,0.5,0.5,,,,,
600900.SH,20220929,22.43,22.68,22.19,22.4,22.46,-0.06,-0.2671,554383.53,1246883.273,0.5,0.5,,,,,
600900.SH,20220930,22.4,22.85,22.28,22.74,22.4,0.34,1.5179,423324.79,957926.715,0.5,0.5,,,,,
600900.SH,20221010,22.99,23.44,22.9,23.36,22.74,0.62,2.7265,644090.84,1499883.163,0.5,0.5,,,,,
600900.SH,20221011,23.32,23.47,23.22,23.42,23.36,0.06,0.2568,372522.36,871477.554,0.5,0.5,,,,,
600900.SH,20221012,23.4,23.49,23.0,23.21,23.42,-0.21,-0.8967,449074.95,1040346.259,0.5,0.5,,,,,
600900.SH,20221013,22.92,23.24,22.56,23.04,23.21,-0.17,-0.7324,565025.13,1291255.561,0.5,0.5,,,,,
600900.SH,20221014,23.03,23.2,22.85,22.96,23.04,-0.08,-0.3472,363852.21,838991.892,0.5,0.5,,,,,
600900.SH,20221017,23.04,23.04,22.76,22.76,22.96,-0.2,-0.8711,291534.62,665764.534,0.5,0.5,,,,,
600900.SH,20221018,22.76,22.91,22.51,22.55,22.76,-0.21,-0.9227,415319.45,939448.014,0.5,0.5,,,,,
600900.SH,20221019,22.52,22.65,22.34,22.37,22.55,-0.18,-0.7982,338769.56,760855.853,0.5,0.5,,,,,
600900.SH,20221020,22.33,22.49,22.24,22.34,22.37,-0.03,-0.1341,368154.63,822733.367,0.5,0.5,,,,,
600900.SH,20221021,22.29,22.6,22.21,22.41,22.34,0.07,0.3133,610416.03,1368536.927,0.5,0.5,,,,,
600900.SH,20221024,22.39,22.59,21.71,21.83,22.41,-0.58,-2.5881,718728.08,1586119.858,0.5,0.5,,,,,
600900.SH,20221025,22.0,22.3,21.91,22.01,21.83,0.18,0.8246,513414.75,1134410.507,0.5,0.5,,,,,
600900.SH,20221027,22.02,22.19,20.88,20.99,22.01,-1.02,-4.6343,1075023.38,2284666.748,0.5,0.5,,,,,
600900.SH,20221028,20.99,21.25,20.59,20.68,20.99,-0.31,-1.4769,996986.86,2083046.934,0.5,0.5,,,,,
600900.SH,20221031,20.29,20.7,20.01,20.26,20.68,-0.42,-2.0309,983389.56,2000824.789,0.5,0.5,,,,,
600900.SH,20221101,20.25,20.41,19.96,20.32,20.26,0.06,0.2962,961428.8,1943323.944,0.5,0.5,,,,,
600900.SH,20221102,20.3,20.52,20.05,20.46,20.32,0.14,0.689,761920.04,1545827.645,0.5,0.5,,,,,
600900.SH,20221103,20.35,20.37,19.89,19.98,20.46,-0.48,-2.346,746451.83,1497487.444,0.5,0.5,,,,,
600900.SH,20221104,19.86,20.27,19.75,20.14,19.98,0.16,0.8008,848833.2,1706198.646,0.5,0.5,,,,,
600900.SH,20221107,20.05,20.23,19.97,20.14,20.14,0.0,0.0,694657.83,1396309.691,0.5,0.5,,,,,
600900.SH,20221108,20.17,20.34,19.95,20.05,20.14,-0.09,-0.4469,788151.26,1586942.815,0.5,0.5,,,,,
600900.SH,20221109,20.07,20.2,20.05,20.12,20.05,0.07,0.3491,483287.2,972886.761,0.5,0.5,,,,,
600900.SH,20221110,20.13,20.15,19.89,20.0,20.12,-0.12,-0.5964,423338.12,846173.866,0.5,0.5,,,,,
600900.SH,20221111,20.25,20.55,20.03,20.45,20.0,0.45,2.25,977162.31,1982385.192,0.5,0.5,,,,,
600900.SH,20221114,20.54,20.6,20.1,20.17,20.45,-0.28,-1.3692,735754.98,1494753.285,0.5,0.5,,,,,
600900.SH,20221115,20.17,21.21,20.06,21.01,20.17,0.84,4.1646,1013530.82,2098340.196,0.5,0.5,,,,,
600900.SH,20221116,20.9,21.17,20.81,21.05,21.01,0.04,0.1904,551945.22,1157747.68,0.5,0.5,,,,,
600900.SH,20221117,20.98,21.28,20.9,21.26,21.05,0.21,0.9976,500392.75,1055850.06,0.5,0.5,,,,,
600900.SH,20221118,21.28,21.38,20.96,21.05,21.26,-0.21,-0.9878,316918.46,669815.145,0.5,0.5,,,,,
600900.SH,20221121,20.98,21.15,20.71,21.09,21.05,0.04,0.19,244794.5,513349.951,0.5,0.5,,,,,
600900.SH,20221122,21.09,21.4,20.93,21.35,21.09,0.26,1.2328,397720.57,842836.851,0.5,0.5,,,,,
600900.SH,20221123,21.3,21.69,21.28,21.36,21.35,0.01,0.0468,425624.01,914509.165,0.5,0.5,,,,,
600900.SH,20221124,21.5,21.68,21.36,21.38,21.36,0.02,0.0936,240667.26,517180.773,0.5,0.5,,,,,
600900.SH,20221125,21.34,21.84,21.31,21.81,21.38,0.43,2.0112,328680.81,713311.958,0.5,0.5,,,,,
600900.SH,20221128,21.55,21.7,21.22,21.5,21.81,-0.31,-1.4214,427665.01,914572.296,0.5,0.5,,,,,
600900.SH,20221129,21.6,21.6,21.25,21.37,21.5,-0.13,-0.6047,633944.94,1355177.08,0.5,0.5,,,,,
600900.SH,20221130,21.3,21.45,21.22,21.22,21.37,-0.15,-0.7019,541587.29,1153443.63,0.5,0.5,,,,,
600900.SH,20221201,21.32,21.43,21.19,21.21,21.22,-0.01,-0.0471,499773.67,1063404.625,0.5,0.5,,,,,
600900.SH,20221202,21.16,21.42,21.16,21.37,21.21,0.16,0.7544,369815.89,787190.585,0.5,0.5,,,,,
600900.SH,20221205,21.42,21.65,21.32,21.55,21.37,0.18,0.8423,498753.26,1072855.802,0.5,0.5,,,,,
600900.SH,20221206,21.45,21.5,21.25,21.27,21.55,-0.28,-1.2993,362753.7,773743.881,0.5,0.5,,,,,
600900.SH,20221207,21.32,21.35,20.82,20.92,21.27,-0.35,-1.6455,622811.75,1311436.759,0.5,0.5,,,,,
600900.SH,20221208,20.87,21.05,20.7,20.9,20.92,-0.02,-0.0956,437711.86,913144.256,0.5,0.5,,,,,
600900.SH,20221209,20.89,21.0,20.81,20.92,20.9,0.02,0.0957,447920.04,937350.501,0.5,0.5,,,,,
600900.SH,20221212,20.86,21.0,20.59,20.68,20.92,-0.24,-1.1472,345921.79,716020.108,0.5,0.5,,,,,
600900.SH,20221213,20.68,20.75,20.44,20.64,20.68,-0.04,-0.1934,334095.32,687959.142,0.5,0.5,,,,,
600900.SH,20221214,20.63,20.73,20.46,20.65,20.64,0.01,0.0484,344510.88,710646.709,0.5,0.5,,,,,
600900.SH,20221215,20.56,20.71,20.45,20.52,20.65,-0.13,-0.6295,382255.67,783882.557,0.5,0.5,,,,,
600900.SH,20221216,20.51,20.86,20.47,20.86,20.52,0.34,1.6569,399035.58,826979.528,0.5,0.5,,,,,
600900.SH,20221219,20.76,20.9,20.35,20.45,20.86,-0.41,-1.9655,462474.19,950569.221,0.5,0.5,,,,,
600900.SH,20221220,20.45,20.6,20.31,20.38,20.45,-0.07,-0.3423,313327.82,640851.445,0.5,0.5,,,,,
600900.SH,20221221,20.42,20.54,20.3,20.46,20.38,0.08,0.3925,275175.08,562397.207,0.5,0.5,,,,,
600900.SH,20221222,20.57,20.68,20.26,20.36,20.46,-0.1,-0.4888,360908.66,738528.913,0.5,0.5,,,,,
600900.SH,20221223,20.31,20.46,20.23,20.41,20.36,0.05,0.2456,355906.13,724538.45,0.5,0.5,,,,,
600900.SH,20221226,20.42,20.5,20.33,20.37,20.41,-0.04,-0.196,292021.35,595661.411,0.5,0.5,,,,,
600900.SH,20221227,20.47,20.6,20.4,20.54,20.37,0.17,0.8346,383369.1,786570.161,0.5,0.5,,,,,
600900.SH,20221228,20.48,20.72,20.46,20.67,20.54,0.13,0.6329,503172.28,1038576.445,0.5,0.5,,,,,
600900.SH,20221229,20.9,21.07,20.53,20.8,20.67,0.13,0.6289,539963.93,1120294.873,0.5,0.5,,,,,
600900.SH,20221230,20.78,21.05,20.71,21.0,20.8,0.2,0.9615,459205.45,961405.512,0.5,0.5,,,,,
600900.SH,20230103,20.95,21.07,20.8,20.91,21.0,-0.09,-0.4286,367992.42,770293.237,0.5,0.5,,,,,
600900.SH,20230104,20.98,20.98,20.76,20.83,20.91,-0.08,-0.3826,273465.67,570385.801,0.5,0.5,,,,,
600900.SH,20230105,20.9,20.97,20.71,20.77,20.83,-0.06,-0.288,439916.25,915497.782,0.5,0.5,,,,,
600900.SH,20230106,20.76,20.91,20.57,20.89,20.77,0.12,0.5778,488491.12,1015151.029,0.5,0.5,,,,,
600900.SH,20230109,20.94,20.95,20.7,20.78,20.89,-0.11,-0.5266,351343.51,730318.635,0.5,0.5,,,,,
600900.SH,20230110,20.72,20.85,20.6,20.63,20.78,-0.15,-0.7218,408130.46,844469.85,0.5,0.5,,,,,
600900.SH,20230111,20.78,21.12,20.77,20.82,20.63,0.19,0.921,645293.04,1351084.314,0.5,0.5,,,,,
600900.SH,20230112,20.85,20.9,20.66,20.68,20.82,-0.14,-0.6724,477777.89,990527.687,0.5,0.5,,,,,
600900.SH,20230113,20.7,20.99,20.65,20.93,20.68,0.25,1.2089,515295.02,1071596.096,0.5,0.5,,,,,
600900.SH,20230116,20.92,21.1,20.85,20.97,20.93,0.04,0.1911,605451.44,1269330.968,0.5,0.5,,,,,
600900.SH,20230117,20.92,21.05,20.67,20.68,20.97,-0.29,-1.3829,677008.42,1404220.055,0.5,0.5,,,,,
600900.SH,20230118,20.73,20.82,20.66,20.7,20.68,0.02,0.0967,422533.75,874530.802,0.5,0.5,,,,,
600900.SH,20230119,20.7,20.7,20.39,20.42,20.7,-0.28,-1.3527,806677.36,1653783.585,0.5,0.5,,,,,
600900.SH,20230120,20.53,21.03,20.45,21.03,20.42,0.61,2.9873,1232713.84,2566913.737,0.5,0.5,,,,,
600900.SH,20230130,21.12,21.16,20.9,20.91,21.03,-0.12,-0.5706,658505.07,1381522.394,0.5,0.5,,,,,
600900.SH,20230131,20.56,20.9,20.56,20.79,20.91,-0.12,-0.5739,671788.9,1396078.214,0.5,0.5,,,,,
600900.SH,20230201,20.85,20.88,20.61,20.79,20.79,0.0,0.0,514269.55,1064625.778,0.5,0.5,,,,,
600900.SH,20230202,20.8,21.02,20.65,20.95,20.79,0.16,0.7696,588708.14,1228163.501,0.5,0.5,,,,,
600900.SH,20230203,20.86,20.97,20.78,20.92,20.95,-0.03,-0.1432,452387.23,943903.106,0.5,0.5,,,,,
600900.SH,20230206,20.82,21.01,20.74,20.98,20.92,0.06,0.2868,385571.13,806174.839,0.5,0.5,,,,,
600900.SH,20230207,21.01,21.38,20.99,21.3,20.98,0.32,1.5253,628512.37,1335553.56,0.5,0.5,,,,,
600900.SH,20230208,21.3,21.47,21.27,21.37,21.3,0.07,0.3286,388671.57,830831.104,0.5,0.5,,,,,
600900.SH,20230209,21.37,21.49,21.26,21.29,21.37,-0.08,-0.3744,369750.75,790488.195,0.5,0.5,,,,,
600900.SH,20230210,21.3,21.33,21.09,21.21,21.29,-0.08,-0.3758,285846.82,605544.999,0.5,0.5,,,,,
600900.SH,20230213,21.14,21.22,21.04,21.11,21.21,-0.1,-0.4715,335156.74,707471.938,0.5,0.5,,,,,
600900.SH,20230214,21.12,21.2,21.05,21.16,21.11,0.05,0.2369,255681.28,540340.174,0.5,0.5,,,,,
600900.SH,20230215,21.15,21.21,20.96,21.05,21.16,-0.11,-0.5198,346348.52,729291.388,0.5,0.5,,,,,
600900.SH,20230216,21.02,21.15,20.82,20.95,21.05,-0.1,-0.4751,497908.37,1047936.871,0.5,0.5,,,,,
600900.SH,20230217,20.94,21.06,20.73,20.76,20.95,-0.19,-0.9069,449434.65,938642.116,0.5,0.5,,,,,
600900.SH,20230220,20.73,21.24,20.73,21.18,20.76,0.42,2.0231,512606.03,1076507.18,0.5,0.5,,,,,
600900.SH,20230221,21.18,21.32,21.12,21.27,21.18,0.09,0.4249,369787.59,785891.395,0.5,0.5,,,,,
600900.SH,20230222,21.27,21.33,21.14,21.14,21.27,-0.13,-0.6112,243146.23,515667.75,0.5,0.5,,,,,
600900.SH,20230223,21.16,21.22,21.05,21.09,21.14,-0.05,-0.2365,356056.74,751510.664,0.5,0.5,,,,,
600900.SH,20230224,21.04,21.13,21.0,21.02,21.09,-0.07,-0.3319,416001.47,875457.032,0.5,0.5,,,,,
600900.SH,20230227,20.97,21.13,20.9,20.95,21.02,-0.07,-0.333,306549.65,643213.642,0.5,0.5,,,,,
600900.SH,20230228,21.0,21.2,20.94,21.16,20.95,0.21,1.0024,370091.83,779944.089,0.5,0.5,,,,,
600900.SH,20230301,21.15,21.45,21.12,21.25,21.16,0.09,0.4253,700933.78,1492960.545,0.5,0.5,,,,,
600900.SH,20230302,21.16,21.27,21.05,21.24,21.25,-0.01,-0.0471,568607.64,1203374.711,0.5,0.5,,,,,
600900.SH,20230303,21.25,21.41,21.2,21.33,21.24,0.09,0.4237,624296.29,1330143.931,0.5,0.5,,,,,
600900.SH,20230306,21.38,21.47,21.2,21.26,21.33,-0.07,-0.3282,623274.07,1326448.4,0.5,0.5,,,,,
600900.SH,20230307,21.27,21.38,21.1,21.13,21.26,-0.13,-0.6115,645874.84,1373064.412,0.5,0.5,,,,,
600900.SH,20230308,21.06,21.12,20.85,20.96,21.13,-0.17,-0.8045,681850.12,1429048.558,0.5,0.5,,,,,
600900.SH,20230309,20.98,20.98,20.79,20.8,20.96,-0.16,-0.7634,533234.8,1111298.762,0.5,0.5,,,,,
600900.SH,20230310,20.71,20.85,20.71,20.75,20.8,-0.05,-0.2404,480711.43,998811.119,0.5,0.5,,,,,
600900.SH,20230313,20.75,20.99,20.71,20.94,20.75,0.19,0.9157,572818.64,1194351.401,0.5,0.5,,,,,
600900.SH,20230314,20.92,21.15,20.88,21.07,20.94,0.13,0.6208,720886.73,1519584.363,0.5,0.5,,,,,
600900.SH,20230315,21.1,21.16,20.89,21.01,21.07,-0.06,-0.2848,543041.26,1140999.144,0.5,0.5,,,,,
600900.SH,20230316,20.96,21.3,20.91,21.21,21.01,0.2,0.9519,811402.4,1721364.627,0.5,0.5,,,,,
600900.SH,20230317,21.3,21.5,21.2,21.2,21.21,-0.01,-0.0471,638240.85,1363129.579,0.5,0.5,,,,,
600900.SH,20230320,21.18,21.36,20.92,20.95,21.2,-0.25,-1.1792,497955.8,1050676.177,0.5,0.5,,,,,
600900.SH,20230321,20.97,21.1,20.92,20.94,20.95,-0.01,-0.0477,384451.97,806307.995,0.5,0.5,,,,,
600900.SH,20230322,21.15,21.22,20.92,20.97,20.94,0.03,0.1433,490534.26,1031522.057,0.5,0.5,,,,,
600900.SH,20230323,20.95,20.98,20.81,20.92,20.97,-0.05,-0.2384,532132.63,1111345.958,0.5,0.5,,,,,
600900.SH,20230324,20.92,20.99,20.73,20.78,20.92,-0.14,-0.6692,621817.59,1294541.244,0.5,0.5,,,,,
600900.SH,20230327,20.79,20.82,20.28,20.32,20.78,-0.46,-2.2137,1232322.25,2518121.683,0.5,0.5,,,,,
600900.SH,20230328,20.38,20.38,20.02,20.18,20.32,-0.14,-0.689,1298541.3,2614061.928,0.5,0.5,,,,,
600900.SH,20230329,20.28,20.79,20.22,20.72,20.18,0.54,2.6759,1762968.9,3615626.888,0.5,0.5,,,,,
600900.SH,20230330,20.65,21.26,20.65,21.22,20.72,0.5,2.4131,1596218.91,3368059.526,0.5,0.5,,,,,
600900.SH,20230331,21.22,21.34,21.14,21.25,21.22,0.03,0.1414,722900.18,1535877.53,0.5,0.5,,,,,
600900.SH,20230403,21.2,21.25,21.08,21.1,21.25,-0.15,-0.7059,416840.38,880780.419,0.5,0.5,,,,,
600900.SH,20230404,21.09,21.3,21.06,21.27,21.1,0.17,0.8057,523569.77,1110287.682,0.5,0.5,,,,,
600900.SH,20230406,21.24,21.28,21.11,21.2,21.27,-0.07,-0.3291,245027.46,519189.824,0.5,0.5,,,,,
600900.SH,20230407,21.21,21.26,21.01,21.08,21.2,-0.12,-0.566,290180.13,612089.299,0.5,0.5,,,,,
600900.SH,20230410,21.18,21.29,21.09,21.24,21.08,0.16,0.759,322785.14,684943.516,0.5,0.5,,,,,
600900.SH,20230411,21.29,21.32,21.1,21.28,21.24,0.04,0.1883,407301.52,864131.766,0.5,0.5,,,,,
600900.SH,20230412,21.3,21.49,21.22,21.4,21.28,0.12,0.5639,418299.4,895041.803,0.5,0.5,,,,,
600900.SH,20230413,21.37,21.45,21.1,21.15,21.4,-0.25,-1.1682,469738.74,996035.683,0.5,0.5,,,,,
600900.SH,20230414,21.21,21.37,21.18,21.21,21.15,0.06,0.2837,381914.01,812423.384,0.5,0.5,,,,,
600900.SH,20230417,21.2,21.3,21.13,21.3,21.21,0.09,0.4243,420521.38,892428.995,0.5,0.5,,,,,
600900.SH,20230418,21.3,21.36,21.17,21.26,21.3,-0.04,-0.1878,413559.33,877948.03,0.5,0.5,,,,,
600900.SH,20230419,21.28,21.34,21.05,21.08,21.26,-0.18,-0.8467,723769.37,1532220.043,0.5,0.5,,,,,
600900.SH,20230420,21.09,21.17,20.98,21.13,21.08,0.05,0.2372,475778.94,1002741.154,0.5,0.5,,,,,
600900.SH,20230421,21.14,21.43,21.04,21.06,21.13,-0.07,-0.3313,700334.86,1488286.839,0.5,0.5,,,,,
600900.SH,20230424,21.15,21.24,20.99,21.03,21.06,-0.03,-0.1425,471080.07,993415.267,0.5,0.5,,,,,
600900.SH,20230425,21.01,21.22,20.98,21.17,21.03,0.14,0.6657,484188.81,1023228.678,0.5,0.5,,,,,
600900.SH,20230426,21.18,21.38,21.14,21.18,21.17,0.01,0.0472,453451.0,963342.48,0.5,0.5,,,,,
600900.SH,20230427,21.29,21.92,21.22,21.89,21.18,0.71,3.3522,945611.77,2047798.383,0.5,0.5,,,,,
600900.SH,20230428,21.82,21.96,21.62,21.88,21.89,-0.01,-0.0457,660156.41,1439296.571,0.5,0.5,,,,,
600900.SH,20230504,21.88,22.56,21.72,22.56,21.88,0.68,3.1079,856299.94,1906221.121,0.5,0.5,,,,,
600900.SH,20230505,22.42,22.42,22.06,22.1,22.56,-0.46,-2.039,613816.74,1361763.407,0.5,0.5,,,,,
600900.SH,20230508,22.1,22.41,22.01,22.34,22.1,0.24,1.086,689703.95,1532070.56,0.5,0.5,,,,,
600900.SH,20230509,22.27,23.09,22.22,22.75,22.34,0.41,1.8353,974938.18,2223384.549,0.5,0.5,,,,,
600900.SH,20230510,22.75,23.21,22.39,22.39,22.75,-0.36,-1.5824,685452.26,1558869.165,0.5,0.5,,,,,
600900.SH,20230511,22.53,23.03,22.42,22.8,22.39,0.41,1.8312,538422.82,1227855.358,0.5,0.5,,,,,
600900.SH,20230512,22.84,23.15,22.7,22.91,22.8,0.11,0.4825,682035.07,1563876.902,0.5,0.5,,,,,
600900.SH,20230515,22.8,23.01,22.71,23.0,22.91,0.09,0.3928,530322.88,1214174.617,0.5,0.5,,,,,
600900.SH,20230516,23.0,23.13,22.71,22.96,23.0,-0.04,-0.1739,564169.56,1294922.459,0.5,0.5,,,,,
600900.SH,20230517,22.98,23.13,22.81,22.88,22.96,-0.08,-0.3484,450117.22,1032793.262,0.5,0.5,,,,,
600900.SH,20230518,22.92,23.27,22.91,23.08,22.88,0.2,0.8741,468708.02,1083068.418,0.5,0.5,,,,,
600900.SH,20230519,23.01,23.08,22.81,22.82,23.08,-0.26,-1.1265,361886.27,828257.693,0.5,0.5,,,,,
600900.SH,20230522,22.94,23.32,22.86,23.23,22.82,0.41,1.7967,582943.05,1351315.372,0.5,0.5,,,,,
600900.SH,20230523,23.24,23.33,23.04,23.04,23.23,-0.19,-0.8179,330978.02,766352.239,0.5,0.5,,,,,
600900.SH,20230524,23.04,23.08,22.63,22.63,23.04,-0.41,-1.7795,476768.19,1085587.504,0.5,0.5,,,,,
600900.SH,20230525,22.62,22.8,22.52,22.7,22.63,0.07,0.3093,369269.6,836120.624,0.5,0.5,,,,,
600900.SH,20230526,22.72,22.83,22.54,22.56,22.7,-0.14,-0.6167,275607.41,624126.106,0.5,0.5,,,,,
600900.SH,20230529,22.62,22.93,22.61,22.89,22.56,0.33,1.4628,401643.8,916101.394,0.5,0.5,,,,,
600900.SH,20230530,22.88,22.94,22.48,22.75,22.89,-0.14,-0.6116,451086.75,1022565.167,0.5,0.5,,,,,
600900.SH,20230531,22.61,22.64,22.14,22.51,22.75,-0.24,-1.0549,725718.54,1621345.193,0.5,0.5,,,,,
600900.SH,20230601,22.44,22.6,22.32,22.38,22.51,-0.13,-0.5775,388153.83,871584.836,0.5,0.5,,,,,
600900.SH,20230602,22.48,22.49,22.26,22.33,22.38,-0.05,-0.2234,391962.16,876639.362,0.5,0.5,,,,,
600900.SH,20230605,22.39,22.6,22.35,22.45,22.33,0.12,0.5374,316184.93,711047.272,0.5,0.5,,,,,
600900.SH,20230606,22.45,22.57,22.27,22.32,22.45,-0.13,-0.5791,286429.97,642179.556,0.5,0.5,,,,,
600900.SH,20230607,22.4,22.5,22.29,22.34,22.32,0.02,0.0896,321937.66,721404.038,0.5,0.5,,,,,
600900.SH,20230608,22.39,22.68,22.35,22.66,22.34,0.32,1.4324,289756.56,653582.57,0.5,0.5,,,,,
600900.SH,20230609,22.65,22.92,22.63,22.86,22.66,0.2,0.8826,375421.01,856273.671,0.5,0.5,,,,,
600900.SH,20230612,22.84,22.88,22.37,22.38,22.86,-0.48,-2.0997,489731.14,1103359.535,0.5,0.5,,,,,
600900.SH,20230613,22.39,22.48,22.21,22.3,22.38,-0.08,-0.3575,417252.57,931606.454,0.5,0.5,,,,,
600900.SH,20230614,22.38,22.52,22.25,22.25,22.3,-0.05,-0.2242,364015.69,815059.93,0.5,0.5,,,,,
600900.SH,20230615,22.32,22.38,22.04,22.28,22.25,0.03,0.1348,443242.54,984149.827,0.5,0.5,,,,,
600900.SH,20230616,22.3,22.49,22.07,22.2,22.28,-0.08,-0.3591,584769.97,1298503.262,0.5,0.5,,,,,
600900.SH,20230619,22.12,22.21,21.89,22.18,22.2,-0.02,-0.0901,473139.24,1043945.367,0.5,0.5,,,,,
600900.SH,20230620,22.12,22.27,22.08,22.09,22.18,-0.09,-0.4058,316146.74,700793.49,0.5,0.5,,,,,
600900.SH,20230621,22.2,22.4,22.09,22.1,22.09,0.01,0.0453,405526.4,902651.864,0.5,0.5,,,,,
600900.SH,20230626,22.1,22.26,21.9,22.24,22.1,0.14,0.6335,562346.19,1244813.411,0.5,0.5,,,,,
600900.SH,20230627,22.24,22.27,21.91,22.12,22.24,-0.12,-0.5396,381323.65,842098.82,0.5,0.5,,,,,
600900.SH,20230628,22.14,22.5,22.1,22.48,22.12,0.36,1.6275,567813.0,1269911.538,0.5,0.5,,,,,
600900.SH,20230629,22.48,22.49,22.09,22.13,22.48,-0.35,-1.5569,499002.68,1108293.283,0.5,0.5,,,,,
600900.SH,20230630,22.13,22.23,22.02,22.06,22.13,-0.07,-0.3163,414026.56,914645.575,0.5,0.5,,,,,
600900.SH,20230703,22.09,22.23,22.08,22.12,22.06,0.06,0.272,371266.95,821483.88,0.5,0.5,,,,,
600900.SH,20230704,22.12,22.22,21.99,22.05,22.12,-0.07,-0.3165,345039.54,760654.322,0.5,0.5,,,,,
600900.SH,20230705,22.08,22.23,22.02,22.07,22.05,0.02,0.0907,306868.39,678071.651,0.5,0.5,,,,,
600900.SH,20230706,22.07,22.16,21.94,22.0,22.07,-0.07,-0.3172,348556.3,767718.38,0.5,0.5,,,,,
600900.SH,20230707,21.96,22.08,21.94,22.0,22.0,0.0,0.0,506868.48,1115163.637,0.5,0.5,,,,,
600900.SH,20230710,22.05,22.12,21.95,22.0,22.0,0.0,0.0,336731.55,740929.327,0.5,0.5,,,,,
600900.SH,20230711,22.05,22.05,21.86,22.0,22.0,0.0,0.0,485493.4,1066315.664,0.5,0.5,,,,,
600900.SH,20230712,21.95,22.18,21.89,22.14,22.0,0.14,0.6364,505245.8,1115293.242,0.5,0.5,,,,,
600900.SH,20230713,22.14,22.55,22.08,22.42,22.14,0.28,1.2647,647381.73,1449384.126,0.5,0.5,,,,,
600900.SH,20230714,22.38,22.55,22.31,22.47,22.42,0.05,0.223,387169.92,869178.833,0.5,0.5,,,,,
600900.SH,20230717,22.48,22.54,22.32,22.44,22.47,-0.03,-0.1335,196928.52,441213.586,0.5,0.5,,,,,
600900.SH,20230718,22.47,22.53,22.38,22.41,22.44,-0.03,-0.1337,268521.18,602593.953,0.5,0.5,,,,,
600900.SH,20230719,22.32,22.52,22.32,22.5,22.41,0.09,0.4016,330672.42,743226.348,0.5,0.5,,,,,
600900.SH,20230720,22.58,22.61,22.4,22.4,22.5,-0.1,-0.4444,434410.48,978367.222,0.5,0.5,,,,,
600900.SH,20230721,21.6,21.85,21.56,21.6,21.58,0.02,0.0927,550370.5,1192718.568,0.5,0.5,,,,,
600900.SH,20230724,21.5,21.68,21.47,21.56,21.6,-0.04,-0.1852,276959.1,596740.19,0.5,0.5,,,,,
600900.SH,20230725,21.64,21.64,21.25,21.33,21.56,-0.23,-1.0668,764038.11,1631583.708,0.5,0.5,,,,,
600900.SH,20230726,21.33,21.4,21.22,21.39,21.33,0.06,0.2813,482595.84,1028987.379,0.5,0.5,,,,,
600900.SH,20230727,21.37,21.49,21.2,21.23,21.39,-0.16,-0.748,413651.68,882205.138,0.5,0.5,,,,,
600900.SH,20230728,21.22,21.39,21.14,21.34,21.23,0.11,0.5181,589361.12,1253797.045,0.5,0.5,,,,,
600900.SH,20230731,21.33,21.65,21.33,21.46,21.34,0.12,0.5623,668329.72,1436470.249,0.5,0.5,,,,,
600900.SH,20230801,21.5,21.72,21.45,21.72,21.46,0.26,1.2116,489135.43,1055453.761,0.5,0.5,,,,,
600900.SH,20230802,21.7,21.72,21.52,21.59,21.72,-0.13,-0.5985,322538.5,696646.435,0.5,0.5,,,,,
600900.SH,20230803,21.64,21.7,21.54,21.66,21.59,0.07,0.3242,341634.38,739362.661,0.5,0.5,,,,,
600900.SH,20230804,21.66,21.82,21.48,21.54,21.66,-0.12,-0.554,403813.32,871899.356,0.5,0.5,,,,,
600900.SH,20230807,21.55,21.95,21.52,21.92,21.54,0.38,1.7642,553820.78,1208238.982,0.5,0.5,,,,,
600900.SH,20230808,21.84,22.11,21.84,22.1,21.92,0.18,0.8212,388447.48,855559.361,0.5,0.5,,,,,
600900.SH,20230809,22.09,22.16,21.81,22.11,22.1,0.01,0.0452,415777.14,915613.751,0.5,0.5,,,,,
600900.SH,20230810,22.11,22.16,21.97,22.09,22.11,-0.02,-0.0905,230600.3,509011.35,0.5,0.5,,,,,
600900.SH,20230811,22.08,22.11,21.75,21.75,22.09,-0.34,-1.5392,320195.4,700996.136,0.5,0.5,,,,,
600900.SH,20230814,21.7,21.95,21.55,21.81,21.75,0.06,0.2759,550766.35,1197466.595,0.5,0.5,,,,,
600900.SH,20230815,21.8,22.08,21.76,22.02,21.81,0.21,0.9629,456950.84,1005038.904,0.5,0.5,,,,,
600900.SH,20230816,22.03,22.07,21.81,21.87,22.02,-0.15,-0.6812,251788.33,551426.663,0.5,0.5,,,,,
600900.SH,20230817,21.82,22.14,21.77,22.12,21.87,0.25,1.1431,372769.97,819974.852,0.5,0.5,,,,,
600900.SH,20230818,22.06,22.27,22.05,22.06,22.12,-0.06,-0.2712,286026.55,633082.568,0.5,0.5,,,,,
600900.SH,20230821,22.06,22.15,21.85,21.85,22.06,-0.21,-0.9519,311022.19,684516.265,0.5,0.5,,,,,
600900.SH,20230822,21.94,22.1,21.79,22.0,21.85,0.15,0.6865,416033.69,914974.619,0.5,0.5,,,,,
600900.SH,20230823,22.03,22.19,21.91,21.95,22.0,-0.05,-0.2273,337486.78,744363.123,0.5,0.5,,,,,
600900.SH,20230824,21.92,21.99,21.75,21.77,21.95,-0.18,-0.82,388034.75,847106.667,0.5,0.5,,,,,
600900.SH,20230825,21.75,22.2,21.72,22.16,21.77,0.39,1.7915,460902.26,1016855.128,0.5,0.5,,,,,
600900.SH,20230828,22.5,22.55,21.99,22.12,22.16,-0.04,-0.1805,749759.81,1662876.023,0.5,0.5,,,,,
600900.SH,20230829,22.12,22.28,21.89,21.92,22.12,-0.2,-0.9042,533861.87,1179054.889,0.5,0.5,,,,,
600900.SH,20230830,22.0,22.14,21.91,21.97,21.92,0.05,0.2281,334007.27,734543.74,0.5,0.5,,,,,
600900.SH,20230831,21.95,22.16,21.9,22.06,21.97,0.09,0.4096,473136.02,1041852.818,0.5,0.5,,,,,
600900.SH,20230901,22.01,22.06,21.75,21.81,22.06,-0.25,-1.1333,530415.77,1159084.272,0.5,0.5,,,,,
600900.SH,20230904,21.9,21.91,21.58,21.67,21.81,-0.14,-0.6419,748232.74,1623177.807,0.5,0.5,,,,,
600900.SH,20230905,21.67,21.92,21.62,21.89,21.67,0.22,1.0152,584108.44,1273652.536,0.5,0.5,,,,,
600900.SH,20230906,21.82,21.95,21.8,21.81,21.89,-0.08,-0.3655,249716.36,545903.54,0.5,0.5,,,,,
600900.SH,20230907,21.85,21.93,21.68,21.85,21.81,0.04,0.1834,438932.55,958542.911,0.5,0.5,,,,,
600900.SH,20230908,21.82,21.89,21.71,21.84,21.85,-0.01,-0.0458,286678.54,625457.629,0.5,0.5,,,,,
600900.SH,20230911,21.83,22.06,21.83,21.99,21.84,0.15,0.6868,383446.47,842758.161,0.5,0.5,,,,,
600900.SH,20230912,21.96,22.08,21.89,22.07,21.99,0.08,0.3638,318434.04,700757.182,0.5,0.5,,,,,
600900.SH,20230913,22.1,22.33,22.01,22.25,22.07,0.18,0.8156,633341.36,1407844.212,0.5,0.5,,,,,
600900.SH,20230914,22.37,22.8,22.26,22.69,22.25,0.44,1.9775,790227.97,1786148.692,0.5,0.5,,,,,
600900.SH,20230915,22.69,22.79,22.4,22.52,22.69,-0.17,-0.7492,495417.59,1117513.23,0.5,0.5,,,,,
600900.SH,20230918,22.46,22.56,22.32,22.41,22.52,-0.11,-0.4885,396915.37,889442.041,0.5,0.5,,,,,
600900.SH,20230919,22.38,22.57,22.3,22.53,22.41,0.12,0.5355,297394.54,668334.198,0.5,0.5,,,,,
600900.SH,20230920,22.52,22.62,22.41,22.56,22.53,0.03,0.1332,280077.33,631401.655,0.5,0.5,,,,,
600900.SH,20230921,22.57,22.64,22.37,22.38,22.56,-0.18,-0.7979,363654.79,817129.755,0.5,0.5,,,,,
600900.SH,20230922,22.44,22.55,22.32,22.48,22.38,0.1,0.4468,449178.25,1007774.66,0.5,0.5,,,,,
600900.SH,20230925,22.59,22.66,22.38,22.49,22.48,0.01,0.0445,340860.51,768741.207,0.5,0.5,,,,,
600900.SH,20230926,22.54,22.54,22.33,22.41,22.49,-0.08,-0.3557,257165.99,576492.679,0.5,0.5,,,,,
600900.SH,20230927,22.46,22.47,22.18,22.21,22.41,-0.2,-0.8925,397997.05,886397.527,0.5,0.5,,,,,
600900.SH,20230928,22.26,22.38,22.23,22.24,22.21,0.03,0.1351,344074.02,767155.323,0.5,0.5,,,,,
600900.SH,20231009,22.25,22.72,22.25,22.56,22.24,0.32,1.4388,543934.12,1226702.85,0.5,0.5,,,,,
600900.SH,20231010,22.7,22.7,22.44,22.61,22.56,0.05,0.2216,361180.46,816386.874,0.5,0.5,,,,,
600900.SH,20231011,22.67,22.89,22.6,22.63,22.61,0.02,0.0885,407657.37,927786.042,0.5,0.5,,,,,
600900.SH,20231012,22.89,22.89,22.54,22.62,22.63,-0.01,-0.0442,295305.65,668632.578,0.5,0.5,,,,,
600900.SH,20231013,22.55,22.78,22.55,22.74,22.62,0.12,0.5305,359194.04,814939.457,0.5,0.5,,,,,
600900.SH,20231016,22.78,23.0,22.69,22.78,22.74,0.04,0.1759,474980.27,1083315.95,0.5,0.5,,,,,
600900.SH,20231017,22.81,22.99,22.73,22.96,22.78,0.18,0.7902,416973.26,955017.604,0.5,0.5,,,,,
600900.SH,20231018,23.05,23.18,22.86,22.95,22.96,-0.01,-0.0436,498013.08,1145979.163,0.5,0.5,,,,,
600900.SH,20231019,22.86,22.99,22.53,22.55,22.95,-0.4,-1.7429,487665.64,1106303.693,0.5,0.5,,,,,
600900.SH,20231020,22.55,22.68,22.35,22.35,22.55,-0.2,-0.8869,628851.48,1414564.177,0.5,0.5,,,,,
600900.SH,20231023,22.35,22.63,22.2,22.29,22.35,-0.06,-0.2685,538435.91,1206621.187,0.5,0.5,,,,,
600900.SH,20231024,22.36,22.67,22.18,22.6,22.29,0.31,1.3908,533077.01,1196660.148,0.5,0.5,,,,,
600900.SH,20231025,22.6,22.62,21.9,21.91,22.6,-0.69,-3.0531,1005228.54,2220073.377,0.5,0.5,,,,,
600900.SH,20231026,21.85,22.35,21.82,22.33,21.91,0.42,1.9169,666489.35,1479450.09,0.5,0.5,,,,,
600900.SH,20231027,22.32,22.47,22.21,22.24,22.33,-0.09,-0.403,548440.6,1225705.131,0.5,0.5,,,,,
600900.SH,20231030,22.26,22.58,22.24,22.45,22.24,0.21,0.9442,728356.49,1635519.655,0.5,0.5,,,,,
600900.SH,20231031,22.38,22.65,22.27,22.57,22.45,0.12,0.5345,637526.99,1434746.126,0.5,0.5,,,,,
600900.SH,20231101,22.58,22.74,22.4,22.66,22.57,0.09,0.3988,590463.55,1335207.793,0.5,0.5,,,,,
600900.SH,20231102,22.77,22.85,22.63,22.76,22.66,0.1,0.4413,434397.33,989336.982,0.5,0.5,,,,,
600900.SH,20231103,22.76,22.97,22.67,22.71,22.76,-0.05,-0.2197,547430.02,1249401.663,0.5,0.5,,,,,
600900.SH,20231106,22.74,22.77,22.18,22.24,22.71,-0.47,-2.0696,1002465.99,2237002.524,0.5,0.5,,,,,
600900.SH,20231107,22.24,22.34,22.17,22.27,22.24,0.03,0.1349,352990.9,786444.778,0.5,0.5,,,,,
600900.SH,20231108,22.29,22.45,22.29,22.37,22.27,0.1,0.449,323137.09,722886.394,0.5,0.5,,,,,
600900.SH,20231109,22.37,22.65,22.32,22.57,22.37,0.2,0.8941,525440.27,1183677.945,0.5,0.5,,,,,
600900.SH,20231110,22.57,22.66,22.36,22.57,22.57,0.0,0.0,437302.48,984512.101,0.5,0.5,,,,,
600900.SH,20231113,22.51,22.55,22.34,22.53,22.57,-0.04,-0.1772,324293.37,728031.455,0.5,0.5,,,,,
600900.SH,20231114,22.53,22.62,22.36,22.37,22.53,-0.16,-0.7102,477469.3,1071647.633,0.5,0.5,,,,,
600900.SH,20231115,22.37,22.62,22.37,22.6,22.37,0.23,1.0282,480395.81,1082387.59,0.5,0.5,,,,,
600900.SH,20231116,22.56,22.73,22.52,22.71,22.6,0.11,0.4867,712630.04,1615397.746,0.5,0.5,,,,,
600900.SH,20231117,22.65,22.77,22.49,22.62,22.71,-0.09,-0.3963,406685.74,918639.537,0.5,0.5,,,,,
600900.SH,20231120,22.66,22.74,22.59,22.65,22.62,0.03,0.1326,343585.61,778524.093,0.5,0.5,,,,,
600900.SH,20231121,22.62,22.79,22.61,22.7,22.65,0.05,0.2208,471897.84,1071485.395,0.5,0.5,,,,,
600900.SH,20231122,22.7,22.78,22.6,22.7,22.7,0.0,0.0,338046.88,767433.99,0.5,0.5,,,,,
600900.SH,20231123,22.67,22.73,22.47,22.62,22.7,-0.08,-0.3524,403903.83,911195.957,0.5,0.5,,,,,
600900.SH,20231124,22.58,22.85,22.56,22.68,22.62,0.06,0.2653,553933.94,1259538.809,0.5,0.5,,,,,
600900.SH,20231127,22.68,22.72,22.49,22.61,22.68,-0.07,-0.3086,526889.42,1188192.066,0.5,0.5,,,,,
600900.SH,20231128,22.61,22.62,22.45,22.5,22.61,-0.11,-0.4865,380658.17,856426.256,0.5,0.5,,,,,
600900.SH,20231129,22.54,22.54,22.4,22.46,22.5,-0.04,-0.1778,530491.06,1191811.825,0.5,0.5,,,,,
600900.SH,20231130,22.53,22.83,22.47,22.83,22.46,0.37,1.6474,932514.29,2120302.511,0.5,0.5,,,,,
600900.SH,20231201,22.88,22.89,22.62,22.73,22.83,-0.1,-0.438,576681.31,1310247.989,0.5,0.5,,,,,
600900.SH,20231204,22.73,22.76,22.62,22.7,22.73,-0.03,-0.132,367360.02,833531.569,0.5,0.5,,,,,
600900.SH,20231205,22.69,22.82,22.53,22.58,22.7,-0.12,-0.5286,659551.34,1497277.647,0.5,0.5,,,,,
600900.SH,20231206,22.55,22.58,22.39,22.5,22.58,-0.08,-0.3543,607310.04,1365199.239,0.5,0.5,,,,,
600900.SH,20231207,22.46,22.65,22.43,22.6,22.5,0.1,0.4444,461341.77,1041893.357,0.5,0.5,,,,,
600900.SH,20231208,22.55,22.65,22.45,22.62,22.6,0.02,0.0885,652140.67,1471195.06,0.5,0.5,,,,,
600900.SH,20231211,22.52,22.86,22.35,22.82,22.62,0.2,0.8842,913256.35,2066586.43,0.5,0.5,,,,,
600900.SH,20231212,22.73,23.01,22.72,22.98,22.82,0.16,0.7011,547463.91,1253897.53,0.5,0.5,,,,,
600900.SH,20231213,22.97,23.05,22.91,22.99,22.98,0.01,0.0435,457809.51,1052460.094,0.5,0.5,,,,,
600900.SH,20231214,22.99,23.08,22.81,23.01,22.99,0.02,0.087,463823.91,1066767.039,0.5,0.5,,,,,
600900.SH,20231215,23.0,23.15,22.77,22.78,23.01,-0.23,-0.9996,660778.81,1514697.782,0.5,0.5,,,,,
600900.SH,20231218,22.78,23.07,22.78,23.07,22.78,0.29,1.273,463202.84,1064746.657,0.5,0.5,,,,,
600900.SH,20231219,23.07,23.13,22.97,23.05,23.07,-0.02,-0.0867,563287.93,1297691.999,0.5,0.5,,,,,
600900.SH,20231220,23.06,23.48,23.04,23.3,23.05,0.25,1.0846,700385.02,1632153.549,0.5,0.5,,,,,
600900.SH,20231221,23.28,23.36,23.09,23.15,23.3,-0.15,-0.6438,692876.99,1606989.367,0.5,0.5,,,,,
600900.SH,20231222,23.16,23.3,23.11,23.18,23.15,0.03,0.1296,553687.91,1285336.172,0.5,0.5,,,,,
600900.SH,20231225,23.18,23.42,23.11,23.4,23.18,0.22,0.9491,442479.99,1031041.466,0.5,0.5,,,,,
600900.SH,20231226,23.4,23.7,23.38,23.53,23.4,0.13,0.5556,615197.17,1449802.231,0.5,0.5,,,,,
600900.SH,20231227,23.49,23.59,23.34,23.53,23.53,0.0,0.0,562785.43,1321553.822,0.5,0.5,,,,,
600900.SH,20231228,23.55,23.79,23.18,23.28,23.53,-0.25,-1.0625,907283.28,2121260.477,0.5,0.5,,,,,
600900.SH,20231229,23.3,23.36,23.11,23.34,23.28,0.06,0.2577,628468.5,1462118.982,0.5,0.5,,,,,
600900.SH,20240102,23.34,23.77,23.32,23.68,23.34,0.34,1.4567,688802.98,1627813.605,0.5,0.5,,,,,
600900.SH,20240103,23.67,23.8,23.6,23.76,23.68,0.08,0.3378,607525.12,1439625.327,0.5,0.5,,,,,
600900.SH,20240104,23.8,23.98,23.61,23.8,23.76,0.04,0.1684,613423.35,1458263.732,0.5,0.5,,,,,
600900.SH,20240105,23.78,23.95,23.66,23.74,23.8,-0.06,-0.2521,705631.21,1680566.823,0.5,0.5,,,,,
600900.SH,20240108,23.74,23.82,23.53,23.6,23.74,-0.14,-0.5897,654394.03,1546139.934,0.5,0.5,,,,,
600900.SH,20240109,23.6,23.68,23.3,23.54,23.6,-0.06,-0.2542,801505.03,1884034.535,0.5,0.5,,,,,
600900.SH,20240110,23.51,23.64,23.21,23.34,23.54,-0.2,-0.8496,672430.39,1569818.929,0.5,0.5,,,,,
600900.SH,20240111,23.38,23.39,23.11,23.18,23.34,-0.16,-0.6855,609198.82,1415166.913,0.5,0.5,,,,,
600900.SH,20240112,23.09,23.59,23.09,23.53,23.18,0.35,1.5099,620056.21,1452655.348,0.5,0.5,,,,,
600900.SH,20240115,23.48,23.65,23.4,23.5,23.53,-0.03,-0.1275,409876.62,964175.881,0.5,0.5,,,,,
600900.SH,20240116,23.42,23.57,23.3,23.55,23.5,0.05,0.2128,578342.55,1355366.874,0.5,0.5,,,,,
600900.SH,20240117,23.55,23.6,23.32,23.32,23.55,-0.23,-0.9766,665091.31,1559265.044,0.5,0.5,,,,,
600900.SH,20240118,23.3,23.42,22.88,23.32,23.32,0.0,0.0,1227389.21,2841916.74,0.5,0.5,,,,,
600900.SH,20240119,23.3,23.52,23.12,23.5,23.32,0.18,0.7719,944947.49,2208441.097,0.5,0.5,,,,,
600900.SH,20240122,23.16,23.48,23.07,23.23,23.5,-0.27,-1.1489,1107906.46,2581327.056,0.5,0.5,,,,,
600900.SH,20240123,23.16,23.35,22.93,23.25,23.23,0.02,0.0861,853064.05,1971733.022,0.5,0.5,,,,,
600900.SH,20240124,23.31,23.87,23.28,23.85,23.25,0.6,2.5806,1086490.42,2566320.795,0.5,0.5,,,,,
600900.SH,20240125,23.86,24.1,23.71,23.94,23.85,0.09,0.3774,828912.86,1978742.267,0.5,0.5,,,,,
600900.SH,20240126,23.85,24.19,23.81,24.13,23.94,0.19,0.7937,713703.24,1712379.231,0.5,0.5,,,,,
600900.SH,20240129,24.09,24.5,24.06,24.27,24.13,0.14,0.5802,694169.61,1691010.353,0.5,0.5,,,,,
600900.SH,20240130,24.26,24.36,24.01,24.1,24.27,-0.17,-0.7005,797843.98,1927743.954,0.5,0.5,,,,,
600900.SH,20240131,24.08,24.46,24.03,24.4,24.1,0.3,1.2448,885501.52,2155156.152,0.5,0.5,,,,,
600900.SH,20240201,24.3,24.44,24.15,24.15,24.4,-0.25,-1.0246,660741.08,1601356.833,0.5,0.5,,,,,
600900.SH,20240202,24.22,24.52,24.15,24.28,24.15,0.13,0.5383,1018175.1,2482060.135,0.5,0.5,,,,,
600900.SH,20240205,24.35,24.88,24.29,24.76,24.28,0.48,1.9769,1149371.32,2832953.858,0.5,0.5,,,,,
600900.SH,20240206,24.7,25.26,24.58,24.72,24.76,-0.04,-0.1616,1266030.4,3150676.353,0.5,0.5,,,,,
600900.SH,20240207,24.79,24.8,24.24,24.7,24.72,-0.02,-0.0809,1356422.38,3325417.287,0.5,0.5,,,,,
600900.SH,20240208,24.61,24.74,24.4,24.64,24.7,-0.06,-0.2429,874972.17,2150797.174,0.5,0.5,,,,,
600900.SH,20240219,24.58,25.29,24.5,25.2,24.64,0.56,2.2727,872456.84,2183694.504,0.5,0.5,,,,,
600900.SH,20240220,25.18,25.72,25.11,25.54,25.2,0.34,1.3492,686083.78,1750801.469,0.5,0.5,,,,,
600900.SH,20240221,25.52,25.7,25.39,25.39,25.54,-0.15,-0.5873,798775.92,2040015.337,0.5,0.5,,,,,
600900.SH,20240222,25.5,25.68,25.36,25.55,25.39,0.16,0.6302,666892.15,1701564.035,0.5,0.5,,,,,
600900.SH,20240223,25.5,25.74,25.32,25.69,25.55,0.14,0.5479,610305.79,1558028.569,0.5,0.5,,,,,
600900.SH,20240226,25.49,25.54,24.93,24.95,25.69,-0.74,-2.8805,805884.51,2031771.86,0.5,0.5,,,,,
600900.SH,20240227,24.91,25.04,24.82,24.93,24.95,-0.02,-0.0802,546550.99,1361112.175,0.5,0.5,,,,,
600900.SH,20240228,24.82,25.44,24.59,25.3,24.93,0.37,1.4842,1202233.09,3011572.334,0.5,0.5,,,,,
600900.SH,20240229,25.2,25.32,25.0,25.05,25.3,-0.25,-0.9881,762287.1,1914111.616,0.5,0.5,,,,,
600900.SH,20240301,25.05,25.15,24.9,25.0,25.05,-0.05,-0.1996,571129.14,1427971.157,0.5,0.5,,,,,
600900.SH,20240304,24.97,25.47,24.87,25.45,25.0,0.45,1.8,863298.95,2180343.415,0.5,0.5,,,,,
600900.SH,20240305,25.35,26.0,25.33,25.94,25.45,0.49,1.9253,988443.38,2550840.673,0.5,0.5,,,,,
600900.SH,20240306,25.9,26.3,25.81,25.86,25.94,-0.08,-0.3084,877754.0,2284641.773,0.5,0.5,,,,,
600900.SH,20240307,25.85,26.12,25.8,25.9,25.86,0.04,0.1547,766939.45,1987481.632,0.5,0.5,,,,,
600900.SH,20240308,25.92,26.09,25.76,25.83,25.9,-0.07,-0.2703,614489.03,1589578.909,0.5,0.5,,,,,
600900.SH,20240311,25.77,25.99,25.57,25.76,25.83,-0.07,-0.271,768872.09,1980534.434,0.5,0.5,,,,,
600900.SH,20240312,25.7,25.75,24.76,24.83,25.76,-0.93,-3.6102,1590726.92,3993859.961,0.5,0.5,,,,,
600900.SH,20240313,24.83,24.93,24.51,24.89,24.83,0.06,0.2416,1294033.61,3201049.1,0.5,0.5,,,,,
600900.SH,20240314,24.76,24.88,24.59,24.69,24.89,-0.2,-0.8035,999131.94,2471465.58,0.5,0.5,,,,,
600900.SH,20240315,24.69,24.93,24.66,24.71,24.69,0.02,0.081,739469.91,1831479.869,0.5,0.5,,,,,
600900.SH,20240318,24.69,24.87,24.61,24.67,24.71,-0.04,-0.1619,800083.45,1976509.115,0.5,0.5,,,,,
600900.SH,20240319,24.67,24.98,24.6,24.72,24.67,0.05,0.2027,791305.09,1963356.129,0.5,0.5,,,,,
600900.SH,20240320,24.72,25.22,24.66,25.0,24.72,0.28,1.1327,1046358.92,2615165.511,0.5,0.5,,,,,
600900.SH,20240321,25.05,25.1,24.92,24.94,25.0,-0.06,-0.24,668112.18,1670493.182,0.5,0.5,,,,,
600900.SH,20240322,24.93,25.09,24.77,25.01,24.94,0.07,0.2807,774086.92,1932584.782,0.5,0.5,,,,,
600900.SH,20240325,25.09,25.1,24.94,24.98,25.01,-0.03,-0.12,674644.84,1687444.454,0.5,0.5,,,,,
600900.SH,20240326,25.0,25.02,24.7,24.84,24.98,-0.14,-0.5604,768377.09,1909598.643,0.5,0.5,,,,,
600900.SH,20240327,24.79,25.02,24.77,24.83,24.84,-0.01,-0.0403,726315.4,1809850.537,0.5,0.5,,,,,
600900.SH,20240328,24.86,25.02,24.65,24.85,24.83,0.02,0.0805,815938.41,2025213.172,0.5,0.5,,,,,
600900.SH,20240329,24.83,24.98,24.82,24.93,24.85,0.08,0.3219,593291.36,1477764.574,0.5,0.5,,,,,
600900.SH,20240401,24.95,24.99,24.67,24.73,24.93,-0.2,-0.8022,878315.53,2177047.53,0.5,0.5,,,,,
600900.SH,20240402,24.72,24.84,24.55,24.64,24.73,-0.09,-0.3639,928544.8,2291658.203,0.5,0.5,,,,,
600900.SH,20240403,24.6,24.62,24.26,24.44,24.64,-0.2,-0.8117,1153081.26,2811178.604,0.5,0.5,,,,,
600900.SH,20240408,24.41,25.41,24.39,25.36,24.44,0.92,3.7643,1796398.04,4495191.837,0.5,0.5,,,,,
600900.SH,20240409,25.2,25.37,24.99,25.15,25.36,-0.21,-0.8281,1043433.45,2623607.287,0.5,0.5,,,,,
600900.SH,20240410,25.15,25.73,25.14,25.63,25.15,0.48,1.9085,1123999.1,2870415.143,0.5,0.5,,,,,
600900.SH,20240411,25.58,25.66,25.27,25.61,25.63,-0.02,-0.078,689165.55,1760367.866,0.5,0.5,,,,,
600900.SH,20240412,25.55,25.64,25.35,25.42,25.61,-0.19,-0.7419,627885.87,1599125.049,0.5,0.5,,,,,
600900.SH,20240415,25.43,25.93,25.42,25.89,25.42,0.47,1.8489,785347.69,2026912.644,0.5,0.5,,,,,
600900.SH,20240416,25.81,26.16,25.68,25.93,25.89,0.04,0.1545,834405.94,2163792.039,0.5,0.5,,,,,
600900.SH,20240417,25.85,26.1,25.53,25.98,25.93,0.05,0.1928,817739.35,2111578.177,0.5,0.5,,,,,
600900.SH,20240418,25.92,26.19,25.8,25.95,25.98,-0.03,-0.1155,848980.8,2205476.997,0.5,0.5,,,,,
600900.SH,20240419,25.9,26.09,25.73,26.0,25.95,0.05,0.1927,774853.67,2007554.174,0.5,0.5,,,,,
600900.SH,20240422,25.93,26.19,25.81,25.86,26.0,-0.14,-0.5385,641251.92,1664599.639,0.5,0.5,,,,,
600900.SH,20240423,25.84,26.05,25.6,25.77,25.86,-0.09,-0.348,575503.66,1485631.129,0.5,0.5,,,,,
600900.SH,20240424,25.9,25.94,25.67,25.77,25.77,0.0,0.0,563091.87,1450080.312,0.5,0.5,,,,,
600900.SH,20240425,25.75,25.85,25.56,25.68,25.77,-0.09,-0.3492,428470.22,1098347.571,0.5,0.5,,,,,
600900.SH,20240426,25.61,25.86,25.55,25.57,25.68,-0.11,-0.4283,690288.33,1770684.733,0.5,0.5,,,,,
600900.SH,20240429,25.57,25.66,25.3,25.48,25.57,-0.09,-0.352,776530.0,1978050.453,0.5,0.5,,,,,
600900.SH,20240430,25.4,26.02,25.36,25.79,25.48,0.31,1.2166,882742.53,2280869.807,0.5,0.5,,,,,
600900.SH,20240506,25.79,25.79,25.43,25.47,25.79,-0.32,-1.2408,1105889.87,2821688.353,0.5,0.5,,,,,
600900.SH,20240507,25.47,25.51,25.32,25.35,25.47,-0.12,-0.4711,634827.61,1609969.168,0.5,0.5,,,,,
600900.SH,20240508,25.35,25.55,25.31,25.31,25.35,-0.04,-0.1578,606272.39,1538925.484,0.5,0.5,,,,,
600900.SH,20240509,25.35,25.4,25.16,25.36,25.31,0.05,0.1976,686815.49,1736820.747,0.5,0.5,,,,,
600900.SH,20240510,25.36,25.52,25.26,25.48,25.36,0.12,0.4732,798087.93,2029155.628,0.5,0.5,,,,,
600900.SH,20240513,25.5,25.7,25.36,25.62,25.48,0.14,0.5495,926473.53,2368887.118,0.5,0.5,,,,,
600900.SH,20240514,25.62,25.62,25.38,25.58,25.62,-0.04,-0.1561,605061.73,1543748.111,0.5,0.5,,,,,
600900.SH,20240515,25.55,25.69,25.45,25.48,25.58,-0.1,-0.3909,443841.53,1133848.524,0.5,0.5,,,,,
600900.SH,20240516,25.49,25.54,25.4,25.42,25.48,-0.06,-0.2355,578414.0,1471765.904,0.5,0.5,,,,,
600900.SH,20240517,25.45,25.85,25.44,25.78,25.42,0.36,1.4162,949507.2,2438122.01,0.5,0.5,,,,,
600900.SH,20240520,25.74,26.16,25.66,25.99,25.78,0.21,0.8146,910147.53,2362152.895,0.5,0.5,,,,,
600900.SH,20240521,26.05,26.25,25.98,26.1,25.99,0.11,0.4232,649325.06,1693481.735,0.5,0.5,,,,,
600900.SH,20240522,26.16,26.21,25.93,25.98,26.1,-0.12,-0.4598,569502.3,1482943.442,0.5,0.5,,,,,
600900.SH,20240523,26.05,26.34,25.96,26.15,25.98,0.17,0.6543,773125.97,2023279.728,0.5,0.5,,,,,
600900.SH,20240524,26.21,26.55,26.13,26.3,26.15,0.15,0.5736,777151.34,2051397.915,0.5,0.5,,,,,
600900.SH,20240527,26.31,26.7,26.31,26.51,26.3,0.21,0.7985,780008.95,2069505.133,0.5,0.5,,,,,
600900.SH,20240528,26.52,26.83,26.48,26.71,26.51,0.2,0.7544,672592.57,1793773.705,0.5,0.5,,,,,
600900.SH,20240529,26.7,26.77,26.41,26.69,26.71,-0.02,-0.0749,620519.85,1651090.911,0.5,0.5,,,,,
600900.SH,20240530,26.66,26.95,26.6,26.7,26.69,0.01,0.0375,539805.15,1444639.486,0.5,0.5,,,,,
600900.SH,20240531,26.76,27.02,26.58,26.61,26.7,-0.09,-0.3371,708189.31,1894832.555,0.5,0.5,,,,,
600900.SH,20240603,26.89,27.5,26.75,27.43,26.61,0.82,3.0815,1148763.31,3129895.699,0.5,0.5,,,,,
600900.SH,20240604,27.43,27.7,27.3,27.48,27.43,0.05,0.1823,792761.75,2178484.628,0.5,0.5,,,,,
600900.SH,20240605,27.54,28.08,27.49,27.96,27.48,0.48,1.7467,887221.53,2474874.593,0.5,0.5,,,,,
600900.SH,20240606,27.9,28.38,27.76,28.03,27.96,0.07,0.2504,1061203.23,2979916.128,0.5,0.5,,,,,
600900.SH,20240607,28.0,28.37,27.9,28.31,28.03,0.28,0.9989,868116.39,2447258.985,0.5,0.5,,,,,
600900.SH,20240611,28.32,28.49,27.92,28.18,28.31,-0.13,-0.4592,873337.96,2460615.26,0.5,0.5,,,,,
600900.SH,20240612,28.08,28.5,28.0,28.38,28.18,0.2,0.7097,756242.28,2141399.388,0.5,0.5,,,,,
600900.SH,20240613,28.39,28.8,28.32,28.7,28.38,0.32,1.1276,892827.21,2555029.901,0.5,0.5,,,,,
600900.SH,20240614,28.65,28.77,27.73,27.9,28.7,-0.8,-2.7875,2426430.11,6814644.667,0.5,0.5,,,,,
600900.SH,20240617,27.75,28.06,27.59,27.89,27.9,-0.01,-0.0358,1067302.95,2976152.808,0.5,0.5,,,,,
600900.SH,20240618,27.89,27.94,27.59,27.8,27.89,-0.09,-0.3227,658935.78,1828330.861,0.5,0.5,,,,,
600900.SH,20240619,27.78,28.07,27.72,28.04,27.8,0.24,0.8633,536590.74,1497817.306,0.5,0.5,,,,,
600900.SH,20240620,28.07,28.4,28.01,28.34,28.04,0.3,1.0699,655689.19,1851949.138,0.5,0.5,,,,,
600900.SH,20240621,28.34,28.52,28.03,28.33,28.34,-0.01,-0.0353,742965.01,2104127.43,0.5,0.5,,,,,
600900.SH,20240624,28.4,29.0,28.35,28.89,28.33,0.56,1.9767,1069296.42,3075272.5,0.5,0.5,,,,,
600900.SH,20240625,28.87,28.92,28.3,28.65,28.89,-0.24,-0.8307,880210.88,2521524.043,0.5,0.5,,,,,
600900.SH,20240626,28.69,28.87,28.38,28.65,28.65,0.0,0.0,514241.25,1469826.193,0.5,0.5,,,,,
600900.SH,20240627,28.6,28.95,28.58,28.82,28.65,0.17,0.5934,665509.11,1917338.401,0.5,0.5,,,,,
600900.SH,20240628,28.82,29.03,28.58,28.92,28.82,0.1,0.347,723669.83,2089609.595,0.5,0.5,,,,,
600900.SH,20240701,28.92,29.65,28.92,29.48,28.92,0.56,1.9364,723519.1,2123942.477,0.5,0.5,,,,,
600900.SH,20240702,29.47,29.56,29.24,29.48,29.48,0.0,0.0,582890.49,1714526.664,0.5,0.5,,,,,
600900.SH,20240703,29.41,29.52,29.0,29.3,29.48,-0.18,-0.6106,732519.87,2136621.632,0.5,0.5,,,,,
600900.SH,20240704,29.22,29.55,29.2,29.39,29.3,0.09,0.3072,661930.48,1945477.857,0.5,0.5,,,,,
600900.SH,20240705,29.57,29.57,28.85,29.32,29.39,-0.07,-0.2382,1007631.42,2934921.575,0.5,0.5,,,,,
600900.SH,20240708,29.22,30.05,29.2,29.92,29.32,0.6,2.0464,1008970.73,3002371.354,0.5,0.5,,,,,
600900.SH,20240709,29.91,30.33,29.81,30.31,29.92,0.39,1.3035,857245.64,2582804.863,0.5,0.5,,,,,
600900.SH,20240710,30.28,30.42,29.87,30.1,30.31,-0.21,-0.6928,765968.09,2303742.13,0.5,0.5,,,,,
600900.SH,20240711,30.13,30.2,29.7,30.19,30.1,0.09,0.299,747139.95,2236982.847,0.5,0.5,,,,,
600900.SH,20240712,30.16,30.3,29.8,29.88,30.19,-0.31,-1.0268,681127.3,2040744.551,0.5,0.5,,,,,
600900.SH,20240715,29.79,30.5,29.66,30.43,29.88,0.55,1.8407,787955.04,2382355.824,0.5,0.5,,,,,
600900.SH,20240716,30.5,30.87,30.25,30.8,30.43,0.37,1.2159,689248.58,2109134.626,0.5,0.5,,,,,
600900.SH,20240717,30.75,30.95,30.56,30.8,30.8,0.0,0.0,740568.56,2281313.173,0.5,0.5,,,,,
600900.SH,20240718,30.75,31.44,30.72,31.36,30.8,0.56,1.8182,999956.24,3111871.551,0.5,0.5,,,,,
600900.SH,20240719,30.5,30.72,30.28,30.58,30.54,0.04,0.131,1124175.21,3424215.894,0.5,0.5,,,,,
600900.SH,20240722,30.58,30.6,29.7,30.38,30.58,-0.2,-0.654,974276.49,2935254.009,0.5,0.5,,,,,
600900.SH,20240723,30.4,30.8,30.28,30.67,30.38,0.29,0.9546,901447.87,2759644.839,0.5,0.5,,,,,
600900.SH,20240724,30.67,31.19,30.54,31.04,30.67,0.37,1.2064,882810.95,2734065.269,0.5,0.5,,,,,
600900.SH,20240725,31.07,31.28,30.37,30.83,31.04,-0.21,-0.6765,977368.68,3005729.069,0.5,0.5,,,,,
600900.SH,20240726,30.71,30.71,29.73,30.15,30.83,-0.68,-2.2056,1149552.73,3451737.426,0.5,0.5,,,,,
600900.SH,20240729,29.96,30.4,29.51,30.2,30.15,0.05,0.1658,751622.51,2258829.166,0.5,0.5,,,,,
600900.SH,20240730,30.17,30.46,29.88,30.11,30.2,-0.09,-0.298,606823.04,1828272.498,0.5,0.5,,,,,
600900.SH,20240731,30.05,30.07,29.48,29.86,30.11,-0.25,-0.8303,944331.85,2812743.116,0.5,0.5,,,,,
600900.SH,20240801,29.65,30.34,29.6,30.12,29.86,0.26,0.8707,684858.69,2057753.552,0.5,0.5,,,,,
600900.SH,20240802,30.0,30.32,29.8,30.24,30.12,0.12,0.3984,577750.48,1740593.156,0.5,0.5,,,,,
600900.SH,20240805,30.09,30.2,29.85,29.9,30.24,-0.34,-1.1243,631030.71,1894210.458,0.5,0.5,,,,,
600900.SH,20240806,29.9,30.09,29.3,29.46,29.9,-0.44,-1.4716,936573.65,2766826.003,0.5,0.5,,,,,
600900.SH,20240807,29.37,30.05,29.37,29.75,29.46,0.29,0.9844,676410.78,2018243.318,0.5,0.5,,,,,
600900.SH,20240808,29.75,30.01,29.62,29.78,29.75,0.03,0.1008,467604.73,1394043.16,0.5,0.5,,,,,
600900.SH,20240809,29.71,29.79,29.37,29.54,29.78,-0.24,-0.8059,596900.63,1763288.971,0.5,0.5,,,,,
600900.SH,20240812,29.56,29.71,29.12,29.18,29.54,-0.36,-1.2187,510891.21,1500108.927,0.5,0.5,,,,,
600900.SH,20240813,29.28,29.38,29.06,29.26,29.18,0.08,0.2742,461630.28,1349026.967,0.5,0.5,,,,,
600900.SH,20240814,29.29,29.85,29.03,29.55,29.26,0.29,0.9911,678626.36,2004395.676,0.5,0.5,,,,,
600900.SH,20240815,29.54,29.97,29.4,29.8,29.55,0.25,0.846,598895.87,1783081.179,0.5,0.5,,,,,
600900.SH,20240816,29.82,29.88,29.53,29.62,29.8,-0.18,-0.604,509499.31,1509091.295,0.5,0.5,,,,,
600900.SH,20240819,29.59,29.86,29.57,29.73,29.62,0.11,0.3714,427982.48,1272877.014,0.5,0.5,,,,,
600900.SH,20240820,29.76,29.84,29.43,29.65,29.73,-0.08,-0.2691,461304.02,1364741.834,0.5,0.5,,,,,
600900.SH,20240821,29.66,29.79,29.23,29.75,29.65,0.1,0.3373,471909.94,1395813.811,0.5,0.5,,,,,
600900.SH,20240822,29.7,30.3,29.69,30.24,29.75,0.49,1.6471,779380.21,2341186.875,0.5,0.5,,,,,
600900.SH,20240823,30.27,30.32,29.8,29.91,30.24,-0.33,-1.0913,546111.88,1639163.833,0.5,0.5,,,,,
600900.SH,20240826,29.91,30.05,29.48,29.82,29.91,-0.09,-0.3009,496395.81,1474548.432,0.5,0.5,,,,,
600900.SH,20240827,29.76,29.9,29.58,29.8,29.82,-0.02,-0.0671,350604.95,1043728.923,0.5,0.5,,,,,
600900.SH,20240828,29.79,30.1,29.7,29.82,29.8,0.02,0.0671,496902.15,1485759.125,0.5,0.5,,,,,
600900.SH,20240829,29.84,29.87,29.26,29.36,29.82,-0.46,-1.5426,676035.77,1991001.428,0.5,0.5,,,,,
600900.SH,20240830,29.25,29.58,28.71,29.38,29.36,0.02,0.0681,898493.36,2626216.879,0.5,0.5,,,,,
600900.SH,20240902,29.03,29.81,29.02,29.71,29.38,0.33,1.1232,733296.06,2171845.328,0.5,0.5,,,,,
600900.SH,20240903,29.65,29.79,29.05,29.11,29.71,-0.6,-2.0195,667107.88,1952057.304,0.5,0.5,,,,,
600900.SH,20240904,29.11,29.34,28.91,29.15,29.11,0.04,0.1374,401534.96,1170959.318,0.5,0.5,,,,,
600900.SH,20240905,29.16,29.28,28.92,29.12,29.15,-0.03,-0.1029,374874.08,1088725.236,0.5,0.5,,,,,
600900.SH,20240906,29.1,29.48,29.07,29.1,29.12,-0.02,-0.0687,400537.63,1173648.85,0.5,0.5,,,,,
600900.SH,20240909,29.23,29.43,29.06,29.35,29.1,0.25,0.8591,633732.36,1856318.8,0.5,0.5,,,,,
600900.SH,20240910,29.31,29.49,28.95,29.15,29.35,-0.2,-0.6814,580049.57,1692616.092,0.5,0.5,,,,,
600900.SH,20240911,29.15,29.15,27.65,27.8,29.15,-1.35,-4.6312,1439497.37,4047995.05,0.5,0.5,,,,,
600900.SH,20240912,27.7,28.06,27.63,27.86,27.8,0.06,0.2158,662191.39,1843149.366,0.5,0.5,,,,,
600900.SH,20240913,27.86,28.5,27.82,28.3,27.86,0.44,1.5793,809732.1,2289211.168,0.5,0.5,,,,,
600900.SH,20240918,28.25,28.74,28.22,28.32,28.3,0.02,0.0707,526236.23,1500353.768,0.5,0.5,,,,,
600900.SH,20240919,28.37,28.43,27.84,28.33,28.32,0.01,0.0353,697997.05,1964300.124,0.5,0.5,,,,,
600900.SH,20240920,28.18,28.32,27.84,28.15,28.33,-0.18,-0.6354,822951.78,2309733.075,0.5,0.5,,,,,
600900.SH,20240923,28.15,28.43,27.98,28.2,28.15,0.05,0.1776,479049.51,1353258.731,0.5,0.5,,,,,
600900.SH,20240924,28.43,28.88,28.07,28.76,28.2,0.56,1.9858,1064786.51,3033603.594,0.5,0.5,,,,,
600900.SH,20240925,28.92,29.64,28.83,28.93,28.76,0.17,0.5911,1181762.42,3447719.854,0.5,0.5,,,,,
600900.SH,20240926,29.04,29.13,28.71,29.13,28.93,0.2,0.6913,1143163.43,3305503.263,0.5,0.5,,,,,
600900.SH,20240927,29.23,29.23,28.06,28.99,29.13,-0.14,-0.4806,1887036.66,5391564.516,0.5,0.5,,,,,
600900.SH,20240930,28.83,30.5,28.61,30.05,28.99,1.06,3.6564,3960784.94,11687901.897,0.5,0.5,,,,,
600900.SH,20241008,32.01,32.28,28.88,29.22,30.05,-0.83,-2.7621,4623565.4,13932515.165,0.5,0.5,,,,,
600900.SH,20241009,28.98,29.39,28.22,28.55,29.22,-0.67,-2.293,2669254.15,7713072.332,0.5,0.5,,,,,
600900.SH,20241010,28.6,29.83,28.59,29.18,28.55,0.63,2.2067,2624284.03,7695861.718,0.5,0.5,,,,,
600900.SH,20241011,29.2,29.75,29.0,29.21,29.18,0.03,0.1028,1425896.33,4191339.711,0.5,0.5,,,,,
600900.SH,20241014,29.22,29.55,29.1,29.35,29.21,0.14,0.4793,1447014.36,4245091.617,0.5,0.5,,,,,
600900.SH,20241015,29.3,29.39,28.88,28.88,29.35,-0.47,-1.6014,1171128.41,3411757.96,0.5,0.5,,,,,
600900.SH,20241016,28.8,29.32,28.61,28.71,28.88,-0.17,-0.5886,1272300.16,3677022.6,0.5,0.5,,,,,
600900.SH,20241017,28.73,28.79,28.3,28.3,28.71,-0.41,-1.4281,1120938.19,3190851.474,0.5,0.5,,,,,
600900.SH,20241018,28.32,28.67,28.03,28.43,28.3,0.13,0.4594,1491816.06,4224020.29,0.5,0.5,,,,,
600900.SH,20241021,28.36,28.36,27.85,27.96,28.43,-0.47,-1.6532,1396284.17,3905210.023,0.5,0.5,,,,,
600900.SH,20241022,27.96,28.36,27.83,28.08,27.96,0.12,0.4292,1040632.25,2922214.929,0.5,0.5,,,,,
600900.SH,20241023,28.08,28.33,28.0,28.06,28.08,-0.02,-0.0712,902800.66,2538199.816,0.5,0.5,,,,,
600900.SH,20241024,28.06,28.13,27.75,28.0,28.06,-0.06,-0.2138,783861.91,2189138.483,0.5,0.5,,,,,
600900.SH,20241025,28.0,28.08,27.41,27.54,28.0,-0.46,-1.6429,1507184.65,4162517.848,0.5,0.5,,,,,
600900.SH,20241028,27.54,27.54,27.16,27.54,27.54,0.0,0.0,1177849.05,3221776.479,0.5,0.5,,,,,
600900.SH,20241029,27.54,28.03,27.35,27.71,27.54,0.17,0.6173,1311883.63,3635175.151,0.5,0.5,,,,,
600900.SH,20241030,27.72,27.89,27.45,27.71,27.71,0.0,0.0,1012598.92,2800095.149,0.5,0.5,,,,,
600900.SH,20241031,27.98,28.01,27.42,27.58,27.71,-0.13,-0.4691,1219031.36,3369699.7,0.5,0.5,,,,,
600900.SH,20241101,27.51,28.0,27.39,27.98,27.58,0.4,1.4503,1213607.71,3377377.151,0.5,0.5,,,,,
600900.SH,20241104,27.98,27.99,27.61,27.9,27.98,-0.08,-0.2859,906009.62,2514532.409,0.5,0.5,,,,,
600900.SH,20241105,27.81,27.94,27.72,27.86,27.9,-0.04,-0.1434,1309387.56,3643039.779,0.5,0.5,,,,,
600900.SH,20241106,27.83,27.9,27.46,27.5,27.86,-0.36,-1.2922,1380887.4,3816254.671,0.5,0.5,,,,,
600900.SH,20241107,27.4,27.85,27.39,27.83,27.5,0.33,1.2,1330333.77,3687552.721,0.5,0.5,,,,,
600900.SH,20241108,27.84,27.96,27.53,27.62,27.83,-0.21,-0.7546,1190234.83,3295504.902,0.5,0.5,,,,,
600900.SH,20241111,27.46,27.63,27.36,27.48,27.62,-0.14,-0.5069,939962.02,2579507.983,0.5,0.5,,,,,
600900.SH,20241112,27.48,27.63,26.95,26.97,27.48,-0.51,-1.8559,2017466.71,5479470.999,0.5,0.5,,,,,
600900.SH,20241113,26.88,27.49,26.78,27.39,26.97,0.42,1.5573,1551882.22,4230284.151,0.5,0.5,,,,,
600900.SH,20241114,27.35,27.69,27.23,27.42,27.39,0.03,0.1095,986466.16,2714473.179,0.5,0.5,,,,,
600900.SH,20241115,27.37,27.49,27.1,27.1,27.42,-0.32,-1.167,935808.93,2550153.94,0.5,0.5,,,,,
600900.SH,20241118,27.16,27.54,27.09,27.42,27.1,0.32,1.1808,1190517.9,3261120.178,0.5,0.5,,,,,
600900.SH,20241119,27.4,27.5,27.17,27.37,27.42,-0.05,-0.1823,956802.8,2615794.24,0.5,0.5,,,,,
600900.SH,20241120,27.37,27.75,27.21,27.62,27.37,0.25,0.9134,998049.39,2747324.911,0.5,0.5,,,,,
600900.SH,20241121,27.56,27.7,27.54,27.67,27.62,0.05,0.181,678484.91,1875901.033,0.5,0.5,,,,,
600900.SH,20241122,27.67,27.78,27.26,27.26,27.67,-0.41,-1.4817,971291.06,2668597.372,0.5,0.5,,,,,
600900.SH,20241125,27.39,27.59,27.03,27.13,27.26,-0.13,-0.4769,1014087.71,2767754.675,0.5,0.5,,,,,
600900.SH,20241126,27.1,27.19,26.91,27.0,27.13,-0.13,-0.4792,883063.8,2387017.997,0.5,0.5,,,,,
600900.SH,20241127,26.98,27.45,26.98,27.39,27.0,0.39,1.4444,1024693.14,2795306.804,0.5,0.5,,,,,
600900.SH,20241128,27.37,27.48,27.17,27.43,27.39,0.04,0.146,691606.3,1892727.089,0.5,0.5,,,,,
600900.SH,20241129,27.44,27.7,27.3,27.32,27.43,-0.11,-0.401,1090264.2,2998565.91,0.5,0.5,,,,,
600900.SH,20241202,27.39,27.71,27.3,27.61,27.32,0.29,1.0615,886298.95,2442141.195,0.5,0.5,,,,,
600900.SH,20241203,27.62,28.1,27.54,27.95,27.61,0.34,1.2314,1343475.59,3742682.857,0.5,0.5,,,,,
600900.SH,20241204,27.95,28.53,27.81,28.45,27.95,0.5,1.7889,1372256.62,3874772.096,0.5,0.5,,,,,
600900.SH,20241205,28.4,28.68,28.2,28.3,28.45,-0.15,-0.5272,980354.33,2785865.462,0.5,0.5,,,,,
600900.SH,20241206,28.32,28.54,28.15,28.18,28.3,-0.12,-0.424,909354.12,2571289.497,0.5,0.5,,,,,
600900.SH,20241209,28.13,28.51,27.93,28.41,28.18,0.23,0.8162,802872.92,2273588.991,0.5,0.5,,,,,
600900.SH,20241210,28.4,28.58,27.96,28.02,28.41,-0.39,-1.3728,1678877.46,4740338.733,0.5,0.5,,,,,
600900.SH,20241211,28.1,28.22,27.97,28.17,28.02,0.15,0.5353,636184.26,1788397.138,0.5,0.5,,,,,
600900.SH,20241212,28.15,28.48,28.13,28.4,28.17,0.23,0.8165,778749.56,2210068.869,0.5,0.5,,,,,
600900.SH,20241213,28.44,28.88,28.34,28.72,28.4,0.32,1.1268,1542857.7,4421516.826,0.5,0.5,,,,,
600900.SH,20241216,28.78,29.39,28.78,29.28,28.72,0.56,1.9499,1434632.94,4191213.538,0.5,0.5,,,,,
600900.SH,20241217,29.33,29.55,29.19,29.27,29.28,-0.01,-0.0342,1078044.06,3166685.527,0.5,0.5,,,,,
600900.SH,20241218,29.38,29.82,29.13,29.42,29.27,0.15,0.5125,983965.58,2902181.336,0.5,0.5,,,,,
600900.SH,20241219,29.26,29.66,29.21,29.26,29.42,-0.16,-0.5438,910615.98,2682851.059,0.5,0.5,,,,,
600900.SH,20241220,29.21,29.43,29.08,29.2,29.26,-0.06,-0.2051,787251.72,2300287.601,0.5,0.5,,,,,
600900.SH,20241223,29.19,29.81,29.11,29.57,29.2,0.37,1.2671,1086336.32,3214208.944,0.5,0.5,,,,,
600900.SH,20241224,29.47,29.85,29.36,29.81,29.57,0.24,0.8116,927355.5,2753108.462,0.5,0.5,,,,,
600900.SH,20241225,29.82,29.93,29.67,29.79,29.81,-0.02,-0.0671,685160.52,2043557.883,0.5,0.5,,,,,
600900.SH,20241226,29.79,29.83,29.29,29.32,29.79,-0.47,-1.5777,898845.58,2645228.041,0.5,0.5,,,,,
600900.SH,20241227,29.3,29.63,29.17,29.61,29.32,0.29,0.9891,854237.09,2508819.673,0.5,0.5,,,,,
600900.SH,20241230,29.61,29.83,29.34,29.41,29.61,-0.2,-0.6754,778256.62,2298925.152,0.5,0.5,,,,,
600900.SH,20241231,29.4,29.77,29.36,29.55,29.41,0.14,0.476,965370.38,2859607.977,0.5,0.5,,,,,
600900.SH,20250102,29.51,29.73,29.08,29.2,29.55,-0.35,-1.1844,1041220.08,3057996.06,0.5,0.5,,,,,
600900.SH,20250103,29.21,29.43,28.85,29.0,29.2,-0.2,-0.6849,946322.86,2753136.714,0.5,0.5,,,,,
600900.SH,20250106,29.1,29.1,28.51,28.89,29.0,-0.11,-0.3793,794674.26,2286573.074,0.5,0.5,,,,,
600900.SH,20250107,28.88,28.89,28.54,28.7,28.89,-0.19,-0.6577,654960.3,1879633.128,0.5,0.5,,,,,
600900.SH,20250108,28.67,29.16,28.63,29.0,28.7,0.3,1.0453,906309.29,2624410.315,0.5,0.5,,,,,
600900.SH,20250109,28.94,29.06,28.64,28.79,29.0,-0.21,-0.7241,581770.58,1676501.567,0.5,0.5,,,,,
600900.SH,20250110,28.79,29.05,28.51,28.87,28.79,0.08,0.2779,694909.83,2005099.923,0.5,0.5,,,,,
600900.SH,20250113,28.8,28.91,28.43,28.81,28.87,-0.06,-0.2078,906278.06,2602917.132,0.5,0.5,,,,,
600900.SH,20250114,28.8,28.98,28.72,28.84,28.81,0.03,0.1041,819856.65,2362763.164,0.5,0.5,,,,,
600900.SH,20250115,28.73,29.12,28.61,28.8,28.84,-0.04,-0.1387,722792.78,2086198.307,0.5,0.5,,,,,
600900.SH,20250116,28.73,28.98,28.72,28.84,28.8,0.04,0.1389,720602.4,2076090.814,0.5,0.5,,,,,
600900.SH,20250117,28.87,29.03,28.76,29.01,28.84,0.17,0.5895,596372.3,1726533.811,0.5,0.5,,,,,
600900.SH,20250120,29.05,29.06,28.83,28.97,29.01,-0.04,-0.1379,665423.77,1927427.722,0.5,0.5,,,,,
600900.SH,20250121,28.96,29.31,28.82,29.16,28.97,0.19,0.6559,789413.28,2299694.593,0.5,0.5,,,,,
600900.SH,20250122,29.16,29.3,28.6,28.69,29.16,-0.47,-1.6118,1073703.2,3102296.596,0.5,0.5,,,,,
600900.SH,20250123,28.72,28.81,28.28,28.5,28.69,-0.19,-0.6623,1034683.65,2953937.702,0.5,0.5,,,,,
600900.SH,20250124,28.38,28.65,28.2,28.2,28.29,-0.09,-0.3181,840005.77,2388148.361,0.5,0.5,,,,,
600900.SH,20250127,28.27,29.1,28.22,28.9,28.2,0.7,2.4823,995244.49,2863650.427,0.5,0.5,,,,,
600900.SH,20250205,28.86,28.89,28.27,28.35,28.9,-0.55,-1.9031,902861.13,2568658.666,0.5,0.5,,,,,
600900.SH,20250206,28.36,28.43,28.13,28.27,28.35,-0.08,-0.2822,676097.34,1908311.707,0.5,0.5,,,,,
600900.SH,20250207,28.2,28.24,27.9,28.13,28.27,-0.14,-0.4952,1091475.51,3059789.716,0.5,0.5,,,,,
600900.SH,20250210,28.05,28.16,27.9,27.91,28.13,-0.22,-0.7821,969000.76,2709703.559,0.5,0.5,,,,,
600900.SH,20250211,27.98,27.98,27.7,27.9,27.91,-0.01,-0.0358,901386.3,2507433.419,0.5,0.5,,,,,
600900.SH,20250212,27.85,28.03,27.77,27.99,27.9,0.09,0.3226,714700.71,1996133.152,0.5,0.5,,,,,
600900.SH,20250213,27.92,28.23,27.83,28.17,27.99,0.18,0.6431,940018.14,2643911.849,0.5,0.5,,,,,
600900.SH,20250214,28.17,28.5,28.05,28.21,28.17,0.04,0.142,928763.77,2628490.803,0.5,0.5,,,,,
600900.SH,20250217,28.06,28.17,27.62,28.17,28.21,-0.04,-0.1418,1095807.19,3060604.828,0.5,0.5,,,,,
600900.SH,20250218,28.05,28.56,28.05,28.36,28.17,0.19,0.6745,1083706.74,3074479.598,0.5,0.5,,,,,
600900.SH,20250219,28.26,28.41,28.03,28.07,28.36,-0.29,-1.0226,832430.97,2344764.606,0.5,0.5,,,,,
600900.SH,20250220,28.0,28.12,27.86,28.04,28.07,-0.03,-0.1069,696211.75,1949177.936,0.5,0.5,,,,,
600900.SH,20250221,28.04,28.04,27.71,27.8,28.04,-0.24,-0.8559,1246881.6,3470960.409,0.5,0.5,,,,,
600900.SH,20250224,27.8,27.92,27.51,27.55,27.8,-0.25,-0.8993,1294031.79,3578403.31,0.5,0.5,,,,,
600900.SH,20250225,27.58,27.65,27.2,27.33,27.55,-0.22,-0.7985,973228.62,2669049.554,0.5,0.5,,,,,
600900.SH,20250226,27.3,27.7,27.27,27.63,27.33,0.3,1.0977,889169.62,2451236.807,0.5,0.5,,,,,
600900.SH,20250227,27.64,27.72,27.31,27.52,27.63,-0.11,-0.3981,991769.39,2727061.265,0.5,0.5,,,,,
600900.SH,20250228,27.48,27.74,27.35,27.38,27.52,-0.14,-0.5087,1175017.75,3236479.356,0.5,0.5,,,,,
600900.SH,20250303,27.38,27.43,27.06,27.09,27.38,-0.29,-1.0592,1127634.38,3060769.037,0.5,0.5,,,,,
600900.SH,20250304,27.09,27.2,26.98,27.15,27.09,0.06,0.2215,647251.89,1755054.866,0.5,0.5,,,,,
600900.SH,20250305,27.14,27.6,27.01,27.48,27.15,0.33,1.2155,946605.46,2594982.596,0.5,0.5,,,,,
600900.SH,20250306,27.41,27.48,27.15,27.22,27.48,-0.26,-0.9461,980759.23,2671549.581,0.5,0.5,,,,,
600900.SH,20250307,27.21,27.37,27.13,27.26,27.22,0.04,0.147,683832.13,1864258.519,0.5,0.5,,,,,
600900.SH,20250310,27.27,27.28,27.03,27.1,27.26,-0.16,-0.5869,883223.5,2392990.833,0.5,0.5,,,,,
600900.SH,20250311,27.04,27.29,27.03,27.19,27.1,0.09,0.3321,910403.12,2468093.094,0.5,0.5,,,,,
600900.SH,20250312,27.16,27.19,27.01,27.12,27.19,-0.07,-0.2574,785237.85,2126412.56,0.5,0.5,,,,,
600900.SH,20250313,27.1,27.35,27.09,27.25,27.12,0.13,0.4794,874096.6,2380546.787,0.5,0.5,,,,,
600900.SH,20250314,27.29,27.55,27.23,27.45,27.25,0.2,0.7339,1114139.9,3056432.801,0.5,0.5,,,,,
600900.SH,20250317,27.51,27.69,27.35,27.37,27.45,-0.08,-0.2914,763521.93,2099106.675,0.5,0.5,,,,,
600900.SH,20250318,27.37,27.42,27.17,27.2,27.37,-0.17,-0.6211,777193.09,2116224.352,0.5,0.5,,,,,
600900.SH,20250319,27.24,27.7,27.16,27.63,27.2,0.43,1.5809,1318599.32,3633878.031,0.5,0.5,,,,,
600900.SH,20250320,27.7,27.76,27.54,27.64,27.63,0.01,0.0362,601941.52,1663702.537,0.5,0.5,,,,,
600900.SH,20250321,27.67,27.76,27.37,27.4,27.64,-0.24,-0.8683,741876.71,2042970.84,0.5,0.5,,,,,
600900.SH,20250324,27.42,27.8,27.37,27.7,27.4,0.3,1.0949,991624.78,2745637.503,0.5,0.5,,,,,
600900.SH,20250325,27.71,28.0,27.56,27.93,27.7,0.23,0.8303,772559.82,2152626.393,0.5,0.5,,,,,
600900.SH,20250326,27.93,27.99,27.61,27.83,27.93,-0.1,-0.358,690883.42,1917234.896,0.5,0.5,,,,,
600900.SH,20250327,27.75,27.86,27.62,27.77,27.83,-0.06,-0.2156,572991.16,1588239.086,0.5,0.5,,,,,
600900.SH,20250328,27.76,27.9,27.64,27.85,27.77,0.08,0.2881,572223.34,1590738.628,0.5,0.5,,,,,
600900.SH,20250331,27.92,28.11,27.75,27.81,27.85,-0.04,-0.1436,904841.0,2528379.57,0.5,0.5,,,,,
600900.SH,20250401,27.85,27.94,27.66,27.9,27.81,0.09,0.3236,579886.38,1614469.478,0.5,0.5,,,,,
600900.SH,20250402,27.9,27.96,27.71,27.83,27.9,-0.07,-0.2509,553530.26,1539467.924,0.5,0.5,,,,,
600900.SH,20250403,27.71,28.44,27.71,28.4,27.83,0.57,2.0481,1437982.29,4054692.59,0.5,0.5,,,,,
600900.SH,20250407,28.04,28.86,27.77,28.33,28.4,-0.07,-0.2465,3258722.28,9247372.446,0.5,0.5,,,,,
600900.SH,20250408,28.26,29.18,28.0,29.05,28.33,0.72,2.5415,2341190.48,6700167.019,0.5,0.5,,,,,
600900.SH,20250409,29.05,29.6,28.76,29.57,29.05,0.52,1.79,2198018.03,6447093.992,0.5,0.5,,,,,
600900.SH,20250410,29.46,29.49,28.85,29.17,29.57,-0.4,-1.3527,1385624.86,4027976.355,0.5,0.5,,,,,
600900.SH,20250411,29.28,29.28,29.0,29.2,29.17,0.03,0.1028,873321.01,2542617.678,0.5,0.5,,,,,
600900.SH,20250414,29.01,29.25,28.82,29.15,29.2,-0.05,-0.1712,826375.32,2399272.788,0.5,0.5,,,,,
600900.SH,20250415,29.08,29.35,28.99,29.27,29.15,0.12,0.4117,783079.71,2283991.241,0.5,0.5,,,,,
600900.SH,20250416,29.25,29.41,29.05,29.4,29.27,0.13,0.4441,1007602.06,2945909.908,0.5,0.5,,,,,
600900.SH,20250417,29.3,29.32,29.0,29.21,29.4,-0.19,-0.6463,840853.37,2448925.444,0.5,0.5,,,,,
600900.SH,20250418,29.1,29.6,29.06,29.58,29.21,0.37,1.2667,881173.88,2592643.254,0.5,0.5,,,,,
600900.SH,20250421,29.5,29.7,29.3,29.31,29.58,-0.27,-0.9128,565837.45,1666610.558,0.5,0.5,,,,,
600900.SH,20250422,29.32,29.82,29.23,29.33,29.31,0.02,0.0682,768948.56,2269549.948,0.5,0.5,,,,,
600900.SH,20250423,29.28,29.38,29.08,29.2,29.33,-0.13,-0.4432,616106.91,1800663.508,0.5,0.5,,,,,
600900.SH,20250424,29.2,29.55,29.16,29.46,29.2,0.26,0.8904,569273.25,1675349.936,0.5,0.5,,,,,
600900.SH,20250425,29.48,29.73,29.3,29.52,29.46,0.06,0.2037,544572.23,1604922.452,0.5,0.5,,,,,
600900.SH,20250428,29.52,29.92,29.41,29.72,29.52,0.2,0.6775,723470.85,2153224.045,0.5,0.5,,,,,
600900.SH,20250429,29.72,29.77,29.35,29.46,29.72,-0.26,-0.8748,723059.23,2130508.757,0.5,0.5,,,,,
600900.SH,20250430,29.55,29.57,29.32,29.5,29.46,0.04,0.1358,553508.78,1630308.197,0.5,0.5,,,,,
600900.SH,20250506,29.65,29.65,29.13,29.18,29.5,-0.32,-1.0847,830990.0,2427460.661,0.5,0.5,,,,,
600900.SH,20250507,29.28,29.38,29.06,29.35,29.18,0.17,0.5826,808889.9,2365688.066,0.5,0.5,,,,,
600900.SH,20250508,29.28,29.48,29.22,29.31,29.35,-0.04,-0.1363,469960.5,1380550.567,0.5,0.5,,,,,
600900.SH,20250509,29.3,29.77,29.28,29.55,29.31,0.24,0.8188,732927.55,2165675.4,0.5,0.5,,,,,
600900.SH,20250512,29.46,29.69,29.31,29.54,29.55,-0.01,-0.0338,572354.98,1690208.659,0.5,0.5,,,,,
600900.SH,20250513,29.42,29.74,29.36,29.74,29.54,0.2,0.677,616986.06,1827173.098,0.5,0.5,,,,,
600900.SH,20250514,29.73,30.1,29.67,30.08,29.74,0.34,1.1432,747905.67,2238358.173,0.5,0.5,,,,,
600900.SH,20250515,30.06,30.36,30.0,30.35,30.08,0.27,0.8976,715432.85,2161488.738,0.5,0.5,,,,,
600900.SH,20250516,30.3,30.5,29.96,30.1,30.35,-0.25,-0.8237,637559.87,1920478.84,0.5,0.5,,,,,
600900.SH,20250519,30.1,30.58,30.1,30.47,30.1,0.37,1.2292,561942.36,1709383.591,0.5,0.5,,,,,
600900.SH,20250520,30.48,30.94,30.48,30.68,30.47,0.21,0.6892,605876.16,1863321.473,0.5,0.5,,,,,
600900.SH,20250521,30.74,30.95,30.7,30.8,30.68,0.12,0.3911,535498.49,1650446.696,0.5,0.5,,,,,
600900.SH,20250522,30.8,31.05,30.56,31.03,30.8,0.23,0.7468,537263.73,1657926.805,0.5,0.5,,,,,
600900.SH,20250523,30.99,31.06,30.39,30.49,31.03,-0.54,-1.7403,854247.73,2613433.482,0.5,0.5,,,,,
600900.SH,20250526,30.4,30.56,30.12,30.34,30.49,-0.15,-0.492,626512.37,1899418.062,0.5,0.5,,,,,
600900.SH,20250527,30.3,30.59,30.22,30.26,30.34,-0.08,-0.2637,567980.57,1726016.759,0.5,0.5,,,,,
600900.SH,20250528,30.27,30.55,30.2,30.53,30.26,0.27,0.8923,537809.08,1636711.126,0.5,0.5,,,,,
600900.SH,20250529,30.48,30.55,30.11,30.29,30.53,-0.24,-0.7861,669368.74,2025718.727,0.5,0.5,,,,,
600900.SH,20250530,30.32,30.49,30.2,30.2,30.29,-0.09,-0.2971,644789.98,1954519.954,0.5,0.5,,,,,
600900.SH,20250603,30.28,30.35,29.85,30.15,30.2,-0.05,-0.1656,783222.52,2350698.98,0.5,0.5,,,,,
600900.SH,20250604,30.14,30.16,29.85,29.89,30.15,-0.26,-0.8624,595581.98,1785117.391,0.5,0.5,,,,,
600900.SH,20250605,29.89,29.94,29.65,29.8,29.89,-0.09,-0.3011,551350.38,1641525.833,0.5,0.5,,,,,
600900.SH,20250606,29.8,30.02,29.75,29.99,29.8,0.19,0.6376,546936.54,1638392.602,0.5,0.5,,,,,
600900.SH,20250609,29.93,30.09,29.85,29.98,29.99,-0.01,-0.0333,680593.58,2040230.084,0.5,0.5,,,,,
600900.SH,20250610,29.98,30.29,29.96,30.03,29.98,0.05,0.1668,663488.41,1998903.728,0.5,0.5,,,,,
600900.SH,20250611,30.0,30.28,29.98,30.18,30.03,0.15,0.4995,576656.17,1739533.416,0.5,0.5,,,,,
600900.SH,20250612,30.16,30.33,30.02,30.19,30.18,0.01,0.0331,631838.72,1906275.622,0.5,0.5,,,,,
600900.SH,20250613,30.19,30.66,30.18,30.62,30.19,0.43,1.4243,1044234.26,3184688.177,0.5,0.5,,,,,
600900.SH,20250616,30.55,30.62,30.3,30.46,30.62,-0.16,-0.5225,516553.91,1573740.481,0.5,0.5,,,,,
600900.SH,20250617,30.45,30.7,30.06,30.67,30.46,0.21,0.6894,788985.66,2399315.252,0.5,0.5,,,,,
600900.SH,20250618,30.6,30.86,30.57,30.71,30.67,0.04,0.1304,621720.76,1912522.039,0.5,0.5,,,,,
600900.SH,20250619,30.8,30.84,30.58,30.72,30.71,0.01,0.0326,559305.74,1716728.361,0.5,0.5,,,,,
600900.SH,20250620,30.72,30.83,30.38,30.4,30.72,-0.32,-1.0417,561603.4,1716057.582,0.5,0.5,,,,,
600900.SH,20250623,30.38,30.76,30.28,30.65,30.4,0.25,0.8224,588009.21,1794276.498,0.5,0.5,,,,,
600900.SH,20250624,30.61,30.81,30.53,30.58,30.65,-0.07,-0.2284,788400.02,2415321.534,0.5,0.5,,,,,
600900.SH,20250625,30.48,30.95,30.4,30.88,30.58,0.3,0.981,783706.66,2407314.283,0.5,0.5,,,,,
600900.SH,20250626,30.88,31.19,30.86,31.11,30.88,0.23,0.7448,705648.56,2189373.11,0.5,0.5,,,,,
600900.SH,20250627,31.16,31.16,30.2,30.22,31.11,-0.89,-2.8608,1474530.09,4499854.721,0.5,0.5,,,,,
600900.SH,20250630,30.23,30.42,30.1,30.14,30.22,-0.08,-0.2647,755184.56,2282994.819,0.5,0.5,,,,,
600900.SH,20250701,30.2,30.52,30.15,30.37,30.14,0.23,0.7631,594762.75,1806986.262,0.5,0.5,,,,,
600900.SH,20250702,30.4,30.48,30.22,30.25,30.37,-0.12,-0.3951,571834.95,1734049.631,0.5,0.5,,,,,
600900.SH,20250703,30.26,30.28,29.85,30.09,30.25,-0.16,-0.5289,936811.23,2811204.131,0.5,0.5,,,,,
600900.SH,20250704,30.06,30.29,30.01,30.16,30.09,0.07,0.2326,679228.05,2048728.031,0.5,0.5,,,,,
600900.SH,20250707,30.24,30.28,30.07,30.26,30.16,0.1,0.3316,508278.48,1534745.747,0.5,0.5,,,,,
600900.SH,20250708,30.27,30.27,29.91,29.92,30.26,-0.34,-1.1236,1073286.01,3219638.664,0.5,0.5,,,,,
600900.SH,20250709,29.95,30.1,29.85,29.98,29.92,0.06,0.2005,670383.21,2011578.386,0.5,0.5,,,,,
600900.SH,20250710,30.0,30.08,29.8,29.9,29.98,-0.08,-0.2668,947643.05,2835522.287,0.5,0.5,,,,,
600900.SH,20250711,29.92,30.59,29.87,30.4,29.9,0.5,1.6722,1642154.79,4984368.453,0.5,0.5,,,,,
600900.SH,20250714,30.42,30.79,30.4,30.61,30.4,0.21,0.6908,771547.17,2363137.312,0.5,0.5,,,,,
600900.SH,20250715,30.61,30.68,30.35,30.48,30.61,-0.13,-0.4247,562461.57,1714077.283,0.5,0.5,,,,,
600900.SH,20250716,30.6,30.66,30.33,30.34,30.48,-0.14,-0.4593,386213.46,1174692.478,0.5,0.5,,,,,
600900.SH,20250717,30.32,30.4,30.12,30.16,30.34,-0.18,-0.5933,614655.48,1855170.425,0.5,0.5,,,,,
600900.SH,20250718,29.54,29.6,29.35,29.5,29.43,0.07,0.2379,601701.9,1774601.208,0.5,0.5,,,,,
600900.SH,20250721,29.7,29.86,29.42,29.51,29.5,0.01,0.0339,778276.54,2301161.415,0.5,0.5,,,,,
600900.SH,20250722,29.46,29.51,29.28,29.36,29.51,-0.15,-0.5083,943940.47,2772595.624,0.5,0.5,,,,,
600900.SH,20250723,29.41,29.45,29.17,29.18,29.36,-0.18,-0.6131,1073549.45,3142732.507,0.5,0.5,,,,,
600900.SH,20250724,29.19,29.19,28.8,28.94,29.18,-0.24,-0.8225,1668827.68,4823718.576,0.5,0.5,,,,,
600900.SH,20250725,28.86,28.98,28.75,28.75,28.94,-0.19,-0.6565,1008790.9,2910198.554,0.5,0.5,,,,,
600900.SH,20250728,28.75,28.84,28.6,28.64,28.75,-0.11,-0.3826,844450.6,2421911.286,0.5,0.5,,,,,
600900.SH,20250729,28.61,28.74,28.6,28.63,28.64,-0.01,-0.0349,717720.13,2057394.625,0.5,0.5,,,,,
600900.SH,20250730,28.64,28.94,28.64,28.7,28.63,0.07,0.2445,978280.42,2814742.121,0.5,0.5,,,,,
600900.SH,20250731,28.42,28.42,27.7,27.84,28.7,-0.86,-2.9965,2579698.28,7209401.327,0.5,0.5,,,,,
600900.SH,20250801,27.79,28.05,27.68,27.99,27.84,0.15,0.5388,981486.06,2738151.406,0.5,0.5,,,,,
600900.SH,20250804,27.9,28.17,27.8,28.14,27.99,0.15,0.5359,823203.72,2311780.582,0.5,0.5,,,,,
600900.SH,20250805,28.14,28.18,27.96,28.1,28.14,-0.04,-0.1421,787152.7,2209870.18,0.5,0.5,,,,,
600900.SH,20250806,28.09,28.12,27.87,27.97,28.1,-0.13,-0.4626,1144934.79,3198859.437,0.5,0.5,,,,,
600900.SH,20250807,27.94,28.18,27.84,28.06,27.97,0.09,0.3218,1051956.76,2948188.366,0.5,0.5,,,,,
600900.SH,20250808,28.06,28.08,27.86,27.86,28.06,-0.2,-0.7128,824972.1,2304820.604,0.5,0.5,,,,,
600900.SH,20250811,27.86,27.88,27.51,27.69,27.86,-0.17,-0.6102,1243550.56,3436843.944,0.5,0.5,,,,,
600900.SH,20250812,27.69,27.88,27.64,27.76,27.69,0.07,0.2528,743183.9,2065281.068,0.5,0.5,,,,,
600900.SH,20250813,27.77,27.85,27.61,27.63,27.76,-0.13,-0.4683,934256.87,2589154.7,0.5,0.5,,,,,
600900.SH,20250814,27.62,27.89,27.6,27.66,27.63,0.03,0.1086,1017587.96,2824224.358,0.5,0.5,,,,,
600900.SH,20250815,27.71,27.78,27.6,27.63,27.66,-0.03,-0.1085,1072302.33,2967736.757,0.5,0.5,,,,,
600900.SH,20250818,27.64,27.72,27.55,27.64,27.63,0.01,0.0362,1147361.96,3169229.161,0.5,0.5,,,,,
600900.SH,20250819,27.65,27.78,27.61,27.63,27.64,-0.01,-0.0362,1146023.98,3172704.27,0.5,0.5,,,,,
600900.SH,20250820,27.6,27.74,27.46,27.69,27.63,0.06,0.2172,1022259.37,2820524.963,0.5,0.5,,,,,
600900.SH,20250821,27.69,27.95,27.66,27.85,27.69,0.16,0.5778,1179347.54,3284359.052,0.5,0.5,,,,,
600900.SH,20250822,27.88,27.92,27.7,27.87,27.85,0.02,0.0718,1032104.0,2866065.221,0.5,0.5,,,,,
600900.SH,20250825,28.04,28.55,28.03,28.35,27.87,0.48,1.7223,2185666.04,6194362.996,0.5,0.5,,,,,
600900.SH,20250826,28.35,28.4,28.21,28.31,28.35,-0.04,-0.1411,1130612.48,3198022.514,0.5,0.5,,,,,
600900.SH,20250827,28.25,28.3,27.93,27.96,28.31,-0.35,-1.2363,1275324.14,3586735.277,0.5,0.5,,,,,
600900.SH,20250828,27.95,27.99,27.69,27.87,27.96,-0.09,-0.3219,1092962.47,3043101.973,0.5,0.5,,,,,
600900.SH,20250829,27.9,28.16,27.85,28.09,27.87,0.22,0.7894,1067298.46,2996376.746,0.5,0.5,,,,,
600900.SH,20250901,28.1,28.1,27.71,27.79,28.09,-0.3,-1.068,1246086.67,3468108.875,0.5,0.5,,,,,
600900.SH,20250902,27.7,28.29,27.7,28.21,27.79,0.42,1.5113,1751446.01,4918052.711,0.5,0.5,,,,,
600900.SH,20250903,28.25,28.4,27.83,27.96,28.21,-0.25,-0.8862,1271331.13,3563092.89,0.5,0.5,,,,,
600900.SH,20250904,27.94,28.3,27.71,28.23,27.96,0.27,0.9657,1758480.97,4929530.683,0.5,0.5,,,,,
600900.SH,20250905,28.16,28.31,28.0,28.07,28.23,-0.16,-0.5668,1069513.08,3006365.138,0.5,0.5,,,,,
600900.SH,20250908,28.02,28.22,28.0,28.15,28.07,0.08,0.285,900740.39,2532976.861,0.5,0.5,,,,,
600900.SH,20250909,28.16,28.2,27.96,28.01,28.15,-0.14,-0.4973,761316.32,2134208.194,0.5,0.5,,,,,
600900.SH,20250910,28.01,28.09,27.9,28.01,28.01,0.0,0.0,598614.83,1675916.918,0.5,0.5,,,,,
600900.SH,20250911,28.0,28.11,27.92,28.0,28.01,-0.01,-0.0357,1053966.56,2946879.049,0.5,0.5,,,,,
600900.SH,20250912,28.0,28.15,27.9,27.93,28.0,-0.07,-0.25,929728.12,2603224.928,0.5,0.5,,,,,
600900.SH,20250915,27.9,27.91,27.76,27.8,27.93,-0.13,-0.4654,725656.97,2016875.299,0.5,0.5,,,,,
600900.SH,20250916,27.79,27.8,27.65,27.73,27.8,-0.07,-0.2518,575128.76,1594342.991,0.5,0.5,,,,,
600900.SH,20250917,27.72,27.83,27.67,27.7,27.73,-0.03,-0.1082,614926.75,1704493.488,0.5,0.5,,,,,
600900.SH,20250918,27.69,27.7,27.21,27.31,27.7,-0.39,-1.4079,1448432.97,3975030.224,0.5,0.5,,,,,
600900.SH,20250919,27.32,27.35,27.12,27.2,27.31,-0.11,-0.4028,734670.22,1999478.366,0.5,0.5,,,,,
600900.SH,20250922,27.1,27.25,27.02,27.12,27.2,-0.08,-0.2941,696830.94,1890783.496,0.5,0.5,,,,,
600900.SH,20250923,27.12,27.39,27.03,27.32,27.12,0.2,0.7375,872473.25,2375221.478,0.5,0.5,,,,,
600900.SH,20250924,27.28,27.53,27.24,27.25,27.32,-0.07,-0.2562,874412.99,2391918.904,0.5,0.5,,,,,
600900.SH,20250925,27.21,27.33,27.08,27.29,27.25,0.04,0.1468,634292.58,1726865.388,0.5,0.5,,,,,
600900.SH,20250926,27.3,27.55,27.24,27.47,27.29,0.18,0.6596,794087.06,2177282.26,0.5,0.5,,,,,
600900.SH,20250929,27.43,27.5,27.19,27.3,27.47,-0.17,-0.6189,927031.0,2532328.827,0.5,0.5,,,,,
600900.SH,20250930,27.35,27.36,27.21,27.25,27.3,-0.05,-0.1832,618827.74,1686097.117,0.5,0.5,,,,,
600900.SH,20251009,27.21,27.7,27.15,27.68,27.25,0.43,1.578,1132499.09,3112861.218,0.5,0.5,,,,,
600900.SH,20251010,27.65,27.79,27.51,27.73,27.68,0.05,0.1806,712605.02,1973210.96,0.5,0.5,,,,,
600900.SH,20251013,27.7,27.9,27.4,27.79,27.73,0.06,0.2164,1174982.2,3255599.09,0.5,0.5,,,,,
600900.SH,20251014,27.74,28.01,27.55,27.99,27.79,0.2,0.7197,1366699.04,3807496.908,0.5,0.5,,,,,
600900.SH,20251015,27.98,28.15,27.77,27.93,27.99,-0.06,-0.2144,926323.29,2588206.846,0.5,0.5,,,,,
600900.SH,20251016,27.85,28.17,27.84,28.16,27.93,0.23,0.8235,939734.94,2639404.753,0.5,0.5,,,,,
600900.SH,20251017,28.13,28.38,28.06,28.11,28.16,-0.05,-0.1776,1147021.54,3235603.482,0.5,0.5,,,,,
600900.SH,20251020,28.12,28.15,27.75,28.05,28.11,-0.06,-0.2134,914230.76,2555513.223,0.5,0.5,,,,,
600900.SH,20251021,28.0,28.1,27.85,27.91,28.05,-0.14,-0.4991,801635.74,2239195.693,0.5,0.5,,,,,
600900.SH,20251022,27.89,28.08,27.85,28.04,27.91,0.13,0.4658,619189.68,1734320.789,0.5,0.5,,,,,
600900.SH,20251023,28.04,28.27,28.04,28.23,28.04,0.19,0.6776,785588.09,2215031.621,0.5,0.5,,,,,
600900.SH,20251024,28.21,28.29,28.08,28.19,28.23,-0.04,-0.1417,770600.06,2172735.273,0.5,0.5,,,,,
600900.SH,20251027,28.14,28.56,28.02,28.3,28.19,0.11,0.3902,1248426.35,3534388.258,0.5,0.5,,,,,
600900.SH,20251028,28.26,28.54,28.26,28.46,28.3,0.16,0.5654,732635.65,2082899.503,0.5,0.5,,,,,
600900.SH,20251029,28.46,28.46,28.26,28.29,28.46,-0.17,-0.5973,740543.03,2097455.018,0.5,0.5,,,,,
600900.SH,20251030,28.29,28.56,28.19,28.47,28.29,0.18,0.6363,867173.76,2465019.759,0.5,0.5,,,,,
600900.SH,20251031,28.46,28.46,27.93,28.1,28.47,-0.37,-1.2996,1184702.29,3332582.343,0.5,0.5,,,,,
600900.SH,20251103,28.11,28.35,28.11,28.31,28.1,0.21,0.7473,613783.22,1735602.286,0.5,0.5,,,,,
600900.SH,20251104,28.31,28.69,28.28,28.6,28.31,0.29,1.0244,1049428.89,2995456.129,0.5,0.5,,,,,
600900.SH,20251105,28.63,28.69,28.4,28.42,28.6,-0.18,-0.6294,685791.15,1954741.549,0.5,0.5,,,,,
600900.SH,20251106,28.39,28.6,28.36,28.5,28.42,0.08,0.2815,673928.32,1920939.279,0.5,0.5,,,,,
600900.SH,20251107,28.51,28.64,28.43,28.52,28.5,0.02,0.0702,551417.84,1572837.493,0.5,0.5,,,,,
600900.SH,20251110,28.52,28.59,28.39,28.53,28.52,0.01,0.0351,493344.59,1406140.642,0.5,0.5,,,,,
600900.SH,20251111,28.53,28.72,28.47,28.62,28.53,0.09,0.3155,625175.78,1788389.426,0.5,0.5,,,,,
600900.SH,20251112,28.7,28.88,28.61,28.61,28.62,-0.01,-0.0349,629704.97,1810844.126,0.5,0.5,,,,,
600900.SH,20251113,28.62,28.73,28.26,28.44,28.61,-0.17,-0.5942,1012328.04,2874569.006,0.5,0.5,,,,,
600900.SH,20251114,28.44,28.71,28.34,28.34,28.44,-0.1,-0.3516,747625.18,2134920.337,0.5,0.5,,,,,
600900.SH,20251117,28.37,28.43,28.03,28.16,28.34,-0.18,-0.6351,725596.43,2041952.507,0.5,0.5,,,,,
600900.SH,20251118,28.16,28.34,28.08,28.15,28.16,-0.01,-0.0355,590136.98,1664566.13,0.5,0.5,,,,,
600900.SH,20251119,28.15,28.33,28.11,28.23,28.15,0.08,0.2842,481597.61,1359794.725,0.5,0.5,,,,,
600900.SH,20251120,28.18,28.32,28.05,28.14,28.23,-0.09,-0.3188,576112.35,1624414.752,0.5,0.5,,,,,
600900.SH,20251121,28.17,28.27,28.07,28.16,28.14,0.02,0.0711,919941.5,2591450.861,0.5,0.5,,,,,
600900.SH,20251124,28.18,28.2,27.92,28.19,28.16,0.03,0.1065,971795.69,2725992.366,0.5,0.5,,,,,
600900.SH,20251125,28.19,28.2,27.83,28.03,28.19,-0.16,-0.5676,929854.19,2602515.319,0.5,0.5,,,,,
600900.SH,20251126,28.03,28.12,27.9,27.94,28.03,-0.09,-0.3211,662732.78,1854668.14,0.5,0.5,,,,,
600900.SH,20251127,27.93,28.14,27.78,28.09,27.94,0.15,0.5369,768692.86,2152113.661,0.5,0.5,,,,,
600900.SH,20251128,28.01,28.07,27.95,27.98,28.09,-0.11,-0.3916,590180.67,1651765.723,0.5,0.5,,,,,
600900.SH,20251201,28.05,28.15,27.99,28.07,27.98,0.09,0.3217,582523.94,1634524.009,0.5,0.5,,,,,
600900.SH,20251202,28.03,28.27,28.02,28.26,28.07,0.19,0.6769,748779.62,2111131.853,0.5,0.5,,,,,
600900.SH,20251203,28.25,28.36,28.21,28.27,28.26,0.01,0.0354,445599.66,1260442.579,0.5,0.5,,,,,
600900.SH,20251204,28.3,28.32,28.17,28.24,28.27,-0.03,-0.1061,379967.06,1072988.579,0.5,0.5,,,,,
600900.SH,20251205,28.24,28.24,28.02,28.07,28.24,-0.17,-0.602,544975.5,1531066.285,0.5,0.5,,,,,
600900.SH,20251208,28.07,28.1,27.86,27.87,28.07,-0.2,-0.7125,754265.06,2109155.093,0.5,0.5,,,,,
600900.SH,20251209,27.93,28.04,27.9,27.97,27.87,0.1,0.3588,512302.07,1432281.938,0.5,0.5,,,,,
600900.SH,20251210,27.93,28.07,27.85,27.89,27.97,-0.08,-0.286,585389.54,1634914.947,0.5,0.5,,,,,
600900.SH,20251211,27.92,27.94,27.75,27.86,27.89,-0.03,-0.1076,695636.24,1936057.504,0.5,0.5,,,,,
600900.SH,20251212,27.85,28.05,27.81,28.04,27.86,0.18,0.6461,898708.32,2509907.08,0.5,0.5,,,,,
600900.SH,20251215,27.99,28.15,27.96,28.04,28.04,0.0,0.0,539466.13,1514955.53,0.5,0.5,,,,,
600900.SH,20251216,28.06,28.08,27.82,27.97,28.04,-0.07,-0.2496,679077.46,1896170.505,0.5,0.5,,,,,
600900.SH,20251217,27.93,28.0,27.84,27.92,27.97,-0.05,-0.1788,592436.13,1653641.726,0.5,0.5,,,,,
600900.SH,20251218,27.92,28.09,27.89,28.08,27.92,0.16,0.5731,464197.94,1300956.749,0.5,0.5,,,,,
600900.SH,20251219,28.03,28.08,27.82,27.85,28.08,-0.23,-0.8191,799993.14,2233930.352,0.5,0.5,,,,,
600900.SH,20251222,27.84,27.86,27.5,27.54,27.85,-0.31,-1.1131,1564033.93,4316199.315,0.5,0.5,,,,,
600900.SH,20251223,27.5,27.74,27.48,27.72,27.54,0.18,0.6536,709451.12,1962122.211,0.5,0.5,,,,,
600900.SH,20251224,27.71,27.71,27.55,27.64,27.72,-0.08,-0.2886,499942.8,1381469.831,0.5,0.5,,,,,
600900.SH,20251225,27.63,27.68,27.57,27.64,27.64,0.0,0.0,300805.76,831149.451,0.5,0.5,,,,,
600900.SH,20251226,27.61,27.67,27.52,27.64,27.64,0.0,0.0,482593.39,1332687.115,0.5,0.5,,,,,
600900.SH,20251229,27.64,27.64,27.5,27.52,27.64,-0.12,-0.4342,689033.36,1897569.339,0.5,0.5,,,,,
600900.SH,20251230,27.5,27.5,27.32,27.32,27.52,-0.2,-0.7267,724247.0,1982353.612,0.5,0.5,,,,,
600900.SH,20251231,27.35,27.37,27.17,27.19,27.32,-0.13,-0.4758,742930.24,2021839.64,0.5,0.5,,,,,
600900.SH,20260105,27.2,27.31,27.1,27.28,27.19,0.09,0.331,765691.31,2084118.017,0.5,0.5,,,,,
600900.SH,20260106,27.3,27.44,27.24,27.44,27.28,0.16,0.5865,738436.81,2020307.561,0.5,0.5,,,,,
600900.SH,20260107,27.44,27.45,27.22,27.23,27.44,-0.21,-0.7653,721701.95,1970227.485,0.5,0.5,,,,,
600900.SH,20260108,27.23,27.3,27.19,27.26,27.23,0.03,0.1102,470572.75,1282365.975,0.5,0.5,,,,,
600900.SH,20260109,27.27,27.29,27.18,27.29,27.26,0.03,0.1101,629034.53,1713592.955,0.5,0.5,,,,,
600900.SH,20260112,27.29,27.45,27.22,27.4,27.29,0.11,0.4031,784355.54,2145881.938,0.5,0.5,,,,,
600900.SH,20260113,27.45,27.57,27.32,27.36,27.4,-0.04,-0.146,785384.92,2154672.433,0.5,0.5,,,,,
600900.SH,20260114,27.45,27.54,26.8,26.81,27.36,-0.55,-2.0102,2927500.88,7941387.446,0.5,0.5,,,,,
600900.SH,20260115,26.98,27.01,26.77,26.82,26.81,0.01,0.0373,1259274.47,3382187.545,0.5,0.5,,,,,
600900.SH,20260116,26.88,27.03,26.44,26.52,26.82,-0.3,-1.1186,2388546.3,6368509.096,0.5,0.5,,,,,
600900.SH,20260119,26.61,26.92,26.6,26.8,26.52,0.28,1.0558,1047218.13,2803299.152,0.5,0.5,,,,,
600900.SH,20260120,26.8,26.94,26.73,26.88,26.8,0.08,0.2985,1050033.77,2822226.858,0.5,0.5,,,,,
600900.SH,20260121,26.89,26.9,26.55,26.58,26.88,-0.3,-1.1161,1163281.62,3105540.544,0.5,0.5,,,,,
600900.SH,20260122,26.58,26.72,26.3,26.31,26.58,-0.27,-1.0158,1807849.66,4779737.327,0.5,0.5,,,,,
600900.SH,20260123,26.36,26.42,25.96,26.0,26.31,-0.31,-1.1783,2106915.13,5502988.264,0.5,0.5,,,,,
600900.SH,20260126,26.05,26.28,25.86,25.98,26.0,-0.02,-0.0769,2028697.96,5283656.766,0.5,0.5,,,,,
600900.SH,20260127,25.98,26.14,25.86,25.93,25.98,-0.05,-0.1925,1313814.83,3416663.13,0.5,0.5,,,,,
600900.SH,20260128,25.93,25.94,25.61,25.65,25.93,-0.28,-1.0798,2326497.6,5985858.969,0.5,0.5,,,,,
600900.SH,20260129,25.65,26.2,25.38,26.03,25.65,0.38,1.4815,2616230.32,6732321.039,0.5,0.5,,,,,
600900.SH,20260130,26.04,26.57,26.04,26.36,26.03,0.33,1.2678,2238492.39,5906700.028,0.5,0.5,,,,,
600900.SH,20260202,26.49,26.55,26.09,26.14,26.36,-0.22,-0.8346,1242256.65,3267262.732,0.5,0.5,,,,,
600900.SH,20260203,26.2,26.23,25.91,26.0,26.14,-0.14,-0.5356,885438.15,2302972.625,0.5,0.5,,,,,
600900.SH,20260204,25.97,26.39,25.95,26.38,26.0,0.38,1.4615,957051.81,2512165.683,0.5,0.5,,,,,
600900.SH,20260205,26.42,26.69,26.35,26.6,26.38,0.22,0.834,1032447.5,2739767.94,0.5,0.5,,,,,
600900.SH,20260206,26.6,26.77,26.38,26.52,26.6,-0.08,-0.3008,725626.8,1922388.504,0.5,0.5,,,,,
600900.SH,20260209,26.53,26.57,26.28,26.46,26.52,-0.06,-0.2262,678291.25,1792121.462,0.5,0.5,,,,,
600900.SH,20260210,26.46,26.6,26.37,26.57,26.46,0.11,0.4157,559201.01,1483185.481,0.5,0.5,,,,,
600900.SH,20260211,26.58,26.59,26.41,26.48,26.57,-0.09,-0.3387,533882.46,1412807.447,0.5,0.5,,,,,
600900.SH,20260212,26.27,26.3,26.05,26.12,26.27,-0.15,-0.571,737342.37,1925902.011,0.5,0.5,,,,,
600900.SH,20260213,26.13,26.18,25.95,26.0,26.12,-0.12,-0.4594,715540.68,1863613.082,0.5,0.5,,,,,
600900.SH,20260224,26.13,26.16,25.98,26.05,26.0,0.05,0.1923,730789.39,1903435.481,0.5,0.5,,,,,
600900.SH,20260225,26.08,26.2,25.95,25.97,26.05,-0.08,-0.3071,956209.54,2492461.852,0.5,0.5,,,,,
600900.SH,20260226,25.98,26.09,25.93,26.04,25.97,0.07,0.2695,619771.69,1611605.301,0.5,0.5,,,,,
600900.SH,20260227,26.05,26.18,26.02,26.04,26.04,0.0,0.0,919037.82,2396913.236,0.5,0.5,,,,,
600900.SH,20260302,26.12,26.65,26.12,26.57,26.04,0.53,2.0353,1817728.88,4815661.932,0.5,0.5,,,,,
600900.SH,20260303,26.57,27.1,26.53,26.97,26.57,0.4,1.5055,2145546.53,5763725.302,0.5,0.5,,,,,
600900.SH,20260304,26.8,27.19,26.52,27.09,26.97,0.12,0.4449,1757354.43,4731660.303,0.5,0.5,,,,,
600900.SH,20260305,26.98,27.24,26.84,27.08,27.09,-0.01,-0.0369,1329148.71,3600687.805,0.5,0.5,,,,,
600900.SH,20260306,27.06,27.15,26.98,27.14,27.08,0.06,0.2216,878369.24,2377351.285,0.5,0.5,,,,,
600900.SH,20260309,27.16,27.63,27.09,27.2,27.14,0.06,0.2211,2075027.99,5674816.795,0.5,0.5,,,,,
600900.SH,20260310,27.01,27.24,26.73,27.15,27.2,-0.05,-0.1838,1192857.15,3217091.405,0.5,0.5,,,,,
600900.SH,20260311,27.15,27.31,26.95,27.3,27.15,0.15,0.5525,897445.46,2439249.557,0.5,0.5,,,,,
600900.SH,20260312,27.32,27.5,27.16,27.5,27.3,0.2,0.7326,1078962.09,2951508.824,0.5,0.5,,,,,
600900.SH,20260313,27.5,27.63,27.35,27.42,27.5,-0.08,-0.2909,942776.29,2590387.28,0.5,0.5,,,,,
600900.SH,20260316,27.42,27.5,27.24,27.36,27.42,-0.06,-0.2188,872037.87,2388063.54,0.5,0.5,,,,,
600900.SH,20260317,27.32,27.57,27.28,27.49,27.36,0.13,0.4751,850288.95,2338113.044,0.5,0.5,,,,,
600900.SH,20260318,27.48,27.65,27.24,27.29,27.49,-0.2,-0.7275,800289.92,2191462.951,0.5,0.5,,,,,
600900.SH,20260319,27.27,27.48,27.2,27.26,27.29,-0.03,-0.1099,1015257.81,2777309.817,0.5,0.5,,,,,
600900.SH,20260320,27.26,27.39,27.02,27.18,27.26,-0.08,-0.2935,845555.09,2299198.422,0.5,0.5,,,,,
600900.SH,20260323,27.07,27.26,26.66,26.74,27.18,-0.44,-1.6188,1757271.3,4727621.378,0.5,0.5,,,,,
600900.SH,20260324,26.9,27.13,26.72,27.1,26.74,0.36,1.3463,910767.18,2455035.706,0.5,0.5,,,,,
600900.SH,20260325,27.15,27.27,26.92,27.21,27.1,0.11,0.4059,860545.05,2335396.506,0.5,0.5,,,,,
600900.SH,20260326,27.19,27.45,27.1,27.31,27.21,0.1,0.3675,845013.7,2305295.042,0.5,0.5,,,,,
600900.SH,20260327,27.28,27.4,27.18,27.25,27.31,-0.06,-0.2197,685517.22,1869448.582,0.5,0.5,,,,,
600900.SH,20260330,27.25,27.25,27.01,27.14,27.25,-0.11,-0.4037,692780.6,1880990.759,0.5,0.5,,,,,
600900.SH,20260331,27.14,27.33,27.04,27.04,27.14,-0.1,-0.3685,802588.84,2181329.248,0.5,0.5,,,,,
600900.SH,20260401,27.12,27.12,26.84,26.88,27.04,-0.16,-0.5917,906081.71,2440214.452,0.5,0.5,,,,,
600900.SH,20260402,26.9,27.02,26.76,27.01,26.88,0.13,0.4836,739848.93,1988851.813,0.5,0.5,,,,,
600900.SH,20260403,27.0,27.0,26.66,26.7,27.01,-0.31,-1.1477,656276.8,1757122.436,0.5,0.5,,,,,
600900.SH,20260407,26.71,26.75,26.4,26.48,26.7,-0.22,-0.824,726271.79,1926064.162,0.5,0.5,,,,,
600900.SH,20260408,26.52,26.58,26.39,26.58,26.48,0.1,0.3776,806199.77,2138241.99,0.5,0.5,,,,,
600900.SH,20260409,26.58,26.58,26.31,26.39,26.58,-0.19,-0.7148,691284.54,1824031.017,0.5,0.5,,,,,
600900.SH,20260410,26.47,26.5,26.32,26.4,26.39,0.01,0.0379,665589.04,1756489.575,0.5,0.5,,,,,
600900.SH,20260413,26.39,26.43,26.24,26.42,26.4,0.02,0.0758,626263.92,1648289.578,0.5,0.5,,,,,
600900.SH,20260414,26.42,26.5,26.32,26.42,26.42,0.0,0.0,701165.97,1848972.432,0.5,0.5,,,,,
600900.SH,20260415,26.41,26.67,26.36,26.55,26.42,0.13,0.4921,970565.86,2576891.492,0.5,0.5,,,,,
600900.SH,20260416,26.56,26.7,26.52,26.55,26.55,0.0,0.0,719585.95,1912488.03,0.5,0.5,,,,,
600900.SH,20260417,26.55,26.58,26.38,26.38,26.55,-0.17,-0.6403,836066.71,2214978.373,0.5,0.5,,,,,
600900.SH,20260420,26.41,26.84,26.41,26.84,26.38,0.46,1.7437,950417.99,2538195.456,0.5,0.5,,,,,
600900.SH,20260421,26.86,27.15,26.85,27.13,26.84,0.29,1.0805,904432.49,2446267.987,0.5,0.5,,,,,
600900.SH,20260422,27.13,27.13,26.82,26.86,27.13,-0.27,-0.9952,741609.24,1997674.385,0.5,0.5,,,,,
600900.SH,20260423,26.86,27.01,26.66,26.95,26.86,0.09,0.3351,845908.0,2270225.989,0.5,0.5,,,,,
600900.SH,20260424,26.91,26.95,26.75,26.81,26.95,-0.14,-0.5195,564464.4,1514495.496,0.5,0.5,,,,,
600900.SH,20260427,26.8,26.85,26.62,26.66,26.81,-0.15,-0.5595,562598.68,1504214.891,0.5,0.5,,,,,
600900.SH,20260428,26.68,26.78,26.61,26.73,26.66,0.07,0.2626,700607.77,1869479.612,0.5,0.5,,,,,
600900.SH,20260429,26.71,26.8,26.6,26.77,26.73,0.04,0.1496,855961.19,2284682.165,0.5,0.5,,,,,
600900.SH,20260430,27.09,27.42,26.94,27.32,26.77,0.55,2.0545,1914637.37,5218424.711,0.5,0.5,,,,,
600900.SH,20260506,27.34,27.34,27.04,27.2,27.32,-0.12,-0.4392,1237749.54,3359761.259,0.5,0.5,,,,,
600900.SH,20260507,27.18,27.2,26.9,27.05,27.2,-0.15,-0.5515,973283.07,2633218.235,0.5,0.5,,,,,
600900.SH,20260508,27.06,27.16,26.98,27.0,27.05,-0.05,-0.1848,804423.1,2173718.079,0.5,0.5,,,,,
600900.SH,20260511,27.05,27.2,26.95,27.01,27.0,0.01,0.037,1030952.75,2787957.982,0.5,0.5,,,,,
600900.SH,20260512,27.01,27.17,26.91,27.04,27.01,0.03,0.1111,1011762.33,2738732.723,0.5,0.5,,,,,
600900.SH,20260513,27.08,27.29,26.97,27.0,27.04,-0.04,-0.1479,1396919.41,3785965.443,0.5,0.5,,,,,
600900.SH,20260514,26.98,27.08,26.85,26.94,27.0,-0.06,-0.2222,1102942.32,2971318.672,0.5,0.5,,,,,
600900.SH,20260515,26.9,27.15,26.72,27.03,26.94,0.09,0.3341,1187554.88,3202012.497,0.5,0.5,,,,,
600900.SH,20260518,27.04,27.18,26.81,26.89,27.03,-0.14,-0.5179,915897.69,2465321.894,0.5,0.5,,,,,
600900.SH,20260519,26.89,27.35,26.77,27.25,26.89,0.36,1.3388,1725645.85,4692289.634,0.5,0.5,,,,,
600900.SH,20260520,27.25,27.28,26.87,26.9,27.25,-0.35,-1.2844,1284344.36,3473080.686,0.5,0.5,,,,,
600900.SH,20260521,26.86,26.97,26.63,26.66,26.9,-0.24,-0.8922,1166100.37,3127663.67,0.5,0.5,,,,,
600900.SH,20260522,26.73,26.76,26.5,26.56,26.66,-0.1,-0.3751,915888.15,2436330.692,0.5,0.5,,,,,
600900.SH,20260525,26.6,26.83,26.55,26.67,26.56,0.11,0.4142,841543.93,2245695.731,0.5,0.5,,,,,
600900.SH,20260526,26.66,27.15,26.59,27.14,26.67,0.47,1.7623,1626529.81,4397744.505,0.5,0.5,,,,,
600900.SH,20260527,27.06,27.33,27.01,27.24,27.14,0.1,0.3685,1112715.4,3026248.64,0.5,0.5,,,,,
600900.SH,20260528,27.25,27.37,27.11,27.22,27.24,-0.02,-0.0734,1146573.18,3124821.006,0.5,0.5,,,,,
600900.SH,20260529,27.2,27.76,27.08,27.75,27.22,0.53,1.9471,2134370.57,5888377.325,0.5,0.5,,,,,
600900.SH,20260601,27.74,27.87,27.55,27.77,27.75,0.02,0.0721,1392780.66,3861503.134,0.5,0.5,,,,,
600900.SH,20260602,27.82,28.15,27.62,27.96,27.77,0.19,0.6842,1257574.46,3513868.172,0.5,0.5,,,,,
600900.SH,20260603,27.85,27.98,27.51,27.89,27.96,-0.07,-0.2504,1143005.88,3168757.471,0.5,0.5,,,,,
600900.SH,20260604,27.83,27.96,27.61,27.72,27.89,-0.17,-0.6095,874972.29,2430916.403,0.5,0.5,,,,,
600900.SH,20260605,27.72,28.1,27.51,27.61,27.72,-0.11,-0.3968,1094135.63,3042122.314,0.5,0.5,,,,,
600900.SH,20260608,27.5,27.61,27.26,27.51,27.61,-0.1,-0.3622,1180654.67,3238081.015,0.5,0.5,,,,,
600900.SH,20260609,27.51,27.7,27.39,27.63,27.51,0.12,0.4362,882535.97,2433424.842,0.5,0.5,,,,,
600900.SH,20260610,27.6,27.82,27.43,27.69,27.63,0.06,0.2172,887500.11,2457850.309,0.5,0.5,,,,,
600900.SH,20260611,27.69,27.95,27.6,27.89,27.69,0.2,0.7223,991250.1,2759358.768,0.5,0.5,,,,,
000333.SZ,20210615,73.87,74.5,72.0,73.24,74.0,-0.76,-1.027,445900.3,3245305.091,0.5,0.5,,,,,
000333.SZ,20210616,73.9,75.26,73.2,75.0,73.24,1.76,2.4031,449701.85,3359892.667,0.5,0.5,,,,,
000333.SZ,20210617,75.2,75.33,73.3,73.46,75.0,-1.54,-2.0533,299292.38,2214198.276,0.5,0.5,,,,,
000333.SZ,20210618,73.33,74.21,72.16,73.8,73.46,0.34,0.4628,388178.63,2831313.013,0.5,0.5,,,,,
000333.SZ,20210621,73.82,73.83,71.17,72.0,73.8,-1.8,-2.439,477386.43,3450150.41,0.5,0.5,,,,,
000333.SZ,20210622,71.9,72.88,70.88,71.28,72.0,-0.72,-1.0,410341.69,2942649.258,0.5,0.5,,,,,
000333.SZ,20210623,71.21,73.29,70.7,73.17,71.28,1.89,2.6515,434043.58,3139531.924,0.5,0.5,,,,,
000333.SZ,20210624,74.5,74.5,72.71,73.2,73.17,0.03,0.041,287028.16,2103271.9,0.5,0.5,,,,,
000333.SZ,20210625,73.57,73.78,72.58,73.17,73.2,-0.03,-0.041,412552.01,3019079.359,0.5,0.5,,,,,
000333.SZ,20210628,73.18,73.9,72.5,73.21,73.17,0.04,0.0547,306845.68,2240502.743,0.5,0.5,,,,,
000333.SZ,20210629,73.78,73.8,71.24,71.46,73.21,-1.75,-2.3904,349799.11,2518377.824,0.5,0.5,,,,,
000333.SZ,20210630,71.1,71.9,70.85,71.37,71.46,-0.09,-0.1259,284444.13,2022265.551,0.5,0.5,,,,,
000333.SZ,20210701,71.3,73.39,70.56,73.24,71.37,1.87,2.6201,446417.83,3221962.175,0.5,0.5,,,,,
000333.SZ,20210702,72.63,72.75,70.66,71.1,73.24,-2.14,-2.9219,403184.36,2873257.072,0.5,0.5,,,,,
000333.SZ,20210705,70.28,70.37,66.78,68.2,71.1,-2.9,-4.0788,780811.02,5309270.148,0.5,0.5,,,,,
000333.SZ,20210706,67.66,69.35,66.81,68.61,68.2,0.41,0.6012,410636.62,2802133.748,0.5,0.5,,,,,
000333.SZ,20210707,68.95,71.95,68.61,70.39,68.61,1.78,2.5944,559597.61,3961973.98,0.5,0.5,,,,,
000333.SZ,20210708,70.0,70.79,68.86,70.0,70.39,-0.39,-0.5541,359770.37,2508845.301,0.5,0.5,,,,,
000333.SZ,20210709,69.55,70.58,68.71,69.2,70.0,-0.8,-1.1429,290798.3,2016604.915,0.5,0.5,,,,,
000333.SZ,20210712,69.64,71.5,68.92,70.7,69.2,1.5,2.1676,404955.49,2860148.826,0.5,0.5,,,,,
000333.SZ,20210713,70.78,73.33,70.58,72.8,70.7,2.1,2.9703,474532.41,3430086.441,0.5,0.5,,,,,
000333.SZ,20210714,72.45,72.8,71.56,72.0,72.8,-0.8,-1.0989,334055.15,2405155.834,0.5,0.5,,,,,
000333.SZ,20210715,72.0,72.35,70.61,71.17,72.0,-0.83,-1.1528,319702.43,2276242.685,0.5,0.5,,,,,
000333.SZ,20210716,71.3,71.3,68.8,69.7,71.17,-1.47,-2.0655,456910.25,3180537.683,0.5,0.5,,,,,
000333.SZ,20210719,69.79,70.3,68.6,70.14,69.7,0.44,0.6313,305611.68,2124892.125,0.5,0.5,,,,,
000333.SZ,20210720,69.66,70.22,69.01,69.61,70.14,-0.53,-0.7556,230947.8,1603201.065,0.5,0.5,,,,,
000333.SZ,20210721,69.72,69.92,67.81,67.99,69.61,-1.62,-2.3273,515186.57,3525935.836,0.5,0.5,,,,,
000333.SZ,20210722,67.99,69.89,66.98,68.3,67.99,0.31,0.4559,428837.59,2952043.815,0.5,0.5,,,,,
000333.SZ,20210723,68.3,68.88,66.51,66.96,68.3,-1.34,-1.9619,424513.36,2851914.803,0.5,0.5,,,,,
000333.SZ,20210726,65.58,66.07,63.87,64.68,66.96,-2.28,-3.405,570128.81,3709400.702,0.5,0.5,,,,,
000333.SZ,20210727,64.67,64.98,61.4,61.4,64.68,-3.28,-5.0711,618698.75,3893777.293,0.5,0.5,,,,,
000333.SZ,20210728,61.4,63.8,61.11,63.28,61.4,1.88,3.0619,477829.07,2994650.503,0.5,0.5,,,,,
000333.SZ,20210729,64.5,64.5,62.63,63.3,63.28,0.02,0.0316,392712.65,2485962.571,0.5,0.5,,,,,
000333.SZ,20210730,63.09,64.08,61.96,63.51,63.3,0.21,0.3318,419778.74,2648623.981,0.5,0.5,,,,,
000333.SZ,20210802,63.5,66.66,62.58,66.08,63.51,2.57,4.0466,544452.6,3553099.532,0.5,0.5,,,,,
000333.SZ,20210803,65.5,72.26,65.18,70.92,66.08,4.84,7.3245,899927.68,6224743.064,0.5,0.5,,,,,
000333.SZ,20210804,70.4,71.68,69.73,69.99,70.92,-0.93,-1.3113,426362.29,3000695.827,0.5,0.5,,,,,
000333.SZ,20210805,69.45,71.61,69.09,69.9,69.99,-0.09,-0.1286,453382.68,3201066.025,0.5,0.5,,,,,
000333.SZ,20210806,70.0,71.05,68.05,70.35,69.9,0.45,0.6438,344817.66,2410493.994,0.5,0.5,,,,,
000333.SZ,20210809,69.6,73.5,69.37,72.47,70.35,2.12,3.0135,513619.21,3711851.356,0.5,0.5,,,,,
000333.SZ,20210810,72.1,72.85,70.83,72.85,72.47,0.38,0.5244,323715.45,2326129.708,0.5,0.5,,,,,
000333.SZ,20210811,72.34,73.55,71.87,71.93,72.85,-0.92,-1.2629,285607.14,2073013.76,0.5,0.5,,,,,
000333.SZ,20210812,71.5,72.47,70.6,70.92,71.93,-1.01,-1.4041,305392.65,2176736.608,0.5,0.5,,,,,
000333.SZ,20210813,70.92,71.98,69.8,71.61,70.92,0.69,0.9729,303013.04,2153012.741,0.5,0.5,,,,,
000333.SZ,20210816,71.61,75.45,71.45,74.99,71.61,3.38,4.72,663055.82,4925830.244,0.5,0.5,,,,,
000333.SZ,20210817,74.98,75.5,73.11,73.4,74.99,-1.59,-2.1203,414103.11,3078533.153,0.5,0.5,,,,,
000333.SZ,20210818,73.39,75.0,72.7,74.5,73.4,1.1,1.4986,326173.17,2419424.671,0.5,0.5,,,,,
000333.SZ,20210819,74.96,75.28,71.87,71.94,74.5,-2.56,-3.4362,328662.21,2403024.43,0.5,0.5,,,,,
000333.SZ,20210820,70.99,72.49,69.79,72.0,71.94,0.06,0.0834,301298.22,2143875.729,0.5,0.5,,,,,
000333.SZ,20210823,71.7,72.55,70.13,70.61,72.0,-1.39,-1.9306,242164.01,1715542.962,0.5,0.5,,,,,
000333.SZ,20210824,70.2,71.15,68.18,70.5,70.61,-0.11,-0.1558,387440.22,2700934.79,0.5,0.5,,,,,
000333.SZ,20210825,70.1,70.7,69.0,69.15,70.5,-1.35,-1.9149,253518.79,1761336.902,0.5,0.5,,,,,
000333.SZ,20210826,69.14,69.65,67.51,67.93,69.15,-1.22,-1.7643,305609.14,2082846.695,0.5,0.5,,,,,
000333.SZ,20210827,67.93,68.98,67.38,67.8,67.93,-0.13,-0.1914,245560.8,1670326.402,0.5,0.5,,,,,
000333.SZ,20210830,67.95,68.11,65.31,65.98,67.8,-1.82,-2.6844,453444.2,2990768.858,0.5,0.5,,,,,
000333.SZ,20210831,65.9,67.89,65.26,66.0,65.98,0.02,0.0303,319641.02,2120020.156,0.5,0.5,,,,,
000333.SZ,20210901,66.51,69.85,65.18,69.15,66.0,3.15,4.7727,541204.72,3688604.134,0.5,0.5,,,,,
000333.SZ,20210902,69.58,69.58,67.85,69.19,69.15,0.04,0.0578,427612.83,2930294.69,0.5,0.5,,,,,
000333.SZ,20210903,68.97,70.13,68.2,70.04,69.19,0.85,1.2285,286807.84,1995822.443,0.5,0.5,,,,,
000333.SZ,20210906,70.12,73.24,70.11,72.12,70.04,2.08,2.9697,396106.16,2853865.986,0.5,0.5,,,,,
000333.SZ,20210907,72.7,73.93,71.81,73.02,72.12,0.9,1.2479,389370.22,2852011.278,0.5,0.5,,,,,
000333.SZ,20210908,73.0,73.65,72.21,72.72,73.02,-0.3,-0.4108,266823.59,1945966.049,0.5,0.5,,,,,
000333.SZ,20210909,72.72,73.35,71.23,72.02,72.72,-0.7,-0.9626,223508.46,1611240.093,0.5,0.5,,,,,
000333.SZ,20210910,72.02,73.0,71.1,72.4,72.02,0.38,0.5276,210795.81,1520883.789,0.5,0.5,,,,,
000333.SZ,20210913,72.32,72.69,70.73,70.98,72.4,-1.42,-1.9613,212937.72,1519720.223,0.5,0.5,,,,,
000333.SZ,20210914,71.0,71.4,68.21,68.43,70.98,-2.55,-3.5926,307033.35,2132022.305,0.5,0.5,,,,,
000333.SZ,20210915,68.01,68.42,65.8,66.52,68.43,-1.91,-2.7912,396306.58,2652852.006,0.5,0.5,,,,,
000333.SZ,20210916,66.52,67.18,65.8,65.95,66.52,-0.57,-0.8569,294662.22,1952956.773,0.5,0.5,,,,,
000333.SZ,20210917,66.36,68.28,66.09,68.26,65.95,2.31,3.5027,260977.37,1757915.165,0.5,0.5,,,,,
000333.SZ,20210922,67.0,67.3,65.88,66.08,68.26,-2.18,-3.1937,239677.87,1589166.507,0.5,0.5,,,,,
000333.SZ,20210923,66.76,67.1,66.0,66.79,66.08,0.71,1.0745,199430.38,1327533.718,0.5,0.5,,,,,
000333.SZ,20210924,66.5,68.2,66.09,67.2,66.79,0.41,0.6139,273724.09,1841748.628,0.5,0.5,,,,,
000333.SZ,20210927,67.19,70.39,66.77,68.7,67.2,1.5,2.2321,332664.6,2292141.631,0.5,0.5,,,,,
000333.SZ,20210928,68.07,70.5,67.31,70.27,68.7,1.57,2.2853,347514.38,2424145.96,0.5,0.5,,,,,
000333.SZ,20210929,69.95,70.9,69.28,70.27,70.27,0.0,0.0,295308.2,2075477.39,0.5,0.5,,,,,
000333.SZ,20210930,70.27,71.13,69.5,69.6,70.27,-0.67,-0.9535,218791.16,1537243.044,0.5,0.5,,,,,
000333.SZ,20211008,70.2,72.58,69.75,72.5,69.6,2.9,4.1667,416133.73,2987690.472,0.5,0.5,,,,,
000333.SZ,20211011,72.7,73.1,71.08,71.08,72.5,-1.42,-1.9586,234492.47,1683573.325,0.5,0.5,,,,,
000333.SZ,20211012,71.11,72.58,70.08,71.62,71.08,0.54,0.7597,215990.19,1548732.744,0.5,0.5,,,,,
000333.SZ,20211013,72.0,72.22,70.25,71.0,71.62,-0.62,-0.8657,160558.9,1139319.628,0.5,0.5,,,,,
000333.SZ,20211014,71.03,71.62,69.65,70.13,71.0,-0.87,-1.2254,162333.58,1143450.65,0.5,0.5,,,,,
000333.SZ,20211015,71.0,71.78,70.36,71.0,70.13,0.87,1.2406,204251.07,1447693.569,0.5,0.5,,,,,
000333.SZ,20211018,71.0,71.0,69.0,69.62,71.0,-1.38,-1.9437,219018.73,1524555.399,0.5,0.5,,,,,
000333.SZ,20211019,69.31,70.46,69.05,69.88,69.62,0.26,0.3735,181044.97,1265164.859,0.5,0.5,,,,,
000333.SZ,20211020,70.0,70.5,68.02,68.07,69.88,-1.81,-2.5902,302766.09,2074541.249,0.5,0.5,,,,,
000333.SZ,20211021,68.28,69.79,68.04,69.68,68.07,1.61,2.3652,205973.02,1416973.726,0.5,0.5,,,,,
000333.SZ,20211022,69.97,75.0,69.95,74.5,69.68,4.82,6.9173,819479.36,6030294.05,0.5,0.5,,,,,
000333.SZ,20211025,73.99,74.3,71.6,72.4,74.5,-2.1,-2.8188,430581.06,3124400.474,0.5,0.5,,,,,
000333.SZ,20211026,71.75,71.98,70.02,70.02,72.4,-2.38,-3.2873,396448.1,2798221.885,0.5,0.5,,,,,
000333.SZ,20211027,69.06,69.45,67.0,67.0,70.02,-3.02,-4.3131,678497.0,4597497.865,0.5,0.5,,,,,
000333.SZ,20211028,66.5,68.35,66.04,68.12,67.0,1.12,1.6716,277978.6,1876958.742,0.5,0.5,,,,,
000333.SZ,20211029,67.43,69.5,67.3,68.77,68.12,0.65,0.9542,282021.16,1933712.606,0.5,0.5,,,,,
000333.SZ,20211101,71.27,73.92,70.65,72.81,68.77,4.04,5.8747,748110.69,5437920.545,0.5,0.5,,,,,
000333.SZ,20211102,72.81,73.39,70.38,70.81,72.81,-2.0,-2.7469,339795.98,2430850.401,0.5,0.5,,,,,
000333.SZ,20211103,70.03,71.5,69.32,69.32,70.81,-1.49,-2.1042,221362.9,1550205.587,0.5,0.5,,,,,
000333.SZ,20211104,70.0,71.24,69.49,70.72,69.32,1.4,2.0196,236740.66,1667235.035,0.5,0.5,,,,,
000333.SZ,20211105,70.31,71.81,69.79,70.75,70.72,0.03,0.0424,186306.32,1321929.414,0.5,0.5,,,,,
000333.SZ,20211108,70.63,70.96,69.8,70.44,70.75,-0.31,-0.4382,149609.96,1051451.981,0.5,0.5,,,,,
000333.SZ,20211109,70.35,70.35,68.37,69.0,70.44,-1.44,-2.0443,227670.37,1571550.505,0.5,0.5,,,,,
000333.SZ,20211110,68.69,69.8,68.02,69.58,69.0,0.58,0.8406,237357.91,1632341.271,0.5,0.5,,,,,
000333.SZ,20211111,69.19,72.36,68.9,72.04,69.58,2.46,3.5355,363320.28,2604623.041,0.5,0.5,,,,,
000333.SZ,20211112,71.88,73.88,71.6,72.17,72.04,0.13,0.1805,266143.92,1929374.935,0.5,0.5,,,,,
000333.SZ,20211115,72.0,73.0,71.5,72.48,72.17,0.31,0.4295,214973.17,1553116.114,0.5,0.5,,,,,
000333.SZ,20211116,73.0,73.5,72.39,72.73,72.48,0.25,0.3449,211401.9,1540309.641,0.5,0.5,,,,,
000333.SZ,20211117,72.25,73.2,71.52,72.11,72.73,-0.62,-0.8525,143903.3,1039576.297,0.5,0.5,,,,,
000333.SZ,20211118,71.83,71.84,69.98,70.22,72.11,-1.89,-2.621,194134.31,1370784.033,0.5,0.5,,,,,
000333.SZ,20211119,70.22,70.5,69.31,70.0,70.22,-0.22,-0.3133,251029.95,1750975.581,0.5,0.5,,,,,
000333.SZ,20211122,69.73,70.28,69.5,69.95,70.0,-0.05,-0.0714,229662.39,1602179.694,0.5,0.5,,,,,
000333.SZ,20211123,69.94,69.94,69.02,69.47,69.95,-0.48,-0.6862,224157.18,1554230.541,0.5,0.5,,,,,
000333.SZ,20211124,70.15,70.37,69.02,70.15,69.47,0.68,0.9788,252709.93,1761908.032,0.5,0.5,,,,,
000333.SZ,20211125,70.0,70.0,69.08,69.14,70.15,-1.01,-1.4398,181103.45,1254877.493,0.5,0.5,,,,,
000333.SZ,20211126,69.0,69.45,68.58,68.81,69.14,-0.33,-0.4773,140483.78,969361.339,0.5,0.5,,,,,
000333.SZ,20211129,67.99,68.58,67.72,68.17,68.81,-0.64,-0.9301,200021.0,1361366.065,0.5,0.5,,,,,
000333.SZ,20211130,67.86,69.15,67.67,67.78,68.17,-0.39,-0.5721,195436.71,1332560.745,0.5,0.5,,,,,
000333.SZ,20211201,67.67,68.2,67.2,68.16,67.78,0.38,0.5606,180101.01,1220013.294,0.5,0.5,,,,,
000333.SZ,20211202,67.38,67.97,67.11,67.74,68.16,-0.42,-0.6162,172928.4,1169569.317,0.5,0.5,,,,,
000333.SZ,20211203,67.71,67.71,66.68,67.16,67.74,-0.58,-0.8562,217091.79,1455435.33,0.5,0.5,,,,,
000333.SZ,20211206,67.16,68.78,67.11,68.57,67.16,1.41,2.0995,281560.18,1927815.523,0.5,0.5,,,,,
000333.SZ,20211207,69.1,70.4,69.1,70.23,68.57,1.66,2.4209,459961.0,3221759.578,0.5,0.5,,,,,
000333.SZ,20211208,70.39,70.45,69.0,69.99,70.23,-0.24,-0.3417,244486.18,1705575.366,0.5,0.5,,,,,
000333.SZ,20211209,71.5,72.75,70.88,72.22,69.99,2.23,3.1862,587205.74,4231464.731,0.5,0.5,,,,,
000333.SZ,20211210,71.66,72.4,70.7,71.9,72.22,-0.32,-0.4431,297742.71,2133466.23,0.5,0.5,,,,,
000333.SZ,20211213,72.75,75.27,72.52,72.95,71.9,1.05,1.4604,543929.76,4021351.648,0.5,0.5,,,,,
000333.SZ,20211214,72.25,72.48,71.05,71.05,72.95,-1.9,-2.6045,253301.23,1813446.503,0.5,0.5,,,,,
000333.SZ,20211215,70.99,71.41,70.18,70.35,71.05,-0.7,-0.9852,165669.27,1169764.12,0.5,0.5,,,,,
000333.SZ,20211216,70.45,70.88,69.82,70.4,70.35,0.05,0.0711,153603.53,1077897.221,0.5,0.5,,,,,
000333.SZ,20211217,70.09,70.26,68.7,68.7,70.4,-1.7,-2.4148,204678.41,1419353.357,0.5,0.5,,,,,
000333.SZ,20211220,68.88,70.34,68.81,69.62,68.7,0.92,1.3392,206579.79,1440391.946,0.5,0.5,,,,,
000333.SZ,20211221,69.61,72.13,69.5,71.65,69.62,2.03,2.9158,317596.6,2268444.039,0.5,0.5,,,,,
000333.SZ,20211222,71.45,71.9,70.03,71.53,71.65,-0.12,-0.1675,224831.08,1595253.317,0.5,0.5,,,,,
000333.SZ,20211223,71.09,72.87,71.0,71.87,71.53,0.34,0.4753,196541.81,1412656.991,0.5,0.5,,,,,
000333.SZ,20211224,71.33,72.25,70.83,72.16,71.87,0.29,0.4035,163774.82,1174612.543,0.5,0.5,,,,,
000333.SZ,20211227,72.2,74.0,71.9,73.05,72.16,0.89,1.2334,275623.36,2020201.843,0.5,0.5,,,,,
000333.SZ,20211228,73.05,75.46,73.05,75.18,73.05,2.13,2.9158,512720.47,3839791.457,0.5,0.5,,,,,
000333.SZ,20211229,75.0,75.55,73.75,74.01,75.18,-1.17,-1.5563,215842.58,1603790.662,0.5,0.5,,,,,
000333.SZ,20211230,74.0,74.5,73.18,73.96,74.01,-0.05,-0.0676,218290.08,1615514.267,0.5,0.5,,,,,
000333.SZ,20211231,73.9,74.44,72.78,73.81,73.96,-0.15,-0.2028,216733.93,1593276.844,0.5,0.5,,,,,
000333.SZ,20220104,74.0,75.5,73.6,75.36,73.81,1.55,2.1,310408.01,2323005.428,0.5,0.5,,,,,
000333.SZ,20220105,75.4,79.83,74.74,76.27,75.36,0.91,1.2075,613699.22,4743653.586,0.5,0.5,,,,,
000333.SZ,20220106,75.81,78.19,74.8,74.98,76.27,-1.29,-1.6914,341889.49,2599839.611,0.5,0.5,,,,,
000333.SZ,20220107,75.48,78.48,75.01,77.78,74.98,2.8,3.7343,437220.85,3393184.312,0.5,0.5,,,,,
000333.SZ,20220110,78.2,80.88,77.0,77.8,77.78,0.02,0.0257,352521.63,2760629.556,0.5,0.5,,,,,
000333.SZ,20220111,77.02,78.82,75.5,75.6,77.8,-2.2,-2.8278,336945.29,2592315.666,0.5,0.5,,,,,
000333.SZ,20220112,76.09,76.32,73.03,74.28,75.6,-1.32,-1.746,384641.29,2852050.497,0.5,0.5,,,,,
000333.SZ,20220113,74.58,75.36,72.2,72.32,74.28,-1.96,-2.6387,267325.85,1957650.624,0.5,0.5,,,,,
000333.SZ,20220114,72.1,72.85,71.4,72.0,72.32,-0.32,-0.4425,209969.9,1516106.943,0.5,0.5,,,,,
000333.SZ,20220117,72.1,73.44,71.72,73.03,72.0,1.03,1.4306,203811.36,1481637.501,0.5,0.5,,,,,
000333.SZ,20220118,72.81,73.68,72.02,73.3,73.03,0.27,0.3697,213077.18,1554810.615,0.5,0.5,,,,,
000333.SZ,20220119,73.7,76.19,73.46,75.23,73.3,1.93,2.633,404010.59,3035602.735,0.5,0.5,,,,,
000333.SZ,20220120,75.19,78.8,75.11,78.62,75.23,3.39,4.5062,506621.97,3941616.64,0.5,0.5,,,,,
000333.SZ,20220121,78.12,78.82,76.63,77.41,78.62,-1.21,-1.539,302262.21,2345227.569,0.5,0.5,,,,,
000333.SZ,20220124,76.8,79.03,76.5,77.08,77.41,-0.33,-0.4263,169130.71,1307756.734,0.5,0.5,,,,,
000333.SZ,20220125,76.8,78.8,75.22,75.85,77.08,-1.23,-1.5957,251851.51,1938021.218,0.5,0.5,,,,,
000333.SZ,20220126,76.47,77.53,75.54,76.51,75.85,0.66,0.8701,179965.04,1376378.669,0.5,0.5,,,,,
000333.SZ,20220127,75.75,76.77,74.51,74.82,76.51,-1.69,-2.2089,258965.59,1951701.429,0.5,0.5,,,,,
000333.SZ,20220128,74.83,76.0,73.03,73.2,74.82,-1.62,-2.1652,269219.24,1996946.181,0.5,0.5,,,,,
000333.SZ,20220207,74.5,75.64,73.38,74.7,73.2,1.5,2.0492,212957.84,1582887.131,0.5,0.5,,,,,
000333.SZ,20220208,74.4,74.9,73.0,74.3,74.7,-0.4,-0.5355,252227.89,1858705.327,0.5,0.5,,,,,
000333.SZ,20220209,74.6,77.07,73.9,76.59,74.3,2.29,3.0821,308211.3,2329350.901,0.5,0.5,,,,,
000333.SZ,20220210,76.1,76.61,73.5,73.65,76.59,-2.94,-3.8386,400938.08,2986309.64,0.5,0.5,,,,,
000333.SZ,20220211,73.15,74.6,72.48,74.14,73.65,0.49,0.6653,263156.15,1943208.565,0.5,0.5,,,,,
000333.SZ,20220214,73.5,73.53,71.6,73.0,74.14,-1.14,-1.5376,198336.4,1443390.305,0.5,0.5,,,,,
000333.SZ,20220215,72.72,73.3,71.9,72.03,73.0,-0.97,-1.3288,226625.61,1639397.266,0.5,0.5,,,,,
000333.SZ,20220216,72.18,73.49,71.8,73.3,72.03,1.27,1.7632,189392.58,1380576.75,0.5,0.5,,,,,
000333.SZ,20220217,73.01,73.8,72.11,72.27,73.3,-1.03,-1.4052,177123.19,1288420.221,0.5,0.5,,,,,
000333.SZ,20220218,71.79,73.14,71.31,73.0,72.27,0.73,1.0101,153925.11,1114787.733,0.5,0.5,,,,,
000333.SZ,20220221,72.8,72.82,72.0,72.7,73.0,-0.3,-0.411,107090.58,776053.567,0.5,0.5,,,,,
000333.SZ,20220222,72.1,72.15,69.25,70.17,72.7,-2.53,-3.4801,363014.46,2550080.183,0.5,0.5,,,,,
000333.SZ,20220223,70.05,70.64,69.7,70.48,70.17,0.31,0.4418,195985.6,1377756.703,0.5,0.5,,,,,
000333.SZ,20220224,69.52,69.76,67.46,68.3,70.48,-2.18,-3.0931,418996.69,2867573.788,0.5,0.5,,,,,
000333.SZ,20220225,68.75,68.95,67.81,68.12,68.3,-0.18,-0.2635,224170.97,1528873.766,0.5,0.5,,,,,
000333.SZ,20220228,67.5,67.62,65.5,66.72,68.12,-1.4,-2.0552,483623.95,3207726.547,0.5,0.5,,,,,
000333.SZ,20220301,66.61,68.39,65.68,68.33,66.72,1.61,2.4131,406334.96,2724504.804,0.5,0.5,,,,,
000333.SZ,20220302,67.5,67.5,66.2,66.92,68.33,-1.41,-2.0635,247869.34,1658320.777,0.5,0.5,,,,,
000333.SZ,20220303,67.25,67.25,65.95,66.67,66.92,-0.25,-0.3736,262305.56,1743964.879,0.5,0.5,,,,,
000333.SZ,20220304,65.95,66.33,65.09,65.6,66.67,-1.07,-1.6049,305204.27,2001514.125,0.5,0.5,,,,,
000333.SZ,20220307,64.58,64.58,62.04,62.51,65.6,-3.09,-4.7104,476452.42,2998946.563,0.5,0.5,,,,,
000333.SZ,20220308,61.9,63.0,59.7,59.76,62.51,-2.75,-4.3993,577686.7,3513393.049,0.5,0.5,,,,,
000333.SZ,20220309,59.28,60.01,56.61,59.52,59.76,-0.24,-0.4016,562758.07,3289964.731,0.5,0.5,,,,,
000333.SZ,20220310,61.21,61.39,58.12,58.87,59.52,-0.65,-1.0921,473628.69,2809518.529,0.5,0.5,,,,,
000333.SZ,20220311,58.3,59.67,57.33,59.38,58.87,0.51,0.8663,356389.96,2080976.811,0.5,0.5,,,,,
000333.SZ,20220314,58.02,59.09,56.69,56.69,59.38,-2.69,-4.5301,319186.08,1851362.819,0.5,0.5,,,,,
000333.SZ,20220315,56.2,57.23,54.28,54.4,56.69,-2.29,-4.0395,499267.66,2779415.595,0.5,0.5,,,,,
000333.SZ,20220316,56.2,57.31,54.25,56.99,54.4,2.59,4.761,529457.81,2962039.193,0.5,0.5,,,,,
000333.SZ,20220317,59.44,59.68,57.61,58.7,56.99,1.71,3.0005,522664.37,3071637.071,0.5,0.5,,,,,
000333.SZ,20220318,58.7,59.01,57.65,58.9,58.7,0.2,0.3407,368393.05,2148265.062,0.5,0.5,,,,,
000333.SZ,20220321,59.03,59.55,58.0,58.45,58.9,-0.45,-0.764,306417.15,1798629.636,0.5,0.5,,,,,
000333.SZ,20220322,58.1,58.94,58.02,58.58,58.45,0.13,0.2224,194039.69,1134303.592,0.5,0.5,,,,,
000333.SZ,20220323,58.73,58.86,57.93,58.0,58.58,-0.58,-0.9901,243737.29,1418165.962,0.5,0.5,,,,,
000333.SZ,20220324,57.5,57.82,57.11,57.58,58.0,-0.42,-0.7241,236786.7,1361843.502,0.5,0.5,,,,,
000333.SZ,20220325,57.59,57.92,56.05,56.09,57.58,-1.49,-2.5877,252163.69,1430819.628,0.5,0.5,,,,,
000333.SZ,20220328,55.87,56.16,54.8,55.8,56.09,-0.29,-0.517,215852.82,1198968.556,0.5,0.5,,,,,
000333.SZ,20220329,56.11,56.23,54.46,54.65,55.8,-1.15,-2.0609,252429.58,1391082.042,0.5,0.5,,,,,
000333.SZ,20220330,54.99,57.0,54.95,57.0,54.65,2.35,4.3001,339002.53,1899860.141,0.5,0.5,,,,,
000333.SZ,20220331,56.9,57.2,56.22,57.0,57.0,0.0,0.0,251335.97,1428403.894,0.5,0.5,,,,,
000333.SZ,20220401,56.5,59.24,55.81,58.6,57.0,1.6,2.807,457751.7,2655473.47,0.5,0.5,,,,,
000333.SZ,20220406,58.05,59.18,57.9,58.41,58.6,-0.19,-0.3242,307531.72,1798592.443,0.5,0.5,,,,,
000333.SZ,20220407,57.65,59.12,57.61,57.7,58.41,-0.71,-1.2155,269420.29,1567998.977,0.5,0.5,,,,,
000333.SZ,20220408,57.7,57.92,56.84,57.33,57.7,-0.37,-0.6412,226827.29,1297780.224,0.5,0.5,,,,,
000333.SZ,20220411,57.45,57.47,55.27,55.36,57.33,-1.97,-3.4362,338124.28,1894585.19,0.5,0.5,,,,,
000333.SZ,20220412,55.74,57.5,55.29,57.44,55.36,2.08,3.7572,297174.87,1671057.316,0.5,0.5,,,,,
000333.SZ,20220413,56.98,57.45,56.43,56.57,57.44,-0.87,-1.5146,211986.59,1206396.766,0.5,0.5,,,,,
000333.SZ,20220414,57.02,59.08,57.02,58.72,56.57,2.15,3.8006,427416.64,2497101.925,0.5,0.5,,,,,
000333.SZ,20220415,58.32,59.3,58.16,58.65,58.72,-0.07,-0.1192,212421.1,1246877.156,0.5,0.5,,,,,
000333.SZ,20220418,58.5,58.5,57.53,57.57,58.65,-1.08,-1.8414,154682.05,893259.008,0.5,0.5,,,,,
000333.SZ,20220419,57.65,58.15,57.06,57.3,57.57,-0.27,-0.469,168494.54,971057.233,0.5,0.5,,,,,
000333.SZ,20220420,57.75,58.89,57.0,57.56,57.3,0.26,0.4538,216628.22,1255101.325,0.5,0.5,,,,,
000333.SZ,20220421,57.1,57.99,55.6,56.03,57.56,-1.53,-2.6581,279999.54,1586256.607,0.5,0.5,,,,,
000333.SZ,20220422,55.6,57.52,54.68,56.97,56.03,0.94,1.6777,244698.29,1373768.018,0.5,0.5,,,,,
000333.SZ,20220425,56.55,57.49,55.03,55.07,56.97,-1.9,-3.3351,325600.68,1837475.014,0.5,0.5,,,,,
000333.SZ,20220426,55.07,55.47,51.51,51.79,55.07,-3.28,-5.9561,632045.89,3336916.857,0.5,0.5,,,,,
000333.SZ,20220427,50.73,53.35,50.5,53.1,51.79,1.31,2.5294,375710.41,1983750.318,0.5,0.5,,,,,
000333.SZ,20220428,53.5,53.7,52.07,53.28,53.1,0.18,0.339,252589.16,1335819.842,0.5,0.5,,,,,
000333.SZ,20220429,54.0,57.29,53.28,57.09,53.28,3.81,7.1509,575241.01,3198610.308,0.5,0.5,,,,,
000333.SZ,20220505,58.05,59.38,57.85,58.7,57.09,1.61,2.8201,467907.22,2748594.256,0.5,0.5,,,,,
000333.SZ,20220506,57.6,58.5,57.39,58.2,58.7,-0.5,-0.8518,212169.98,1232140.905,0.5,0.5,,,,,
000333.SZ,20220509,57.25,57.52,55.77,56.36,58.2,-1.84,-3.1615,215296.84,1216418.056,0.5,0.5,,,,,
000333.SZ,20220510,55.23,56.89,55.0,56.6,56.36,0.24,0.4258,300571.37,1689113.755,0.5,0.5,,,,,
000333.SZ,20220511,56.48,57.5,56.0,56.68,56.6,0.08,0.1413,359115.06,2038556.236,0.5,0.5,,,,,
000333.SZ,20220512,56.58,56.58,55.28,55.74,56.68,-0.94,-1.6584,225790.89,1261668.407,0.5,0.5,,,,,
000333.SZ,20220513,56.52,57.17,56.2,57.01,55.74,1.27,2.2784,244320.11,1386786.846,0.5,0.5,,,,,
000333.SZ,20220516,57.52,58.75,55.55,56.2,57.01,-0.81,-1.4208,286645.01,1624257.211,0.5,0.5,,,,,
000333.SZ,20220517,56.0,57.5,55.7,57.39,56.2,1.19,2.1174,228313.67,1301041.283,0.5,0.5,,,,,
000333.SZ,20220518,57.5,57.67,55.92,56.63,57.39,-0.76,-1.3243,222697.49,1258738.707,0.5,0.5,,,,,
000333.SZ,20220519,55.79,56.19,55.33,55.82,56.63,-0.81,-1.4303,201958.9,1125169.384,0.5,0.5,,,,,
000333.SZ,20220520,55.9,57.12,55.36,56.9,55.82,1.08,1.9348,266084.69,1502431.004,0.5,0.5,,,,,
000333.SZ,20220523,56.35,56.5,54.09,54.31,56.9,-2.59,-4.5518,557831.04,3054327.11,0.5,0.5,,,,,
000333.SZ,20220524,54.06,54.69,53.55,53.79,54.31,-0.52,-0.9575,263462.72,1425290.686,0.5,0.5,,,,,
000333.SZ,20220525,53.5,53.8,53.0,53.4,53.79,-0.39,-0.725,221974.39,1182899.111,0.5,0.5,,,,,
000333.SZ,20220526,53.4,54.08,51.8,53.82,53.4,0.42,0.7865,423827.65,2242918.334,0.5,0.5,,,,,
000333.SZ,20220527,54.43,54.79,53.01,53.12,53.82,-0.7,-1.3006,352557.05,1897823.157,0.5,0.5,,,,,
000333.SZ,20220530,53.15,53.8,53.01,53.4,53.12,0.28,0.5271,216385.31,1152606.788,0.5,0.5,,,,,
000333.SZ,20220531,53.49,54.48,53.1,54.48,53.4,1.08,2.0225,355099.17,1910341.886,0.5,0.5,,,,,
000333.SZ,20220601,54.3,54.77,53.85,54.27,54.48,-0.21,-0.3855,292058.03,1584914.303,0.5,0.5,,,,,
000333.SZ,20220602,52.76,52.78,52.08,52.56,52.6,-0.04,-0.076,275846.41,1445923.346,0.5,0.5,,,,,
000333.SZ,20220606,52.58,52.93,51.58,52.79,52.56,0.23,0.4376,365208.9,1916117.643,0.5,0.5,,,,,
000333.SZ,20220607,52.5,53.13,52.1,53.0,52.79,0.21,0.3978,291695.48,1540591.783,0.5,0.5,,,,,
000333.SZ,20220608,53.01,53.8,52.53,52.99,53.0,-0.01,-0.0189,362976.64,1921801.465,0.5,0.5,,,,,
000333.SZ,20220609,52.85,53.15,52.19,52.38,52.99,-0.61,-1.1512,286835.58,1507868.964,0.5,0.5,,,,,
000333.SZ,20220610,52.11,52.34,51.75,52.25,52.38,-0.13,-0.2482,300348.87,1563195.289,0.5,0.5,,,,,
000333.SZ,20220613,51.8,51.85,50.66,51.06,52.25,-1.19,-2.2775,404262.93,2064281.836,0.5,0.5,,,,,
000333.SZ,20220614,50.3,51.56,50.12,51.43,51.06,0.37,0.7246,348424.1,1764306.398,0.5,0.5,,,,,
000333.SZ,20220615,51.12,55.0,51.12,54.44,51.43,3.01,5.8526,915077.76,4906858.801,0.5,0.5,,,,,
000333.SZ,20220616,54.47,54.93,53.49,53.83,54.44,-0.61,-1.1205,359381.69,1942251.73,0.5,0.5,,,,,
000333.SZ,20220617,53.03,55.41,52.52,54.76,53.83,0.93,1.7277,538134.36,2909185.799,0.5,0.5,,,,,
000333.SZ,20220620,55.16,57.55,55.16,57.06,54.76,2.3,4.2001,765308.84,4349794.665,0.5,0.5,,,,,
000333.SZ,20220621,57.1,58.39,56.65,57.29,57.06,0.23,0.4031,537077.27,3093973.214,0.5,0.5,,,,,
000333.SZ,20220622,57.27,57.27,56.0,56.0,57.29,-1.29,-2.2517,297211.3,1674082.885,0.5,0.5,,,,,
000333.SZ,20220623,55.96,56.47,55.3,55.99,56.0,-0.01,-0.0179,304532.0,1698132.572,0.5,0.5,,,,,
000333.SZ,20220624,55.99,58.95,55.76,57.8,55.99,1.81,3.2327,732010.62,4236370.54,0.5,0.5,,,,,
000333.SZ,20220627,58.3,60.08,58.3,59.1,57.8,1.3,2.2491,581583.68,3454900.579,0.5,0.5,,,,,
000333.SZ,20220628,59.6,59.6,58.45,59.1,59.1,0.0,0.0,322522.21,1902451.6,0.5,0.5,,,,,
000333.SZ,20220629,59.48,60.64,59.21,59.27,59.1,0.17,0.2876,420723.08,2520771.106,0.5,0.5,,,,,
000333.SZ,20220630,59.36,60.66,59.0,60.39,59.27,1.12,1.8897,370538.94,2223920.748,0.5,0.5,,,,,
000333.SZ,20220701,60.19,60.19,58.16,58.79,60.39,-1.6,-2.6494,337857.37,1992141.899,0.5,0.5,,,,,
000333.SZ,20220704,57.54,60.06,57.54,59.97,58.79,1.18,2.0071,313750.14,1867732.492,0.5,0.5,,,,,
000333.SZ,20220705,59.75,61.49,58.9,59.54,59.97,-0.43,-0.717,283846.93,1695670.01,0.5,0.5,,,,,
000333.SZ,20220706,60.05,61.03,58.67,59.28,59.54,-0.26,-0.4367,307640.43,1828885.012,0.5,0.5,,,,,
000333.SZ,20220707,59.02,59.8,58.5,58.7,59.28,-0.58,-0.9784,197471.89,1165987.949,0.5,0.5,,,,,
000333.SZ,20220708,59.12,59.12,57.9,58.58,58.7,-0.12,-0.2044,227250.14,1326085.879,0.5,0.5,,,,,
000333.SZ,20220711,58.26,59.2,57.72,58.9,58.58,0.32,0.5463,273547.36,1600533.212,0.5,0.5,,,,,
000333.SZ,20220712,59.05,60.88,59.05,60.1,58.9,1.2,2.0374,408103.85,2451083.764,0.5,0.5,,,,,
000333.SZ,20220713,60.08,60.25,58.03,58.3,60.1,-1.8,-2.995,387900.65,2277523.772,0.5,0.5,,,,,
000333.SZ,20220714,59.0,59.19,55.85,56.2,58.3,-2.1,-3.6021,545199.66,3101127.519,0.5,0.5,,,,,
000333.SZ,20220715,55.8,56.58,55.15,55.2,56.2,-1.0,-1.7794,302678.63,1686983.214,0.5,0.5,,,,,
000333.SZ,20220718,55.2,55.88,54.0,55.29,55.2,0.09,0.163,235493.7,1297826.117,0.5,0.5,,,,,
000333.SZ,20220719,55.1,55.66,54.76,55.03,55.29,-0.26,-0.4702,197097.17,1084831.637,0.5,0.5,,,,,
000333.SZ,20220720,55.47,56.35,55.1,55.43,55.03,0.4,0.7269,217051.9,1207951.154,0.5,0.5,,,,,
000333.SZ,20220721,55.5,55.9,54.8,54.89,55.43,-0.54,-0.9742,163846.97,902059.284,0.5,0.5,,,,,
000333.SZ,20220722,54.65,55.47,54.3,55.09,54.89,0.2,0.3644,186460.88,1022770.983,0.5,0.5,,,,,
000333.SZ,20220725,55.1,56.72,55.01,56.45,55.09,1.36,2.4687,360274.03,2023496.096,0.5,0.5,,,,,
000333.SZ,20220726,56.5,57.86,56.37,57.4,56.45,0.95,1.6829,263042.34,1507831.169,0.5,0.5,,,,,
000333.SZ,20220727,57.2,57.25,55.77,55.92,57.4,-1.48,-2.5784,244409.5,1372601.235,0.5,0.5,,,,,
000333.SZ,20220728,56.0,56.14,55.51,55.75,55.92,-0.17,-0.304,146147.02,815071.057,0.5,0.5,,,,,
000333.SZ,20220729,55.95,56.2,54.78,54.98,55.75,-0.77,-1.3812,237473.7,1312270.362,0.5,0.5,,,,,
000333.SZ,20220801,55.25,55.3,54.08,54.61,54.98,-0.37,-0.673,186467.47,1017042.234,0.5,0.5,,,,,
000333.SZ,20220802,54.08,54.1,52.9,53.6,54.61,-1.01,-1.8495,260485.94,1393045.271,0.5,0.5,,,,,
000333.SZ,20220803,53.21,54.01,52.08,52.25,53.6,-1.35,-2.5187,318780.19,1682530.016,0.5,0.5,,,,,
000333.SZ,20220804,52.4,52.77,52.1,52.5,52.25,0.25,0.4785,135291.07,709252.637,0.5,0.5,,,,,
000333.SZ,20220805,52.74,52.97,52.08,52.97,52.5,0.47,0.8952,198190.83,1039336.002,0.5,0.5,,,,,
000333.SZ,20220808,52.55,52.97,52.33,52.43,52.97,-0.54,-1.0194,218081.78,1144520.138,0.5,0.5,,,,,
000333.SZ,20220809,52.45,53.06,52.25,52.66,52.43,0.23,0.4387,160515.8,846230.165,0.5,0.5,,,,,
000333.SZ,20220810,52.63,52.63,51.77,51.83,52.66,-0.83,-1.5761,163023.56,847521.283,0.5,0.5,,,,,
000333.SZ,20220811,52.3,52.98,51.88,52.92,51.83,1.09,2.103,229538.84,1206195.924,0.5,0.5,,,,,
000333.SZ,20220812,52.71,53.46,52.43,53.16,52.92,0.24,0.4535,169878.56,899862.141,0.5,0.5,,,,,
000333.SZ,20220815,53.17,53.6,52.52,52.8,53.16,-0.36,-0.6772,183234.72,969855.784,0.5,0.5,,,,,
000333.SZ,20220816,52.82,52.89,52.3,52.6,52.8,-0.2,-0.3788,163357.48,858701.197,0.5,0.5,,,,,
000333.SZ,20220817,52.66,53.88,52.11,53.43,52.6,0.83,1.5779,238434.81,1266823.797,0.5,0.5,,,,,
000333.SZ,20220818,53.1,53.25,52.41,52.62,53.43,-0.81,-1.516,140884.56,742672.22,0.5,0.5,,,,,
000333.SZ,20220819,52.68,52.81,52.25,52.61,52.62,-0.01,-0.019,132152.5,695288.655,0.5,0.5,,,,,
000333.SZ,20220822,52.46,53.55,52.29,53.04,52.61,0.43,0.8173,238175.91,1266026.528,0.5,0.5,,,,,
000333.SZ,20220823,52.95,53.1,52.0,52.12,53.04,-0.92,-1.7345,220348.63,1151798.157,0.5,0.5,,,,,
000333.SZ,20220824,52.1,52.18,51.31,51.39,52.12,-0.73,-1.4006,215841.97,1113905.675,0.5,0.5,,,,,
000333.SZ,20220825,51.39,52.41,50.97,52.23,51.39,0.84,1.6346,209892.58,1083006.134,0.5,0.5,,,,,
000333.SZ,20220826,52.48,52.66,51.89,52.23,52.23,0.0,0.0,160406.27,837907.694,0.5,0.5,,,,,
000333.SZ,20220829,51.6,52.87,51.51,52.28,52.23,0.05,0.0957,164560.7,857943.932,0.5,0.5,,,,,
000333.SZ,20220830,52.49,53.21,52.08,52.3,52.28,0.02,0.0383,202708.47,1065091.301,0.5,0.5,,,,,
000333.SZ,20220831,52.1,53.65,52.09,53.24,52.3,0.94,1.7973,462838.36,2459353.194,0.5,0.5,,,,,
000333.SZ,20220901,53.23,55.5,53.23,55.11,53.24,1.87,3.5124,642105.45,3521209.362,0.5,0.5,,,,,
000333.SZ,20220902,55.11,55.11,53.17,53.65,55.11,-1.46,-2.6492,367460.48,1976289.178,0.5,0.5,,,,,
000333.SZ,20220905,53.1,54.0,52.88,53.8,53.65,0.15,0.2796,190275.45,1017336.572,0.5,0.5,,,,,
000333.SZ,20220906,53.81,54.21,53.4,53.46,53.8,-0.34,-0.632,177962.17,953823.605,0.5,0.5,,,,,
000333.SZ,20220907,53.67,53.69,52.98,53.05,53.46,-0.41,-0.7669,209953.08,1116835.915,0.5,0.5,,,,,
000333.SZ,20220908,53.05,53.75,53.05,53.37,53.05,0.32,0.6032,153656.77,822398.889,0.5,0.5,,,,,
000333.SZ,20220909,53.37,55.63,53.26,55.44,53.37,2.07,3.8786,523880.62,2884912.065,0.5,0.5,,,,,
000333.SZ,20220913,55.44,56.9,55.07,56.49,55.44,1.05,1.8939,346024.46,1947119.369,0.5,0.5,,,,,
000333.SZ,20220914,55.5,56.25,55.4,55.93,56.49,-0.56,-0.9913,187472.66,1046314.871,0.5,0.5,,,,,
000333.SZ,20220915,55.89,57.2,55.69,56.34,55.93,0.41,0.7331,289698.48,1636891.139,0.5,0.5,,,,,
000333.SZ,20220916,55.99,56.1,54.9,55.12,56.34,-1.22,-2.1654,259939.97,1439024.736,0.5,0.5,,,,,
000333.SZ,20220919,54.67,55.44,54.12,54.98,55.12,-0.14,-0.254,203600.49,1115777.266,0.5,0.5,,,,,
000333.SZ,20220920,54.85,55.1,53.3,53.52,54.98,-1.46,-2.6555,350659.81,1883992.924,0.5,0.5,,,,,
000333.SZ,20220921,54.43,54.46,52.34,52.85,53.52,-0.67,-1.2519,267751.69,1414578.653,0.5,0.5,,,,,
000333.SZ,20220922,52.74,52.75,51.29,51.5,52.85,-1.35,-2.5544,401431.84,2075058.537,0.5,0.5,,,,,
000333.SZ,20220923,51.11,51.89,51.0,51.34,51.5,-0.16,-0.3107,175176.02,899511.432,0.5,0.5,,,,,
000333.SZ,20220926,51.0,52.0,50.89,51.05,51.34,-0.29,-0.5649,205532.86,1055235.704,0.5,0.5,,,,,
000333.SZ,20220927,51.15,51.88,50.3,51.68,51.05,0.63,1.2341,247649.67,1268264.653,0.5,0.5,,,,,
000333.SZ,20220928,51.5,51.77,51.1,51.17,51.68,-0.51,-0.9868,135576.68,697308.166,0.5,0.5,,,,,
000333.SZ,20220929,51.47,51.76,50.3,50.5,51.17,-0.67,-1.3094,253194.93,1286757.816,0.5,0.5,,,,,
000333.SZ,20220930,50.13,50.57,49.31,49.31,50.5,-1.19,-2.3564,355638.3,1767860.148,0.5,0.5,,,,,
000333.SZ,20221010,49.31,49.99,48.46,48.7,49.31,-0.61,-1.2371,260144.96,1282724.398,0.5,0.5,,,,,
000333.SZ,20221011,48.69,48.85,48.0,48.37,48.7,-0.33,-0.6776,220036.9,1061344.41,0.5,0.5,,,,,
000333.SZ,20221012,48.05,48.3,47.0,48.27,48.37,-0.1,-0.2067,240971.24,1147459.231,0.5,0.5,,,,,
000333.SZ,20221013,47.99,48.0,47.01,47.06,48.27,-1.21,-2.5067,277453.74,1314811.925,0.5,0.5,,,,,
000333.SZ,20221014,47.25,48.25,47.1,47.99,47.06,0.93,1.9762,313387.71,1498957.703,0.5,0.5,,,,,
000333.SZ,20221017,47.71,47.85,47.3,47.67,47.99,-0.32,-0.6668,235017.11,1116822.628,0.5,0.5,,,,,
000333.SZ,20221018,47.98,48.15,47.33,47.44,47.67,-0.23,-0.4825,270086.01,1286487.097,0.5,0.5,,,,,
000333.SZ,20221019,47.36,47.36,45.17,45.22,47.44,-2.22,-4.6796,556549.21,2560635.75,0.5,0.5,,,,,
000333.SZ,20221020,44.8,45.28,43.86,44.38,45.22,-0.84,-1.8576,366478.44,1635034.406,0.5,0.5,,,,,
000333.SZ,20221021,44.39,44.78,43.77,44.0,44.38,-0.38,-0.8562,272431.9,1202555.595,0.5,0.5,,,,,
000333.SZ,20221024,43.7,44.32,42.3,42.39,44.0,-1.61,-3.6591,459169.36,1972598.643,0.5,0.5,,,,,
000333.SZ,20221025,42.8,42.95,41.98,42.02,42.39,-0.37,-0.8728,414401.11,1755695.125,0.5,0.5,,,,,
000333.SZ,20221026,42.2,43.21,42.16,42.46,42.02,0.44,1.0471,362814.05,1546847.301,0.5,0.5,,,,,
000333.SZ,20221027,42.7,43.0,42.3,42.58,42.46,0.12,0.2826,226402.81,965896.179,0.5,0.5,,,,,
000333.SZ,20221028,42.21,42.38,40.62,40.76,42.58,-1.82,-4.2743,401750.3,1664548.587,0.5,0.5,,,,,
000333.SZ,20221031,40.73,40.8,40.1,40.18,40.76,-0.58,-1.423,345535.05,1396541.436,0.5,0.5,,,,,
000333.SZ,20221101,40.58,41.6,40.09,41.6,40.18,1.42,3.5341,480671.42,1965965.682,0.5,0.5,,,,,
000333.SZ,20221102,41.4,42.6,41.22,42.08,41.6,0.48,1.1538,380199.49,1594625.96,0.5,0.5,,,,,
000333.SZ,20221103,41.8,41.87,41.2,41.58,42.08,-0.5,-1.1882,288534.88,1197662.698,0.5,0.5,,,,,
000333.SZ,20221104,41.63,43.35,41.58,43.09,41.58,1.51,3.6316,457491.25,1955851.185,0.5,0.5,,,,,
000333.SZ,20221107,43.0,43.26,42.51,43.06,43.09,-0.03,-0.0696,331596.14,1424760.638,0.5,0.5,,,,,
000333.SZ,20221108,43.12,43.29,42.58,43.0,43.06,-0.06,-0.1393,305581.88,1312592.117,0.5,0.5,,,,,
000333.SZ,20221109,43.39,43.85,42.95,43.04,43.0,0.04,0.093,229904.25,995215.2,0.5,0.5,,,,,
000333.SZ,20221110,42.75,42.98,42.53,42.97,43.04,-0.07,-0.1626,223053.99,954033.824,0.5,0.5,,,,,
000333.SZ,20221111,44.53,46.2,43.71,45.63,42.97,2.66,6.1904,828835.08,3734773.54,0.5,0.5,,,,,
000333.SZ,20221114,47.92,49.11,47.3,47.8,45.63,2.17,4.7556,1000204.07,4791202.404,0.5,0.5,,,,,
000333.SZ,20221115,48.5,49.58,47.7,49.07,47.8,1.27,2.6569,512287.92,2501777.032,0.5,0.5,,,,,
000333.SZ,20221116,49.4,49.4,48.16,48.46,49.07,-0.61,-1.2431,259926.49,1264627.973,0.5,0.5,,,,,
000333.SZ,20221117,48.39,49.1,47.68,47.96,48.46,-0.5,-1.0318,192845.95,927024.366,0.5,0.5,,,,,
000333.SZ,20221118,48.36,48.54,47.68,47.97,47.96,0.01,0.0209,160676.21,772609.93,0.5,0.5,,,,,
000333.SZ,20221121,47.47,47.47,46.24,46.34,47.97,-1.63,-3.398,345233.82,1604372.658,0.5,0.5,,,,,
000333.SZ,20221122,46.4,47.04,45.9,46.3,46.34,-0.04,-0.0863,235691.57,1092152.104,0.5,0.5,,,,,
000333.SZ,20221123,46.23,46.54,46.02,46.28,46.3,-0.02,-0.0432,142552.19,659509.322,0.5,0.5,,,,,
000333.SZ,20221124,46.75,47.2,45.78,45.91,46.28,-0.37,-0.7995,213799.92,987544.043,0.5,0.5,,,,,
000333.SZ,20221125,45.91,47.09,45.83,46.69,45.91,0.78,1.699,246974.64,1150838.919,0.5,0.5,,,,,
000333.SZ,20221128,45.68,46.45,45.23,46.29,46.69,-0.4,-0.8567,226551.4,1036165.23,0.5,0.5,,,,,
000333.SZ,20221129,48.0,48.78,46.92,48.42,46.29,2.13,4.6014,389286.72,1868785.967,0.5,0.5,,,,,
000333.SZ,20221130,48.18,48.98,47.49,47.87,48.42,-0.55,-1.1359,272875.54,1310967.68,0.5,0.5,,,,,
000333.SZ,20221201,48.81,49.33,48.27,48.31,47.87,0.44,0.9192,276044.87,1344223.508,0.5,0.5,,,,,
000333.SZ,20221202,48.04,48.6,47.76,48.04,48.31,-0.27,-0.5589,170150.14,818020.498,0.5,0.5,,,,,
000333.SZ,20221205,48.49,50.0,48.4,49.7,48.04,1.66,3.4555,361068.42,1785930.108,0.5,0.5,,,,,
000333.SZ,20221206,49.69,50.66,49.02,50.0,49.7,0.3,0.6036,325269.56,1629245.814,0.5,0.5,,,,,
000333.SZ,20221207,50.0,51.68,49.5,51.25,50.0,1.25,2.5,436563.79,2229128.245,0.5,0.5,,,,,
000333.SZ,20221208,51.35,52.48,50.84,51.75,51.25,0.5,0.9756,390780.18,2028801.619,0.5,0.5,,,,,
000333.SZ,20221209,51.96,54.33,51.81,54.3,51.75,2.55,4.9275,699405.81,3745342.826,0.5,0.5,,,,,
000333.SZ,20221212,53.7,54.97,53.3,54.43,54.3,0.13,0.2394,466632.87,2533376.175,0.5,0.5,,,,,
000333.SZ,20221213,54.21,54.4,53.65,53.95,54.43,-0.48,-0.8819,306193.3,1650838.607,0.5,0.5,,,,,
000333.SZ,20221214,53.45,55.06,53.45,54.89,53.95,0.94,1.7424,260850.29,1420701.035,0.5,0.5,,,,,
000333.SZ,20221215,54.9,55.8,53.25,53.63,54.89,-1.26,-2.2955,278042.72,1498675.16,0.5,0.5,,,,,
000333.SZ,20221216,53.28,54.15,52.77,54.0,53.63,0.37,0.6899,197449.59,1058833.013,0.5,0.5,,,,,
000333.SZ,20221219,54.0,54.38,53.28,53.68,54.0,-0.32,-0.5926,160763.66,864239.617,0.5,0.5,,,,,
000333.SZ,20221220,53.0,53.09,51.55,51.57,53.68,-2.11,-3.9307,272453.86,1417537.681,0.5,0.5,,,,,
000333.SZ,20221221,51.29,52.49,51.29,51.68,51.57,0.11,0.2133,130741.6,679672.974,0.5,0.5,,,,,
000333.SZ,20221222,51.94,53.28,51.77,52.2,51.68,0.52,1.0062,228123.2,1199123.082,0.5,0.5,,,,,
000333.SZ,20221223,51.98,53.15,51.43,52.38,52.2,0.18,0.3448,163439.14,860296.627,0.5,0.5,,,,,
000333.SZ,20221226,52.68,52.88,51.36,51.5,52.38,-0.88,-1.68,153879.18,795665.125,0.5,0.5,,,,,
000333.SZ,20221227,51.79,53.03,51.41,52.94,51.5,1.44,2.7961,173391.27,911438.654,0.5,0.5,,,,,
000333.SZ,20221228,52.43,52.75,51.9,52.05,52.94,-0.89,-1.6811,163229.11,852152.449,0.5,0.5,,,,,
000333.SZ,20221229,51.62,52.19,51.02,51.73,52.05,-0.32,-0.6148,119950.5,619844.87,0.5,0.5,,,,,
000333.SZ,20221230,51.8,52.5,51.7,51.8,51.73,0.07,0.1353,127732.75,665300.213,0.5,0.5,,,,,
000333.SZ,20230103,52.0,52.23,51.23,51.88,51.8,0.08,0.1544,163628.02,846525.405,0.5,0.5,,,,,
000333.SZ,20230104,51.69,53.83,51.65,53.75,51.88,1.87,3.6045,261341.13,1390708.575,0.5,0.5,,,,,
000333.SZ,20230105,54.0,54.99,53.95,54.91,53.75,1.16,2.1581,294216.68,1608128.838,0.5,0.5,,,,,
000333.SZ,20230106,54.97,55.16,53.91,54.01,54.91,-0.9,-1.639,195001.49,1058139.217,0.5,0.5,,,,,
000333.SZ,20230109,54.1,54.45,53.4,54.11,54.01,0.1,0.1852,204276.78,1101325.466,0.5,0.5,,,,,
000333.SZ,20230110,53.99,54.4,53.43,53.5,54.11,-0.61,-1.1273,154340.14,829875.435,0.5,0.5,,,,,
000333.SZ,20230111,53.45,55.18,53.4,54.5,53.5,1.0,1.8692,214610.41,1171606.255,0.5,0.5,,,,,
000333.SZ,20230112,54.3,55.0,54.01,54.77,54.5,0.27,0.4954,145818.25,797908.67,0.5,0.5,,,,,
000333.SZ,20230113,54.87,56.0,54.5,55.95,54.77,1.18,2.1545,265803.3,1471250.757,0.5,0.5,,,,,
000333.SZ,20230116,56.03,58.36,56.02,57.7,55.95,1.75,3.1278,330180.79,1899010.907,0.5,0.5,,,,,
000333.SZ,20230117,57.69,58.18,57.15,58.0,57.7,0.3,0.5199,188113.56,1087194.817,0.5,0.5,,,,,
000333.SZ,20230118,58.0,58.5,57.37,57.6,58.0,-0.4,-0.6897,130357.53,751785.488,0.5,0.5,,,,,
000333.SZ,20230119,57.46,57.55,56.7,57.38,57.6,-0.22,-0.3819,194679.45,1110365.667,0.5,0.5,,,,,
000333.SZ,20230120,57.46,57.84,56.96,57.08,57.38,-0.3,-0.5228,108608.28,621198.692,0.5,0.5,,,,,
000333.SZ,20230130,57.44,58.08,55.59,55.65,57.08,-1.43,-2.5053,256195.69,1445902.234,0.5,0.5,,,,,
000333.SZ,20230131,55.4,56.15,55.0,55.2,55.65,-0.45,-0.8086,232598.35,1290578.245,0.5,0.5,,,,,
000333.SZ,20230201,55.29,55.99,54.45,55.5,55.2,0.3,0.5435,267247.09,1474820.029,0.5,0.5,,,,,
000333.SZ,20230202,55.45,55.6,53.62,53.96,55.5,-1.54,-2.7748,367678.04,1990832.647,0.5,0.5,,,,,
000333.SZ,20230203,53.7,53.95,52.86,53.31,53.96,-0.65,-1.2046,208300.2,1109569.943,0.5,0.5,,,,,
000333.SZ,20230206,52.81,52.81,51.08,51.25,53.31,-2.06,-3.8642,421856.53,2172641.979,0.5,0.5,,,,,
000333.SZ,20230207,51.36,51.7,51.1,51.5,51.25,0.25,0.4878,209008.69,1075310.677,0.5,0.5,,,,,
000333.SZ,20230208,51.39,51.5,50.86,51.01,51.5,-0.49,-0.9515,191017.62,976761.616,0.5,0.5,,,,,
000333.SZ,20230209,50.8,51.73,50.49,51.53,51.01,0.52,1.0194,227382.53,1167989.709,0.5,0.5,,,,,
000333.SZ,20230210,51.35,51.75,51.29,51.62,51.53,0.09,0.1747,139888.66,720948.239,0.5,0.5,,,,,
000333.SZ,20230213,51.5,52.58,51.03,52.44,51.62,0.82,1.5885,306391.11,1588991.529,0.5,0.5,,,,,
000333.SZ,20230214,52.45,52.65,51.81,52.21,52.44,-0.23,-0.4386,214375.13,1116499.05,0.5,0.5,,,,,
000333.SZ,20230215,52.2,52.21,51.18,51.35,52.21,-0.86,-1.6472,179488.0,924114.015,0.5,0.5,,,,,
000333.SZ,20230216,51.1,51.75,50.8,51.28,51.35,-0.07,-0.1363,216986.75,1115558.778,0.5,0.5,,,,,
000333.SZ,20230217,51.05,51.5,51.02,51.38,51.28,0.1,0.195,158066.09,811189.152,0.5,0.5,,,,,
000333.SZ,20230220,51.5,53.69,51.11,53.3,51.38,1.92,3.7369,383136.06,2019572.889,0.5,0.5,,,,,
000333.SZ,20230221,53.3,53.8,52.73,53.54,53.3,0.24,0.4503,256493.38,1369820.914,0.5,0.5,,,,,
000333.SZ,20230222,53.0,53.18,52.41,52.78,53.54,-0.76,-1.4195,229115.45,1208465.938,0.5,0.5,,,,,
000333.SZ,20230223,52.79,53.88,52.79,53.37,52.78,0.59,1.1178,240107.2,1283774.547,0.5,0.5,,,,,
000333.SZ,20230224,53.18,53.39,52.82,52.98,53.37,-0.39,-0.7307,169277.79,898514.54,0.5,0.5,,,,,
000333.SZ,20230227,52.6,52.98,51.86,52.4,52.98,-0.58,-1.0948,169471.43,888727.921,0.5,0.5,,,,,
000333.SZ,20230228,52.02,53.14,52.02,52.46,52.4,0.06,0.1145,194045.36,1019960.547,0.5,0.5,,,,,
000333.SZ,20230301,52.51,54.99,52.51,54.62,52.46,2.16,4.1174,432974.7,2350199.969,0.5,0.5,,,,,
000333.SZ,20230302,54.6,55.68,54.15,54.85,54.62,0.23,0.4211,255489.79,1408679.946,0.5,0.5,,,,,
000333.SZ,20230303,55.25,55.84,54.66,55.2,54.85,0.35,0.6381,197415.0,1090871.927,0.5,0.5,,,,,
000333.SZ,20230306,54.84,55.0,53.81,53.83,55.2,-1.37,-2.4819,259356.84,1403695.33,0.5,0.5,,,,,
000333.SZ,20230307,53.84,54.37,52.7,52.86,53.83,-0.97,-1.802,194737.91,1041648.712,0.5,0.5,,,,,
000333.SZ,20230308,52.65,52.8,52.07,52.29,52.86,-0.57,-1.0783,144947.98,759112.018,0.5,0.5,,,,,
000333.SZ,20230309,52.29,53.25,52.27,52.7,52.29,0.41,0.7841,130131.02,688042.45,0.5,0.5,,,,,
000333.SZ,20230310,52.24,52.5,51.02,51.15,52.7,-1.55,-2.9412,192133.89,991798.894,0.5,0.5,,,,,
000333.SZ,20230313,51.01,52.24,51.0,52.06,51.15,0.91,1.7791,194836.58,1009855.801,0.5,0.5,,,,,
000333.SZ,20230314,51.72,51.91,50.7,51.15,52.06,-0.91,-1.748,165010.73,844706.515,0.5,0.5,,,,,
000333.SZ,20230315,51.5,51.63,50.4,50.46,51.15,-0.69,-1.349,209456.17,1067097.771,0.5,0.5,,,,,
000333.SZ,20230316,50.08,50.39,49.65,50.04,50.46,-0.42,-0.8323,121819.53,610120.756,0.5,0.5,,,,,
000333.SZ,20230317,50.5,51.18,50.06,50.33,50.04,0.29,0.5795,201230.77,1018389.815,0.5,0.5,,,,,
000333.SZ,20230320,50.18,51.13,50.1,50.44,50.33,0.11,0.2186,163015.24,826038.623,0.5,0.5,,,,,
000333.SZ,20230321,50.55,52.14,50.55,52.1,50.44,1.66,3.291,231466.46,1191368.462,0.5,0.5,,,,,
000333.SZ,20230322,52.2,52.27,51.3,51.7,52.1,-0.4,-0.7678,135542.48,700825.341,0.5,0.5,,,,,
000333.SZ,20230323,51.48,52.0,51.39,51.82,51.7,0.12,0.2321,123790.07,641022.829,0.5,0.5,,,,,
000333.SZ,20230324,51.82,52.17,51.64,52.09,51.82,0.27,0.521,132775.63,689957.504,0.5,0.5,,,,,
000333.SZ,20230327,52.09,52.46,51.7,51.85,52.09,-0.24,-0.4607,127683.45,663222.02,0.5,0.5,,,,,
000333.SZ,20230328,51.7,52.08,51.06,51.09,51.85,-0.76,-1.4658,128678.93,660858.734,0.5,0.5,,,,,
000333.SZ,20230329,51.38,51.57,51.1,51.4,51.09,0.31,0.6068,128030.42,656903.325,0.5,0.5,,,,,
000333.SZ,20230330,51.35,54.8,51.3,54.47,51.4,3.07,5.9728,571574.12,3061435.505,0.5,0.5,,,,,
000333.SZ,20230331,54.11,54.62,53.36,53.81,54.47,-0.66,-1.2117,277887.5,1500198.904,0.5,0.5,,,,,
000333.SZ,20230403,55.0,55.4,54.2,54.69,53.81,0.88,1.6354,373914.78,2056019.795,0.5,0.5,,,,,
000333.SZ,20230404,54.5,54.72,53.75,54.63,54.69,-0.06,-0.1097,179891.25,975597.257,0.5,0.5,,,,,
000333.SZ,20230406,54.42,55.0,53.75,54.02,54.63,-0.61,-1.1166,152434.79,827518.348,0.5,0.5,,,,,
000333.SZ,20230407,53.91,55.27,53.91,54.68,54.02,0.66,1.2218,158640.67,869954.356,0.5,0.5,,,,,
000333.SZ,20230410,54.4,55.06,54.01,54.76,54.68,0.08,0.1463,156492.55,853817.627,0.5,0.5,,,,,
000333.SZ,20230411,54.41,56.37,54.4,55.84,54.76,1.08,1.9722,324365.52,1815026.843,0.5,0.5,,,,,
000333.SZ,20230412,55.84,56.75,55.4,55.5,55.84,-0.34,-0.6089,223024.6,1251325.789,0.5,0.5,,,,,
000333.SZ,20230413,55.05,55.29,54.14,54.14,55.5,-1.36,-2.4505,182594.94,994810.155,0.5,0.5,,,,,
000333.SZ,20230414,54.18,54.65,53.83,53.94,54.14,-0.2,-0.3694,142124.47,771635.252,0.5,0.5,,,,,
000333.SZ,20230417,53.91,55.58,53.89,55.42,53.94,1.48,2.7438,262280.48,1444699.532,0.5,0.5,,,,,
000333.SZ,20230418,55.2,57.4,55.17,56.78,55.42,1.36,2.454,387063.49,2197663.192,0.5,0.5,,,,,
000333.SZ,20230419,56.78,57.25,56.05,56.08,56.78,-0.7,-1.2328,191886.58,1084909.581,0.5,0.5,,,,,
000333.SZ,20230420,56.18,58.04,56.18,57.04,56.08,0.96,1.7118,367949.25,2114956.905,0.5,0.5,,,,,
000333.SZ,20230421,57.4,58.6,56.75,56.85,57.04,-0.19,-0.3331,398924.02,2311553.652,0.5,0.5,,,,,
000333.SZ,20230424,56.2,58.75,56.01,57.03,56.85,0.18,0.3166,339921.2,1960933.654,0.5,0.5,,,,,
000333.SZ,20230425,57.0,58.04,55.65,57.65,57.03,0.62,1.0871,429620.96,2450369.691,0.5,0.5,,,,,
000333.SZ,20230426,57.02,57.35,55.97,56.7,57.65,-0.95,-1.6479,239341.84,1357589.707,0.5,0.5,,,,,
000333.SZ,20230427,56.17,57.75,56.17,57.26,56.7,0.56,0.9877,157770.59,898336.283,0.5,0.5,,,,,
000333.SZ,20230428,57.25,57.35,56.21,56.78,57.26,-0.48,-0.8383,156905.51,891005.835,0.5,0.5,,,,,
000333.SZ,20230504,57.22,58.45,55.85,56.58,56.78,-0.2,-0.3522,268565.62,1525949.937,0.5,0.5,,,,,
000333.SZ,20230505,56.4,56.4,54.08,55.33,56.58,-1.25,-2.2093,342122.87,1879206.731,0.5,0.5,,,,,
000333.SZ,20230508,55.33,55.99,54.47,55.01,55.33,-0.32,-0.5783,208721.7,1151128.787,0.5,0.5,,,,,
000333.SZ,20230509,54.8,55.56,54.01,54.8,55.01,-0.21,-0.3817,181393.72,995439.011,0.5,0.5,,,,,
000333.SZ,20230510,54.5,56.0,53.88,55.4,54.8,0.6,1.0949,174625.98,965082.241,0.5,0.5,,,,,
000333.SZ,20230511,55.55,56.72,55.34,55.45,55.4,0.05,0.0903,126224.53,706491.978,0.5,0.5,,,,,
000333.SZ,20230512,55.33,57.49,55.31,55.82,55.45,0.37,0.6673,165590.1,935578.508,0.5,0.5,,,,,
000333.SZ,20230515,55.86,56.74,55.01,56.59,55.82,0.77,1.3794,140666.47,786956.985,0.5,0.5,,,,,
000333.SZ,20230516,56.59,57.24,55.11,55.35,56.59,-1.24,-2.1912,136125.88,760273.937,0.5,0.5,,,,,
000333.SZ,20230517,55.22,56.4,54.81,55.02,55.35,-0.33,-0.5962,90762.72,501402.35,0.5,0.5,,,,,
000333.SZ,20230518,55.15,55.42,54.55,55.0,55.02,-0.02,-0.0364,110695.23,609452.71,0.5,0.5,,,,,
000333.SZ,20230519,54.66,56.86,54.66,55.8,55.0,0.8,1.4545,203843.43,1140023.139,0.5,0.5,,,,,
000333.SZ,20230522,55.8,56.95,55.8,56.71,55.8,0.91,1.6308,151997.83,860397.294,0.5,0.5,,,,,
000333.SZ,20230523,56.69,56.95,55.88,55.95,56.71,-0.76,-1.3402,155851.36,878179.042,0.5,0.5,,,,,
000333.SZ,20230524,55.82,55.89,53.5,53.6,55.95,-2.35,-4.2002,266742.42,1447402.65,0.5,0.5,,,,,
000333.SZ,20230525,53.4,54.49,52.68,54.01,53.6,0.41,0.7649,171433.91,923732.853,0.5,0.5,,,,,
000333.SZ,20230526,54.01,54.45,53.48,54.26,54.01,0.25,0.4629,111660.52,602101.038,0.5,0.5,,,,,
000333.SZ,20230529,54.27,54.69,53.08,53.45,54.26,-0.81,-1.4928,174334.49,936727.538,0.5,0.5,,,,,
000333.SZ,20230530,53.45,53.66,51.79,52.33,53.45,-1.12,-2.0954,320846.04,1678415.61,0.5,0.5,,,,,
000333.SZ,20230531,52.59,52.7,51.1,51.33,52.33,-1.0,-1.9109,280649.59,1445385.156,0.5,0.5,,,,,
000333.SZ,20230601,49.02,49.8,48.53,48.89,48.88,0.01,0.0205,348934.93,1711949.689,0.5,0.5,,,,,
000333.SZ,20230602,50.0,52.1,49.99,51.8,48.89,2.91,5.9521,499392.27,2566107.482,0.5,0.5,,,,,
000333.SZ,20230605,52.51,54.15,51.59,53.94,51.8,2.14,4.1313,399399.7,2119331.989,0.5,0.5,,,,,
000333.SZ,20230606,53.94,55.31,53.05,54.21,53.94,0.27,0.5006,342618.27,1866611.024,0.5,0.5,,,,,
000333.SZ,20230607,55.5,55.77,54.49,55.25,54.21,1.04,1.9185,369086.74,2035955.381,0.5,0.5,,,,,
000333.SZ,20230608,55.7,57.11,55.2,56.89,55.25,1.64,2.9683,475531.47,2680031.436,0.5,0.5,,,,,
000333.SZ,20230609,57.5,57.76,55.77,56.11,56.89,-0.78,-1.3711,410651.87,2319633.365,0.5,0.5,,,,,
000333.SZ,20230612,56.12,57.82,55.7,57.35,56.11,1.24,2.2099,396210.01,2256003.427,0.5,0.5,,,,,
000333.SZ,20230613,57.26,57.77,56.26,56.61,57.35,-0.74,-1.2903,248501.43,1409611.782,0.5,0.5,,,,,
000333.SZ,20230614,57.23,57.98,56.62,57.08,56.61,0.47,0.8302,360006.8,2057761.143,0.5,0.5,,,,,
000333.SZ,20230615,57.26,58.58,57.01,58.0,57.08,0.92,1.6118,312765.44,1814552.067,0.5,0.5,,,,,
000333.SZ,20230616,58.4,58.99,57.4,58.35,58.0,0.35,0.6034,300060.82,1745695.208,0.5,0.5,,,,,
000333.SZ,20230619,58.0,58.14,56.7,56.81,58.35,-1.54,-2.6392,289110.37,1651975.82,0.5,0.5,,,,,
000333.SZ,20230620,56.92,58.92,56.8,57.58,56.81,0.77,1.3554,243810.22,1413907.766,0.5,0.5,,,,,
000333.SZ,20230621,58.0,59.6,57.4,58.28,57.58,0.7,1.2157,451303.47,2649838.248,0.5,0.5,,,,,
000333.SZ,20230626,59.83,59.95,57.8,58.14,58.28,-0.14,-0.2402,335581.38,1957482.192,0.5,0.5,,,,,
000333.SZ,20230627,58.22,60.15,57.88,59.69,58.14,1.55,2.666,481236.55,2851634.265,0.5,0.5,,,,,
000333.SZ,20230628,59.45,60.52,59.21,59.7,59.69,0.01,0.0168,327900.73,1964640.593,0.5,0.5,,,,,
000333.SZ,20230629,59.72,59.79,58.22,59.14,59.7,-0.56,-0.938,276783.49,1635162.204,0.5,0.5,,,,,
000333.SZ,20230630,59.23,59.82,58.56,58.92,59.14,-0.22,-0.372,264875.91,1563113.127,0.5,0.5,,,,,
000333.SZ,20230703,58.88,60.38,58.33,59.06,58.92,0.14,0.2376,318761.84,1892919.808,0.5,0.5,,,,,
000333.SZ,20230704,59.28,59.6,58.12,58.9,59.06,-0.16,-0.2709,219445.69,1290009.362,0.5,0.5,,,,,
000333.SZ,20230705,59.09,59.33,58.42,59.12,58.9,0.22,0.3735,187015.74,1103273.064,0.5,0.5,,,,,
000333.SZ,20230706,59.13,59.75,58.3,58.37,59.12,-0.75,-1.2686,169576.94,995554.523,0.5,0.5,,,,,
000333.SZ,20230707,58.04,58.59,57.2,57.75,58.37,-0.62,-1.0622,293796.08,1698410.265,0.5,0.5,,,,,
000333.SZ,20230710,57.82,57.93,56.04,56.63,57.75,-1.12,-1.9394,320859.74,1818167.156,0.5,0.5,,,,,
000333.SZ,20230711,56.8,57.08,56.4,56.66,56.63,0.03,0.053,158027.95,896629.01,0.5,0.5,,,,,
000333.SZ,20230712,56.9,58.08,56.4,57.09,56.66,0.43,0.7589,187815.02,1079865.899,0.5,0.5,,,,,
000333.SZ,20230713,57.2,58.32,57.2,57.8,57.09,0.71,1.2437,169306.74,978559.177,0.5,0.5,,,,,
000333.SZ,20230714,57.75,58.27,57.02,57.46,57.8,-0.34,-0.5882,105000.05,603243.716,0.5,0.5,,,,,
000333.SZ,20230717,57.2,57.2,56.3,57.13,57.46,-0.33,-0.5743,90424.88,512387.287,0.5,0.5,,,,,
000333.SZ,20230718,57.4,57.4,55.67,56.74,57.13,-0.39,-0.6827,239882.28,1351665.336,0.5,0.5,,,,,
000333.SZ,20230719,56.89,58.35,56.67,58.13,56.74,1.39,2.4498,278044.25,1601948.634,0.5,0.5,,,,,
000333.SZ,20230720,57.9,58.65,57.44,57.53,58.13,-0.6,-1.0322,140515.9,815686.031,0.5,0.5,,,,,
000333.SZ,20230721,57.55,58.08,56.99,57.13,57.53,-0.4,-0.6953,120709.21,693513.021,0.5,0.5,,,,,
000333.SZ,20230724,57.13,57.36,56.13,56.77,57.13,-0.36,-0.6301,115887.57,657937.835,0.5,0.5,,,,,
000333.SZ,20230725,57.86,59.28,57.8,58.98,56.77,2.21,3.8929,376481.19,2216891.659,0.5,0.5,,,,,
000333.SZ,20230726,58.81,59.54,58.48,58.58,58.98,-0.4,-0.6782,187525.82,1105031.414,0.5,0.5,,,,,
000333.SZ,20230727,58.55,59.12,58.35,58.48,58.58,-0.1,-0.1707,151970.44,893501.893,0.5,0.5,,,,,
000333.SZ,20230728,58.7,59.82,58.11,59.74,58.48,1.26,2.1546,240041.26,1424164.599,0.5,0.5,,,,,
000333.SZ,20230731,60.95,61.3,59.15,59.32,59.74,-0.42,-0.703,325182.68,1952524.583,0.5,0.5,,,,,
000333.SZ,20230801,59.32,59.69,58.13,58.25,59.32,-1.07,-1.8038,204186.27,1197877.269,0.5,0.5,,,,,
000333.SZ,20230802,58.1,58.82,57.77,58.3,58.25,0.05,0.0858,235436.08,1370719.586,0.5,0.5,,,,,
000333.SZ,20230803,57.98,58.2,56.99,57.98,58.3,-0.32,-0.5489,233629.11,1344124.458,0.5,0.5,,,,,
000333.SZ,20230804,58.3,58.99,57.81,57.92,57.98,-0.06,-0.1035,196636.92,1147020.985,0.5,0.5,,,,,
000333.SZ,20230807,57.79,58.19,57.34,57.88,57.92,-0.04,-0.0691,153706.96,887391.729,0.5,0.5,,,,,
000333.SZ,20230808,57.5,57.55,56.96,57.0,57.88,-0.88,-1.5204,136354.68,779253.638,0.5,0.5,,,,,
000333.SZ,20230809,57.19,57.7,57.04,57.56,57.0,0.56,0.9825,151434.09,868904.097,0.5,0.5,,,,,
000333.SZ,20230810,57.21,57.3,55.5,56.35,57.56,-1.21,-2.1022,385304.64,2159087.492,0.5,0.5,,,,,
000333.SZ,20230811,56.29,56.45,55.14,55.18,56.35,-1.17,-2.0763,255333.12,1419423.215,0.5,0.5,,,,,
000333.SZ,20230814,54.5,55.57,54.28,55.44,55.18,0.26,0.4712,195166.87,1073370.152,0.5,0.5,,,,,
000333.SZ,20230815,55.31,55.56,54.6,55.16,55.44,-0.28,-0.5051,163704.34,901353.362,0.5,0.5,,,,,
000333.SZ,20230816,54.8,55.36,54.36,55.23,55.16,0.07,0.1269,153587.26,843256.905,0.5,0.5,,,,,
000333.SZ,20230817,54.9,55.94,54.53,55.84,55.23,0.61,1.1045,152165.04,842880.581,0.5,0.5,,,,,
000333.SZ,20230818,55.78,55.85,54.63,54.79,55.84,-1.05,-1.8804,134638.34,741138.399,0.5,0.5,,,,,
000333.SZ,20230821,54.61,55.36,54.35,54.38,54.79,-0.41,-0.7483,131171.58,718680.501,0.5,0.5,,,,,
000333.SZ,20230822,54.3,54.68,53.41,54.37,54.38,-0.01,-0.0184,230542.76,1249497.364,0.5,0.5,,,,,
000333.SZ,20230823,54.12,54.66,53.6,53.72,54.37,-0.65,-1.1955,157983.13,854634.875,0.5,0.5,,,,,
000333.SZ,20230824,53.99,55.45,53.5,55.05,53.72,1.33,2.4758,255835.79,1398433.375,0.5,0.5,,,,,
000333.SZ,20230825,54.95,55.99,54.52,55.26,55.05,0.21,0.3815,164727.88,907722.078,0.5,0.5,,,,,
000333.SZ,20230828,57.3,57.98,55.78,56.16,55.26,0.9,1.6287,288003.77,1624044.691,0.5,0.5,,,,,
000333.SZ,20230829,55.88,56.49,55.55,56.05,56.16,-0.11,-0.1959,217871.21,1221870.56,0.5,0.5,,,,,
000333.SZ,20230830,56.04,57.18,55.71,56.82,56.05,0.77,1.3738,233664.21,1323189.377,0.5,0.5,,,,,
000333.SZ,20230831,57.3,57.8,56.48,56.51,56.82,-0.31,-0.5456,280837.65,1596998.96,0.5,0.5,,,,,
000333.SZ,20230901,57.0,58.5,56.99,57.93,56.51,1.42,2.5128,266505.64,1541478.628,0.5,0.5,,,,,
000333.SZ,20230904,58.5,58.8,57.62,58.22,57.93,0.29,0.5006,200900.11,1169057.32,0.5,0.5,,,,,
000333.SZ,20230905,58.26,58.49,57.61,57.78,58.22,-0.44,-0.7558,153090.15,887170.82,0.5,0.5,,,,,
000333.SZ,20230906,57.51,58.0,56.88,57.18,57.78,-0.6,-1.0384,208883.35,1194824.718,0.5,0.5,,,,,
000333.SZ,20230907,57.09,57.12,56.5,56.57,57.18,-0.61,-1.0668,136399.11,774015.905,0.5,0.5,,,,,
000333.SZ,20230908,56.74,56.83,55.81,56.08,56.57,-0.49,-0.8662,84001.81,471931.158,0.5,0.5,,,,,
000333.SZ,20230911,56.31,56.88,56.01,56.43,56.08,0.35,0.6241,140721.3,793322.668,0.5,0.5,,,,,
000333.SZ,20230912,56.42,57.72,56.3,57.21,56.43,0.78,1.3822,164034.4,937947.089,0.5,0.5,,,,,
000333.SZ,20230913,57.1,57.54,56.7,57.0,57.21,-0.21,-0.3671,107434.02,613122.121,0.5,0.5,,,,,
000333.SZ,20230914,57.01,57.26,56.26,56.55,57.0,-0.45,-0.7895,102894.65,581688.866,0.5,0.5,,,,,
000333.SZ,20230915,56.64,56.69,55.3,55.79,56.55,-0.76,-1.3439,164511.82,917665.599,0.5,0.5,,,,,
000333.SZ,20230918,55.8,56.59,55.21,56.1,55.79,0.31,0.5557,144277.93,808841.172,0.5,0.5,,,,,
000333.SZ,20230919,55.99,56.15,55.45,56.05,56.1,-0.05,-0.0891,123661.26,689874.974,0.5,0.5,,,,,
000333.SZ,20230920,56.03,57.24,55.73,56.89,56.05,0.84,1.4987,213801.1,1210967.114,0.5,0.5,,,,,
000333.SZ,20230921,56.88,56.88,56.02,56.32,56.89,-0.57,-1.0019,167691.42,946858.135,0.5,0.5,,,,,
000333.SZ,20230922,56.59,57.11,56.17,57.05,56.32,0.73,1.2962,221702.48,1259327.923,0.5,0.5,,,,,
000333.SZ,20230925,56.89,56.89,56.23,56.63,57.05,-0.42,-0.7362,166431.59,941423.313,0.5,0.5,,,,,
000333.SZ,20230926,56.76,57.2,56.0,56.0,56.63,-0.63,-1.1125,189349.41,1067479.335,0.5,0.5,,,,,
000333.SZ,20230927,56.0,56.66,55.43,56.19,56.0,0.19,0.3393,188109.49,1054884.218,0.5,0.5,,,,,
000333.SZ,20230928,56.39,56.5,55.41,55.48,56.19,-0.71,-1.2636,170975.78,953613.284,0.5,0.5,,,,,
000333.SZ,20231009,55.46,56.11,54.9,55.76,55.48,0.28,0.5047,286595.45,1591907.096,0.5,0.5,,,,,
000333.SZ,20231010,55.49,55.77,54.42,54.77,55.76,-0.99,-1.7755,214996.37,1179223.5,0.5,0.5,,,,,
000333.SZ,20231011,54.75,55.89,54.5,54.77,54.77,0.0,0.0,204183.79,1123573.121,0.5,0.5,,,,,
000333.SZ,20231012,55.0,55.48,54.61,55.28,54.77,0.51,0.9312,176042.42,970427.692,0.5,0.5,,,,,
000333.SZ,20231013,55.19,55.44,54.53,54.99,55.28,-0.29,-0.5246,129960.04,712981.554,0.5,0.5,,,,,
000333.SZ,20231016,54.8,55.41,54.8,55.08,54.99,0.09,0.1637,150202.14,826944.835,0.5,0.5,,,,,
000333.SZ,20231017,55.08,55.99,55.05,55.88,55.08,0.8,1.4524,168301.58,936368.372,0.5,0.5,,,,,
000333.SZ,20231018,55.68,55.89,55.21,55.47,55.88,-0.41,-0.7337,106370.84,590623.193,0.5,0.5,,,,,
000333.SZ,20231019,55.29,55.29,54.18,54.23,55.47,-1.24,-2.2354,201960.84,1103206.37,0.5,0.5,,,,,
000333.SZ,20231020,53.94,54.06,52.88,53.18,54.23,-1.05,-1.9362,210898.04,1123754.128,0.5,0.5,,,,,
000333.SZ,20231023,53.0,53.63,52.71,53.25,53.18,0.07,0.1316,168643.66,897561.653,0.5,0.5,,,,,
000333.SZ,20231024,53.01,53.49,52.2,53.18,53.25,-0.07,-0.1315,250197.82,1323069.266,0.5,0.5,,,,,
000333.SZ,20231025,53.79,54.01,52.14,52.42,53.18,-0.76,-1.4291,258565.46,1364767.551,0.5,0.5,,,,,
000333.SZ,20231026,52.22,52.72,52.03,52.51,52.42,0.09,0.1717,151655.12,794020.501,0.5,0.5,,,,,
000333.SZ,20231027,52.36,54.0,52.21,53.74,52.51,1.23,2.3424,253187.94,1352282.943,0.5,0.5,,,,,
000333.SZ,20231030,53.33,54.64,53.33,54.5,53.74,0.76,1.4142,164884.74,892765.17,0.5,0.5,,,,,
000333.SZ,20231031,54.3,54.3,52.7,52.92,54.5,-1.58,-2.8991,238072.12,1263696.55,0.5,0.5,,,,,
000333.SZ,20231101,52.81,53.46,52.7,53.01,52.92,0.09,0.1701,189338.23,1004719.416,0.5,0.5,,,,,
000333.SZ,20231102,53.0,54.41,52.81,53.18,53.01,0.17,0.3207,200854.78,1072266.18,0.5,0.5,,,,,
000333.SZ,20231103,53.12,53.35,52.72,52.8,53.18,-0.38,-0.7146,177406.44,939971.081,0.5,0.5,,,,,
000333.SZ,20231106,53.0,53.3,52.7,53.14,52.8,0.34,0.6439,249182.24,1322403.103,0.5,0.5,,,,,
000333.SZ,20231107,53.1,53.28,52.58,53.1,53.14,-0.04,-0.0753,188981.88,999762.782,0.5,0.5,,,,,
000333.SZ,20231108,52.65,52.99,52.51,52.85,53.1,-0.25,-0.4708,213857.28,1128009.345,0.5,0.5,,,,,
000333.SZ,20231109,52.88,53.33,52.35,52.45,52.85,-0.4,-0.7569,141468.93,743811.714,0.5,0.5,,,,,
000333.SZ,20231110,52.3,52.86,52.25,52.7,52.45,0.25,0.4766,130270.77,685147.777,0.5,0.5,,,,,
000333.SZ,20231113,52.64,52.64,50.68,51.06,52.7,-1.64,-3.112,382915.58,1957444.236,0.5,0.5,,,,,
000333.SZ,20231114,51.02,51.42,50.8,51.09,51.06,0.03,0.0588,248027.93,1266466.646,0.5,0.5,,,,,
000333.SZ,20231115,51.44,51.76,50.95,51.54,51.09,0.45,0.8808,196362.84,1010107.978,0.5,0.5,,,,,
000333.SZ,20231116,51.4,52.19,51.31,51.75,51.54,0.21,0.4075,216055.33,1121013.155,0.5,0.5,,,,,
000333.SZ,20231117,51.6,51.97,51.21,51.86,51.75,0.11,0.2126,135134.22,697252.68,0.5,0.5,,,,,
000333.SZ,20231120,51.54,52.9,51.54,52.43,51.86,0.57,1.0991,182190.75,955124.72,0.5,0.5,,,,,
000333.SZ,20231121,52.62,53.19,52.45,52.45,52.43,0.02,0.0381,158459.02,836507.594,0.5,0.5,,,,,
000333.SZ,20231122,52.45,52.6,51.9,52.15,52.45,-0.3,-0.572,97869.06,511071.755,0.5,0.5,,,,,
000333.SZ,20231123,52.15,52.93,51.85,52.76,52.15,0.61,1.1697,101033.51,529662.623,0.5,0.5,,,,,
000333.SZ,20231124,52.8,52.85,52.07,52.48,52.76,-0.28,-0.5307,157245.3,822539.515,0.5,0.5,,,,,
000333.SZ,20231127,52.43,52.43,51.75,51.97,52.48,-0.51,-0.9718,159225.06,827425.456,0.5,0.5,,,,,
000333.SZ,20231128,52.2,52.8,51.53,52.53,51.97,0.56,1.0775,217876.37,1138681.641,0.5,0.5,,,,,
000333.SZ,20231129,52.53,52.58,51.72,52.01,52.53,-0.52,-0.9899,124265.38,646048.742,0.5,0.5,,,,,
000333.SZ,20231130,51.81,52.0,51.41,51.67,52.01,-0.34,-0.6537,128618.62,664815.261,0.5,0.5,,,,,
000333.SZ,20231201,52.3,52.36,50.33,50.55,51.67,-1.12,-2.1676,316049.83,1604750.727,0.5,0.5,,,,,
000333.SZ,20231204,50.48,50.79,49.84,50.09,50.55,-0.46,-0.91,220586.72,1107559.874,0.5,0.5,,,,,
000333.SZ,20231205,50.09,50.19,49.22,49.22,50.09,-0.87,-1.7369,225103.18,1120255.577,0.5,0.5,,,,,
000333.SZ,20231206,49.06,49.65,48.75,49.18,49.22,-0.04,-0.0813,191141.14,942351.431,0.5,0.5,,,,,
000333.SZ,20231207,49.36,50.49,49.22,50.22,49.18,1.04,2.1147,250218.6,1251685.067,0.5,0.5,,,,,
000333.SZ,20231208,50.18,51.08,50.09,50.34,50.22,0.12,0.2389,218113.4,1102240.031,0.5,0.5,,,,,
000333.SZ,20231211,49.85,51.4,49.22,51.02,50.34,0.68,1.3508,252014.67,1272635.678,0.5,0.5,,,,,
000333.SZ,20231212,51.5,51.55,50.72,51.0,51.02,-0.02,-0.0392,172048.15,879672.02,0.5,0.5,,,,,
000333.SZ,20231213,50.9,50.99,50.51,50.69,51.0,-0.31,-0.6078,128586.95,652164.458,0.5,0.5,,,,,
000333.SZ,20231214,50.91,51.47,50.58,50.89,50.69,0.2,0.3946,165634.1,847402.713,0.5,0.5,,,,,
000333.SZ,20231215,50.51,51.1,50.3,50.33,50.89,-0.56,-1.1004,204701.55,1034871.742,0.5,0.5,,,,,
000333.SZ,20231218,50.03,51.18,49.75,51.09,50.33,0.76,1.51,223074.69,1133044.74,0.5,0.5,,,,,
000333.SZ,20231219,51.08,51.08,50.46,50.75,51.09,-0.34,-0.6655,169545.33,859776.4,0.5,0.5,,,,,
000333.SZ,20231220,50.75,51.4,50.52,51.03,50.75,0.28,0.5517,254170.29,1298397.556,0.5,0.5,,,,,
000333.SZ,20231221,51.22,52.28,50.87,52.02,51.03,0.99,1.94,274212.12,1422425.462,0.5,0.5,,,,,
000333.SZ,20231222,51.91,52.99,51.7,52.77,52.02,0.75,1.4418,227281.14,1194539.708,0.5,0.5,,,,,
000333.SZ,20231225,52.62,53.25,52.43,52.67,52.77,-0.1,-0.1895,113149.6,598032.182,0.5,0.5,,,,,
000333.SZ,20231226,52.62,53.23,52.53,52.8,52.67,0.13,0.2468,161523.28,855413.703,0.5,0.5,,,,,
000333.SZ,20231227,52.78,53.7,52.72,53.6,52.8,0.8,1.5152,203068.83,1081963.247,0.5,0.5,,,,,
000333.SZ,20231228,53.44,54.16,53.25,54.05,53.6,0.45,0.8396,247280.48,1331261.038,0.5,0.5,,,,,
000333.SZ,20231229,54.07,54.98,53.72,54.63,54.05,0.58,1.0731,259372.53,1410074.987,0.5,0.5,,,,,
000333.SZ,20240102,54.63,55.05,54.2,54.56,54.63,-0.07,-0.1281,239056.97,1305162.004,0.5,0.5,,,,,
000333.SZ,20240103,54.59,54.8,54.1,54.45,54.56,-0.11,-0.2016,206896.73,1126649.739,0.5,0.5,,,,,
000333.SZ,20240104,54.66,55.32,54.45,55.25,54.45,0.8,1.4692,267025.02,1467886.385,0.5,0.5,,,,,
000333.SZ,20240105,55.2,56.08,54.85,55.6,55.25,0.35,0.6335,300428.77,1669357.551,0.5,0.5,,,,,
000333.SZ,20240108,55.6,55.6,54.62,55.0,55.6,-0.6,-1.0791,278097.39,1531117.699,0.5,0.5,,,,,
000333.SZ,20240109,54.71,55.33,54.11,55.17,55.0,0.17,0.3091,216070.41,1184711.712,0.5,0.5,,,,,
000333.SZ,20240110,55.17,55.77,54.84,55.22,55.17,0.05,0.0906,178208.13,984854.746,0.5,0.5,,,,,
000333.SZ,20240111,55.22,55.49,54.73,55.0,55.22,-0.22,-0.3984,212369.2,1168392.665,0.5,0.5,,,,,
000333.SZ,20240112,54.9,55.71,54.58,55.0,55.0,0.0,0.0,243610.8,1343879.865,0.5,0.5,,,,,
000333.SZ,20240115,54.84,55.98,54.66,55.88,55.0,0.88,1.6,191240.97,1063527.119,0.5,0.5,,,,,
000333.SZ,20240116,55.61,56.95,55.1,56.92,55.88,1.04,1.8611,337303.99,1903147.107,0.5,0.5,,,,,
000333.SZ,20240117,56.63,57.29,56.37,56.37,56.92,-0.55,-0.9663,269141.26,1530395.102,0.5,0.5,,,,,
000333.SZ,20240118,56.79,56.99,55.08,56.4,56.37,0.03,0.0532,390231.0,2175726.536,0.5,0.5,,,,,
000333.SZ,20240119,56.0,56.6,55.86,56.14,56.4,-0.26,-0.461,299370.04,1681993.909,0.5,0.5,,,,,
000333.SZ,20240122,55.88,56.66,55.08,55.34,56.14,-0.8,-1.425,359803.22,2017295.149,0.5,0.5,,,,,
000333.SZ,20240123,55.52,56.69,54.8,56.38,55.34,1.04,1.8793,288485.18,1612570.166,0.5,0.5,,,,,
000333.SZ,20240124,56.15,57.44,56.02,57.19,56.38,0.81,1.4367,264637.21,1503303.923,0.5,0.5,,,,,
000333.SZ,20240125,57.3,57.49,56.24,56.35,57.19,-0.84,-1.4688,249636.29,1412367.268,0.5,0.5,,,,,
000333.SZ,20240126,56.35,57.75,56.35,57.51,56.35,1.16,2.0586,327457.37,1874299.633,0.5,0.5,,,,,
000333.SZ,20240129,57.9,59.48,57.69,58.69,57.51,1.18,2.0518,374987.36,2204469.37,0.5,0.5,,,,,
000333.SZ,20240130,58.7,59.2,58.0,58.22,58.69,-0.47,-0.8008,273732.99,1604993.046,0.5,0.5,,,,,
000333.SZ,20240131,57.91,58.94,57.42,58.25,58.22,0.03,0.0515,255441.53,1486711.039,0.5,0.5,,,,,
000333.SZ,20240201,58.23,59.46,58.0,58.81,58.25,0.56,0.9614,303401.75,1785789.271,0.5,0.5,,,,,
000333.SZ,20240202,58.5,58.88,57.31,58.25,58.81,-0.56,-0.9522,289505.04,1687829.337,0.5,0.5,,,,,
000333.SZ,20240205,58.0,59.6,57.82,59.45,58.25,1.2,2.0601,461602.68,2724269.122,0.5,0.5,,,,,
000333.SZ,20240206,59.26,60.79,59.02,59.95,59.45,0.5,0.841,379463.85,2279549.238,0.5,0.5,,,,,
000333.SZ,20240207,59.29,61.17,59.03,61.11,59.95,1.16,1.9349,461959.19,2791586.567,0.5,0.5,,,,,
000333.SZ,20240208,61.29,62.36,59.98,60.29,61.11,-0.82,-1.3418,347231.8,2112587.867,0.5,0.5,,,,,
000333.SZ,20240219,61.7,61.7,59.81,60.6,60.29,0.31,0.5142,356958.54,2157379.733,0.5,0.5,,,,,
000333.SZ,20240220,60.3,61.79,59.67,61.7,60.6,1.1,1.8152,296309.17,1807531.882,0.5,0.5,,,,,
000333.SZ,20240221,61.0,62.55,60.68,61.71,61.7,0.01,0.0162,277971.82,1719403.866,0.5,0.5,,,,,
000333.SZ,20240222,61.21,61.79,61.03,61.35,61.71,-0.36,-0.5834,192590.55,1180530.93,0.5,0.5,,,,,
000333.SZ,20240223,61.68,62.1,59.32,59.62,61.35,-1.73,-2.8199,430935.97,2580957.129,0.5,0.5,,,,,
000333.SZ,20240226,59.85,61.5,59.85,60.3,59.62,0.68,1.1406,340977.31,2070387.072,0.5,0.5,,,,,
000333.SZ,20240227,60.59,61.99,60.1,61.92,60.3,1.62,2.6866,280147.95,1720508.595,0.5,0.5,,,,,
000333.SZ,20240228,62.0,62.31,60.95,61.82,61.92,-0.1,-0.1615,253673.64,1568616.989,0.5,0.5,,,,,
000333.SZ,20240229,62.0,63.48,61.75,62.63,61.82,0.81,1.3103,489209.98,3071855.396,0.5,0.5,,,,,
000333.SZ,20240301,63.5,64.51,62.88,64.47,62.63,1.84,2.9379,328449.06,2102800.96,0.5,0.5,,,,,
000333.SZ,20240304,65.0,66.0,63.5,64.6,64.47,0.13,0.2016,373843.92,2415284.58,0.5,0.5,,,,,
000333.SZ,20240305,64.65,65.4,63.45,65.04,64.6,0.44,0.6811,355253.26,2288367.736,0.5,0.5,,,,,
000333.SZ,20240306,64.9,65.53,64.3,64.51,65.04,-0.53,-0.8149,219230.01,1422222.516,0.5,0.5,,,,,
000333.SZ,20240307,64.45,66.65,64.2,65.8,64.51,1.29,1.9997,306340.33,2020641.414,0.5,0.5,,,,,
000333.SZ,20240308,65.87,66.49,64.88,66.1,65.8,0.3,0.4559,261254.1,1714883.401,0.5,0.5,,,,,
000333.SZ,20240311,66.09,66.1,64.56,65.42,66.1,-0.68,-1.0287,280270.02,1826293.592,0.5,0.5,,,,,
000333.SZ,20240312,65.35,65.35,63.05,64.13,65.42,-1.29,-1.9719,507399.15,3241294.651,0.5,0.5,,,,,
000333.SZ,20240313,63.66,64.33,63.0,64.07,64.13,-0.06,-0.0936,327231.64,2084900.582,0.5,0.5,,,,,
000333.SZ,20240314,63.86,64.75,63.6,64.5,64.07,0.43,0.6711,315316.77,2026233.407,0.5,0.5,,,,,
000333.SZ,20240315,64.39,64.5,63.3,64.02,64.5,-0.48,-0.7442,254639.04,1624685.427,0.5,0.5,,,,,
000333.SZ,20240318,63.88,63.89,62.35,62.36,64.02,-1.66,-2.5929,425011.13,2667915.014,0.5,0.5,,,,,
000333.SZ,20240319,62.2,63.12,62.17,62.6,62.36,0.24,0.3849,297946.18,1867932.284,0.5,0.5,,,,,
000333.SZ,20240320,62.2,62.5,61.4,61.88,62.6,-0.72,-1.1502,377908.9,2337851.554,0.5,0.5,,,,,
000333.SZ,20240321,61.91,62.04,60.13,60.55,61.88,-1.33,-2.1493,391891.53,2377326.996,0.5,0.5,,,,,
000333.SZ,20240322,60.56,62.65,60.5,62.62,60.55,2.07,3.4187,431567.77,2671677.605,0.5,0.5,,,,,
000333.SZ,20240325,62.19,63.66,61.78,62.9,62.62,0.28,0.4471,269033.26,1694247.611,0.5,0.5,,,,,
000333.SZ,20240326,62.31,63.25,62.31,62.72,62.9,-0.18,-0.2862,253537.49,1591428.438,0.5,0.5,,,,,
000333.SZ,20240327,62.53,64.88,62.51,63.67,62.72,0.95,1.5147,348427.94,2227887.825,0.5,0.5,,,,,
000333.SZ,20240328,64.23,65.39,63.18,64.58,63.67,0.91,1.4292,451854.11,2915943.394,0.5,0.5,,,,,
000333.SZ,20240329,64.58,65.73,63.66,64.22,64.58,-0.36,-0.5574,254688.58,1638381.69,0.5,0.5,,,,,
000333.SZ,20240401,64.5,66.28,64.1,66.22,64.22,2.0,3.1143,327712.25,2146737.286,0.5,0.5,,,,,
000333.SZ,20240402,66.0,66.53,65.75,66.25,66.22,0.03,0.0453,226536.32,1497277.78,0.5,0.5,,,,,
000333.SZ,20240403,66.2,66.9,65.98,66.73,66.25,0.48,0.7245,206264.95,1370613.983,0.5,0.5,,,,,
000333.SZ,20240408,66.72,66.85,64.67,65.32,66.73,-1.41,-2.113,324344.92,2125546.169,0.5,0.5,,,,,
000333.SZ,20240409,65.0,65.6,64.82,65.04,65.32,-0.28,-0.4287,194782.79,1270147.986,0.5,0.5,,,,,
000333.SZ,20240410,64.87,66.2,64.56,65.17,65.04,0.13,0.1999,180819.7,1184377.719,0.5,0.5,,,,,
000333.SZ,20240411,64.95,65.95,64.61,65.07,65.17,-0.1,-0.1534,190047.69,1239842.458,0.5,0.5,,,,,
000333.SZ,20240412,64.99,65.6,64.58,64.89,65.07,-0.18,-0.2766,217343.88,1414407.755,0.5,0.5,,,,,
000333.SZ,20240415,64.89,67.0,64.71,66.84,64.89,1.95,3.0051,317837.41,2102897.321,0.5,0.5,,,,,
000333.SZ,20240416,66.78,68.77,66.57,68.31,66.84,1.47,2.1993,391913.8,2659237.097,0.5,0.5,,,,,
000333.SZ,20240417,68.0,68.8,66.98,68.58,68.31,0.27,0.3953,245496.49,1664966.38,0.5,0.5,,,,,
000333.SZ,20240418,68.58,71.33,68.38,70.0,68.58,1.42,2.0706,395421.36,2777734.457,0.5,0.5,,,,,
000333.SZ,20240419,69.43,70.58,69.43,70.0,70.0,0.0,0.0,288123.35,2017233.1,0.5,0.5,,,,,
000333.SZ,20240422,70.2,71.19,69.5,69.98,70.0,-0.02,-0.0286,289437.54,2032072.605,0.5,0.5,,,,,
000333.SZ,20240423,69.83,70.0,67.59,68.39,69.98,-1.59,-2.2721,382179.4,2605557.575,0.5,0.5,,,,,
000333.SZ,20240424,68.34,68.64,66.75,67.9,68.39,-0.49,-0.7165,307830.47,2079963.046,0.5,0.5,,,,,
000333.SZ,20240425,67.13,68.56,67.13,68.24,67.9,0.34,0.5007,220332.98,1500859.468,0.5,0.5,,,,,
000333.SZ,20240426,68.25,68.65,67.42,68.37,68.24,0.13,0.1905,242257.47,1650078.938,0.5,0.5,,,,,
000333.SZ,20240429,68.3,68.88,67.23,68.2,68.37,-0.17,-0.2486,332263.98,2264197.665,0.5,0.5,,,,,
000333.SZ,20240430,66.84,71.15,66.8,69.78,68.2,1.58,2.3167,571318.43,3988190.598,0.5,0.5,,,,,
000333.SZ,20240506,70.5,71.46,69.65,71.01,69.78,1.23,1.7627,461799.14,3263609.833,0.5,0.5,,,,,
000333.SZ,20240507,70.81,72.33,70.62,71.1,71.01,0.09,0.1267,304314.57,2176139.138,0.5,0.5,,,,,
000333.SZ,20240508,70.5,71.34,70.39,70.75,71.1,-0.35,-0.4923,176619.6,1252248.295,0.5,0.5,,,,,
000333.SZ,20240509,71.0,72.34,70.62,71.85,70.75,1.1,1.5548,285718.31,2046734.81,0.5,0.5,,,,,
000333.SZ,20240510,72.2,72.33,71.34,71.88,71.85,0.03,0.0418,224879.05,1616063.316,0.5,0.5,,,,,
000333.SZ,20240513,71.88,72.99,70.7,72.71,71.88,0.83,1.1547,271674.1,1965130.433,0.5,0.5,,,,,
000333.SZ,20240514,72.68,72.89,70.2,70.84,72.71,-1.87,-2.5719,399236.1,2827063.811,0.5,0.5,,,,,
000333.SZ,20240515,68.5,70.1,68.11,69.76,67.86,1.9,2.7999,301894.55,2090761.786,0.5,0.5,,,,,
000333.SZ,20240516,69.76,69.8,68.8,69.34,69.76,-0.42,-0.6021,246004.03,1703048.548,0.5,0.5,,,,,
000333.SZ,20240517,68.78,69.5,66.52,68.03,69.34,-1.31,-1.8892,418482.56,2828611.123,0.5,0.5,,,,,
000333.SZ,20240520,67.01,67.88,66.21,66.57,68.03,-1.46,-2.1461,426430.37,2846862.349,0.5,0.5,,,,,
000333.SZ,20240521,66.27,67.3,66.2,66.55,66.57,-0.02,-0.03,243587.94,1626841.822,0.5,0.5,,,,,
000333.SZ,20240522,66.34,66.54,65.31,65.41,66.55,-1.14,-1.713,261052.15,1715205.332,0.5,0.5,,,,,
000333.SZ,20240523,65.4,66.19,65.0,65.74,65.41,0.33,0.5045,240961.49,1582459.055,0.5,0.5,,,,,
000333.SZ,20240524,65.4,66.98,65.1,66.62,65.74,0.88,1.3386,259269.68,1724580.967,0.5,0.5,,,,,
000333.SZ,20240527,66.5,68.28,65.54,67.59,66.62,0.97,1.456,305462.19,2062139.516,0.5,0.5,,,,,
000333.SZ,20240528,67.6,67.78,66.5,67.03,67.59,-0.56,-0.8285,191736.67,1284865.352,0.5,0.5,,,,,
000333.SZ,20240529,66.6,67.2,65.5,65.85,67.03,-1.18,-1.7604,241320.98,1590410.761,0.5,0.5,,,,,
000333.SZ,20240530,65.71,66.19,65.14,65.18,65.85,-0.67,-1.0175,193586.23,1269509.292,0.5,0.5,,,,,
000333.SZ,20240531,65.19,65.57,64.55,64.76,65.18,-0.42,-0.6444,261294.19,1696172.93,0.5,0.5,,,,,
000333.SZ,20240603,64.88,66.3,64.27,65.02,64.76,0.26,0.4015,357556.29,2337233.616,0.5,0.5,,,,,
000333.SZ,20240604,64.99,64.99,63.4,64.68,65.02,-0.34,-0.5229,306211.98,1969401.516,0.5,0.5,,,,,
000333.SZ,20240605,64.55,65.2,63.8,63.92,64.68,-0.76,-1.175,283319.25,1825603.15,0.5,0.5,,,,,
000333.SZ,20240606,63.8,66.03,63.8,65.76,63.92,1.84,2.8786,436037.19,2848032.777,0.5,0.5,,,,,
000333.SZ,20240607,65.2,65.45,63.71,65.16,65.76,-0.6,-0.9124,400645.9,2591739.293,0.5,0.5,,,,,
000333.SZ,20240611,64.5,66.5,64.18,65.0,65.16,-0.16,-0.2455,336896.64,2188026.772,0.5,0.5,,,,,
000333.SZ,20240612,64.84,65.74,64.53,65.16,65.0,0.16,0.2462,257071.99,1675974.671,0.5,0.5,,,,,
000333.SZ,20240613,65.31,65.45,63.66,63.92,65.16,-1.24,-1.903,274850.47,1763239.544,0.5,0.5,,,,,
000333.SZ,20240614,63.51,65.76,63.5,65.61,63.92,1.69,2.6439,379244.47,2468107.111,0.5,0.5,,,,,
000333.SZ,20240617,65.76,65.76,64.18,64.53,65.61,-1.08,-1.6461,253358.08,1639603.939,0.5,0.5,,,,,
000333.SZ,20240618,64.3,65.19,63.67,64.84,64.53,0.31,0.4804,218674.69,1409611.739,0.5,0.5,,,,,
000333.SZ,20240619,64.77,65.08,62.8,64.0,64.84,-0.84,-1.2955,346999.57,2206055.298,0.5,0.5,,,,,
000333.SZ,20240620,63.9,64.75,63.54,64.47,64.0,0.47,0.7344,280857.88,1806800.938,0.5,0.5,,,,,
000333.SZ,20240621,64.49,64.75,63.5,63.95,64.47,-0.52,-0.8066,241536.69,1544527.731,0.5,0.5,,,,,
000333.SZ,20240624,63.71,65.55,63.61,64.88,63.95,0.93,1.4543,307990.53,1993977.958,0.5,0.5,,,,,
000333.SZ,20240625,64.85,65.79,64.52,65.29,64.88,0.41,0.6319,253092.06,1652171.356,0.5,0.5,,,,,
000333.SZ,20240626,65.01,65.39,63.91,64.25,65.29,-1.04,-1.5929,238314.07,1531598.024,0.5,0.5,,,,,
000333.SZ,20240627,64.05,64.48,63.47,64.1,64.25,-0.15,-0.2335,274094.61,1750926.675,0.5,0.5,,,,,
000333.SZ,20240628,63.5,64.79,63.48,64.5,64.1,0.4,0.624,251956.12,1624767.679,0.5,0.5,,,,,
000333.SZ,20240701,64.29,65.38,63.6,64.09,64.5,-0.41,-0.6357,195283.13,1255074.545,0.5,0.5,,,,,
000333.SZ,20240702,63.7,64.2,62.8,63.0,64.09,-1.09,-1.7007,291813.45,1843585.722,0.5,0.5,,,,,
000333.SZ,20240703,63.05,63.68,62.74,63.03,63.0,0.03,0.0476,181208.42,1145370.115,0.5,0.5,,,,,
000333.SZ,20240704,63.2,65.2,63.2,64.6,63.03,1.57,2.4909,277530.98,1794060.146,0.5,0.5,,,,,
000333.SZ,20240705,64.5,65.15,63.0,64.0,64.6,-0.6,-0.9288,264795.82,1686503.681,0.5,0.5,,,,,
000333.SZ,20240708,63.6,64.72,63.17,64.23,64.0,0.23,0.3594,194435.76,1247645.531,0.5,0.5,,,,,
000333.SZ,20240709,63.81,64.67,63.62,64.1,64.23,-0.13,-0.2024,216644.64,1392889.372,0.5,0.5,,,,,
000333.SZ,20240710,64.54,65.06,63.81,63.81,64.1,-0.29,-0.4524,158469.09,1016718.37,0.5,0.5,,,,,
000333.SZ,20240711,63.85,64.45,62.52,63.9,63.81,0.09,0.141,271826.55,1727208.383,0.5,0.5,,,,,
000333.SZ,20240712,63.79,65.2,63.64,65.0,63.9,1.1,1.7214,245740.92,1588658.353,0.5,0.5,,,,,
000333.SZ,20240715,64.78,65.16,64.36,64.94,65.0,-0.06,-0.0923,170459.13,1104204.269,0.5,0.5,,,,,
000333.SZ,20240716,64.63,64.96,63.75,64.27,64.94,-0.67,-1.0317,204067.78,1313240.364,0.5,0.5,,,,,
000333.SZ,20240717,64.04,64.38,61.66,62.83,64.27,-1.44,-2.2405,464628.49,2909157.024,0.5,0.5,,,,,
000333.SZ,20240718,62.01,64.46,62.01,63.9,62.83,1.07,1.703,345324.62,2193053.871,0.5,0.5,,,,,
000333.SZ,20240719,63.36,63.78,62.89,63.6,63.9,-0.3,-0.4695,217969.63,1381064.608,0.5,0.5,,,,,
000333.SZ,20240722,63.45,64.64,63.32,63.63,63.6,0.03,0.0472,199303.45,1273643.439,0.5,0.5,,,,,
000333.SZ,20240723,63.63,63.79,62.38,62.38,63.63,-1.25,-1.9645,185378.45,1165932.04,0.5,0.5,,,,,
000333.SZ,20240724,62.01,62.72,59.64,60.08,62.38,-2.3,-3.6871,455473.36,2757887.294,0.5,0.5,,,,,
000333.SZ,20240725,59.52,60.09,58.9,59.4,60.08,-0.68,-1.1318,301091.51,1787253.322,0.5,0.5,,,,,
000333.SZ,20240726,62.83,62.99,61.4,62.84,59.4,3.44,5.7912,577401.71,3598947.643,0.5,0.5,,,,,
000333.SZ,20240729,62.3,63.21,62.16,62.88,62.84,0.04,0.0637,207128.28,1297587.355,0.5,0.5,,,,,
000333.SZ,20240730,62.51,62.77,60.6,61.06,62.88,-1.82,-2.8944,225758.46,1381015.834,0.5,0.5,,,,,
000333.SZ,20240731,60.73,63.86,60.73,63.76,61.06,2.7,4.4219,401747.39,2530147.58,0.5,0.5,,,,,
000333.SZ,20240801,63.8,64.67,63.41,63.58,63.76,-0.18,-0.2823,244068.33,1561027.259,0.5,0.5,,,,,
000333.SZ,20240802,63.3,64.28,62.57,62.99,63.58,-0.59,-0.928,202615.24,1280021.474,0.5,0.5,,,,,
000333.SZ,20240805,62.54,64.3,61.56,61.65,62.99,-1.34,-2.1273,354767.54,2214817.315,0.5,0.5,,,,,
000333.SZ,20240806,61.61,62.26,59.52,59.92,61.65,-1.73,-2.8062,384931.82,2316733.895,0.5,0.5,,,,,
000333.SZ,20240807,59.92,61.38,59.24,60.7,59.92,0.78,1.3017,252985.92,1535238.304,0.5,0.5,,,,,
000333.SZ,20240808,60.42,61.48,60.21,60.96,60.7,0.26,0.4283,142319.1,867672.45,0.5,0.5,,,,,
000333.SZ,20240809,60.85,61.7,60.33,60.5,60.96,-0.46,-0.7546,138023.75,839905.714,0.5,0.5,,,,,
000333.SZ,20240812,60.5,62.14,60.31,61.38,60.5,0.88,1.4545,169492.35,1042597.208,0.5,0.5,,,,,
000333.SZ,20240813,61.38,62.11,60.92,61.36,61.38,-0.02,-0.0326,98350.74,602892.3,0.5,0.5,,,,,
000333.SZ,20240814,61.36,61.49,60.6,60.9,61.36,-0.46,-0.7497,112277.8,685993.302,0.5,0.5,,,,,
000333.SZ,20240815,60.7,61.35,60.29,61.0,60.9,0.1,0.1642,191632.62,1166672.167,0.5,0.5,,,,,
000333.SZ,20240816,60.81,61.9,60.67,61.74,61.0,0.74,1.2131,180669.88,1112521.867,0.5,0.5,,,,,
000333.SZ,20240819,61.69,63.15,61.67,62.36,61.74,0.62,1.0042,172753.49,1075574.308,0.5,0.5,,,,,
000333.SZ,20240820,63.48,63.49,61.76,63.02,62.36,0.66,1.0584,257809.74,1623775.567,0.5,0.5,,,,,
000333.SZ,20240821,62.71,63.7,62.33,63.16,63.02,0.14,0.2222,211871.3,1337959.065,0.5,0.5,,,,,
000333.SZ,20240822,63.13,64.49,62.72,64.09,63.16,0.93,1.4725,249787.43,1597113.183,0.5,0.5,,,,,
000333.SZ,20240823,64.0,65.96,63.88,65.46,64.09,1.37,2.1376,290471.35,1895805.009,0.5,0.5,,,,,
000333.SZ,20240826,65.94,66.65,64.9,66.32,65.46,0.86,1.3138,339581.51,2241141.518,0.5,0.5,,,,,
000333.SZ,20240827,66.0,66.48,65.49,65.99,66.32,-0.33,-0.4976,241137.93,1590912.374,0.5,0.5,,,,,
000333.SZ,20240828,65.98,66.15,64.57,64.93,65.99,-1.06,-1.6063,265429.59,1726057.217,0.5,0.5,,,,,
000333.SZ,20240829,64.42,65.31,63.95,63.95,64.93,-0.98,-1.5093,232855.63,1500197.088,0.5,0.5,,,,,
000333.SZ,20240830,63.48,65.81,63.38,64.75,63.95,0.8,1.251,333863.34,2160911.498,0.5,0.5,,,,,
000333.SZ,20240902,64.5,66.52,64.44,65.23,64.75,0.48,0.7413,260758.82,1706301.995,0.5,0.5,,,,,
000333.SZ,20240903,65.01,66.48,65.0,65.97,65.23,0.74,1.1344,242378.88,1599193.264,0.5,0.5,,,,,
000333.SZ,20240904,65.86,66.7,65.36,65.48,65.97,-0.49,-0.7428,274996.33,1814975.104,0.5,0.5,,,,,
000333.SZ,20240905,64.95,65.4,63.48,63.59,65.48,-1.89,-2.8864,432123.22,2763225.151,0.5,0.5,,,,,
000333.SZ,20240906,63.6,64.55,62.9,63.02,63.59,-0.57,-0.8964,233201.64,1480652.837,0.5,0.5,,,,,
000333.SZ,20240909,61.35,62.2,60.68,61.09,63.02,-1.93,-3.0625,548406.38,3359451.1,0.5,0.5,,,,,
000333.SZ,20240910,60.48,61.64,60.48,60.75,61.09,-0.34,-0.5566,401110.34,2451075.854,0.5,0.5,,,,,
000333.SZ,20240911,60.52,62.08,59.7,61.66,60.75,0.91,1.4979,419217.62,2572399.328,0.5,0.5,,,,,
000333.SZ,20240912,61.8,62.85,61.66,62.37,61.66,0.71,1.1515,276168.61,1719561.913,0.5,0.5,,,,,
000333.SZ,20240913,62.05,63.78,61.59,63.51,62.37,1.14,1.8278,321489.94,2037679.478,0.5,0.5,,,,,
000333.SZ,20240918,63.62,65.71,63.4,65.25,63.51,1.74,2.7397,295025.96,1915513.518,0.5,0.5,,,,,
000333.SZ,20240919,62.3,65.73,62.3,65.28,65.25,0.03,0.046,476115.03,3085181.571,0.5,0.5,,,,,
000333.SZ,20240920,64.91,66.3,64.76,66.06,65.28,0.78,1.1949,398012.5,2608979.309,0.5,0.5,,,,,
000333.SZ,20240923,66.46,67.89,66.2,67.6,66.06,1.54,2.3312,391621.41,2643088.028,0.5,0.5,,,,,
000333.SZ,20240924,67.6,68.25,66.2,68.04,67.6,0.44,0.6509,500901.52,3378454.557,0.5,0.5,,,,,
000333.SZ,20240925,68.21,71.5,68.21,70.11,68.04,2.07,3.0423,627661.29,4428074.584,0.5,0.5,,,,,
000333.SZ,20240926,70.0,73.68,69.79,73.56,70.11,3.45,4.9208,501342.12,3592524.658,0.5,0.5,,,,,
000333.SZ,20240927,74.75,76.4,71.15,73.0,73.56,-0.56,-0.7613,857447.87,6253333.702,0.5,0.5,,,,,
000333.SZ,20240930,73.16,76.9,72.03,76.06,73.0,3.06,4.1918,1251664.92,9344041.944,0.5,0.5,,,,,
000333.SZ,20241008,83.67,83.67,78.73,80.19,76.06,4.13,5.4299,1352392.67,11050056.032,0.5,0.5,,,,,
000333.SZ,20241009,78.4,79.32,74.02,75.01,80.19,-5.18,-6.4597,895501.13,6896386.875,0.5,0.5,,,,,
000333.SZ,20241010,75.95,79.38,75.87,78.3,75.01,3.29,4.3861,673033.99,5259062.088,0.5,0.5,,,,,
000333.SZ,20241011,78.0,78.23,75.9,76.77,78.3,-1.53,-1.954,380601.78,2930030.642,0.5,0.5,,,,,
000333.SZ,20241014,77.03,79.29,76.6,79.0,76.77,2.23,2.9048,462828.32,3620244.782,0.5,0.5,,,,,
000333.SZ,20241015,79.0,79.0,76.0,76.0,79.0,-3.0,-3.7975,375833.16,2905639.306,0.5,0.5,,,,,
000333.SZ,20241016,74.7,75.5,73.73,75.24,76.0,-0.76,-1.0,342829.49,2559503.194,0.5,0.5,,,,,
000333.SZ,20241017,75.24,75.53,72.9,73.08,75.24,-2.16,-2.8708,394376.3,2920853.67,0.5,0.5,,,,,
000333.SZ,20241018,73.08,76.2,72.65,75.01,73.08,1.93,2.6409,427851.06,3180240.27,0.5,0.5,,,,,
000333.SZ,20241021,75.35,75.98,73.28,74.08,75.01,-0.93,-1.2398,343228.96,2547898.013,0.5,0.5,,,,,
000333.SZ,20241022,74.35,76.96,74.14,76.5,74.08,2.42,3.2667,404059.73,3073890.031,0.5,0.5,,,,,
000333.SZ,20241023,76.6,77.78,76.0,76.38,76.5,-0.12,-0.1569,268312.8,2053544.728,0.5,0.5,,,,,
000333.SZ,20241024,76.11,76.46,75.3,75.64,76.38,-0.74,-0.9688,171086.73,1296926.992,0.5,0.5,,,,,
000333.SZ,20241025,75.42,75.86,74.77,75.27,75.64,-0.37,-0.4892,210572.89,1583775.153,0.5,0.5,,,,,
000333.SZ,20241028,75.49,75.58,74.01,74.87,75.27,-0.4,-0.5314,280590.96,2091524.794,0.5,0.5,,,,,
000333.SZ,20241029,74.61,75.5,73.8,74.07,74.87,-0.8,-1.0685,297271.77,2214621.306,0.5,0.5,,,,,
000333.SZ,20241030,73.7,74.35,72.12,72.75,74.07,-1.32,-1.7821,404137.34,2939634.796,0.5,0.5,,,,,
000333.SZ,20241031,72.97,73.69,71.1,71.42,72.75,-1.33,-1.8282,500468.67,3595551.677,0.5,0.5,,,,,
000333.SZ,20241101,71.44,73.0,70.38,72.25,71.42,0.83,1.1621,416514.82,3009423.819,0.5,0.5,,,,,
000333.SZ,20241104,72.14,73.37,71.7,72.84,72.25,0.59,0.8166,232315.78,1680407.656,0.5,0.5,,,,,
000333.SZ,20241105,72.5,73.48,71.21,73.13,72.84,0.29,0.3981,416967.28,3027068.197,0.5,0.5,,,,,
000333.SZ,20241106,73.14,73.14,70.97,71.17,73.13,-1.96,-2.6802,525931.43,3768679.119,0.5,0.5,,,,,
000333.SZ,20241107,70.35,72.1,69.89,72.1,71.17,0.93,1.3067,547746.02,3895318.881,0.5,0.5,,,,,
000333.SZ,20241108,72.66,73.76,71.1,72.58,72.1,0.48,0.6657,593373.82,4283549.293,0.5,0.5,,,,,
000333.SZ,20241111,71.23,71.84,70.82,71.6,72.58,-0.98,-1.3502,442079.13,3153791.634,0.5,0.5,,,,,
000333.SZ,20241112,71.91,74.89,71.79,72.39,71.6,0.79,1.1034,575477.22,4231304.809,0.5,0.5,,,,,
000333.SZ,20241113,72.48,74.3,72.46,73.4,72.39,1.01,1.3952,458416.57,3373337.471,0.5,0.5,,,,,
000333.SZ,20241114,73.48,74.89,72.33,73.64,73.4,0.24,0.327,408434.66,3020822.981,0.5,0.5,,,,,
000333.SZ,20241115,73.15,74.11,71.85,72.25,73.64,-1.39,-1.8876,342825.15,2496870.647,0.5,0.5,,,,,
000333.SZ,20241118,72.17,72.98,70.83,71.05,72.25,-1.2,-1.6609,319385.99,2292938.837,0.5,0.5,,,,,
000333.SZ,20241119,71.05,71.75,70.7,71.31,71.05,0.26,0.3659,226651.63,1614053.712,0.5,0.5,,,,,
000333.SZ,20241120,71.38,71.65,70.74,71.43,71.31,0.12,0.1683,226371.19,1610809.493,0.5,0.5,,,,,
000333.SZ,20241121,71.37,71.39,70.55,70.84,71.43,-0.59,-0.826,216528.45,1534662.636,0.5,0.5,,,,,
000333.SZ,20241122,70.83,72.82,70.22,70.39,70.84,-0.45,-0.6352,388458.2,2781161.792,0.5,0.5,,,,,
000333.SZ,20241125,70.11,72.38,70.11,70.39,70.39,0.0,0.0,385867.74,2737579.009,0.5,0.5,,,,,
000333.SZ,20241126,70.11,71.2,69.35,70.6,70.39,0.21,0.2983,274187.96,1932586.725,0.5,0.5,,,,,
000333.SZ,20241127,70.32,71.5,69.74,71.32,70.6,0.72,1.0198,264824.99,1875798.199,0.5,0.5,,,,,
000333.SZ,20241128,72.0,72.0,69.76,70.19,71.32,-1.13,-1.5844,323289.51,2275593.42,0.5,0.5,,,,,
000333.SZ,20241129,69.68,70.77,69.55,70.13,70.19,-0.06,-0.0855,277501.41,1951115.164,0.5,0.5,,,,,
000333.SZ,20241202,70.15,70.53,69.23,70.08,70.13,-0.05,-0.0713,357905.65,2500096.04,0.5,0.5,,,,,
000333.SZ,20241203,70.0,70.0,69.4,69.85,70.08,-0.23,-0.3282,313174.22,2181594.388,0.5,0.5,,,,,
000333.SZ,20241204,69.88,71.99,69.6,71.49,69.85,1.64,2.3479,531955.06,3779094.534,0.5,0.5,,,,,
000333.SZ,20241205,71.6,72.88,71.42,71.72,71.49,0.23,0.3217,367644.63,2647263.413,0.5,0.5,,,,,
000333.SZ,20241206,71.78,73.13,71.51,72.85,71.72,1.13,1.5756,456778.46,3318584.662,0.5,0.5,,,,,
000333.SZ,20241209,72.01,73.88,71.31,73.13,72.85,0.28,0.3844,413219.23,3017126.124,0.5,0.5,,,,,
000333.SZ,20241210,76.51,76.66,73.79,73.84,73.13,0.71,0.9709,555132.89,4164810.151,0.5,0.5,,,,,
000333.SZ,20241211,73.7,75.33,73.6,75.1,73.84,1.26,1.7064,335433.9,2512587.263,0.5,0.5,,,,,
000333.SZ,20241212,75.2,75.75,74.37,75.56,75.1,0.46,0.6125,286398.14,2153602.254,0.5,0.5,,,,,
000333.SZ,20241213,75.2,75.23,73.33,74.0,75.56,-1.56,-2.0646,370633.34,2744782.532,0.5,0.5,,,,,
000333.SZ,20241216,74.1,74.45,72.65,73.22,74.0,-0.78,-1.0541,280470.59,2054964.896,0.5,0.5,,,,,
000333.SZ,20241217,73.2,74.68,72.81,73.67,73.22,0.45,0.6146,278873.05,2058385.955,0.5,0.5,,,,,
000333.SZ,20241218,73.66,74.58,73.58,74.1,73.67,0.43,0.5837,225785.49,1675256.403,0.5,0.5,,,,,
000333.SZ,20241219,73.86,75.23,73.24,74.44,74.1,0.34,0.4588,253552.78,1893593.092,0.5,0.5,,,,,
000333.SZ,20241220,74.43,74.79,73.66,74.0,74.44,-0.44,-0.5911,209396.51,1552494.957,0.5,0.5,,,,,
000333.SZ,20241223,74.0,75.25,73.95,74.61,74.0,0.61,0.8243,226028.81,1689849.27,0.5,0.5,,,,,
000333.SZ,20241224,74.4,76.38,74.4,76.25,74.61,1.64,2.1981,344141.01,2606513.926,0.5,0.5,,,,,
000333.SZ,20241225,76.3,76.6,75.04,75.54,76.25,-0.71,-0.9311,227338.66,1719267.176,0.5,0.5,,,,,
000333.SZ,20241226,75.26,76.24,74.65,75.98,75.54,0.44,0.5825,242142.92,1829497.5,0.5,0.5,,,,,
000333.SZ,20241227,75.98,76.05,74.8,75.42,75.98,-0.56,-0.737,198421.17,1493951.286,0.5,0.5,,,,,
000333.SZ,20241230,75.0,76.18,74.92,75.32,75.42,-0.1,-0.1326,221827.24,1676164.969,0.5,0.5,,,,,
000333.SZ,20241231,75.1,76.05,74.69,75.22,75.32,-0.1,-0.1328,307660.03,2324365.541,0.5,0.5,,,,,
000333.SZ,20250102,75.4,77.2,75.0,75.32,75.22,0.1,0.1329,413670.89,3143071.622,0.5,0.5,,,,,
000333.SZ,20250103,75.0,76.06,73.9,74.69,75.32,-0.63,-0.8364,296422.0,2225340.636,0.5,0.5,,,,,
000333.SZ,20250106,74.68,76.28,74.28,75.38,74.69,0.69,0.9238,306810.09,2308954.916,0.5,0.5,,,,,
000333.SZ,20250107,75.0,76.76,74.5,75.93,75.38,0.55,0.7296,251785.25,1913943.076,0.5,0.5,,,,,
000333.SZ,20250108,75.51,77.66,75.43,77.58,75.93,1.65,2.1731,406929.62,3129132.562,0.5,0.5,,,,,
000333.SZ,20250109,77.7,79.0,77.2,78.73,77.58,1.15,1.4823,345986.94,2715146.336,0.5,0.5,,,,,
000333.SZ,20250110,78.73,78.89,76.37,76.37,78.73,-2.36,-2.9976,271095.67,2093133.229,0.5,0.5,,,,,
000333.SZ,20250113,75.61,76.02,73.93,74.3,76.37,-2.07,-2.7105,255846.06,1911136.129,0.5,0.5,,,,,
000333.SZ,20250114,74.3,75.35,73.43,74.62,74.3,0.32,0.4307,288583.96,2150563.704,0.5,0.5,,,,,
000333.SZ,20250115,74.64,75.77,73.6,73.82,74.62,-0.8,-1.0721,256634.53,1910565.918,0.5,0.5,,,,,
000333.SZ,20250116,73.99,75.45,73.9,74.09,73.82,0.27,0.3658,262330.35,1953070.088,0.5,0.5,,,,,
000333.SZ,20250117,74.08,74.87,73.63,74.35,74.09,0.26,0.3509,159287.51,1184446.629,0.5,0.5,,,,,
000333.SZ,20250120,75.1,76.74,74.88,74.89,74.35,0.54,0.7263,296992.51,2245932.516,0.5,0.5,,,,,
000333.SZ,20250121,75.26,75.29,74.22,74.4,74.89,-0.49,-0.6543,162862.77,1217315.662,0.5,0.5,,,,,
000333.SZ,20250122,74.38,74.38,72.28,73.0,74.4,-1.4,-1.8817,322179.97,2351219.471,0.5,0.5,,,,,
000333.SZ,20250123,73.4,73.92,72.4,73.41,73.0,0.41,0.5616,270086.72,1981526.548,0.5,0.5,,,,,
000333.SZ,20250124,73.01,73.64,72.55,72.82,73.41,-0.59,-0.8037,304860.76,2224547.325,0.5,0.5,,,,,
000333.SZ,20250127,72.86,74.3,72.62,73.88,72.82,1.06,1.4556,280115.16,2066038.991,0.5,0.5,,,,,
000333.SZ,20250205,73.4,73.69,71.68,72.21,73.88,-1.67,-2.2604,363510.88,2623254.186,0.5,0.5,,,,,
000333.SZ,20250206,72.18,72.56,71.43,72.27,72.21,0.06,0.0831,285674.93,2058313.211,0.5,0.5,,,,,
000333.SZ,20250207,72.4,73.44,71.67,73.44,72.27,1.17,1.6189,355349.68,2588044.043,0.5,0.5,,,,,
000333.SZ,20250210,73.32,73.33,72.5,73.01,73.44,-0.43,-0.5855,318649.87,2324957.366,0.5,0.5,,,,,
000333.SZ,20250211,73.44,73.86,72.61,73.7,73.01,0.69,0.9451,300440.16,2200715.457,0.5,0.5,,,,,
000333.SZ,20250212,73.46,73.59,72.68,73.28,73.7,-0.42,-0.5699,228072.78,1667138.73,0.5,0.5,,,,,
000333.SZ,20250213,73.0,73.39,72.13,72.14,73.28,-1.14,-1.5557,410664.44,2979276.852,0.5,0.5,,,,,
000333.SZ,20250214,72.12,72.69,71.9,72.49,72.14,0.35,0.4852,234350.76,1697819.619,0.5,0.5,,,,,
000333.SZ,20250217,72.25,72.47,71.25,72.04,72.49,-0.45,-0.6208,402358.06,2886662.764,0.5,0.5,,,,,
000333.SZ,20250218,71.99,72.65,71.53,71.9,72.04,-0.14,-0.1943,293465.13,2117878.259,0.5,0.5,,,,,
000333.SZ,20250219,71.3,71.97,71.0,71.45,71.9,-0.45,-0.6259,337150.17,2408852.125,0.5,0.5,,,,,
000333.SZ,20250220,71.41,71.71,71.06,71.23,71.45,-0.22,-0.3079,314202.28,2241810.157,0.5,0.5,,,,,
000333.SZ,20250221,71.02,71.23,70.2,70.59,71.23,-0.64,-0.8985,553390.13,3903770.927,0.5,0.5,,,,,
000333.SZ,20250224,70.65,71.5,70.28,70.89,70.59,0.3,0.425,469377.41,3326317.437,0.5,0.5,,,,,
000333.SZ,20250225,70.5,70.67,68.98,69.03,70.89,-1.86,-2.6238,565998.67,3932087.508,0.5,0.5,,,,,
000333.SZ,20250226,68.71,70.16,68.7,70.12,69.03,1.09,1.579,404123.76,2820753.654,0.5,0.5,,,,,
000333.SZ,20250227,71.0,72.71,70.63,72.48,70.12,2.36,3.3657,652482.35,4700242.778,0.5,0.5,,,,,
000333.SZ,20250228,72.75,73.5,72.1,73.05,72.48,0.57,0.7864,506479.34,3702978.856,0.5,0.5,,,,,
000333.SZ,20250303,72.7,72.99,70.85,71.0,73.05,-2.05,-2.8063,405917.82,2908667.199,0.5,0.5,,,,,
000333.SZ,20250304,71.28,72.47,71.28,71.97,71.0,0.97,1.3662,300419.94,2159097.772,0.5,0.5,,,,,
000333.SZ,20250305,71.9,72.15,71.2,71.75,71.97,-0.22,-0.3057,286186.2,2050696.436,0.5,0.5,,,,,
000333.SZ,20250306,71.91,71.97,70.42,71.14,71.75,-0.61,-0.8502,402398.81,2857881.528,0.5,0.5,,,,,
000333.SZ,20250307,71.12,71.24,70.26,70.79,71.14,-0.35,-0.492,314826.6,2228492.957,0.5,0.5,,,,,
000333.SZ,20250310,70.81,71.26,70.51,71.07,70.79,0.28,0.3955,273440.26,1937259.286,0.5,0.5,,,,,
000333.SZ,20250311,70.5,71.44,70.3,70.93,71.07,-0.14,-0.197,252824.97,1788427.242,0.5,0.5,,,,,
000333.SZ,20250312,70.98,70.98,70.1,70.1,70.93,-0.83,-1.1702,301301.1,2117631.624,0.5,0.5,,,,,
000333.SZ,20250313,70.01,70.65,69.81,70.01,70.1,-0.09,-0.1284,252621.64,1774959.974,0.5,0.5,,,,,
000333.SZ,20250314,70.03,72.1,69.82,71.87,70.01,1.86,2.6568,425449.64,3036261.982,0.5,0.5,,,,,
000333.SZ,20250317,72.52,72.52,71.6,71.88,71.87,0.01,0.0139,347332.87,2497780.791,0.5,0.5,,,,,
000333.SZ,20250318,72.0,76.1,71.61,74.98,71.88,3.1,4.3127,779313.96,5762238.29,0.5,0.5,,,,,
000333.SZ,20250319,77.23,77.94,75.03,76.51,74.98,1.53,2.0405,1066261.03,8164296.255,0.5,0.5,,,,,
000333.SZ,20250320,76.4,76.85,75.1,75.17,76.51,-1.34,-1.7514,585693.19,4434498.828,0.5,0.5,,,,,
000333.SZ,20250321,74.77,76.43,74.77,75.28,75.17,0.11,0.1463,384527.93,2903191.225,0.5,0.5,,,,,
000333.SZ,20250324,74.88,76.5,74.82,76.06,75.28,0.78,1.0361,387348.11,2945134.162,0.5,0.5,,,,,
000333.SZ,20250325,76.81,77.5,76.37,76.86,76.06,0.8,1.0518,324186.22,2493718.323,0.5,0.5,,,,,
000333.SZ,20250326,76.47,77.4,75.87,76.79,76.86,-0.07,-0.0911,237068.58,1814277.211,0.5,0.5,,,,,
000333.SZ,20250327,76.79,77.5,76.32,76.5,76.79,-0.29,-0.3777,257215.38,1974042.919,0.5,0.5,,,,,
000333.SZ,20250328,76.21,77.18,75.68,76.87,76.5,0.37,0.4837,249114.31,1909917.934,0.5,0.5,,,,,
000333.SZ,20250331,76.9,80.5,76.9,78.5,76.87,1.63,2.1205,689684.45,5458996.643,0.5,0.5,,,,,
000333.SZ,20250401,78.1,78.78,75.2,75.39,78.5,-3.11,-3.9618,551816.54,4204786.523,0.5,0.5,,,,,
000333.SZ,20250402,75.35,76.79,75.19,75.96,75.39,0.57,0.7561,268536.25,2036925.144,0.5,0.5,,,,,
000333.SZ,20250403,74.6,74.83,73.15,73.36,75.96,-2.6,-3.4229,565988.74,4179850.012,0.5,0.5,,,,,
000333.SZ,20250407,68.22,69.47,66.02,67.18,73.36,-6.18,-8.4242,880896.93,5986991.841,0.5,0.5,,,,,
000333.SZ,20250408,68.0,70.5,67.79,70.23,67.18,3.05,4.54,744733.32,5151771.418,0.5,0.5,,,,,
000333.SZ,20250409,69.19,70.5,68.42,69.67,70.23,-0.56,-0.7974,578839.54,4027838.482,0.5,0.5,,,,,
000333.SZ,20250410,70.6,71.59,70.13,71.09,69.67,1.42,2.0382,450848.52,3199356.7,0.5,0.5,,,,,
000333.SZ,20250411,70.52,70.74,69.63,70.49,71.09,-0.6,-0.844,295625.89,2075657.472,0.5,0.5,,,,,
000333.SZ,20250414,70.72,70.9,69.71,69.92,70.49,-0.57,-0.8086,348835.05,2447104.07,0.5,0.5,,,,,
000333.SZ,20250415,70.1,71.83,69.69,71.48,69.92,1.56,2.2311,343666.81,2441442.777,0.5,0.5,,,,,
000333.SZ,20250416,71.19,71.48,70.37,71.0,71.48,-0.48,-0.6715,266729.43,1890971.34,0.5,0.5,,,,,
000333.SZ,20250417,70.74,71.17,70.34,70.95,71.0,-0.05,-0.0704,195912.73,1388823.325,0.5,0.5,,,,,
000333.SZ,20250418,70.95,71.33,70.47,70.92,70.95,-0.03,-0.0423,154483.83,1094653.676,0.5,0.5,,,,,
000333.SZ,20250421,70.78,71.61,70.5,71.39,70.92,0.47,0.6627,177513.8,1262930.782,0.5,0.5,,,,,
000333.SZ,20250422,71.3,72.23,71.21,71.72,71.39,0.33,0.4622,226155.0,1626765.493,0.5,0.5,,,,,
000333.SZ,20250423,72.1,72.42,71.8,71.85,71.72,0.13,0.1813,225868.71,1627423.197,0.5,0.5,,,,,
000333.SZ,20250424,72.4,73.19,71.96,72.95,71.85,1.1,1.531,231807.5,1684714.693,0.5,0.5,,,,,
000333.SZ,20250425,72.95,73.0,72.38,72.75,72.95,-0.2,-0.2742,170972.38,1244078.508,0.5,0.5,,,,,
000333.SZ,20250428,73.39,73.58,72.8,73.23,72.75,0.48,0.6598,239660.15,1755320.152,0.5,0.5,,,,,
000333.SZ,20250429,73.26,74.37,72.86,74.2,73.23,0.97,1.3246,234973.83,1733740.168,0.5,0.5,,,,,
000333.SZ,20250430,75.0,75.12,73.45,73.62,74.2,-0.58,-0.7817,478100.26,3548715.615,0.5,0.5,,,,,
000333.SZ,20250506,74.23,74.38,73.1,74.05,73.62,0.43,0.5841,346411.79,2556249.632,0.5,0.5,,,,,
000333.SZ,20250507,74.77,75.18,74.0,74.36,74.05,0.31,0.4186,300281.02,2239595.605,0.5,0.5,,,,,
000333.SZ,20250508,74.35,75.64,73.88,75.0,74.36,0.64,0.8607,277075.67,2081094.569,0.5,0.5,,,,,
000333.SZ,20250509,74.99,76.03,74.71,75.8,75.0,0.8,1.0667,245638.98,1861536.388,0.5,0.5,,,,,
000333.SZ,20250512,76.1,76.74,75.9,76.58,75.8,0.78,1.029,272239.12,2078979.154,0.5,0.5,,,,,
000333.SZ,20250513,77.0,77.2,76.44,77.11,76.58,0.53,0.6921,255278.41,1963341.233,0.5,0.5,,,,,
000333.SZ,20250514,76.9,77.55,76.13,77.09,77.11,-0.02,-0.0259,292496.33,2248759.306,0.5,0.5,,,,,
000333.SZ,20250515,76.66,77.07,76.32,76.5,77.09,-0.59,-0.7653,204901.85,1571335.906,0.5,0.5,,,,,
000333.SZ,20250516,76.21,76.84,75.57,76.6,76.5,0.1,0.1307,238659.92,1819974.356,0.5,0.5,,,,,
000333.SZ,20250519,76.44,77.72,76.29,77.58,76.6,0.98,1.2794,263086.25,2031022.754,0.5,0.5,,,,,
000333.SZ,20250520,77.53,79.1,77.48,78.67,77.58,1.09,1.405,277995.4,2184604.655,0.5,0.5,,,,,
000333.SZ,20250521,78.5,79.44,78.47,78.8,78.67,0.13,0.1652,205438.26,1619842.976,0.5,0.5,,,,,
000333.SZ,20250522,78.73,79.56,78.31,79.36,78.8,0.56,0.7107,234034.26,1850376.659,0.5,0.5,,,,,
000333.SZ,20250523,79.36,80.48,78.72,78.89,79.36,-0.47,-0.5922,299745.89,2385953.118,0.5,0.5,,,,,
000333.SZ,20250526,78.72,79.19,77.61,78.27,78.89,-0.62,-0.7859,241688.84,1893696.279,0.5,0.5,,,,,
000333.SZ,20250527,78.2,78.89,78.02,78.48,78.27,0.21,0.2683,206448.98,1620472.097,0.5,0.5,,,,,
000333.SZ,20250528,78.98,80.1,78.7,79.32,78.48,0.84,1.0703,240448.77,1911343.092,0.5,0.5,,,,,
000333.SZ,20250529,79.07,79.49,78.36,78.98,79.32,-0.34,-0.4286,251677.31,1988440.748,0.5,0.5,,,,,
000333.SZ,20250530,78.74,79.51,78.3,79.06,78.98,0.08,0.1013,215733.17,1703126.097,0.5,0.5,,,,,
000333.SZ,20250603,79.05,79.05,75.67,75.91,79.06,-3.15,-3.9843,561907.81,4293054.877,0.5,0.5,,,,,
000333.SZ,20250604,75.78,76.58,75.5,75.56,75.91,-0.35,-0.4611,367554.39,2790934.593,0.5,0.5,,,,,
000333.SZ,20250605,75.44,75.9,75.05,75.25,75.56,-0.31,-0.4103,235803.08,1776718.063,0.5,0.5,,,,,
000333.SZ,20250606,75.37,75.83,75.1,75.7,75.25,0.45,0.598,275559.48,2081019.011,0.5,0.5,,,,,
000333.SZ,20250609,75.25,75.58,74.07,75.4,75.7,-0.3,-0.3963,466955.88,3500234.348,0.5,0.5,,,,,
000333.SZ,20250610,75.63,76.5,75.05,75.05,75.4,-0.35,-0.4642,321074.12,2433498.302,0.5,0.5,,,,,
000333.SZ,20250611,75.2,75.8,74.83,75.49,75.05,0.44,0.5863,263083.46,1986827.774,0.5,0.5,,,,,
000333.SZ,20250612,72.51,72.68,71.53,72.2,72.01,0.19,0.2639,347028.92,2510413.458,0.5,0.5,,,,,
000333.SZ,20250613,71.6,72.16,71.0,71.48,72.2,-0.72,-0.9972,300452.04,2148718.105,0.5,0.5,,,,,
000333.SZ,20250616,71.6,71.8,70.85,71.26,71.48,-0.22,-0.3078,250204.94,1784037.774,0.5,0.5,,,,,
000333.SZ,20250617,71.8,73.08,71.8,72.06,71.26,0.8,1.1226,326394.78,2362020.25,0.5,0.5,,,,,
000333.SZ,20250618,72.19,72.64,72.02,72.1,72.06,0.04,0.0555,175288.37,1265648.159,0.5,0.5,,,,,
000333.SZ,20250619,72.2,72.41,71.13,71.33,72.1,-0.77,-1.068,211253.41,1512893.148,0.5,0.5,,,,,
000333.SZ,20250620,71.35,72.38,71.26,72.38,71.33,1.05,1.472,229864.21,1655767.156,0.5,0.5,,,,,
000333.SZ,20250623,72.0,72.33,71.46,71.72,72.38,-0.66,-0.9119,210544.95,1510951.196,0.5,0.5,,,,,
000333.SZ,20250624,72.1,73.34,72.0,72.8,71.72,1.08,1.5059,270500.87,1971805.636,0.5,0.5,,,,,
000333.SZ,20250625,72.8,73.33,72.3,73.18,72.8,0.38,0.522,243275.43,1772058.946,0.5,0.5,,,,,
000333.SZ,20250626,73.0,73.59,72.75,73.1,73.18,-0.08,-0.1093,226726.19,1658102.065,0.5,0.5,,,,,
000333.SZ,20250627,73.06,73.19,72.22,72.28,73.1,-0.82,-1.1218,223640.21,1623349.472,0.5,0.5,,,,,
000333.SZ,20250630,72.25,72.58,71.98,72.2,72.28,-0.08,-0.1107,193022.59,1394828.333,0.5,0.5,,,,,
000333.SZ,20250701,72.28,72.35,71.8,72.11,72.2,-0.09,-0.1247,186252.09,1341760.455,0.5,0.5,,,,,
000333.SZ,20250702,72.11,73.1,71.81,72.5,72.11,0.39,0.5408,266154.79,1929453.681,0.5,0.5,,,,,
000333.SZ,20250703,72.79,72.95,72.34,72.89,72.5,0.39,0.5379,179369.23,1304399.831,0.5,0.5,,,,,
000333.SZ,20250704,72.88,73.84,72.6,73.48,72.89,0.59,0.8094,211462.24,1548790.547,0.5,0.5,,,,,
000333.SZ,20250707,73.2,73.45,72.33,72.55,73.48,-0.93,-1.2657,215453.34,1567324.871,0.5,0.5,,,,,
000333.SZ,20250708,72.55,72.7,72.07,72.22,72.55,-0.33,-0.4549,256866.51,1856483.047,0.5,0.5,,,,,
000333.SZ,20250709,72.07,72.35,71.8,71.8,72.22,-0.42,-0.5816,272052.67,1958489.42,0.5,0.5,,,,,
000333.SZ,20250710,71.84,71.97,71.33,71.68,71.8,-0.12,-0.1671,231513.88,1656983.409,0.5,0.5,,,,,
000333.SZ,20250711,71.74,72.8,71.69,72.48,71.68,0.8,1.1161,320553.69,2324470.998,0.5,0.5,,,,,
000333.SZ,20250714,72.47,73.21,71.98,73.1,72.48,0.62,0.8554,233739.0,1702246.964,0.5,0.5,,,,,
000333.SZ,20250715,73.11,73.5,72.81,73.21,73.1,0.11,0.1505,249009.78,1821265.543,0.5,0.5,,,,,
000333.SZ,20250716,73.47,74.09,72.8,72.89,73.21,-0.32,-0.4371,206888.07,1514278.424,0.5,0.5,,,,,
000333.SZ,20250717,72.75,73.43,72.6,72.63,72.89,-0.26,-0.3567,247299.94,1804135.157,0.5,0.5,,,,,
000333.SZ,20250718,72.87,73.28,72.52,72.83,72.63,0.2,0.2754,219512.3,1596482.224,0.5,0.5,,,,,
000333.SZ,20250721,72.61,72.96,72.4,72.55,72.83,-0.28,-0.3845,308970.62,2244011.063,0.5,0.5,,,,,
000333.SZ,20250722,72.58,73.22,72.26,73.19,72.55,0.64,0.8822,357204.11,2602924.271,0.5,0.5,,,,,
000333.SZ,20250723,73.2,73.85,73.18,73.5,73.19,0.31,0.4236,369872.4,2718700.8,0.5,0.5,,,,,
000333.SZ,20250724,73.7,73.95,73.09,73.51,73.5,0.01,0.0136,290699.15,2134051.794,0.5,0.5,,,,,
000333.SZ,20250725,73.4,73.4,72.55,72.76,73.51,-0.75,-1.0203,244562.08,1780421.843,0.5,0.5,,,,,
000333.SZ,20250728,72.82,72.92,71.8,71.94,72.76,-0.82,-1.127,377736.32,2725637.108,0.5,0.5,,,,,
000333.SZ,20250729,71.94,72.07,71.02,71.24,71.94,-0.7,-0.973,398369.31,2843589.788,0.5,0.5,,,,,
000333.SZ,20250730,71.49,72.74,71.2,72.11,71.24,0.87,1.2212,411325.3,2964849.148,0.5,0.5,,,,,
000333.SZ,20250731,72.0,72.02,69.88,70.19,72.11,-1.92,-2.6626,694777.14,4895784.25,0.5,0.5,,,,,
000333.SZ,20250801,70.2,70.97,70.1,70.79,70.19,0.6,0.8548,286446.67,2019147.913,0.5,0.5,,,,,
000333.SZ,20250804,70.55,71.0,70.2,70.94,70.79,0.15,0.2119,197766.42,1398398.728,0.5,0.5,,,,,
000333.SZ,20250805,71.11,71.51,70.68,71.38,70.94,0.44,0.6202,191748.45,1365340.86,0.5,0.5,,,,,
000333.SZ,20250806,71.38,71.78,70.99,71.7,71.38,0.32,0.4483,221358.49,1583549.584,0.5,0.5,,,,,
000333.SZ,20250807,71.51,71.93,71.21,71.48,71.7,-0.22,-0.3068,203615.65,1456650.769,0.5,0.5,,,,,
000333.SZ,20250808,71.4,71.83,71.29,71.58,71.48,0.1,0.1399,201184.05,1439938.213,0.5,0.5,,,,,
000333.SZ,20250811,71.3,71.82,71.19,71.76,71.58,0.18,0.2515,179123.66,1282650.77,0.5,0.5,,,,,
000333.SZ,20250812,71.75,72.44,71.6,71.93,71.76,0.17,0.2369,240475.89,1734351.324,0.5,0.5,,,,,
000333.SZ,20250813,71.98,72.29,71.6,71.82,71.93,-0.11,-0.1529,253846.69,1827058.28,0.5,0.5,,,,,
000333.SZ,20250814,71.8,73.05,71.72,72.33,71.82,0.51,0.7101,455149.24,3301054.398,0.5,0.5,,,,,
000333.SZ,20250815,72.33,72.4,71.81,72.3,72.33,-0.03,-0.0415,274699.55,1980637.245,0.5,0.5,,,,,
000333.SZ,20250818,72.31,72.56,71.61,71.84,72.3,-0.46,-0.6362,542997.61,3906936.963,0.5,0.5,,,,,
000333.SZ,20250819,73.2,73.63,72.2,72.68,71.84,0.84,1.1693,537602.6,3916336.802,0.5,0.5,,,,,
000333.SZ,20250820,72.21,72.32,71.51,72.22,72.68,-0.46,-0.6329,403770.28,2901846.346,0.5,0.5,,,,,
000333.SZ,20250821,72.09,72.5,71.66,71.92,72.22,-0.3,-0.4154,338013.71,2436115.382,0.5,0.5,,,,,
000333.SZ,20250822,71.97,72.19,71.65,72.09,71.92,0.17,0.2364,391388.92,2814332.706,0.5,0.5,,,,,
000333.SZ,20250825,72.12,73.85,72.12,73.52,72.09,1.43,1.9836,700234.49,5110086.586,0.5,0.5,,,,,
000333.SZ,20250826,73.52,74.28,73.31,73.8,73.52,0.28,0.3808,462937.9,3417986.336,0.5,0.5,,,,,
000333.SZ,20250827,73.89,74.55,72.69,72.71,73.8,-1.09,-1.477,488418.58,3605612.81,0.5,0.5,,,,,
000333.SZ,20250828,72.71,73.97,72.51,73.5,72.71,0.79,1.0865,432987.46,3171280.84,0.5,0.5,,,,,
000333.SZ,20250829,73.5,74.84,73.39,73.71,73.5,0.21,0.2857,567669.0,4210933.505,0.5,0.5,,,,,
000333.SZ,20250901,75.0,75.84,73.52,74.03,73.71,0.32,0.4341,776258.58,5792738.594,0.5,0.5,,,,,
000333.SZ,20250902,74.21,76.4,73.99,76.16,74.03,2.13,2.8772,805909.24,6106472.167,0.5,0.5,,,,,
000333.SZ,20250903,76.55,77.14,74.95,75.62,76.16,-0.54,-0.709,504880.71,3826685.2,0.5,0.5,,,,,
000333.SZ,20250904,75.98,76.0,74.42,75.59,75.62,-0.03,-0.0397,443539.49,3328858.3,0.5,0.5,,,,,
000333.SZ,20250905,75.81,76.69,75.44,76.22,75.59,0.63,0.8334,464251.67,3530971.109,0.5,0.5,,,,,
000333.SZ,20250908,76.67,78.08,76.5,77.03,76.22,0.81,1.0627,550293.71,4245832.274,0.5,0.5,,,,,
000333.SZ,20250909,77.02,77.6,76.35,77.18,77.03,0.15,0.1947,383150.19,2947171.767,0.5,0.5,,,,,
000333.SZ,20250910,77.0,77.27,76.4,77.02,77.18,-0.16,-0.2073,271541.94,2087580.321,0.5,0.5,,,,,
000333.SZ,20250911,76.9,77.27,75.9,77.02,77.02,0.0,0.0,459605.11,3515566.425,0.5,0.5,,,,,
000333.SZ,20250912,76.95,77.69,75.41,75.57,77.02,-1.45,-1.8826,591170.75,4507931.249,0.5,0.5,,,,,
000333.SZ,20250915,75.2,75.95,74.5,75.17,75.57,-0.4,-0.5293,480680.47,3614905.666,0.5,0.5,,,,,
000333.SZ,20250916,75.13,75.2,74.05,74.46,75.17,-0.71,-0.9445,456028.31,3396155.196,0.5,0.5,,,,,
000333.SZ,20250917,74.41,75.43,74.17,74.35,74.46,-0.11,-0.1477,577226.75,4303710.294,0.5,0.5,,,,,
000333.SZ,20250918,74.6,75.35,73.19,73.74,74.35,-0.61,-0.8204,600840.03,4452255.641,0.5,0.5,,,,,
000333.SZ,20250919,73.41,74.59,73.21,74.35,73.74,0.61,0.8272,388478.38,2879645.243,0.5,0.5,,,,,
000333.SZ,20250922,74.81,74.9,72.9,73.26,74.35,-1.09,-1.466,479739.93,3520814.681,0.5,0.5,,,,,
000333.SZ,20250923,73.25,73.65,72.72,73.53,73.26,0.27,0.3686,421477.21,3082692.695,0.5,0.5,,,,,
000333.SZ,20250924,73.51,74.35,72.95,74.1,73.53,0.57,0.7752,306284.81,2260146.501,0.5,0.5,,,,,
000333.SZ,20250925,73.3,73.75,72.55,72.84,74.1,-1.26,-1.7004,478607.29,3487388.578,0.5,0.5,,,,,
000333.SZ,20250926,73.04,74.7,72.89,74.2,72.84,1.36,1.8671,476983.12,3524465.566,0.5,0.5,,,,,
000333.SZ,20250929,74.43,74.55,73.05,73.73,74.2,-0.47,-0.6334,465939.07,3431995.413,0.5,0.5,,,,,
000333.SZ,20250930,73.7,73.71,72.55,72.66,73.73,-1.07,-1.4512,506108.39,3690464.285,0.5,0.5,,,,,
000333.SZ,20251009,72.35,72.97,71.38,72.63,72.66,-0.03,-0.0413,615939.08,4446685.218,0.5,0.5,,,,,
000333.SZ,20251010,72.45,73.73,72.1,72.83,72.63,0.2,0.2754,433305.26,3168138.019,0.5,0.5,,,,,
000333.SZ,20251013,71.38,72.11,71.02,71.81,72.83,-1.02,-1.4005,481604.57,3450611.7,0.5,0.5,,,,,
000333.SZ,20251014,72.0,73.15,71.69,72.6,71.81,0.79,1.1001,519095.07,3767793.739,0.5,0.5,,,,,
000333.SZ,20251015,72.8,73.49,72.6,72.92,72.6,0.32,0.4408,376332.51,2753955.979,0.5,0.5,,,,,
000333.SZ,20251016,73.2,73.69,72.52,73.18,72.92,0.26,0.3566,346780.0,2535057.433,0.5,0.5,,,,,
000333.SZ,20251017,72.7,73.59,72.64,72.8,73.18,-0.38,-0.5193,276491.08,2017092.908,0.5,0.5,,,,,
000333.SZ,20251020,73.09,73.4,72.39,72.87,72.8,0.07,0.0962,297557.42,2166679.568,0.5,0.5,,,,,
000333.SZ,20251021,72.9,73.26,72.58,72.91,72.87,0.04,0.0549,283946.59,2070032.731,0.5,0.5,,,,,
000333.SZ,20251022,72.8,73.99,72.61,73.88,72.91,0.97,1.3304,393298.27,2894112.406,0.5,0.5,,,,,
000333.SZ,20251023,73.8,74.95,73.68,74.89,73.88,1.01,1.3671,347633.41,2588236.881,0.5,0.5,,,,,
000333.SZ,20251024,74.89,75.0,74.46,74.61,74.89,-0.28,-0.3739,244838.06,1829626.026,0.5,0.5,,,,,
000333.SZ,20251027,74.74,75.35,74.37,74.88,74.61,0.27,0.3619,340552.64,2552508.383,0.5,0.5,,,,,
000333.SZ,20251028,74.61,74.92,74.13,74.41,74.88,-0.47,-0.6277,233657.75,1740011.912,0.5,0.5,,,,,
000333.SZ,20251029,74.25,74.42,73.5,74.4,74.41,-0.01,-0.0134,273586.5,2025139.821,0.5,0.5,,,,,
000333.SZ,20251030,74.5,76.1,74.5,75.3,74.4,0.9,1.2097,499653.01,3777679.276,0.5,0.5,,,,,
000333.SZ,20251031,75.2,76.83,75.1,76.4,75.3,1.1,1.4608,509741.59,3888018.216,0.5,0.5,,,,,
000333.SZ,20251103,76.39,76.95,75.18,75.39,76.4,-1.01,-1.322,281969.97,2132026.191,0.5,0.5,,,,,
000333.SZ,20251104,75.12,75.79,74.9,75.16,75.39,-0.23,-0.3051,302606.49,2282008.18,0.5,0.5,,,,,
000333.SZ,20251105,75.0,76.39,74.3,75.94,75.16,0.78,1.0378,266151.33,2015978.787,0.5,0.5,,,,,
000333.SZ,20251106,75.94,77.43,75.94,77.03,75.94,1.09,1.4353,355111.47,2732619.897,0.5,0.5,,,,,
000333.SZ,20251107,77.27,77.27,76.11,76.2,77.03,-0.83,-1.0775,264419.99,2021807.28,0.5,0.5,,,,,
000333.SZ,20251110,76.26,77.55,75.95,77.33,76.2,1.13,1.4829,391008.15,3010493.959,0.5,0.5,,,,,
000333.SZ,20251111,77.33,77.39,76.68,77.23,77.33,-0.1,-0.1293,227707.54,1755331.384,0.5,0.5,,,,,
000333.SZ,20251112,77.23,80.55,77.23,79.49,77.23,2.26,2.9263,737847.03,5857421.168,0.5,0.5,,,,,
000333.SZ,20251113,79.2,80.0,78.69,79.6,79.49,0.11,0.1384,333370.14,2639881.174,0.5,0.5,,,,,
000333.SZ,20251114,79.5,80.42,79.05,79.23,79.6,-0.37,-0.4648,273127.49,2181244.56,0.5,0.5,,,,,
000333.SZ,20251117,79.23,79.39,77.91,78.42,79.23,-0.81,-1.0223,261095.32,2050426.784,0.5,0.5,,,,,
000333.SZ,20251118,78.29,78.66,77.0,77.4,77.93,-0.53,-0.6801,235904.08,1833005.28,0.5,0.5,,,,,
000333.SZ,20251119,77.38,78.09,77.02,77.4,77.4,0.0,0.0,214415.2,1661622.968,0.5,0.5,,,,,
000333.SZ,20251120,77.5,78.88,77.03,77.94,77.4,0.54,0.6977,261928.79,2050174.663,0.5,0.5,,,,,
000333.SZ,20251121,77.1,79.29,77.1,78.75,77.94,0.81,1.0393,439494.76,3442968.265,0.5,0.5,,,,,
000333.SZ,20251124,78.6,79.48,78.25,78.56,78.75,-0.19,-0.2413,367739.38,2903024.266,0.5,0.5,,,,,
000333.SZ,20251125,78.99,79.0,77.61,78.7,78.56,0.14,0.1782,291011.52,2280195.509,0.5,0.5,,,,,
000333.SZ,20251126,78.69,80.0,78.41,79.8,78.7,1.1,1.3977,320727.77,2538706.36,0.5,0.5,,,,,
000333.SZ,20251127,79.6,80.73,78.95,79.8,79.8,0.0,0.0,316460.71,2524590.682,0.5,0.5,,,,,
000333.SZ,20251128,79.8,80.07,79.33,79.86,79.8,0.06,0.0752,181266.61,1445017.043,0.5,0.5,,,,,
000333.SZ,20251201,79.8,80.2,79.17,80.0,79.86,0.14,0.1753,303520.24,2419268.736,0.5,0.5,,,,,
000333.SZ,20251202,80.1,81.66,80.01,81.56,80.0,1.56,1.95,378049.31,3071966.512,0.5,0.5,,,,,
000333.SZ,20251203,81.55,82.88,81.26,82.17,81.56,0.61,0.7479,368660.05,3038100.689,0.5,0.5,,,,,
000333.SZ,20251204,82.13,83.17,81.77,81.89,82.17,-0.28,-0.3408,289179.66,2377656.054,0.5,0.5,,,,,
000333.SZ,20251205,81.89,82.59,81.7,82.23,81.89,0.34,0.4152,246165.11,2020996.778,0.5,0.5,,,,,
000333.SZ,20251208,83.0,83.1,81.04,81.81,82.23,-0.42,-0.5108,273365.29,2235419.968,0.5,0.5,,,,,
000333.SZ,20251209,81.5,81.56,79.94,80.2,81.81,-1.61,-1.968,356479.4,2872571.867,0.5,0.5,,,,,
000333.SZ,20251210,79.98,80.62,79.7,80.07,80.2,-0.13,-0.1621,245719.72,1970629.706,0.5,0.5,,,,,
000333.SZ,20251211,80.12,80.56,79.18,79.3,80.07,-0.77,-0.9617,272944.85,2178536.617,0.5,0.5,,,,,
000333.SZ,20251212,79.35,79.98,79.2,79.32,79.3,0.02,0.0252,328958.62,2615339.99,0.5,0.5,,,,,
000333.SZ,20251215,79.69,81.1,79.45,80.41,79.32,1.09,1.3742,365546.89,2945959.175,0.5,0.5,,,,,
000333.SZ,20251216,80.25,80.85,79.84,79.96,80.41,-0.45,-0.5596,214230.89,1718619.061,0.5,0.5,,,,,
000333.SZ,20251217,79.71,80.92,79.38,80.47,79.96,0.51,0.6378,230281.8,1850597.016,0.5,0.5,,,,,
000333.SZ,20251218,80.27,80.61,79.51,79.83,80.47,-0.64,-0.7953,214097.92,1710070.019,0.5,0.5,,,,,
000333.SZ,20251219,79.85,79.9,78.8,79.45,79.83,-0.38,-0.476,278017.66,2205368.624,0.5,0.5,,,,,
000333.SZ,20251222,79.3,79.79,78.9,79.16,79.45,-0.29,-0.365,245037.13,1941379.877,0.5,0.5,,,,,
000333.SZ,20251223,79.38,80.31,79.02,79.65,79.16,0.49,0.619,254680.2,2029842.283,0.5,0.5,,,,,
000333.SZ,20251224,79.43,79.94,78.76,78.8,79.65,-0.85,-1.0672,217047.38,1715476.084,0.5,0.5,,,,,
000333.SZ,20251225,78.52,78.88,78.18,78.59,78.8,-0.21,-0.2665,226757.8,1780124.525,0.5,0.5,,,,,
000333.SZ,20251226,78.59,79.07,78.55,78.87,78.59,0.28,0.3563,214107.12,1688269.46,0.5,0.5,,,,,
000333.SZ,20251229,78.79,79.72,78.25,78.41,78.87,-0.46,-0.5832,256973.85,2026008.965,0.5,0.5,,,,,
000333.SZ,20251230,78.16,79.38,78.12,78.85,78.41,0.44,0.5612,213622.22,1681118.068,0.5,0.5,,,,,
000333.SZ,20251231,78.87,80.28,77.85,78.15,78.85,-0.7,-0.8878,287758.22,2256598.466,0.5,0.5,,,,,
000333.SZ,20260105,80.04,80.5,78.25,78.68,78.15,0.53,0.6782,442947.09,3501427.582,0.5,0.5,,,,,
000333.SZ,20260106,78.58,79.49,77.39,78.84,78.68,0.16,0.2034,454524.76,3572813.822,0.5,0.5,,,,,
000333.SZ,20260107,78.99,79.58,78.06,79.37,78.84,0.53,0.6722,401967.84,3173707.531,0.5,0.5,,,,,
000333.SZ,20260108,79.37,79.48,78.31,79.03,79.37,-0.34,-0.4284,312536.84,2464225.429,0.5,0.5,,,,,
000333.SZ,20260109,79.6,79.95,79.3,79.77,79.03,0.74,0.9364,341080.97,2719435.078,0.5,0.5,,,,,
000333.SZ,20260112,79.78,79.79,77.81,78.62,79.77,-1.15,-1.4416,525014.1,4117420.887,0.5,0.5,,,,,
000333.SZ,20260113,77.9,78.0,76.1,76.2,78.62,-2.42,-3.0781,945712.32,7277543.658,0.5,0.5,,,,,
000333.SZ,20260114,76.2,77.63,75.91,77.15,76.2,0.95,1.2467,539684.01,4151813.691,0.5,0.5,,,,,
000333.SZ,20260115,77.46,78.05,76.89,77.22,77.15,0.07,0.0907,360313.72,2794124.458,0.5,0.5,,,,,
000333.SZ,20260116,77.25,77.85,77.15,77.31,77.22,0.09,0.1166,371868.55,2882035.811,0.5,0.5,,,,,
000333.SZ,20260119,77.37,78.14,77.05,77.62,77.31,0.31,0.401,336373.93,2609235.772,0.5,0.5,,,,,
000333.SZ,20260120,77.66,79.37,77.2,79.0,77.62,1.38,1.7779,455357.5,3580248.041,0.5,0.5,,,,,
000333.SZ,20260121,78.96,78.96,77.55,77.78,79.0,-1.22,-1.5443,368086.44,2881638.098,0.5,0.5,,,,,
000333.SZ,20260122,78.25,78.26,77.37,77.49,77.78,-0.29,-0.3728,344040.58,2673285.096,0.5,0.5,,,,,
000333.SZ,20260123,77.57,77.79,76.71,76.78,77.49,-0.71,-0.9162,373707.4,2879013.288,0.5,0.5,,,,,
000333.SZ,20260126,76.8,77.87,76.02,76.35,76.78,-0.43,-0.56,473131.68,3631661.682,0.5,0.5,,,,,
000333.SZ,20260127,76.4,77.1,75.92,76.1,76.35,-0.25,-0.3274,325806.54,2493849.777,0.5,0.5,,,,,
000333.SZ,20260128,76.09,76.36,75.0,75.34,76.1,-0.76,-0.9987,628937.23,4759175.492,0.5,0.5,,,,,
000333.SZ,20260129,75.7,78.08,75.47,77.88,75.34,2.54,3.3714,622441.06,4784027.398,0.5,0.5,,,,,
000333.SZ,20260130,77.6,79.0,77.4,77.59,77.88,-0.29,-0.3724,532508.29,4168550.768,0.5,0.5,,,,,
000333.SZ,20260202,77.6,78.48,77.0,77.85,77.59,0.26,0.3351,345915.79,2696447.814,0.5,0.5,,,,,
000333.SZ,20260203,77.8,78.89,77.43,77.91,77.85,0.06,0.0771,345037.1,2691523.35,0.5,0.5,,,,,
000333.SZ,20260204,78.1,79.88,78.01,79.81,77.91,1.9,2.4387,389102.59,3080223.023,0.5,0.5,,,,,
000333.SZ,20260205,79.83,81.16,79.63,80.45,79.81,0.64,0.8019,429197.91,3456314.703,0.5,0.5,,,,,
000333.SZ,20260206,80.43,80.8,79.4,79.54,80.45,-0.91,-1.1311,312565.9,2494058.799,0.5,0.5,,,,,
000333.SZ,20260209,79.18,79.34,78.41,79.16,79.54,-0.38,-0.4777,334669.53,2637206.616,0.5,0.5,,,,,
000333.SZ,20260210,79.21,80.28,78.88,80.19,79.16,1.03,1.3012,306184.08,2442130.413,0.5,0.5,,,,,
000333.SZ,20260211,80.0,80.21,79.6,79.69,80.19,-0.5,-0.6235,198066.4,1581382.077,0.5,0.5,,,,,
000333.SZ,20260212,79.46,80.06,79.3,79.8,79.69,0.11,0.138,188784.41,1505278.311,0.5,0.5,,,,,
000333.SZ,20260213,79.51,80.0,78.91,79.05,79.8,-0.75,-0.9398,255102.43,2024367.758,0.5,0.5,,,,,
000333.SZ,20260224,80.2,80.6,79.52,79.52,79.05,0.47,0.5946,252513.93,2020103.221,0.5,0.5,,,,,
000333.SZ,20260225,80.28,80.77,79.29,79.7,79.52,0.18,0.2264,285523.95,2280423.704,0.5,0.5,,,,,
000333.SZ,20260226,80.15,80.2,78.75,79.25,79.7,-0.45,-0.5646,253270.62,2011764.284,0.5,0.5,,,,,
000333.SZ,20260227,79.03,79.5,78.5,78.64,79.25,-0.61,-0.7697,201603.88,1590463.839,0.5,0.5,,,,,
000333.SZ,20260302,78.0,78.06,76.7,77.45,78.64,-1.19,-1.5132,274785.59,2126756.401,0.5,0.5,,,,,
000333.SZ,20260303,77.46,77.64,76.5,76.56,77.45,-0.89,-1.1491,288000.34,2219134.173,0.5,0.5,,,,,
000333.SZ,20260304,76.0,76.52,75.37,76.16,76.56,-0.4,-0.5225,284933.55,2165428.071,0.5,0.5,,,,,
000333.SZ,20260305,76.6,76.99,76.12,76.27,76.16,0.11,0.1444,196872.39,1505981.137,0.5,0.5,,,,,
000333.SZ,20260306,76.22,76.72,75.76,76.52,76.27,0.25,0.3278,206628.79,1576695.274,0.5,0.5,,,,,
000333.SZ,20260309,75.73,76.1,75.02,75.41,76.52,-1.11,-1.4506,259478.37,1958550.801,0.5,0.5,,,,,
000333.SZ,20260310,75.75,76.84,75.75,76.6,75.41,1.19,1.578,209085.56,1598535.44,0.5,0.5,,,,,
000333.SZ,20260311,76.6,77.72,76.1,77.39,76.6,0.79,1.0313,251357.64,1941618.421,0.5,0.5,,,,,
000333.SZ,20260312,77.3,77.75,76.93,77.4,77.39,0.01,0.0129,193304.78,1493891.519,0.5,0.5,,,,,
000333.SZ,20260313,76.95,77.46,76.65,76.86,77.4,-0.54,-0.6977,187292.88,1443018.566,0.5,0.5,,,,,
000333.SZ,20260316,76.52,76.88,75.68,76.64,76.86,-0.22,-0.2862,205600.29,1570261.577,0.5,0.5,,,,,
000333.SZ,20260317,76.98,77.6,76.6,76.6,76.64,-0.04,-0.0522,214074.54,1649202.285,0.5,0.5,,,,,
000333.SZ,20260318,76.74,77.3,76.3,77.06,76.6,0.46,0.6005,200716.38,1544837.048,0.5,0.5,,,,,
000333.SZ,20260319,76.43,76.98,75.93,76.0,77.06,-1.06,-1.3756,232729.07,1777663.11,0.5,0.5,,,,,
000333.SZ,20260320,75.92,76.15,75.12,75.12,76.0,-0.88,-1.1579,219125.95,1657477.564,0.5,0.5,,,,,
000333.SZ,20260323,73.95,73.97,72.35,73.37,75.12,-1.75,-2.3296,462008.0,3377621.418,0.5,0.5,,,,,
000333.SZ,20260324,73.73,74.42,72.8,74.23,73.37,0.86,1.1721,267147.23,1968463.615,0.5,0.5,,,,,
000333.SZ,20260325,74.5,74.97,73.95,74.8,74.23,0.57,0.7679,184963.62,1376467.588,0.5,0.5,,,,,
000333.SZ,20260326,74.89,75.54,74.18,74.32,74.8,-0.48,-0.6417,177085.33,1325335.069,0.5,0.5,,,,,
000333.SZ,20260327,72.9,74.95,72.8,74.78,74.32,0.46,0.6189,319125.35,2367294.087,0.5,0.5,,,,,
000333.SZ,20260330,73.35,74.0,71.77,72.1,74.78,-2.68,-3.5838,456227.15,3304801.59,0.5,0.5,,,,,
000333.SZ,20260331,75.05,77.32,74.31,76.35,72.1,4.25,5.8946,694914.61,5310077.352,0.5,0.5,,,,,
000333.SZ,20260401,76.5,77.4,76.34,76.84,76.35,0.49,0.6418,273615.77,2100652.578,0.5,0.5,,,,,
000333.SZ,20260402,76.85,77.84,76.58,77.37,76.84,0.53,0.6897,326317.97,2523387.318,0.5,0.5,,,,,
000333.SZ,20260403,77.3,77.35,76.2,76.35,77.37,-1.02,-1.3183,172772.6,1325461.933,0.5,0.5,,,,,
000333.SZ,20260407,76.35,76.7,75.62,76.12,76.35,-0.23,-0.3012,163826.05,1246113.3,0.5,0.5,,,,,
000333.SZ,20260408,76.95,77.25,76.35,76.73,76.12,0.61,0.8014,286804.12,2200099.879,0.5,0.5,,,,,
000333.SZ,20260409,76.4,77.02,75.9,76.52,76.73,-0.21,-0.2737,235023.94,1796387.351,0.5,0.5,,,,,
000333.SZ,20260410,76.52,76.74,76.06,76.41,76.52,-0.11,-0.1438,258372.67,1971065.632,0.5,0.5,,,,,
000333.SZ,20260413,76.03,76.47,75.58,75.78,76.41,-0.63,-0.8245,182375.2,1384781.818,0.5,0.5,,,,,
000333.SZ,20260414,76.06,76.55,75.5,76.55,75.78,0.77,1.0161,195781.58,1489302.845,0.5,0.5,,,,,
000333.SZ,20260415,76.55,77.88,76.2,77.49,76.55,0.94,1.228,318450.72,2461286.853,0.5,0.5,,,,,
000333.SZ,20260416,77.77,78.44,77.4,77.9,77.49,0.41,0.5291,238078.03,1853913.748,0.5,0.5,,,,,
000333.SZ,20260417,78.18,79.25,77.84,78.65,77.9,0.75,0.9628,277352.36,2181684.923,0.5,0.5,,,,,
000333.SZ,20260420,78.4,79.9,78.05,79.58,78.65,0.93,1.1825,276699.79,2201771.534,0.5,0.5,,,,,
000333.SZ,20260421,79.75,80.08,79.2,79.5,79.58,-0.08,-0.1005,238792.88,1903225.382,0.5,0.5,,,,,
000333.SZ,20260422,79.5,79.63,78.87,79.3,79.5,-0.2,-0.2516,202781.6,1606990.585,0.5,0.5,,,,,
000333.SZ,20260423,79.29,80.15,78.73,79.85,79.3,0.55,0.6936,299432.46,2388456.633,0.5,0.5,,,,,
000333.SZ,20260424,79.56,80.2,79.46,79.66,79.85,-0.19,-0.2379,217880.11,1740580.503,0.5,0.5,,,,,
000333.SZ,20260427,79.24,80.15,79.01,79.5,79.66,-0.16,-0.2009,258511.62,2060818.397,0.5,0.5,,,,,
000333.SZ,20260428,79.45,80.8,79.18,80.45,79.5,0.95,1.195,304729.06,2450034.708,0.5,0.5,,,,,
000333.SZ,20260429,80.55,81.94,80.45,81.31,80.45,0.86,1.069,331107.92,2684108.096,0.5,0.5,,,,,
000333.SZ,20260430,81.0,82.15,80.61,81.1,81.31,-0.21,-0.2583,354432.69,2889837.73,0.5,0.5,,,,,
000333.SZ,20260506,79.7,80.88,79.15,80.44,81.1,-0.66,-0.8138,360418.63,2885237.85,0.5,0.5,,,,,
000333.SZ,20260507,80.0,80.98,79.77,79.81,80.44,-0.63,-0.7832,372176.47,2988466.109,0.5,0.5,,,,,
000333.SZ,20260508,79.65,81.09,79.32,80.4,79.81,0.59,0.7393,282423.27,2273797.15,0.5,0.5,,,,,
000333.SZ,20260511,80.14,82.45,79.58,80.67,80.4,0.27,0.3358,436444.07,3540579.382,0.5,0.5,,,,,
000333.SZ,20260512,80.66,81.17,79.73,80.09,80.67,-0.58,-0.719,357755.83,2875768.679,0.5,0.5,,,,,
000333.SZ,20260513,79.96,80.95,79.63,80.38,80.09,0.29,0.3621,328496.85,2636662.837,0.5,0.5,,,,,
000333.SZ,20260514,80.39,82.08,80.39,81.81,80.38,1.43,1.779,389266.88,3174393.395,0.5,0.5,,,,,
000333.SZ,20260515,81.45,83.3,80.75,82.57,81.81,0.76,0.929,426608.57,3525964.212,0.5,0.5,,,,,
000333.SZ,20260518,82.68,83.44,82.08,82.83,82.57,0.26,0.3149,377353.68,3123465.724,0.5,0.5,,,,,
000333.SZ,20260519,82.83,82.84,80.5,81.0,82.83,-1.83,-2.2093,335817.68,2725821.114,0.5,0.5,,,,,
000333.SZ,20260520,80.72,82.16,80.08,81.5,81.0,0.5,0.6173,301597.03,2454297.43,0.5,0.5,,,,,
000333.SZ,20260521,82.15,83.15,81.5,81.5,81.5,0.0,0.0,311812.54,2562761.519,0.5,0.5,,,,,
000333.SZ,20260522,81.67,82.0,79.89,80.28,81.5,-1.22,-1.4969,309848.02,2493884.552,0.5,0.5,,,,,
000333.SZ,20260525,80.0,80.14,78.79,79.81,80.28,-0.47,-0.5855,231274.55,1842662.846,0.5,0.5,,,,,
000333.SZ,20260526,79.8,80.7,79.43,79.55,79.81,-0.26,-0.3258,244953.12,1954515.555,0.5,0.5,,,,,
000333.SZ,20260527,79.53,80.28,78.87,80.03,79.55,0.48,0.6034,255887.79,2034009.882,0.5,0.5,,,,,
000333.SZ,20260528,79.6,79.78,78.61,78.95,80.03,-1.08,-1.3495,241997.52,1913267.193,0.5,0.5,,,,,
000333.SZ,20260529,78.92,81.26,78.5,80.85,78.95,1.9,2.4066,429729.44,3461222.698,0.5,0.5,,,,,
000333.SZ,20260601,80.32,82.0,80.29,81.7,80.85,0.85,1.0513,376711.19,3058758.977,0.5,0.5,,,,,
000333.SZ,20260602,81.26,82.79,81.22,82.6,81.7,0.9,1.1016,263177.46,2162929.06,0.5,0.5,,,,,
000333.SZ,20260603,82.3,82.7,81.56,82.61,82.6,0.01,0.0121,230326.26,1895269.952,0.5,0.5,,,,,
000333.SZ,20260604,82.05,83.48,81.8,82.42,82.61,-0.19,-0.23,243658.47,2019048.245,0.5,0.5,,,,,
000333.SZ,20260605,82.3,83.3,81.6,81.69,82.42,-0.73,-0.8857,209494.37,1725517.859,0.5,0.5,,,,,
000333.SZ,20260608,81.39,83.75,80.88,82.85,81.69,1.16,1.42,367030.53,3034363.535,0.5,0.5,,,,,
000333.SZ,20260609,82.5,82.99,81.75,82.36,82.85,-0.49,-0.5914,220991.77,1819542.34073,0.5,0.5,,,,,
000333.SZ,20260610,82.5,84.88,81.47,83.9,82.36,1.54,1.8698,386972.91,3242378.39366,0.5,0.5,,,,,
000333.SZ,20260611,83.66,85.9,83.4,85.35,83.9,1.45,1.7282,521436.92,4432709.13654,0.5,0.5,,,,,
002415.SZ,20210615,61.4,61.58,59.5,60.72,62.0,-1.28,-2.0645,308288.88,1861534.714,0.5,0.5,,,,,
002415.SZ,20210616,60.5,60.7,58.01,58.68,60.72,-2.04,-3.3597,321403.38,1893730.325,0.5,0.5,,,,,
002415.SZ,20210617,58.5,59.95,58.05,59.14,58.68,0.46,0.7839,207754.43,1226221.242,0.5,0.5,,,,,
002415.SZ,20210618,59.14,61.81,59.01,59.95,59.14,0.81,1.3696,316260.26,1917138.989,0.5,0.5,,,,,
002415.SZ,20210621,59.96,60.65,58.21,59.72,59.95,-0.23,-0.3837,285532.8,1701071.46,0.5,0.5,,,,,
002415.SZ,20210622,59.8,60.25,58.5,59.94,59.72,0.22,0.3684,255198.48,1526353.641,0.5,0.5,,,,,
002415.SZ,20210623,60.0,60.65,58.59,59.9,59.94,-0.04,-0.0667,286819.78,1710213.409,0.5,0.5,,,,,
002415.SZ,20210624,60.98,63.8,59.95,63.4,59.9,3.5,5.8431,578099.72,3584291.262,0.5,0.5,,,,,
002415.SZ,20210625,63.3,63.75,61.94,63.51,63.4,0.11,0.1735,435112.74,2741734.29,0.5,0.5,,,,,
002415.SZ,20210628,63.25,63.29,61.34,63.14,63.51,-0.37,-0.5826,476152.49,2969587.267,0.5,0.5,,,,,
002415.SZ,20210629,63.12,63.75,62.36,62.47,63.14,-0.67,-1.0611,390737.33,2451687.617,0.5,0.5,,,,,
002415.SZ,20210630,62.48,64.55,61.93,64.5,62.47,2.03,3.2496,442454.63,2817703.335,0.5,0.5,,,,,
002415.SZ,20210701,64.89,65.2,63.48,65.14,64.5,0.64,0.9922,384726.1,2476286.845,0.5,0.5,,,,,
002415.SZ,20210702,64.0,64.1,62.21,62.22,65.14,-2.92,-4.4827,409529.91,2568224.331,0.5,0.5,,,,,
002415.SZ,20210705,62.1,62.61,60.1,61.17,62.22,-1.05,-1.6876,339354.69,2073529.161,0.5,0.5,,,,,
002415.SZ,20210706,61.0,61.72,59.74,60.62,61.17,-0.55,-0.8991,359483.04,2173893.979,0.5,0.5,,,,,
002415.SZ,20210707,60.49,62.22,60.15,61.77,60.62,1.15,1.8971,260907.4,1604016.597,0.5,0.5,,,,,
002415.SZ,20210708,61.01,62.0,60.33,61.06,61.77,-0.71,-1.1494,333809.88,2033880.543,0.5,0.5,,,,,
002415.SZ,20210709,61.0,61.41,59.3,60.36,61.06,-0.7,-1.1464,372911.02,2239805.551,0.5,0.5,,,,,
002415.SZ,20210712,60.36,62.88,58.87,62.6,60.36,2.24,3.7111,524351.21,3195063.114,0.5,0.5,,,,,
002415.SZ,20210713,62.55,63.3,61.88,62.63,62.6,0.03,0.0479,255158.59,1599603.653,0.5,0.5,,,,,
002415.SZ,20210714,62.6,63.24,60.88,62.19,62.63,-0.44,-0.7025,269654.02,1675177.191,0.5,0.5,,,,,
002415.SZ,20210715,61.81,63.8,61.03,63.34,62.19,1.15,1.8492,357183.45,2245214.933,0.5,0.5,,,,,
002415.SZ,20210716,63.7,63.75,62.4,63.0,63.34,-0.34,-0.5368,264326.47,1664213.636,0.5,0.5,,,,,
002415.SZ,20210719,62.35,63.8,61.23,63.38,63.0,0.38,0.6032,307934.32,1925770.885,0.5,0.5,,,,,
002415.SZ,20210720,62.63,65.14,62.32,63.93,63.38,0.55,0.8678,302140.8,1938045.533,0.5,0.5,,,,,
002415.SZ,20210721,64.87,69.04,64.25,67.48,63.93,3.55,5.5529,819198.51,5486843.915,0.5,0.5,,,,,
002415.SZ,20210722,68.2,69.68,66.93,67.53,67.48,0.05,0.0741,487050.52,3312348.123,0.5,0.5,,,,,
002415.SZ,20210723,67.8,68.65,66.03,67.4,67.53,-0.13,-0.1925,432571.74,2910912.416,0.5,0.5,,,,,
002415.SZ,20210726,70.0,70.44,63.49,65.1,67.4,-2.3,-3.4125,859927.85,5623993.365,0.5,0.5,,,,,
002415.SZ,20210727,64.83,64.88,60.6,60.71,65.1,-4.39,-6.7435,907078.12,5637093.982,0.5,0.5,,,,,
002415.SZ,20210728,60.0,62.16,58.69,61.0,60.71,0.29,0.4777,465785.23,2817447.343,0.5,0.5,,,,,
002415.SZ,20210729,62.46,63.65,61.95,62.89,61.0,1.89,3.0984,421493.24,2650412.985,0.5,0.5,,,,,
002415.SZ,20210730,62.42,62.47,59.94,61.0,62.89,-1.89,-3.0052,500367.63,3039012.11,0.5,0.5,,,,,
002415.SZ,20210802,59.86,61.89,59.5,61.23,61.0,0.23,0.377,370527.61,2255831.144,0.5,0.5,,,,,
002415.SZ,20210803,60.68,61.36,60.0,60.44,61.23,-0.79,-1.2902,374013.35,2261999.506,0.5,0.5,,,,,
002415.SZ,20210804,60.37,61.97,59.52,61.62,60.44,1.18,1.9523,414709.24,2513637.623,0.5,0.5,,,,,
002415.SZ,20210805,61.01,61.18,59.88,60.44,61.62,-1.18,-1.915,289641.31,1751710.086,0.5,0.5,,,,,
002415.SZ,20210806,60.01,60.38,58.56,59.13,60.44,-1.31,-2.1674,439968.7,2608085.603,0.5,0.5,,,,,
002415.SZ,20210809,59.15,59.88,58.21,59.52,59.13,0.39,0.6596,367180.74,2170425.141,0.5,0.5,,,,,
002415.SZ,20210810,59.17,59.88,58.5,59.8,59.52,0.28,0.4704,343857.62,2031738.202,0.5,0.5,,,,,
002415.SZ,20210811,60.4,61.5,59.9,59.98,59.8,0.18,0.301,430322.97,2613660.12,0.5,0.5,,,,,
002415.SZ,20210812,59.99,60.36,58.22,58.6,59.98,-1.38,-2.3008,413775.2,2432491.456,0.5,0.5,,,,,
002415.SZ,20210813,58.3,58.54,56.28,56.65,58.6,-1.95,-3.3276,637712.2,3647207.037,0.5,0.5,,,,,
002415.SZ,20210816,56.3,57.1,55.88,56.73,56.65,0.08,0.1412,309123.35,1755116.453,0.5,0.5,,,,,
002415.SZ,20210817,56.7,56.72,54.0,54.91,56.73,-1.82,-3.2082,463641.61,2562185.323,0.5,0.5,,,,,
002415.SZ,20210818,54.51,55.5,53.32,54.99,54.91,0.08,0.1457,315572.44,1715703.984,0.5,0.5,,,,,
002415.SZ,20210819,54.8,55.95,54.15,54.91,54.99,-0.08,-0.1455,300690.29,1660933.99,0.5,0.5,,,,,
002415.SZ,20210820,54.5,54.63,52.15,53.57,54.91,-1.34,-2.4404,503825.04,2680172.246,0.5,0.5,,,,,
002415.SZ,20210823,53.4,55.66,52.78,55.02,53.57,1.45,2.7067,333525.16,1823985.645,0.5,0.5,,,,,
002415.SZ,20210824,55.09,55.78,54.5,55.0,55.02,-0.02,-0.0364,251570.17,1387540.904,0.5,0.5,,,,,
002415.SZ,20210825,55.0,55.88,54.32,55.71,55.0,0.71,1.2909,247073.99,1365698.053,0.5,0.5,,,,,
002415.SZ,20210826,55.45,55.55,54.0,54.02,55.71,-1.69,-3.0336,190020.43,1040037.684,0.5,0.5,,,,,
002415.SZ,20210827,53.5,54.64,51.68,52.7,54.02,-1.32,-2.4435,548340.19,2885940.034,0.5,0.5,,,,,
002415.SZ,20210830,52.6,52.7,50.85,51.7,52.7,-1.0,-1.8975,664477.29,3413023.36,0.5,0.5,,,,,
002415.SZ,20210831,51.9,52.45,50.93,51.4,51.7,-0.3,-0.5803,311700.95,1610004.063,0.5,0.5,,,,,
002415.SZ,20210901,51.6,53.28,50.57,53.21,51.4,1.81,3.5214,586325.67,3063380.775,0.5,0.5,,,,,
002415.SZ,20210902,52.98,52.98,51.0,51.41,53.21,-1.8,-3.3828,603058.47,3114167.88,0.5,0.5,,,,,
002415.SZ,20210903,51.12,51.47,49.69,51.4,51.41,-0.01,-0.0195,407990.78,2068540.644,0.5,0.5,,,,,
002415.SZ,20210906,51.0,53.68,50.85,53.43,51.4,2.03,3.9494,524125.42,2765137.698,0.5,0.5,,,,,
002415.SZ,20210907,53.43,53.55,52.42,52.92,53.43,-0.51,-0.9545,341515.2,1801530.685,0.5,0.5,,,,,
002415.SZ,20210908,52.93,53.22,52.3,52.95,52.92,0.03,0.0567,323337.54,1707528.514,0.5,0.5,,,,,
002415.SZ,20210909,52.94,53.45,51.61,51.96,52.95,-0.99,-1.8697,297279.94,1554766.723,0.5,0.5,,,,,
002415.SZ,20210910,51.8,54.1,51.66,53.72,51.96,1.76,3.3872,459627.47,2456623.292,0.5,0.5,,,,,
002415.SZ,20210913,53.82,56.2,53.18,55.39,53.72,1.67,3.1087,486997.25,2692759.15,0.5,0.5,,,,,
002415.SZ,20210914,55.38,55.59,54.19,54.36,55.39,-1.03,-1.8595,223385.12,1223325.827,0.5,0.5,,,,,
002415.SZ,20210915,54.0,55.88,53.5,54.66,54.36,0.3,0.5519,232393.28,1276442.026,0.5,0.5,,,,,
002415.SZ,20210916,54.29,55.2,53.67,54.22,54.66,-0.44,-0.805,165667.14,898080.531,0.5,0.5,,,,,
002415.SZ,20210917,54.17,55.38,54.0,55.09,54.22,0.87,1.6046,179148.74,982772.566,0.5,0.5,,,,,
002415.SZ,20210922,54.27,54.87,52.52,53.1,55.09,-1.99,-3.6123,263577.92,1405946.059,0.5,0.5,,,,,
002415.SZ,20210923,53.09,53.6,51.07,51.8,53.1,-1.3,-2.4482,378820.58,1960075.143,0.5,0.5,,,,,
002415.SZ,20210924,51.81,53.31,51.6,52.48,51.8,0.68,1.3127,264182.88,1382688.474,0.5,0.5,,,,,
002415.SZ,20210927,52.36,54.89,51.61,53.97,52.48,1.49,2.8392,391648.94,2106781.723,0.5,0.5,,,,,
002415.SZ,20210928,53.83,55.3,53.12,54.6,53.97,0.63,1.1673,284427.25,1552450.053,0.5,0.5,,,,,
002415.SZ,20210929,54.3,55.55,53.6,55.0,54.6,0.4,0.7326,218962.21,1198832.315,0.5,0.5,,,,,
002415.SZ,20210930,55.2,55.98,54.62,55.0,55.0,0.0,0.0,227402.55,1257419.497,0.5,0.5,,,,,
002415.SZ,20211008,56.0,57.24,55.44,56.48,55.0,1.48,2.6909,382576.51,2154280.492,0.5,0.5,,,,,
002415.SZ,20211011,57.2,58.45,56.6,57.15,56.48,0.67,1.1863,315470.14,1820445.965,0.5,0.5,,,,,
002415.SZ,20211012,57.14,57.56,55.76,56.33,57.15,-0.82,-1.4348,196967.78,1113692.947,0.5,0.5,,,,,
002415.SZ,20211013,56.28,57.3,55.51,55.92,56.33,-0.41,-0.7279,271491.48,1522997.094,0.5,0.5,,,,,
002415.SZ,20211014,56.01,57.37,55.92,56.29,55.92,0.37,0.6617,207279.9,1172396.283,0.5,0.5,,,,,
002415.SZ,20211015,56.29,56.52,55.5,55.9,56.29,-0.39,-0.6928,172149.4,963133.407,0.5,0.5,,,,,
002415.SZ,20211018,55.91,56.08,53.8,54.61,55.9,-1.29,-2.3077,269762.62,1468248.731,0.5,0.5,,,,,
002415.SZ,20211019,54.61,55.81,54.4,55.44,54.61,0.83,1.5199,166269.6,917616.39,0.5,0.5,,,,,
002415.SZ,20211020,55.06,56.38,54.31,54.47,55.44,-0.97,-1.7496,196355.66,1083365.708,0.5,0.5,,,,,
002415.SZ,20211021,54.5,55.25,53.81,55.25,54.47,0.78,1.432,195672.46,1066511.83,0.5,0.5,,,,,
002415.SZ,20211022,55.5,55.5,54.2,55.44,55.25,0.19,0.3439,176700.65,969232.322,0.5,0.5,,,,,
002415.SZ,20211025,55.6,55.7,52.86,54.23,55.44,-1.21,-2.1825,422972.24,2283080.218,0.5,0.5,,,,,
002415.SZ,20211026,54.0,54.17,53.0,53.6,54.23,-0.63,-1.1617,320819.65,1715923.291,0.5,0.5,,,,,
002415.SZ,20211027,53.5,53.5,52.51,52.8,53.6,-0.8,-1.4925,211830.64,1118999.233,0.5,0.5,,,,,
002415.SZ,20211028,52.7,53.43,51.93,52.07,52.8,-0.73,-1.3826,269739.15,1418360.959,0.5,0.5,,,,,
002415.SZ,20211029,52.07,52.98,51.65,52.26,52.07,0.19,0.3649,278049.57,1455706.382,0.5,0.5,,,,,
002415.SZ,20211101,51.96,53.17,51.6,53.02,52.26,0.76,1.4543,241884.11,1273935.707,0.5,0.5,,,,,
002415.SZ,20211102,53.02,53.03,51.3,51.37,53.02,-1.65,-3.112,337200.43,1747115.818,0.5,0.5,,,,,
002415.SZ,20211103,51.37,51.83,50.54,50.95,51.37,-0.42,-0.8176,219836.68,1120427.511,0.5,0.5,,,,,
002415.SZ,20211104,50.99,51.34,50.5,50.72,50.95,-0.23,-0.4514,204574.85,1041684.162,0.5,0.5,,,,,
002415.SZ,20211105,50.5,51.95,50.43,51.48,50.72,0.76,1.4984,249183.23,1281268.302,0.5,0.5,,,,,
002415.SZ,20211108,51.77,51.9,50.12,51.05,51.48,-0.43,-0.8353,262899.43,1335949.226,0.5,0.5,,,,,
002415.SZ,20211109,50.6,52.36,50.2,52.2,51.05,1.15,2.2527,312159.47,1604587.69,0.5,0.5,,,,,
002415.SZ,20211110,52.21,52.69,51.55,52.05,52.2,-0.15,-0.2874,293570.1,1531414.342,0.5,0.5,,,,,
002415.SZ,20211111,52.06,52.67,51.4,52.3,52.05,0.25,0.4803,235486.82,1227543.636,0.5,0.5,,,,,
002415.SZ,20211112,52.4,52.75,52.3,52.62,52.3,0.32,0.6119,192327.6,1011442.515,0.5,0.5,,,,,
002415.SZ,20211115,52.75,52.86,51.95,52.4,52.62,-0.22,-0.4181,155371.43,812067.424,0.5,0.5,,,,,
002415.SZ,20211116,52.43,52.46,51.3,51.65,52.4,-0.75,-1.4313,247639.43,1279313.956,0.5,0.5,,,,,
002415.SZ,20211117,51.56,51.56,51.01,51.15,51.65,-0.5,-0.9681,229637.7,1174624.689,0.5,0.5,,,,,
002415.SZ,20211118,51.15,51.15,50.05,50.18,51.15,-0.97,-1.8964,295856.84,1493009.425,0.5,0.5,,,,,
002415.SZ,20211119,50.19,50.69,49.98,50.49,50.18,0.31,0.6178,279976.27,1406977.097,0.5,0.5,,,,,
002415.SZ,20211122,50.47,51.09,50.02,50.53,50.49,0.04,0.0792,361973.25,1825229.828,0.5,0.5,,,,,
002415.SZ,20211123,50.55,50.65,48.01,48.5,50.53,-2.03,-4.0174,837778.93,4102480.06,0.5,0.5,,,,,
002415.SZ,20211124,48.99,50.71,48.66,49.65,48.5,1.15,2.3711,602589.53,2995937.288,0.5,0.5,,,,,
002415.SZ,20211125,49.66,49.8,48.41,48.73,49.65,-0.92,-1.853,347640.54,1697163.586,0.5,0.5,,,,,
002415.SZ,20211126,48.6,48.83,47.37,47.8,48.73,-0.93,-1.9085,559655.16,2678974.991,0.5,0.5,,,,,
002415.SZ,20211129,47.2,47.67,47.01,47.57,47.8,-0.23,-0.4812,359404.96,1704532.365,0.5,0.5,,,,,
002415.SZ,20211130,47.8,48.65,47.6,48.64,47.57,1.07,2.2493,332681.5,1601347.823,0.5,0.5,,,,,
002415.SZ,20211201,48.58,48.61,48.01,48.22,48.64,-0.42,-0.8635,215800.08,1042291.663,0.5,0.5,,,,,
002415.SZ,20211202,48.17,48.19,47.1,47.43,48.22,-0.79,-1.6383,379971.75,1802294.101,0.5,0.5,,,,,
002415.SZ,20211203,47.5,48.53,47.21,48.4,47.43,0.97,2.0451,292401.57,1402424.599,0.5,0.5,,,,,
002415.SZ,20211206,48.9,50.39,48.88,49.29,48.4,0.89,1.8388,495320.98,2462301.384,0.5,0.5,,,,,
002415.SZ,20211207,49.5,50.45,49.5,50.3,49.29,1.01,2.0491,400364.37,2007005.382,0.5,0.5,,,,,
002415.SZ,20211208,50.38,51.92,49.83,51.68,50.3,1.38,2.7435,491146.9,2516184.398,0.5,0.5,,,,,
002415.SZ,20211209,51.2,55.55,51.2,54.27,51.68,2.59,5.0116,887343.97,4791960.245,0.5,0.5,,,,,
002415.SZ,20211210,54.02,54.33,53.0,53.5,54.27,-0.77,-1.4188,460783.78,2469067.33,0.5,0.5,,,,,
002415.SZ,20211213,53.72,55.3,53.35,53.43,53.5,-0.07,-0.1308,383628.09,2077695.456,0.5,0.5,,,,,
002415.SZ,20211214,53.86,54.75,53.38,53.98,53.43,0.55,1.0294,282713.58,1529454.443,0.5,0.5,,,,,
002415.SZ,20211215,53.5,53.89,51.98,52.0,53.98,-1.98,-3.668,362139.74,1901903.085,0.5,0.5,,,,,
002415.SZ,20211216,52.16,52.6,51.1,52.23,52.0,0.23,0.4423,265969.65,1380123.025,0.5,0.5,,,,,
002415.SZ,20211217,51.9,52.62,51.27,52.15,52.23,-0.08,-0.1532,241938.86,1256697.181,0.5,0.5,,,,,
002415.SZ,20211220,51.9,52.35,51.15,51.37,52.15,-0.78,-1.4957,196412.92,1015461.079,0.5,0.5,,,,,
002415.SZ,20211221,51.36,52.15,51.18,51.59,51.37,0.22,0.4283,178396.47,921418.574,0.5,0.5,,,,,
002415.SZ,20211222,51.82,52.07,50.7,50.91,51.59,-0.68,-1.3181,247836.19,1270665.209,0.5,0.5,,,,,
002415.SZ,20211223,50.92,51.34,50.44,50.69,50.91,-0.22,-0.4321,215577.09,1094516.067,0.5,0.5,,,,,
002415.SZ,20211224,50.45,51.0,49.7,50.55,50.69,-0.14,-0.2762,247925.95,1246575.552,0.5,0.5,,,,,
002415.SZ,20211227,50.8,50.88,49.86,50.64,50.55,0.09,0.178,176611.22,891066.47,0.5,0.5,,,,,
002415.SZ,20211228,50.65,53.1,50.49,52.49,50.64,1.85,3.6532,327257.9,1707957.746,0.5,0.5,,,,,
002415.SZ,20211229,52.22,52.98,51.35,51.97,52.49,-0.52,-0.9907,262271.85,1366394.506,0.5,0.5,,,,,
002415.SZ,20211230,51.99,53.05,51.39,51.39,51.97,-0.58,-1.116,205799.11,1071270.761,0.5,0.5,,,,,
002415.SZ,20211231,51.88,52.55,50.85,52.32,51.39,0.93,1.8097,283782.08,1465376.796,0.5,0.5,,,,,
002415.SZ,20220104,53.0,53.0,51.71,52.41,52.32,0.09,0.172,239136.42,1253035.114,0.5,0.5,,,,,
002415.SZ,20220105,52.2,52.2,50.88,51.33,52.41,-1.08,-2.0607,229580.73,1183390.507,0.5,0.5,,,,,
002415.SZ,20220106,51.06,51.27,49.88,49.97,51.33,-1.36,-2.6495,252298.48,1266976.502,0.5,0.5,,,,,
002415.SZ,20220107,49.98,50.69,49.7,49.87,49.97,-0.1,-0.2001,184301.71,923379.305,0.5,0.5,,,,,
002415.SZ,20220110,49.63,50.58,49.11,50.28,49.87,0.41,0.8221,225874.45,1128294.826,0.5,0.5,,,,,
002415.SZ,20220111,50.2,50.48,49.58,49.7,50.28,-0.58,-1.1535,201171.92,1006252.644,0.5,0.5,,,,,
002415.SZ,20220112,49.65,49.99,48.43,49.25,49.7,-0.45,-0.9054,324065.56,1589520.043,0.5,0.5,,,,,
002415.SZ,20220113,49.3,49.7,48.0,48.12,49.25,-1.13,-2.2944,271283.15,1316781.676,0.5,0.5,,,,,
002415.SZ,20220114,48.12,48.61,47.85,48.3,48.12,0.18,0.3741,173157.35,834432.759,0.5,0.5,,,,,
002415.SZ,20220117,48.38,49.2,48.3,49.0,48.3,0.7,1.4493,182089.51,888690.357,0.5,0.5,,,,,
002415.SZ,20220118,49.01,52.21,48.88,50.73,49.0,1.73,3.5306,455415.09,2317507.432,0.5,0.5,,,,,
002415.SZ,20220119,50.74,51.85,49.71,50.16,50.73,-0.57,-1.1236,316780.95,1601476.265,0.5,0.5,,,,,
002415.SZ,20220120,50.42,50.48,49.43,49.75,50.16,-0.41,-0.8174,176454.41,879739.289,0.5,0.5,,,,,
002415.SZ,20220121,49.77,49.82,48.7,49.49,49.75,-0.26,-0.5226,238910.09,1173101.258,0.5,0.5,,,,,
002415.SZ,20220124,49.0,49.88,48.51,48.99,49.49,-0.5,-1.0103,246329.42,1207170.532,0.5,0.5,,,,,
002415.SZ,20220125,48.8,49.35,48.21,48.25,48.99,-0.74,-1.5105,189761.78,926551.737,0.5,0.5,,,,,
002415.SZ,20220126,48.25,49.49,48.25,49.23,48.25,0.98,2.0311,172124.79,845250.367,0.5,0.5,,,,,
002415.SZ,20220127,49.42,49.5,47.54,48.23,49.23,-1.0,-2.0313,289647.49,1393826.937,0.5,0.5,,,,,
002415.SZ,20220128,48.23,48.6,47.0,47.46,48.23,-0.77,-1.5965,226467.61,1078805.697,0.5,0.5,,,,,
002415.SZ,20220207,47.94,47.98,45.8,45.91,47.46,-1.55,-3.2659,329601.73,1536926.073,0.5,0.5,,,,,
002415.SZ,20220208,45.8,46.5,45.24,46.24,45.91,0.33,0.7188,265859.46,1218848.196,0.5,0.5,,,,,
002415.SZ,20220209,46.01,47.05,46.0,46.98,46.24,0.74,1.6003,221891.86,1036416.196,0.5,0.5,,,,,
002415.SZ,20220210,46.99,47.32,46.2,46.99,46.98,0.01,0.0213,190121.75,889104.195,0.5,0.5,,,,,
002415.SZ,20220211,46.4,46.94,45.8,46.0,46.99,-0.99,-2.1068,266717.45,1234304.067,0.5,0.5,,,,,
002415.SZ,20220214,45.78,46.09,45.14,45.8,46.0,-0.2,-0.4348,156696.76,714767.043,0.5,0.5,,,,,
002415.SZ,20220215,45.79,46.31,45.62,46.21,45.8,0.41,0.8952,135413.47,623303.433,0.5,0.5,,,,,
002415.SZ,20220216,46.23,46.49,45.86,45.99,46.21,-0.22,-0.4761,113139.79,520589.532,0.5,0.5,,,,,
002415.SZ,20220217,45.71,46.25,45.68,46.09,45.99,0.1,0.2174,128949.65,593357.588,0.5,0.5,,,,,
002415.SZ,20220218,45.96,46.54,45.7,46.5,46.09,0.41,0.8896,135236.9,623087.901,0.5,0.5,,,,,
002415.SZ,20220221,46.37,47.78,46.26,47.67,46.5,1.17,2.5161,225386.39,1066463.628,0.5,0.5,,,,,
002415.SZ,20220222,47.5,47.54,46.5,46.83,47.67,-0.84,-1.7621,159512.19,747155.648,0.5,0.5,,,,,
002415.SZ,20220223,47.8,49.25,47.5,48.9,46.83,2.07,4.4202,547623.5,2663071.065,0.5,0.5,,,,,
002415.SZ,20220224,48.48,49.16,47.36,47.99,48.9,-0.91,-1.8609,217887.4,1051041.636,0.5,0.5,,,,,
002415.SZ,20220225,47.99,49.16,47.98,48.25,47.99,0.26,0.5418,222761.26,1085288.825,0.5,0.5,,,,,
002415.SZ,20220228,48.14,48.5,46.96,48.2,48.25,-0.05,-0.1036,169369.85,811342.547,0.5,0.5,,,,,
002415.SZ,20220301,48.2,48.48,47.3,47.52,48.2,-0.68,-1.4108,194553.34,925202.421,0.5,0.5,,,,,
002415.SZ,20220302,47.4,47.73,46.74,47.2,47.52,-0.32,-0.6734,137215.3,648393.758,0.5,0.5,,,,,
002415.SZ,20220303,47.53,47.59,46.68,46.81,47.2,-0.39,-0.8263,104009.14,488677.967,0.5,0.5,,,,,
002415.SZ,20220304,46.43,46.63,45.5,45.77,46.81,-1.04,-2.2217,228737.45,1050890.272,0.5,0.5,,,,,
002415.SZ,20220307,45.43,45.43,43.56,43.9,45.77,-1.87,-4.0856,332593.69,1466809.184,0.5,0.5,,,,,
002415.SZ,20220308,43.9,44.59,43.0,43.6,43.9,-0.3,-0.6834,186375.26,813094.411,0.5,0.5,,,,,
002415.SZ,20220309,43.6,43.8,40.3,43.01,43.6,-0.59,-1.3532,381882.96,1614237.241,0.5,0.5,,,,,
002415.SZ,20220310,43.81,44.47,43.16,44.0,43.01,0.99,2.3018,248170.16,1088182.49,0.5,0.5,,,,,
002415.SZ,20220311,43.3,45.44,42.44,45.28,44.0,1.28,2.9091,313067.16,1387234.883,0.5,0.5,,,,,
002415.SZ,20220314,44.78,45.33,42.91,42.98,45.28,-2.3,-5.0795,237220.38,1037828.888,0.5,0.5,,,,,
002415.SZ,20220315,42.38,42.95,41.03,41.24,42.98,-1.74,-4.0484,316684.75,1322417.23,0.5,0.5,,,,,
002415.SZ,20220316,41.8,42.5,39.4,41.95,41.24,0.71,1.7216,520231.09,2118740.477,0.5,0.5,,,,,
002415.SZ,20220317,43.0,44.3,42.3,43.88,41.95,1.93,4.6007,437403.79,1905310.302,0.5,0.5,,,,,
002415.SZ,20220318,43.4,43.5,42.58,43.37,43.88,-0.51,-1.1623,271453.79,1170326.209,0.5,0.5,,,,,
002415.SZ,20220321,43.6,43.61,42.26,42.4,43.37,-0.97,-2.2366,242414.91,1033399.734,0.5,0.5,,,,,
002415.SZ,20220322,42.24,42.8,41.9,42.42,42.4,0.02,0.0472,192364.89,812745.447,0.5,0.5,,,,,
002415.SZ,20220323,42.43,43.58,42.35,43.15,42.42,0.73,1.7209,197639.04,851462.573,0.5,0.5,,,,,
002415.SZ,20220324,42.88,42.89,41.78,41.97,43.15,-1.18,-2.7346,172606.79,726476.118,0.5,0.5,,,,,
002415.SZ,20220325,41.81,41.95,40.7,41.06,41.97,-0.91,-2.1682,216123.22,889287.817,0.5,0.5,,,,,
002415.SZ,20220328,40.3,40.5,39.71,40.0,41.06,-1.06,-2.5816,207881.62,831313.82,0.5,0.5,,,,,
002415.SZ,20220329,40.04,40.34,39.0,40.0,40.0,0.0,0.0,333614.97,1326104.316,0.5,0.5,,,,,
002415.SZ,20220330,40.48,41.68,40.02,41.2,40.0,1.2,3.0,320434.13,1307734.019,0.5,0.5,,,,,
002415.SZ,20220331,40.99,41.34,40.64,41.0,41.2,-0.2,-0.4854,167408.62,685921.366,0.5,0.5,,,,,
002415.SZ,20220401,40.5,41.65,40.42,41.21,41.0,0.21,0.5122,170418.05,703549.254,0.5,0.5,,,,,
002415.SZ,20220406,40.78,41.27,40.58,40.94,41.21,-0.27,-0.6552,139854.31,571696.128,0.5,0.5,,,,,
002415.SZ,20220407,40.7,41.1,40.2,40.2,40.94,-0.74,-1.8075,110404.34,448742.656,0.5,0.5,,,,,
002415.SZ,20220408,40.47,40.59,39.0,39.4,40.2,-0.8,-1.99,272103.54,1079689.747,0.5,0.5,,,,,
002415.SZ,20220411,39.4,39.5,37.06,37.36,39.4,-2.04,-5.1777,348573.4,1318639.009,0.5,0.5,,,,,
002415.SZ,20220412,37.4,38.31,36.39,38.3,37.36,0.94,2.5161,401980.32,1494914.991,0.5,0.5,,,,,
002415.SZ,20220413,37.88,39.66,37.62,38.67,38.3,0.37,0.9661,361638.15,1405496.575,0.5,0.5,,,,,
002415.SZ,20220414,39.24,39.98,38.33,39.58,38.67,0.91,2.3532,370369.93,1455033.911,0.5,0.5,,,,,
002415.SZ,20220415,39.2,40.2,38.94,39.93,39.58,0.35,0.8843,178209.43,706009.036,0.5,0.5,,,,,
002415.SZ,20220418,41.0,42.0,40.66,41.74,39.93,1.81,4.5329,657584.38,2722416.888,0.5,0.5,,,,,
002415.SZ,20220419,41.61,41.82,41.12,41.52,41.74,-0.22,-0.5271,311624.37,1292355.484,0.5,0.5,,,,,
002415.SZ,20220420,41.6,42.59,41.2,41.55,41.52,0.03,0.0723,278748.04,1167886.026,0.5,0.5,,,,,
002415.SZ,20220421,41.23,41.68,40.31,40.81,41.55,-0.74,-1.781,295195.62,1207670.732,0.5,0.5,,,,,
002415.SZ,20220422,40.75,41.23,40.46,40.8,40.81,-0.01,-0.0245,305597.98,1249420.744,0.5,0.5,,,,,
002415.SZ,20220425,40.5,40.66,39.5,39.5,40.8,-1.3,-3.1863,365058.36,1464276.469,0.5,0.5,,,,,
002415.SZ,20220426,39.6,40.65,39.28,39.51,39.5,0.01,0.0253,296571.34,1185073.76,0.5,0.5,,,,,
002415.SZ,20220427,39.01,41.97,38.98,41.5,39.51,1.99,5.0367,523770.3,2154634.601,0.5,0.5,,,,,
002415.SZ,20220428,41.5,41.87,40.51,40.87,41.5,-0.63,-1.5181,337458.23,1386885.704,0.5,0.5,,,,,
002415.SZ,20220429,41.1,43.13,40.68,42.49,40.87,1.62,3.9638,535906.79,2255664.893,0.5,0.5,,,,,
002415.SZ,20220505,38.24,38.8,38.24,38.24,42.49,-4.25,-10.0024,1178749.37,4509976.622,0.5,0.5,,,,,
002415.SZ,20220506,35.91,36.35,34.42,34.8,38.24,-3.44,-8.9958,2452129.61,8571683.817,0.5,0.5,,,,,
002415.SZ,20220509,34.0,35.28,33.8,34.88,34.8,0.08,0.2299,1270719.73,4421444.533,0.5,0.5,,,,,
002415.SZ,20220510,34.2,34.68,33.4,34.45,34.88,-0.43,-1.2328,946390.32,3230542.059,0.5,0.5,,,,,
002415.SZ,20220511,34.4,36.1,33.8,35.43,34.45,0.98,2.8447,1384699.19,4860344.45,0.5,0.5,,,,,
002415.SZ,20220512,34.76,34.83,33.86,34.16,35.43,-1.27,-3.5845,1454921.58,4974746.421,0.5,0.5,,,,,
002415.SZ,20220513,34.17,34.2,31.12,32.08,34.16,-2.08,-6.089,2204445.47,7122373.265,0.5,0.5,,,,,
002415.SZ,20220516,32.08,33.15,32.08,32.66,32.08,0.58,1.808,1309396.03,4282223.897,0.5,0.5,,,,,
002415.SZ,20220517,32.3,33.1,31.36,32.19,32.66,-0.47,-1.4391,1267678.79,4062190.016,0.5,0.5,,,,,
002415.SZ,20220518,32.19,33.9,31.51,33.3,32.19,1.11,3.4483,1563886.29,5124739.469,0.5,0.5,,,,,
002415.SZ,20220519,32.52,33.3,32.33,33.08,33.3,-0.22,-0.6607,785438.07,2584951.592,0.5,0.5,,,,,
002415.SZ,20220520,33.21,33.8,33.03,33.4,33.08,0.32,0.9674,869990.58,2908166.312,0.5,0.5,,,,,
002415.SZ,20220523,33.41,33.99,33.22,33.52,33.4,0.12,0.3593,773899.94,2599633.334,0.5,0.5,,,,,
002415.SZ,20220524,33.55,33.68,32.11,32.16,33.52,-1.36,-4.0573,793076.78,2608384.819,0.5,0.5,,,,,
002415.SZ,20220525,32.16,32.58,31.81,32.41,32.16,0.25,0.7774,565206.82,1818138.638,0.5,0.5,,,,,
002415.SZ,20220526,31.68,32.34,31.5,31.99,31.51,0.48,1.5233,723331.7,2314221.762,0.5,0.5,,,,,
002415.SZ,20220527,33.6,33.89,32.18,32.53,31.99,0.54,1.688,1287771.68,4262351.435,0.5,0.5,,,,,
002415.SZ,20220530,32.5,33.16,32.33,32.99,32.53,0.46,1.4141,798070.01,2614946.522,0.5,0.5,,,,,
002415.SZ,20220531,32.9,33.47,32.74,33.4,32.99,0.41,1.2428,692182.47,2297518.058,0.5,0.5,,,,,
002415.SZ,20220601,33.44,33.74,33.02,33.45,33.4,0.05,0.1497,623284.46,2084706.975,0.5,0.5,,,,,
002415.SZ,20220602,33.32,33.36,32.73,32.99,33.45,-0.46,-1.3752,545258.53,1797334.024,0.5,0.5,,,,,
002415.SZ,20220606,32.9,35.09,32.8,34.86,32.99,1.87,5.6684,1247861.37,4236360.211,0.5,0.5,,,,,
002415.SZ,20220607,34.98,35.0,34.2,34.89,34.86,0.03,0.0861,601413.13,2083093.875,0.5,0.5,,,,,
002415.SZ,20220608,34.92,37.34,34.92,35.69,34.89,0.8,2.2929,1282517.06,4641764.641,0.5,0.5,,,,,
002415.SZ,20220609,35.74,35.77,34.5,34.62,35.69,-1.07,-2.998,638298.08,2239467.554,0.5,0.5,,,,,
002415.SZ,20220610,34.2,34.91,34.16,34.71,34.62,0.09,0.26,488343.55,1688957.509,0.5,0.5,,,,,
002415.SZ,20220613,35.0,35.0,33.76,34.24,34.71,-0.47,-1.3541,541373.96,1856448.148,0.5,0.5,,,,,
002415.SZ,20220614,33.65,34.42,33.2,34.25,34.24,0.01,0.0292,405791.33,1368435.265,0.5,0.5,,,,,
002415.SZ,20220615,34.18,35.92,34.11,35.59,34.25,1.34,3.9124,812877.88,2865810.672,0.5,0.5,,,,,
002415.SZ,20220616,35.59,35.78,34.9,35.09,35.59,-0.5,-1.4049,429126.41,1512104.913,0.5,0.5,,,,,
002415.SZ,20220617,34.71,34.96,34.0,34.55,35.09,-0.54,-1.5389,647331.91,2226327.894,0.5,0.5,,,,,
002415.SZ,20220620,35.5,36.05,35.1,35.22,34.55,0.67,1.9392,694682.53,2462028.795,0.5,0.5,,,,,
002415.SZ,20220621,35.22,36.66,34.97,36.28,35.22,1.06,3.0097,954209.25,3441640.687,0.5,0.5,,,,,
002415.SZ,20220622,36.3,36.45,35.04,35.06,36.28,-1.22,-3.3627,591494.21,2094619.951,0.5,0.5,,,,,
002415.SZ,20220623,35.02,35.32,34.55,35.32,35.06,0.26,0.7416,432067.63,1511855.105,0.5,0.5,,,,,
002415.SZ,20220624,35.35,35.8,34.94,35.69,35.32,0.37,1.0476,572933.66,2022513.049,0.5,0.5,,,,,
002415.SZ,20220627,35.8,36.6,35.38,35.88,35.69,0.19,0.5324,627908.99,2257486.817,0.5,0.5,,,,,
002415.SZ,20220628,35.83,36.88,35.45,36.63,35.88,0.75,2.0903,626744.75,2274601.883,0.5,0.5,,,,,
002415.SZ,20220629,36.63,37.49,36.1,36.2,36.63,-0.43,-1.1739,621688.34,2276808.265,0.5,0.5,,,,,
002415.SZ,20220630,36.2,36.55,36.09,36.2,36.2,0.0,0.0,630571.41,2288765.109,0.5,0.5,,,,,
002415.SZ,20220701,36.21,36.62,35.68,35.8,36.2,-0.4,-1.105,514823.06,1855825.674,0.5,0.5,,,,,
002415.SZ,20220704,35.9,35.96,35.3,35.59,35.8,-0.21,-0.5866,487587.2,1730661.658,0.5,0.5,,,,,
002415.SZ,20220705,35.79,36.65,35.1,36.29,35.59,0.7,1.9668,730898.92,2628098.341,0.5,0.5,,,,,
002415.SZ,20220706,35.9,35.95,34.55,34.95,36.29,-1.34,-3.6925,715283.79,2520820.992,0.5,0.5,,,,,
002415.SZ,20220707,34.85,34.85,33.8,33.97,34.95,-0.98,-2.804,734625.91,2509901.734,0.5,0.5,,,,,
002415.SZ,20220708,33.95,34.48,33.85,34.12,33.97,0.15,0.4416,404955.62,1382719.656,0.5,0.5,,,,,
002415.SZ,20220711,34.02,34.04,32.82,32.91,34.12,-1.21,-3.5463,598095.08,1976774.093,0.5,0.5,,,,,
002415.SZ,20220712,32.9,33.21,32.35,32.5,32.91,-0.41,-1.2458,380953.77,1244995.85,0.5,0.5,,,,,
002415.SZ,20220713,32.57,32.95,32.35,32.81,32.5,0.31,0.9538,322601.51,1054205.082,0.5,0.5,,,,,
002415.SZ,20220714,32.69,33.04,32.45,32.74,32.81,-0.07,-0.2133,294335.06,963699.455,0.5,0.5,,,,,
002415.SZ,20220715,32.42,32.59,31.63,31.69,32.74,-1.05,-3.2071,594084.44,1901444.072,0.5,0.5,,,,,
002415.SZ,20220718,31.62,32.06,31.3,31.91,31.69,0.22,0.6942,424975.04,1348381.329,0.5,0.5,,,,,
002415.SZ,20220719,31.9,32.18,31.7,31.87,31.91,-0.04,-0.1254,355734.86,1135432.364,0.5,0.5,,,,,
002415.SZ,20220720,32.09,32.17,31.65,31.91,31.87,0.04,0.1255,427935.49,1363340.843,0.5,0.5,,,,,
002415.SZ,20220721,31.9,31.9,31.61,31.61,31.91,-0.3,-0.9401,361862.92,1148025.472,0.5,0.5,,,,,
002415.SZ,20220722,31.6,31.74,31.26,31.43,31.61,-0.18,-0.5694,296323.25,931714.317,0.5,0.5,,,,,
002415.SZ,20220725,31.45,32.44,31.0,32.32,31.43,0.89,2.8317,526483.03,1669529.075,0.5,0.5,,,,,
002415.SZ,20220726,32.08,32.42,32.0,32.31,32.32,-0.01,-0.0309,320954.69,1035210.494,0.5,0.5,,,,,
002415.SZ,20220727,32.32,33.13,32.1,32.68,32.31,0.37,1.1452,396814.98,1297700.343,0.5,0.5,,,,,
002415.SZ,20220728,32.68,33.33,32.47,32.73,32.68,0.05,0.153,408102.2,1343670.102,0.5,0.5,,,,,
002415.SZ,20220729,32.66,32.86,31.8,31.94,32.73,-0.79,-2.4137,374368.54,1202914.378,0.5,0.5,,,,,
002415.SZ,20220801,31.8,31.94,31.33,31.79,31.94,-0.15,-0.4696,227828.92,722186.174,0.5,0.5,,,,,
002415.SZ,20220802,31.4,31.4,30.27,30.51,31.79,-1.28,-4.0264,509838.22,1564370.232,0.5,0.5,,,,,
002415.SZ,20220803,30.52,31.35,30.52,30.87,30.51,0.36,1.1799,352271.21,1089238.856,0.5,0.5,,,,,
002415.SZ,20220804,31.0,31.23,30.83,31.23,30.87,0.36,1.1662,222820.92,692266.695,0.5,0.5,,,,,
002415.SZ,20220805,31.26,32.55,31.09,32.5,31.23,1.27,4.0666,490825.66,1571746.149,0.5,0.5,,,,,
002415.SZ,20220808,32.5,32.97,32.33,32.53,32.5,0.03,0.0923,349217.93,1136011.772,0.5,0.5,,,,,
002415.SZ,20220809,32.43,32.77,32.25,32.66,32.53,0.13,0.3996,337622.71,1100028.191,0.5,0.5,,,,,
002415.SZ,20220810,32.66,33.0,32.16,32.79,32.66,0.13,0.398,391723.03,1278091.68,0.5,0.5,,,,,
002415.SZ,20220811,32.99,33.6,32.96,33.33,32.79,0.54,1.6468,504344.23,1681041.497,0.5,0.5,,,,,
002415.SZ,20220812,33.34,33.66,32.86,33.41,33.33,0.08,0.24,518736.29,1727623.253,0.5,0.5,,,,,
002415.SZ,20220815,32.79,32.79,31.09,31.8,33.41,-1.61,-4.8189,1623248.12,5154249.21,0.5,0.5,,,,,
002415.SZ,20220816,31.55,31.83,31.38,31.42,31.8,-0.38,-1.195,688534.62,2172028.851,0.5,0.5,,,,,
002415.SZ,20220817,31.45,31.71,31.11,31.65,31.42,0.23,0.732,479175.27,1506034.291,0.5,0.5,,,,,
002415.SZ,20220818,31.56,31.56,31.25,31.3,31.65,-0.35,-1.1058,383052.48,1200166.228,0.5,0.5,,,,,
002415.SZ,20220819,31.3,31.39,30.91,30.97,31.3,-0.33,-1.0543,462919.89,1439729.791,0.5,0.5,,,,,
002415.SZ,20220822,30.81,31.19,30.57,30.99,30.97,0.02,0.0646,423628.6,1311805.185,0.5,0.5,,,,,
002415.SZ,20220823,30.86,31.12,30.6,30.82,30.99,-0.17,-0.5486,351183.68,1082248.595,0.5,0.5,,,,,
002415.SZ,20220824,30.8,30.82,30.0,30.23,30.82,-0.59,-1.9143,642142.7,1945695.324,0.5,0.5,,,,,
002415.SZ,20220825,30.24,30.3,29.31,29.44,30.23,-0.79,-2.6133,680810.56,2012621.631,0.5,0.5,,,,,
002415.SZ,20220826,29.53,30.24,29.26,29.93,29.44,0.49,1.6644,533704.14,1595574.252,0.5,0.5,,,,,
002415.SZ,20220829,29.58,29.95,29.38,29.95,29.93,0.02,0.0668,361384.64,1068868.192,0.5,0.5,,,,,
002415.SZ,20220830,29.85,30.15,29.7,29.82,29.95,-0.13,-0.4341,271347.2,810503.572,0.5,0.5,,,,,
002415.SZ,20220831,29.78,30.05,29.6,29.87,29.82,0.05,0.1677,354560.05,1058705.261,0.5,0.5,,,,,
002415.SZ,20220901,29.79,30.03,29.65,29.7,29.87,-0.17,-0.5691,315608.41,940276.613,0.5,0.5,,,,,
002415.SZ,20220902,29.73,29.79,29.38,29.5,29.7,-0.2,-0.6734,262827.74,775640.446,0.5,0.5,,,,,
002415.SZ,20220905,29.49,29.49,28.1,28.39,29.5,-1.11,-3.7627,720353.77,2061412.934,0.5,0.5,,,,,
002415.SZ,20220906,28.42,29.05,28.11,28.87,28.39,0.48,1.6907,562060.42,1604830.547,0.5,0.5,,,,,
002415.SZ,20220907,28.7,29.01,28.39,28.55,28.87,-0.32,-1.1084,435321.12,1247388.937,0.5,0.5,,,,,
002415.SZ,20220908,28.62,28.86,28.24,28.65,28.55,0.1,0.3503,398821.14,1139941.092,0.5,0.5,,,,,
002415.SZ,20220909,28.61,29.1,28.5,28.98,28.65,0.33,1.1518,443767.41,1283814.255,0.5,0.5,,,,,
002415.SZ,20220913,29.08,29.67,29.07,29.62,28.98,0.64,2.2084,558433.91,1646972.305,0.5,0.5,,,,,
002415.SZ,20220914,29.2,29.42,29.01,29.25,29.62,-0.37,-1.2492,352420.79,1029001.886,0.5,0.5,,,,,
002415.SZ,20220915,29.3,29.67,28.81,28.99,29.25,-0.26,-0.8889,408220.38,1194927.018,0.5,0.5,,,,,
002415.SZ,20220916,30.2,30.7,29.53,29.8,28.99,0.81,2.7941,1157651.24,3494499.557,0.5,0.5,,,,,
002415.SZ,20220919,29.51,29.99,28.8,29.65,29.8,-0.15,-0.5034,532512.27,1575243.148,0.5,0.5,,,,,
002415.SZ,20220920,29.69,30.38,29.53,30.23,29.65,0.58,1.9562,498627.54,1500135.935,0.5,0.5,,,,,
002415.SZ,20220921,30.2,30.68,29.81,30.24,30.23,0.01,0.0331,456444.9,1386427.68,0.5,0.5,,,,,
002415.SZ,20220922,30.0,30.59,29.58,29.59,30.24,-0.65,-2.1495,433541.09,1304324.01,0.5,0.5,,,,,
002415.SZ,20220923,29.49,29.55,28.7,29.05,29.59,-0.54,-1.8249,487608.11,1416022.813,0.5,0.5,,,,,
002415.SZ,20220926,28.73,29.15,28.61,28.88,29.05,-0.17,-0.5852,348584.91,1009048.358,0.5,0.5,,,,,
002415.SZ,20220927,28.9,29.47,28.75,29.45,28.88,0.57,1.9737,330105.54,961942.12,0.5,0.5,,,,,
002415.SZ,20220928,29.3,30.46,29.24,30.1,29.45,0.65,2.2071,741446.54,2234354.696,0.5,0.5,,,,,
002415.SZ,20220929,30.19,30.49,30.05,30.41,30.1,0.31,1.0299,488331.83,1479249.965,0.5,0.5,,,,,
002415.SZ,20220930,30.22,30.69,30.04,30.42,30.41,0.01,0.0329,415771.44,1268536.888,0.5,0.5,,,,,
002415.SZ,20221010,30.42,30.42,29.05,29.1,30.42,-1.32,-4.3393,475813.56,1404705.046,0.5,0.5,,,,,
002415.SZ,20221011,29.1,29.69,28.61,29.3,29.1,0.2,0.6873,322502.54,940438.636,0.5,0.5,,,,,
002415.SZ,20221012,29.2,29.37,28.5,29.37,29.3,0.07,0.2389,382796.77,1107718.946,0.5,0.5,,,,,
002415.SZ,20221013,29.09,29.95,28.83,29.5,29.37,0.13,0.4426,339929.53,997767.01,0.5,0.5,,,,,
002415.SZ,20221014,29.73,30.6,29.35,30.28,29.5,0.78,2.6441,544782.95,1639917.704,0.5,0.5,,,,,
002415.SZ,20221017,30.05,31.36,29.85,31.29,30.28,1.01,3.3355,612672.37,1881734.305,0.5,0.5,,,,,
002415.SZ,20221018,31.31,31.38,30.76,31.05,31.29,-0.24,-0.767,394319.68,1223186.413,0.5,0.5,,,,,
002415.SZ,20221019,30.97,30.97,30.15,30.16,31.05,-0.89,-2.8663,349938.44,1068147.596,0.5,0.5,,,,,
002415.SZ,20221020,30.0,30.87,29.96,30.45,30.16,0.29,0.9615,349590.07,1065601.779,0.5,0.5,,,,,
002415.SZ,20221021,30.47,30.58,30.01,30.18,30.45,-0.27,-0.8867,229182.69,693359.042,0.5,0.5,,,,,
002415.SZ,20221024,30.14,30.43,29.45,29.6,30.18,-0.58,-1.9218,365915.81,1090868.893,0.5,0.5,,,,,
002415.SZ,20221025,29.4,29.49,28.8,29.02,29.6,-0.58,-1.9595,343959.46,1000868.77,0.5,0.5,,,,,
002415.SZ,20221026,29.1,29.68,29.02,29.36,29.02,0.34,1.1716,318774.1,937051.057,0.5,0.5,,,,,
002415.SZ,20221027,29.4,30.15,29.24,29.87,29.36,0.51,1.7371,364754.03,1086874.375,0.5,0.5,,,,,
002415.SZ,20221028,29.75,29.77,28.11,28.4,29.87,-1.47,-4.9213,799358.61,2285355.057,0.5,0.5,,,,,
002415.SZ,20221031,27.01,28.72,26.8,28.42,28.4,0.02,0.0704,784490.52,2179270.087,0.5,0.5,,,,,
002415.SZ,20221101,28.38,28.87,27.92,28.85,28.42,0.43,1.513,398901.1,1138524.851,0.5,0.5,,,,,
002415.SZ,20221102,28.58,29.6,28.57,29.3,28.85,0.45,1.5598,515792.31,1504482.836,0.5,0.5,,,,,
002415.SZ,20221103,29.1,29.44,28.8,29.31,29.3,0.01,0.0341,332389.61,967015.061,0.5,0.5,,,,,
002415.SZ,20221104,29.2,30.2,29.12,30.02,29.31,0.71,2.4224,570378.36,1701830.979,0.5,0.5,,,,,
002415.SZ,20221107,29.81,30.15,29.68,29.83,30.02,-0.19,-0.6329,357712.14,1068915.873,0.5,0.5,,,,,
002415.SZ,20221108,29.78,29.79,29.31,29.57,29.83,-0.26,-0.8716,304936.19,900518.613,0.5,0.5,,,,,
002415.SZ,20221109,29.4,29.61,28.85,28.97,29.57,-0.6,-2.0291,319411.29,932577.837,0.5,0.5,,,,,
002415.SZ,20221110,28.8,28.95,28.56,28.68,28.97,-0.29,-1.001,263089.37,755824.651,0.5,0.5,,,,,
002415.SZ,20221111,29.57,30.05,28.86,29.81,28.68,1.13,3.94,655618.27,1937025.804,0.5,0.5,,,,,
002415.SZ,20221114,29.82,30.6,29.82,30.59,29.81,0.78,2.6166,629944.69,1908445.852,0.5,0.5,,,,,
002415.SZ,20221115,30.55,31.8,30.22,31.78,30.59,1.19,3.8902,899182.41,2803483.713,0.5,0.5,,,,,
002415.SZ,20221116,31.71,31.9,31.36,31.42,31.78,-0.36,-1.1328,497212.17,1571135.812,0.5,0.5,,,,,
002415.SZ,20221117,31.5,31.66,30.95,31.57,31.42,0.15,0.4774,362665.83,1134422.75,0.5,0.5,,,,,
002415.SZ,20221118,31.65,32.96,31.61,32.44,31.57,0.87,2.7558,888623.8,2891975.558,0.5,0.5,,,,,
002415.SZ,20221121,32.18,32.69,31.27,32.54,32.44,0.1,0.3083,609378.46,1951696.405,0.5,0.5,,,,,
002415.SZ,20221122,32.3,32.52,31.64,31.89,32.54,-0.65,-1.9975,348374.6,1117426.268,0.5,0.5,,,,,
002415.SZ,20221123,31.95,32.28,30.95,31.31,31.89,-0.58,-1.8188,374303.7,1174692.182,0.5,0.5,,,,,
002415.SZ,20221124,31.4,31.48,31.08,31.2,31.31,-0.11,-0.3513,196122.53,613223.71,0.5,0.5,,,,,
002415.SZ,20221125,31.2,31.48,30.86,30.9,31.2,-0.3,-0.9615,232384.8,723559.257,0.5,0.5,,,,,
002415.SZ,20221128,29.7,30.99,29.53,30.37,30.9,-0.53,-1.7152,404537.29,1226979.243,0.5,0.5,,,,,
002415.SZ,20221129,30.38,31.8,30.38,31.64,30.37,1.27,4.1818,420179.77,1315940.515,0.5,0.5,,,,,
002415.SZ,20221130,31.59,32.28,31.23,31.51,31.64,-0.13,-0.4109,371432.63,1176415.267,0.5,0.5,,,,,
002415.SZ,20221201,32.2,32.57,31.81,32.05,31.51,0.54,1.7137,381121.24,1225279.811,0.5,0.5,,,,,
002415.SZ,20221202,31.82,32.26,31.82,31.95,32.05,-0.1,-0.312,237552.75,760972.746,0.5,0.5,,,,,
002415.SZ,20221205,32.5,33.52,32.02,33.43,31.95,1.48,4.6322,788563.16,2595966.478,0.5,0.5,,,,,
002415.SZ,20221206,33.22,34.88,33.18,34.12,33.43,0.69,2.064,808710.91,2783069.779,0.5,0.5,,,,,
002415.SZ,20221207,34.11,34.4,33.57,33.8,34.12,-0.32,-0.9379,354191.13,1199972.504,0.5,0.5,,,,,
002415.SZ,20221208,33.7,33.96,33.3,33.7,33.8,-0.1,-0.2959,345998.84,1164531.166,0.5,0.5,,,,,
002415.SZ,20221209,33.65,35.1,33.55,34.54,33.7,0.84,2.4926,640498.92,2199212.426,0.5,0.5,,,,,
002415.SZ,20221212,34.5,34.99,34.25,34.39,34.54,-0.15,-0.4343,465356.99,1615073.407,0.5,0.5,,,,,
002415.SZ,20221213,34.36,34.99,34.36,34.62,34.39,0.23,0.6688,310577.8,1080738.766,0.5,0.5,,,,,
002415.SZ,20221214,34.65,35.66,34.53,34.99,34.62,0.37,1.0687,466704.63,1648362.501,0.5,0.5,,,,,
002415.SZ,20221215,35.0,35.21,34.42,34.91,34.99,-0.08,-0.2286,286212.68,995850.103,0.5,0.5,,,,,
002415.SZ,20221216,34.54,35.5,34.32,34.34,34.91,-0.57,-1.6328,284112.58,989076.534,0.5,0.5,,,,,
002415.SZ,20221219,34.97,34.97,34.02,34.2,34.34,-0.14,-0.4077,301657.13,1040430.483,0.5,0.5,,,,,
002415.SZ,20221220,34.29,34.39,33.01,33.45,34.2,-0.75,-2.193,471980.06,1585403.63,0.5,0.5,,,,,
002415.SZ,20221221,33.47,33.94,33.22,33.66,33.45,0.21,0.6278,208266.7,702163.118,0.5,0.5,,,,,
002415.SZ,20221222,33.97,34.74,33.8,34.0,33.66,0.34,1.0101,288721.94,992102.962,0.5,0.5,,,,,
002415.SZ,20221223,34.0,34.93,33.6,34.63,34.0,0.63,1.8529,306544.68,1060032.356,0.5,0.5,,,,,
002415.SZ,20221226,34.63,35.2,34.41,34.92,34.63,0.29,0.8374,276617.01,965475.547,0.5,0.5,,,,,
002415.SZ,20221227,34.98,35.26,34.34,34.51,34.92,-0.41,-1.1741,324946.22,1124880.524,0.5,0.5,,,,,
002415.SZ,20221228,34.54,34.55,33.55,34.0,34.51,-0.51,-1.4778,378824.33,1283801.075,0.5,0.5,,,,,
002415.SZ,20221229,33.7,34.3,33.38,34.25,34.0,0.25,0.7353,331507.49,1125561.032,0.5,0.5,,,,,
002415.SZ,20221230,34.4,34.79,34.09,34.68,34.25,0.43,1.2555,297998.13,1028905.815,0.5,0.5,,,,,
002415.SZ,20230103,34.6,34.94,34.01,34.29,34.68,-0.39,-1.1246,300607.73,1035688.644,0.5,0.5,,,,,
002415.SZ,20230104,34.16,34.47,33.35,33.92,34.29,-0.37,-1.079,345958.11,1168725.298,0.5,0.5,,,,,
002415.SZ,20230105,33.92,34.66,33.85,34.35,33.92,0.43,1.2677,376571.31,1289628.576,0.5,0.5,,,,,
002415.SZ,20230106,34.35,34.35,33.67,33.75,34.35,-0.6,-1.7467,271465.97,918474.684,0.5,0.5,,,,,
002415.SZ,20230109,33.5,33.8,33.01,33.07,33.75,-0.68,-2.0148,454191.39,1509679.045,0.5,0.5,,,,,
002415.SZ,20230110,33.08,33.57,32.19,33.34,33.07,0.27,0.8164,447534.35,1477216.121,0.5,0.5,,,,,
002415.SZ,20230111,33.29,33.29,32.7,32.89,33.34,-0.45,-1.3497,350216.48,1153769.993,0.5,0.5,,,,,
002415.SZ,20230112,32.89,33.15,32.51,32.66,32.89,-0.23,-0.6993,280308.51,918373.569,0.5,0.5,,,,,
002415.SZ,20230113,32.7,33.7,32.64,33.64,32.66,0.98,3.0006,347173.27,1153396.534,0.5,0.5,,,,,
002415.SZ,20230116,33.62,35.03,33.44,34.67,33.64,1.03,3.0618,584593.65,2021984.249,0.5,0.5,,,,,
002415.SZ,20230117,34.7,35.25,34.63,34.75,34.67,0.08,0.2307,285819.98,995956.443,0.5,0.5,,,,,
002415.SZ,20230118,34.7,35.66,34.6,35.16,34.75,0.41,1.1799,380379.76,1342497.924,0.5,0.5,,,,,
002415.SZ,20230119,35.14,36.9,35.0,36.79,35.16,1.63,4.6359,615355.11,2232133.545,0.5,0.5,,,,,
002415.SZ,20230120,36.66,38.0,36.61,36.73,36.79,-0.06,-0.1631,469366.38,1746545.502,0.5,0.5,,,,,
002415.SZ,20230130,37.11,38.56,36.98,37.05,36.73,0.32,0.8712,510443.24,1918690.154,0.5,0.5,,,,,
002415.SZ,20230131,37.05,37.68,35.66,35.85,37.05,-1.2,-3.2389,494704.1,1788753.23,0.5,0.5,,,,,
002415.SZ,20230201,35.86,36.65,35.66,36.25,35.85,0.4,1.1158,327068.7,1180240.719,0.5,0.5,,,,,
002415.SZ,20230202,36.24,37.26,35.99,36.39,36.25,0.14,0.3862,353842.55,1295657.132,0.5,0.5,,,,,
002415.SZ,20230203,36.3,36.88,35.73,36.7,36.39,0.31,0.8519,349942.74,1270726.772,0.5,0.5,,,,,
002415.SZ,20230206,36.6,37.55,36.23,36.52,36.7,-0.18,-0.4905,498204.58,1838212.363,0.5,0.5,,,,,
002415.SZ,20230207,36.61,37.69,36.56,37.26,36.52,0.74,2.0263,553709.0,2062122.951,0.5,0.5,,,,,
002415.SZ,20230208,37.28,37.29,36.66,36.9,37.26,-0.36,-0.9662,320580.78,1183532.336,0.5,0.5,,,,,
002415.SZ,20230209,36.68,37.85,36.4,37.73,36.9,0.83,2.2493,382055.08,1428022.864,0.5,0.5,,,,,
002415.SZ,20230210,37.73,37.74,36.4,36.7,37.73,-1.03,-2.7299,403994.33,1490294.049,0.5,0.5,,,,,
002415.SZ,20230213,36.48,36.75,35.85,36.6,36.7,-0.1,-0.2725,345027.64,1254114.214,0.5,0.5,,,,,
002415.SZ,20230214,36.6,36.64,35.94,36.18,36.6,-0.42,-1.1475,239805.13,867367.223,0.5,0.5,,,,,
002415.SZ,20230215,36.02,36.37,35.67,36.18,36.18,0.0,0.0,256272.23,923623.983,0.5,0.5,,,,,
002415.SZ,20230216,36.17,38.52,36.17,37.39,36.18,1.21,3.3444,1050072.77,3946666.197,0.5,0.5,,,,,
002415.SZ,20230217,36.99,37.44,36.51,36.51,37.39,-0.88,-2.3536,454479.08,1676368.0,0.5,0.5,,,,,
002415.SZ,20230220,36.0,38.95,35.85,38.7,36.51,2.19,5.9984,923025.94,3514053.21,0.5,0.5,,,,,
002415.SZ,20230221,38.7,39.78,38.26,38.76,38.7,0.06,0.155,611727.81,2379282.776,0.5,0.5,,,,,
002415.SZ,20230222,38.61,38.99,37.9,38.17,38.76,-0.59,-1.5222,424492.67,1621875.087,0.5,0.5,,,,,
002415.SZ,20230223,38.18,38.35,37.47,37.74,38.17,-0.43,-1.1265,286156.84,1080396.425,0.5,0.5,,,,,
002415.SZ,20230224,37.77,38.36,37.4,37.68,37.74,-0.06,-0.159,282331.23,1067144.764,0.5,0.5,,,,,
002415.SZ,20230227,37.52,37.85,37.11,37.22,37.68,-0.46,-1.2208,262678.52,981883.062,0.5,0.5,,,,,
002415.SZ,20230228,37.89,38.87,37.7,38.38,37.22,1.16,3.1166,422213.87,1618936.828,0.5,0.5,,,,,
002415.SZ,20230301,38.38,39.9,38.3,39.81,38.38,1.43,3.7259,666088.03,2630519.538,0.5,0.5,,,,,
002415.SZ,20230302,39.6,40.33,39.2,39.4,39.81,-0.41,-1.0299,420748.99,1668002.118,0.5,0.5,,,,,
002415.SZ,20230303,39.5,39.59,38.75,39.37,39.4,-0.03,-0.0761,285898.47,1118914.824,0.5,0.5,,,,,
002415.SZ,20230306,39.47,40.28,39.31,39.9,39.37,0.53,1.3462,347939.31,1391047.756,0.5,0.5,,,,,
002415.SZ,20230307,39.85,40.67,38.69,38.92,39.9,-0.98,-2.4561,373175.6,1467586.578,0.5,0.5,,,,,
002415.SZ,20230308,38.8,39.1,38.12,39.0,38.92,0.08,0.2055,324064.82,1249580.788,0.5,0.5,,,,,
002415.SZ,20230309,39.0,39.09,38.11,38.32,39.0,-0.68,-1.7436,349158.37,1341408.235,0.5,0.5,,,,,
002415.SZ,20230310,38.11,38.76,37.6,37.81,38.32,-0.51,-1.3309,404164.18,1535014.721,0.5,0.5,,,,,
002415.SZ,20230313,37.4,39.36,37.37,39.21,37.81,1.4,3.7027,520131.22,2010794.073,0.5,0.5,,,,,
002415.SZ,20230314,39.2,39.5,38.58,38.9,39.21,-0.31,-0.7906,390504.4,1521646.293,0.5,0.5,,,,,
002415.SZ,20230315,39.39,40.88,38.93,39.08,38.9,0.18,0.4627,717822.24,2868927.645,0.5,0.5,,,,,
002415.SZ,20230316,38.71,39.21,37.85,38.01,39.08,-1.07,-2.738,415925.19,1596316.536,0.5,0.5,,,,,
002415.SZ,20230317,38.4,40.8,38.38,40.35,38.01,2.34,6.1563,946184.89,3786373.031,0.5,0.5,,,,,
002415.SZ,20230320,40.35,42.7,40.34,41.26,40.35,0.91,2.2553,1120275.19,4694980.851,0.5,0.5,,,,,
002415.SZ,20230321,41.01,41.76,40.48,41.0,41.26,-0.26,-0.6302,453716.47,1863444.849,0.5,0.5,,,,,
002415.SZ,20230322,41.0,42.88,40.99,42.8,41.0,1.8,4.3902,721256.38,3047723.463,0.5,0.5,,,,,
002415.SZ,20230323,42.55,45.0,42.35,44.8,42.8,2.0,4.6729,1049297.27,4615118.117,0.5,0.5,,,,,
002415.SZ,20230324,44.8,45.01,43.34,44.6,44.8,-0.2,-0.4464,673999.73,2989750.204,0.5,0.5,,,,,
002415.SZ,20230327,44.0,46.34,43.02,43.61,44.6,-0.99,-2.2197,1020358.51,4506447.597,0.5,0.5,,,,,
002415.SZ,20230328,43.56,43.56,42.08,42.45,43.61,-1.16,-2.6599,673981.64,2882374.234,0.5,0.5,,,,,
002415.SZ,20230329,42.45,43.51,41.59,42.8,42.45,0.35,0.8245,494972.03,2111598.014,0.5,0.5,,,,,
002415.SZ,20230330,42.59,42.7,40.72,41.6,42.8,-1.2,-2.8037,705867.57,2924683.333,0.5,0.5,,,,,
002415.SZ,20230331,41.69,43.46,41.28,42.66,41.6,1.06,2.5481,612881.52,2601304.037,0.5,0.5,,,,,
002415.SZ,20230403,42.9,43.65,41.04,42.43,42.66,-0.23,-0.5391,914916.42,3836277.017,0.5,0.5,,,,,
002415.SZ,20230404,42.35,46.17,42.0,44.91,42.43,2.48,5.8449,1111948.96,4904280.241,0.5,0.5,,,,,
002415.SZ,20230406,43.6,44.94,43.38,43.86,44.91,-1.05,-2.338,761111.71,3352414.059,0.5,0.5,,,,,
002415.SZ,20230407,43.9,46.8,43.9,45.58,43.86,1.72,3.9216,784732.97,3572771.702,0.5,0.5,,,,,
002415.SZ,20230410,47.99,48.84,44.44,45.05,45.58,-0.53,-1.1628,1023651.18,4775743.348,0.5,0.5,,,,,
002415.SZ,20230411,44.51,45.89,43.69,44.38,45.05,-0.67,-1.4872,589568.57,2632625.896,0.5,0.5,,,,,
002415.SZ,20230412,44.31,46.68,44.31,46.37,44.38,1.99,4.484,654572.11,2992021.442,0.5,0.5,,,,,
002415.SZ,20230413,45.73,46.25,44.9,45.2,46.37,-1.17,-2.5232,438487.96,1989915.774,0.5,0.5,,,,,
002415.SZ,20230414,45.08,45.17,43.1,44.56,45.2,-0.64,-1.4159,682534.86,3004695.553,0.5,0.5,,,,,
002415.SZ,20230417,43.29,44.5,42.08,43.95,44.56,-0.61,-1.3689,754625.3,3294715.524,0.5,0.5,,,,,
002415.SZ,20230418,43.85,44.35,42.45,43.54,43.95,-0.41,-0.9329,546392.87,2365180.596,0.5,0.5,,,,,
002415.SZ,20230419,43.48,44.2,42.81,43.16,43.54,-0.38,-0.8728,466694.7,2030526.193,0.5,0.5,,,,,
002415.SZ,20230420,43.16,43.55,40.57,41.62,43.16,-1.54,-3.5681,1367786.85,5651599.198,0.5,0.5,,,,,
002415.SZ,20230421,41.4,42.05,39.7,39.72,41.62,-1.9,-4.5651,891761.84,3619640.017,0.5,0.5,,,,,
002415.SZ,20230424,40.03,40.8,38.78,39.25,39.72,-0.47,-1.1833,588257.67,2329736.209,0.5,0.5,,,,,
002415.SZ,20230425,39.2,39.47,36.96,37.45,39.25,-1.8,-4.586,1034495.36,3905401.995,0.5,0.5,,,,,
002415.SZ,20230426,37.47,37.8,36.43,37.1,37.45,-0.35,-0.9346,716750.56,2655551.156,0.5,0.5,,,,,
002415.SZ,20230427,37.0,38.44,36.9,37.9,37.1,0.8,2.1563,481493.83,1823913.801,0.5,0.5,,,,,
002415.SZ,20230428,37.54,38.15,37.23,37.75,37.9,-0.15,-0.3958,435613.36,1641296.439,0.5,0.5,,,,,
002415.SZ,20230504,37.7,37.75,36.6,37.2,37.75,-0.55,-1.457,429395.19,1593912.285,0.5,0.5,,,,,
002415.SZ,20230505,37.17,37.46,35.66,36.06,37.2,-1.14,-3.0645,605513.17,2195611.958,0.5,0.5,,,,,
002415.SZ,20230508,36.19,37.16,35.66,35.92,36.06,-0.14,-0.3882,514451.01,1862099.583,0.5,0.5,,,,,
002415.SZ,20230509,35.95,36.4,35.22,35.95,35.92,0.03,0.0835,397604.0,1431613.007,0.5,0.5,,,,,
002415.SZ,20230510,35.9,36.6,35.71,36.4,35.95,0.45,1.2517,333926.04,1208723.852,0.5,0.5,,,,,
002415.SZ,20230511,36.42,36.68,36.01,36.27,36.4,-0.13,-0.3571,238827.54,869517.332,0.5,0.5,,,,,
002415.SZ,20230512,36.31,36.55,35.25,35.45,36.27,-0.82,-2.2608,331061.6,1179969.017,0.5,0.5,,,,,
002415.SZ,20230515,35.48,35.6,34.6,35.36,35.45,-0.09,-0.2539,414278.88,1448630.038,0.5,0.5,,,,,
002415.SZ,20230516,35.51,35.69,34.85,35.45,35.36,0.09,0.2545,313996.02,1107451.677,0.5,0.5,,,,,
002415.SZ,20230517,35.25,35.29,34.77,35.0,35.45,-0.45,-1.2694,265898.8,929146.202,0.5,0.5,,,,,
002415.SZ,20230518,35.01,35.67,34.5,35.53,35.0,0.53,1.5143,393147.58,1381185.53,0.5,0.5,,,,,
002415.SZ,20230519,35.0,35.87,34.35,35.62,34.83,0.79,2.2682,483079.7,1698930.155,0.5,0.5,,,,,
002415.SZ,20230522,35.7,36.39,35.35,35.88,35.62,0.26,0.7299,314083.71,1127705.595,0.5,0.5,,,,,
002415.SZ,20230523,35.88,37.0,35.83,36.68,35.88,0.8,2.2297,450153.52,1646861.935,0.5,0.5,,,,,
002415.SZ,20230524,36.4,36.46,35.8,36.0,36.68,-0.68,-1.8539,255377.92,920795.503,0.5,0.5,,,,,
002415.SZ,20230525,35.95,36.35,34.59,34.95,36.0,-1.05,-2.9167,442214.06,1557377.12,0.5,0.5,,,,,
002415.SZ,20230526,35.2,35.61,34.46,35.44,34.95,0.49,1.402,348414.4,1219071.414,0.5,0.5,,,,,
002415.SZ,20230529,35.44,35.67,33.7,34.0,35.44,-1.44,-4.0632,577366.0,1980768.901,0.5,0.5,,,,,
002415.SZ,20230530,34.0,35.19,33.8,35.16,34.0,1.16,3.4118,376373.69,1297536.753,0.5,0.5,,,,,
002415.SZ,20230531,35.17,35.48,34.6,34.86,35.16,-0.3,-0.8532,257120.0,898775.679,0.5,0.5,,,,,
002415.SZ,20230601,34.89,36.4,34.44,35.9,34.86,1.04,2.9834,507622.06,1811833.583,0.5,0.5,,,,,
002415.SZ,20230602,35.9,36.08,35.48,35.91,35.9,0.01,0.0279,296012.61,1059791.897,0.5,0.5,,,,,
002415.SZ,20230605,35.92,36.58,35.61,36.0,35.91,0.09,0.2506,341779.61,1232902.733,0.5,0.5,,,,,
002415.SZ,20230606,36.0,36.18,34.89,34.9,36.0,-1.1,-3.0556,311116.6,1103335.255,0.5,0.5,,,,,
002415.SZ,20230607,34.86,35.2,34.5,34.72,34.9,-0.18,-0.5158,244921.93,851616.755,0.5,0.5,,,,,
002415.SZ,20230608,34.65,35.0,34.31,34.55,34.72,-0.17,-0.4896,185684.26,641478.095,0.5,0.5,,,,,
002415.SZ,20230609,34.6,34.64,31.39,32.36,34.55,-2.19,-6.3386,1186534.6,3851762.503,0.5,0.5,,,,,
002415.SZ,20230612,32.16,32.56,31.21,31.75,32.36,-0.61,-1.885,813857.84,2588196.301,0.5,0.5,,,,,
002415.SZ,20230613,31.85,33.76,31.67,33.58,31.75,1.83,5.7638,781269.12,2577306.356,0.5,0.5,,,,,
002415.SZ,20230614,33.5,34.03,33.18,33.37,33.58,-0.21,-0.6254,462296.83,1550844.814,0.5,0.5,,,,,
002415.SZ,20230615,33.38,33.87,32.9,33.44,33.37,0.07,0.2098,369679.62,1235224.262,0.5,0.5,,,,,
002415.SZ,20230616,33.76,35.46,33.21,35.14,33.44,1.7,5.0837,625822.02,2161041.165,0.5,0.5,,,,,
002415.SZ,20230619,35.14,36.58,34.76,36.15,35.14,1.01,2.8742,704937.07,2535874.657,0.5,0.5,,,,,
002415.SZ,20230620,36.07,36.65,35.61,36.34,36.15,0.19,0.5256,505903.14,1833538.497,0.5,0.5,,,,,
002415.SZ,20230621,36.17,36.17,35.16,35.16,36.34,-1.18,-3.2471,395454.58,1409074.097,0.5,0.5,,,,,
002415.SZ,20230626,34.67,35.1,33.8,33.84,35.16,-1.32,-3.7543,423553.54,1451251.723,0.5,0.5,,,,,
002415.SZ,20230627,34.02,34.5,33.81,34.1,33.84,0.26,0.7683,347780.61,1187684.147,0.5,0.5,,,,,
002415.SZ,20230628,34.15,34.22,32.85,33.74,34.1,-0.36,-1.0557,369919.26,1238253.502,0.5,0.5,,,,,
002415.SZ,20230629,33.73,34.04,33.19,33.37,33.74,-0.37,-1.0966,259115.19,869085.694,0.5,0.5,,,,,
002415.SZ,20230630,33.38,33.62,32.94,33.11,33.37,-0.26,-0.7791,342203.96,1135996.348,0.5,0.5,,,,,
002415.SZ,20230703,33.12,33.67,33.08,33.4,33.11,0.29,0.8759,346353.57,1155896.42,0.5,0.5,,,,,
002415.SZ,20230704,33.34,35.11,33.15,34.59,33.4,1.19,3.5629,582922.29,2005900.061,0.5,0.5,,,,,
002415.SZ,20230705,34.51,34.55,33.9,34.27,34.59,-0.32,-0.9251,293647.7,1006405.856,0.5,0.5,,,,,
002415.SZ,20230706,34.08,34.51,33.68,33.88,34.27,-0.39,-1.138,278127.69,945843.925,0.5,0.5,,,,,
002415.SZ,20230707,33.55,33.59,32.86,33.3,33.88,-0.58,-1.7119,231790.09,769467.124,0.5,0.5,,,,,
002415.SZ,20230710,33.51,34.07,33.15,34.05,33.3,0.75,2.2523,263891.53,890734.46,0.5,0.5,,,,,
002415.SZ,20230711,34.0,34.37,33.88,34.2,34.05,0.15,0.4405,208075.69,711369.264,0.5,0.5,,,,,
002415.SZ,20230712,34.21,34.68,33.75,34.29,34.2,0.09,0.2632,299860.63,1026805.636,0.5,0.5,,,,,
002415.SZ,20230713,34.29,34.95,34.29,34.88,34.29,0.59,1.7206,256819.06,890722.422,0.5,0.5,,,,,
002415.SZ,20230714,34.82,35.25,34.55,34.65,34.88,-0.23,-0.6594,224810.94,784083.374,0.5,0.5,,,,,
002415.SZ,20230717,34.6,34.65,33.99,34.21,34.65,-0.44,-1.2698,169352.49,579343.572,0.5,0.5,,,,,
002415.SZ,20230718,34.17,34.44,34.0,34.07,34.21,-0.14,-0.4092,170716.54,583030.477,0.5,0.5,,,,,
002415.SZ,20230719,34.02,34.3,33.91,34.29,34.07,0.22,0.6457,135276.12,461623.539,0.5,0.5,,,,,
002415.SZ,20230720,34.62,34.76,33.8,33.82,34.29,-0.47,-1.3707,185099.39,630801.661,0.5,0.5,,,,,
002415.SZ,20230721,33.7,33.95,33.31,33.42,33.82,-0.4,-1.1827,146682.62,492462.326,0.5,0.5,,,,,
002415.SZ,20230724,33.34,33.47,32.7,32.95,33.42,-0.47,-1.4063,194826.38,643044.27,0.5,0.5,,,,,
002415.SZ,20230725,33.4,34.8,33.36,34.49,32.95,1.54,4.6737,365991.52,1251282.747,0.5,0.5,,,,,
002415.SZ,20230726,34.4,34.59,33.96,34.11,34.49,-0.38,-1.1018,174767.27,596645.958,0.5,0.5,,,,,
002415.SZ,20230727,34.11,35.26,34.1,34.69,34.11,0.58,1.7004,301693.85,1050305.826,0.5,0.5,,,,,
002415.SZ,20230728,34.5,35.79,34.45,35.52,34.69,0.83,2.3926,374944.36,1324971.944,0.5,0.5,,,,,
002415.SZ,20230731,35.76,37.0,35.76,36.32,35.52,0.8,2.2523,452361.11,1651852.697,0.5,0.5,,,,,
002415.SZ,20230801,36.32,36.66,35.63,36.0,36.32,-0.32,-0.8811,264395.77,953915.181,0.5,0.5,,,,,
002415.SZ,20230802,36.0,36.21,35.53,35.66,36.0,-0.34,-0.9444,160861.55,575859.418,0.5,0.5,,,,,
002415.SZ,20230803,35.53,35.99,35.27,35.53,35.66,-0.13,-0.3646,193944.18,689634.68,0.5,0.5,,,,,
002415.SZ,20230804,35.81,36.83,35.81,36.55,35.53,1.02,2.8708,348024.35,1272450.076,0.5,0.5,,,,,
002415.SZ,20230807,36.54,37.65,36.25,36.58,36.55,0.03,0.0821,384304.35,1419429.978,0.5,0.5,,,,,
002415.SZ,20230808,36.68,36.85,36.1,36.33,36.58,-0.25,-0.6834,173045.06,629476.261,0.5,0.5,,,,,
002415.SZ,20230809,36.12,36.55,35.95,35.98,36.33,-0.35,-0.9634,133692.01,484082.43,0.5,0.5,,,,,
002415.SZ,20230810,35.9,36.55,35.9,36.2,35.98,0.22,0.6115,141067.91,510692.317,0.5,0.5,,,,,
002415.SZ,20230811,36.18,36.38,35.11,35.26,36.2,-0.94,-2.5967,288138.31,1025916.594,0.5,0.5,,,,,
002415.SZ,20230814,35.0,35.01,34.46,34.96,35.26,-0.3,-0.8508,187466.81,651486.656,0.5,0.5,,,,,
002415.SZ,20230815,34.96,35.3,34.42,34.82,34.96,-0.14,-0.4005,204481.49,711752.774,0.5,0.5,,,,,
002415.SZ,20230816,34.81,34.81,33.72,33.74,34.82,-1.08,-3.1017,228999.49,781453.409,0.5,0.5,,,,,
002415.SZ,20230817,33.71,34.68,33.5,34.4,33.74,0.66,1.9561,181998.49,623515.225,0.5,0.5,,,,,
002415.SZ,20230818,34.43,34.9,33.85,33.9,34.4,-0.5,-1.4535,168904.46,580431.978,0.5,0.5,,,,,
002415.SZ,20230821,34.02,35.45,34.0,34.37,33.9,0.47,1.3864,316680.0,1101333.591,0.5,0.5,,,,,
002415.SZ,20230822,34.7,35.34,34.26,35.19,34.37,0.82,2.3858,262268.97,913261.255,0.5,0.5,,,,,
002415.SZ,20230823,35.1,35.5,34.17,34.18,35.19,-1.01,-2.8701,270956.14,942754.951,0.5,0.5,,,,,
002415.SZ,20230824,34.35,34.68,33.8,34.19,34.18,0.01,0.0293,182755.46,626529.475,0.5,0.5,,,,,
002415.SZ,20230825,33.89,33.97,33.05,33.28,34.19,-0.91,-2.6616,254662.52,851393.166,0.5,0.5,,,,,
002415.SZ,20230828,35.03,35.26,33.8,34.04,33.28,0.76,2.2837,373131.31,1281621.748,0.5,0.5,,,,,
002415.SZ,20230829,33.95,35.48,33.74,35.36,34.04,1.32,3.8778,294233.93,1026723.44,0.5,0.5,,,,,
002415.SZ,20230830,35.36,35.7,34.92,35.45,35.36,0.09,0.2545,239541.06,845887.614,0.5,0.5,,,,,
002415.SZ,20230831,35.37,35.64,35.04,35.28,35.45,-0.17,-0.4795,137783.85,487171.251,0.5,0.5,,,,,
002415.SZ,20230901,35.27,35.8,35.0,35.55,35.28,0.27,0.7653,182718.25,647925.392,0.5,0.5,,,,,
002415.SZ,20230904,35.7,36.2,35.66,35.81,35.55,0.26,0.7314,276550.91,994070.621,0.5,0.5,,,,,
002415.SZ,20230905,35.68,36.11,35.44,35.53,35.81,-0.28,-0.7819,239584.01,855824.916,0.5,0.5,,,,,
002415.SZ,20230906,35.41,35.7,34.7,35.17,35.53,-0.36,-1.0132,243388.51,857981.421,0.5,0.5,,,,,
002415.SZ,20230907,35.17,35.17,34.2,34.3,35.17,-0.87,-2.4737,227248.52,786389.006,0.5,0.5,,,,,
002415.SZ,20230908,34.31,34.44,33.92,33.98,34.3,-0.32,-0.9329,162795.07,554665.272,0.5,0.5,,,,,
002415.SZ,20230911,34.0,34.5,33.8,34.0,33.98,0.02,0.0589,269222.89,918532.534,0.5,0.5,,,,,
002415.SZ,20230912,34.02,34.19,33.62,33.77,34.0,-0.23,-0.6765,210378.31,710866.019,0.5,0.5,,,,,
002415.SZ,20230913,33.78,33.8,33.0,33.23,33.77,-0.54,-1.5991,316078.99,1052486.579,0.5,0.5,,,,,
002415.SZ,20230914,33.22,33.43,33.04,33.24,33.23,0.01,0.0301,191118.41,635655.115,0.5,0.5,,,,,
002415.SZ,20230915,33.4,33.45,32.2,32.55,33.24,-0.69,-2.0758,335845.39,1098109.404,0.5,0.5,,,,,
002415.SZ,20230918,32.4,33.01,32.19,32.49,32.55,-0.06,-0.1843,200908.52,654820.0,0.5,0.5,,,,,
002415.SZ,20230919,32.51,32.53,31.72,31.85,32.49,-0.64,-1.9698,357424.04,1139201.404,0.5,0.5,,,,,
002415.SZ,20230920,31.85,32.05,31.66,32.01,31.85,0.16,0.5024,168770.36,538803.193,0.5,0.5,,,,,
002415.SZ,20230921,32.08,32.23,31.75,31.92,32.01,-0.09,-0.2812,135380.55,433460.907,0.5,0.5,,,,,
002415.SZ,20230922,31.91,33.29,31.84,33.2,31.92,1.28,4.01,302879.65,992854.05,0.5,0.5,,,,,
002415.SZ,20230925,33.2,33.34,32.9,33.05,33.2,-0.15,-0.4518,178380.95,590719.541,0.5,0.5,,,,,
002415.SZ,20230926,33.1,34.09,33.07,33.49,33.05,0.44,1.3313,341074.83,1148435.32,0.5,0.5,,,,,
002415.SZ,20230927,33.29,33.51,33.02,33.45,33.49,-0.04,-0.1194,148174.27,494387.038,0.5,0.5,,,,,
002415.SZ,20230928,33.45,33.87,33.38,33.8,33.45,0.35,1.0463,194514.18,655828.498,0.5,0.5,,,,,
002415.SZ,20231009,33.79,34.15,33.18,34.01,33.8,0.21,0.6213,218527.43,738476.479,0.5,0.5,,,,,
002415.SZ,20231010,34.22,34.27,33.67,33.81,34.01,-0.2,-0.5881,164097.24,557254.079,0.5,0.5,,,,,
002415.SZ,20231011,33.81,34.35,33.81,34.18,33.81,0.37,1.0944,180790.69,618047.197,0.5,0.5,,,,,
002415.SZ,20231012,34.35,34.7,34.08,34.6,34.18,0.42,1.2288,210843.44,727319.83,0.5,0.5,,,,,
002415.SZ,20231013,34.44,34.7,34.1,34.41,34.6,-0.19,-0.5491,162492.08,559055.88,0.5,0.5,,,,,
002415.SZ,20231016,34.36,34.36,33.66,33.77,34.41,-0.64,-1.8599,148580.72,502713.703,0.5,0.5,,,,,
002415.SZ,20231017,33.95,34.37,33.73,33.94,33.77,0.17,0.5034,145755.33,496243.214,0.5,0.5,,,,,
002415.SZ,20231018,33.93,34.04,33.6,33.69,33.94,-0.25,-0.7366,125514.99,423439.088,0.5,0.5,,,,,
002415.SZ,20231019,33.59,33.78,33.21,33.24,33.69,-0.45,-1.3357,132760.04,444941.714,0.5,0.5,,,,,
002415.SZ,20231020,33.16,33.3,32.58,32.69,33.24,-0.55,-1.6546,147114.71,482503.595,0.5,0.5,,,,,
002415.SZ,20231023,33.6,34.21,33.1,33.8,32.69,1.11,3.3955,382143.51,1286515.998,0.5,0.5,,,,,
002415.SZ,20231024,33.72,34.0,33.02,33.87,33.8,0.07,0.2071,285297.24,958465.643,0.5,0.5,,,,,
002415.SZ,20231025,34.8,35.69,34.72,35.27,33.87,1.4,4.1335,447794.25,1580201.713,0.5,0.5,,,,,
002415.SZ,20231026,35.0,35.4,34.76,35.34,35.27,0.07,0.1985,246673.52,866354.49,0.5,0.5,,,,,
002415.SZ,20231027,35.29,36.29,35.05,35.9,35.34,0.56,1.5846,344520.48,1235553.456,0.5,0.5,,,,,
002415.SZ,20231030,35.83,37.0,35.59,36.56,35.9,0.66,1.8384,364810.56,1331858.046,0.5,0.5,,,,,
002415.SZ,20231031,36.55,36.68,35.99,36.45,36.56,-0.11,-0.3009,224205.71,813131.574,0.5,0.5,,,,,
002415.SZ,20231101,36.49,36.59,35.9,36.17,36.45,-0.28,-0.7682,207964.63,751491.006,0.5,0.5,,,,,
002415.SZ,20231102,36.13,36.42,35.83,35.87,36.17,-0.3,-0.8294,145799.07,525630.241,0.5,0.5,,,,,
002415.SZ,20231103,36.0,36.31,35.76,35.81,35.87,-0.06,-0.1673,164707.67,592987.816,0.5,0.5,,,,,
002415.SZ,20231106,35.9,37.16,35.9,36.93,35.81,1.12,3.1276,345641.79,1267792.731,0.5,0.5,,,,,
002415.SZ,20231107,36.89,37.31,36.64,36.86,36.93,-0.07,-0.1895,253423.7,937293.013,0.5,0.5,,,,,
002415.SZ,20231108,36.67,37.53,36.59,37.22,36.86,0.36,0.9767,255359.96,950399.745,0.5,0.5,,,,,
002415.SZ,20231109,37.16,37.75,36.83,37.07,37.22,-0.15,-0.403,244293.4,908363.662,0.5,0.5,,,,,
002415.SZ,20231110,36.9,37.5,36.6,37.18,37.07,0.11,0.2967,175801.94,652796.922,0.5,0.5,,,,,
002415.SZ,20231113,37.25,37.58,36.91,37.24,37.18,0.06,0.1614,184446.98,688325.089,0.5,0.5,,,,,
002415.SZ,20231114,37.16,37.43,36.45,36.49,37.24,-0.75,-2.014,234207.17,862896.531,0.5,0.5,,,,,
002415.SZ,20231115,36.95,37.14,36.21,36.65,36.49,0.16,0.4385,191411.69,700813.389,0.5,0.5,,,,,
002415.SZ,20231116,36.5,36.79,36.0,36.0,36.65,-0.65,-1.7735,171762.3,622176.914,0.5,0.5,,,,,
002415.SZ,20231117,35.95,36.28,35.62,35.71,36.0,-0.29,-0.8056,198332.18,710774.917,0.5,0.5,,,,,
002415.SZ,20231120,35.7,36.06,35.47,35.79,35.71,0.08,0.224,179572.5,642473.51,0.5,0.5,,,,,
002415.SZ,20231121,35.83,36.36,35.72,35.87,35.79,0.08,0.2235,175026.64,629365.167,0.5,0.5,,,,,
002415.SZ,20231122,35.88,35.97,35.31,35.55,35.87,-0.32,-0.8921,125944.84,448657.017,0.5,0.5,,,,,
002415.SZ,20231123,35.55,35.95,35.21,35.85,35.55,0.3,0.8439,128441.95,458138.372,0.5,0.5,,,,,
002415.SZ,20231124,36.3,36.35,35.56,35.81,35.85,-0.04,-0.1116,150740.27,540096.404,0.5,0.5,,,,,
002415.SZ,20231127,35.81,35.82,35.1,35.28,35.81,-0.53,-1.48,174932.42,617485.197,0.5,0.5,,,,,
002415.SZ,20231128,35.18,35.49,35.11,35.28,35.28,0.0,0.0,123269.23,434855.887,0.5,0.5,,,,,
002415.SZ,20231129,35.28,35.44,34.88,35.02,35.28,-0.26,-0.737,124957.41,438948.209,0.5,0.5,,,,,
002415.SZ,20231130,34.83,35.08,34.67,34.79,35.02,-0.23,-0.6568,130609.42,455240.32,0.5,0.5,,,,,
002415.SZ,20231201,34.84,35.5,34.5,35.5,34.79,0.71,2.0408,202542.91,709156.817,0.5,0.5,,,,,
002415.SZ,20231204,35.6,35.99,34.88,34.9,35.5,-0.6,-1.6901,198809.88,701561.72,0.5,0.5,,,,,
002415.SZ,20231205,34.45,34.88,33.78,33.8,34.9,-1.1,-3.1519,224488.81,766527.95,0.5,0.5,,,,,
002415.SZ,20231206,33.77,34.05,33.35,33.6,33.8,-0.2,-0.5917,170696.5,575107.193,0.5,0.5,,,,,
002415.SZ,20231207,33.6,33.62,33.0,33.09,33.6,-0.51,-1.5179,247689.45,821678.041,0.5,0.5,,,,,
002415.SZ,20231208,33.1,33.52,32.65,32.65,33.09,-0.44,-1.3297,428555.54,1413581.351,0.5,0.5,,,,,
002415.SZ,20231211,32.67,34.25,32.51,34.18,32.65,1.53,4.6861,412223.6,1378790.832,0.5,0.5,,,,,
002415.SZ,20231212,34.01,34.15,33.51,34.02,34.18,-0.16,-0.4681,248030.7,838023.43,0.5,0.5,,,,,
002415.SZ,20231213,33.98,34.02,33.4,33.5,34.02,-0.52,-1.5285,178587.89,602268.36,0.5,0.5,,,,,
002415.SZ,20231214,33.6,33.76,33.25,33.32,33.5,-0.18,-0.5373,137703.61,460738.649,0.5,0.5,,,,,
002415.SZ,20231215,33.32,33.58,33.11,33.31,33.32,-0.01,-0.03,113719.13,378807.164,0.5,0.5,,,,,
002415.SZ,20231218,33.17,33.71,32.89,33.14,33.31,-0.17,-0.5104,126942.23,422959.126,0.5,0.5,,,,,
002415.SZ,20231219,33.02,33.32,32.8,33.32,33.14,0.18,0.5432,131521.99,435108.899,0.5,0.5,,,,,
002415.SZ,20231220,33.31,33.42,32.72,32.8,33.32,-0.52,-1.5606,156263.43,517117.205,0.5,0.5,,,,,
002415.SZ,20231221,32.67,33.08,32.61,32.88,32.8,0.08,0.2439,178765.54,586256.347,0.5,0.5,,,,,
002415.SZ,20231222,32.79,32.88,32.4,32.7,32.88,-0.18,-0.5474,194133.05,633053.523,0.5,0.5,,,,,
002415.SZ,20231225,32.59,33.13,32.51,32.94,32.7,0.24,0.7339,163162.4,536725.2,0.5,0.5,,,,,
002415.SZ,20231226,32.94,33.03,32.71,32.8,32.94,-0.14,-0.425,163093.39,535699.79,0.5,0.5,,,,,
002415.SZ,20231227,32.76,33.07,32.7,32.94,32.8,0.14,0.4268,167171.62,550386.202,0.5,0.5,,,,,
002415.SZ,20231228,32.94,34.03,32.79,33.85,32.94,0.91,2.7626,294558.76,993731.28,0.5,0.5,,,,,
002415.SZ,20231229,33.81,34.75,33.69,34.72,33.85,0.87,2.5702,332342.84,1141916.8,0.5,0.5,,,,,
002415.SZ,20240102,34.68,34.68,33.25,33.77,34.72,-0.95,-2.7362,384245.75,1290363.71,0.5,0.5,,,,,
002415.SZ,20240103,33.48,33.7,32.82,33.06,33.77,-0.71,-2.1025,304835.82,1008315.315,0.5,0.5,,,,,
002415.SZ,20240104,33.0,33.02,32.04,32.58,33.06,-0.48,-1.4519,340313.11,1103184.842,0.5,0.5,,,,,
002415.SZ,20240105,32.36,32.94,32.14,32.43,32.58,-0.15,-0.4604,234765.88,763550.815,0.5,0.5,,,,,
002415.SZ,20240108,32.42,32.42,31.3,31.68,32.43,-0.75,-2.3127,303619.91,961036.038,0.5,0.5,,,,,
002415.SZ,20240109,31.66,31.68,30.42,31.15,31.68,-0.53,-1.673,413645.3,1276313.395,0.5,0.5,,,,,
002415.SZ,20240110,30.93,30.99,30.2,30.35,31.15,-0.8,-2.5682,292049.78,889987.096,0.5,0.5,,,,,
002415.SZ,20240111,30.35,31.2,30.21,30.86,30.35,0.51,1.6804,324030.85,998882.371,0.5,0.5,,,,,
002415.SZ,20240112,30.73,30.93,30.36,30.43,30.86,-0.43,-1.3934,290265.11,886807.429,0.5,0.5,,,,,
002415.SZ,20240115,30.5,30.63,30.15,30.5,30.43,0.07,0.23,288361.7,876401.003,0.5,0.5,,,,,
002415.SZ,20240116,30.47,30.7,30.18,30.67,30.5,0.17,0.5574,227739.62,695748.353,0.5,0.5,,,,,
002415.SZ,20240117,30.83,31.24,30.75,30.98,30.67,0.31,1.0108,359275.3,1113438.307,0.5,0.5,,,,,
002415.SZ,20240118,30.66,31.9,30.41,31.63,30.98,0.65,2.0981,432607.59,1343406.437,0.5,0.5,,,,,
002415.SZ,20240119,31.5,31.92,31.4,31.68,31.63,0.05,0.1581,276197.81,874132.26,0.5,0.5,,,,,
002415.SZ,20240122,31.65,31.78,30.64,30.89,31.68,-0.79,-2.4937,314733.67,985293.958,0.5,0.5,,,,,
002415.SZ,20240123,30.89,31.09,30.11,30.74,30.89,-0.15,-0.4856,330312.74,1009871.427,0.5,0.5,,,,,
002415.SZ,20240124,30.71,31.38,30.18,31.38,30.74,0.64,2.082,267173.78,821964.67,0.5,0.5,,,,,
002415.SZ,20240125,31.38,32.18,31.19,32.06,31.38,0.68,2.167,277307.73,884704.56,0.5,0.5,,,,,
002415.SZ,20240126,32.08,32.24,31.5,31.7,32.06,-0.36,-1.1229,256807.26,818356.193,0.5,0.5,,,,,
002415.SZ,20240129,31.88,32.12,31.46,31.5,31.7,-0.2,-0.6309,185241.39,586931.528,0.5,0.5,,,,,
002415.SZ,20240130,31.97,32.7,31.8,31.82,31.5,0.32,1.0159,388195.76,1249025.389,0.5,0.5,,,,,
002415.SZ,20240131,31.65,32.15,30.86,31.92,31.82,0.1,0.3143,308749.17,976900.404,0.5,0.5,,,,,
002415.SZ,20240201,31.75,32.2,31.16,31.88,31.92,-0.04,-0.1253,256940.85,816353.786,0.5,0.5,,,,,
002415.SZ,20240202,31.87,32.2,29.82,31.08,31.88,-0.8,-2.5094,335162.13,1041445.949,0.5,0.5,,,,,
002415.SZ,20240205,30.66,31.6,30.27,31.1,31.08,0.02,0.0644,377249.41,1170458.613,0.5,0.5,,,,,
002415.SZ,20240206,30.8,32.8,30.72,32.55,31.1,1.45,4.6624,417533.81,1340638.404,0.5,0.5,,,,,
002415.SZ,20240207,32.58,33.35,32.26,32.93,32.55,0.38,1.1674,376515.64,1243565.592,0.5,0.5,,,,,
002415.SZ,20240208,33.5,33.99,33.02,33.65,32.93,0.72,2.1865,414606.95,1397333.087,0.5,0.5,,,,,
002415.SZ,20240219,34.61,34.8,33.5,33.8,33.65,0.15,0.4458,378764.86,1290757.135,0.5,0.5,,,,,
002415.SZ,20240220,33.43,34.05,33.29,33.91,33.8,0.11,0.3254,262659.1,885972.732,0.5,0.5,,,,,
002415.SZ,20240221,33.61,34.48,33.51,33.98,33.91,0.07,0.2064,321610.25,1096765.76,0.5,0.5,,,,,
002415.SZ,20240222,34.24,34.66,34.11,34.32,33.98,0.34,1.0006,262064.72,900734.022,0.5,0.5,,,,,
002415.SZ,20240223,34.38,34.64,34.0,34.59,34.32,0.27,0.7867,278106.89,954374.008,0.5,0.5,,,,,
002415.SZ,20240226,34.57,34.82,34.25,34.29,34.59,-0.3,-0.8673,272813.92,941116.695,0.5,0.5,,,,,
002415.SZ,20240227,34.11,34.95,33.85,34.95,34.29,0.66,1.9248,385886.86,1329490.554,0.5,0.5,,,,,
002415.SZ,20240228,35.05,35.63,34.5,34.5,34.95,-0.45,-1.2876,423924.94,1487752.586,0.5,0.5,,,,,
002415.SZ,20240229,34.26,35.12,34.2,34.95,34.5,0.45,1.3043,347575.2,1208384.377,0.5,0.5,,,,,
002415.SZ,20240301,34.93,35.87,34.73,35.68,34.95,0.73,2.0887,470802.17,1670943.78,0.5,0.5,,,,,
002415.SZ,20240304,35.69,36.1,34.63,35.0,35.68,-0.68,-1.9058,517398.82,1817574.718,0.5,0.5,,,,,
002415.SZ,20240305,34.78,36.8,34.51,35.52,35.0,0.52,1.4857,694960.78,2478546.622,0.5,0.5,,,,,
002415.SZ,20240306,35.0,35.0,34.33,34.42,35.52,-1.1,-3.0968,522809.62,1806324.42,0.5,0.5,,,,,
002415.SZ,20240307,34.35,34.67,33.75,33.95,34.42,-0.47,-1.3655,372158.65,1271517.494,0.5,0.5,,,,,
002415.SZ,20240308,33.99,34.17,33.36,33.93,33.95,-0.02,-0.0589,335910.14,1134157.902,0.5,0.5,,,,,
002415.SZ,20240311,33.74,34.3,33.6,34.2,33.93,0.27,0.7958,347381.79,1180884.369,0.5,0.5,,,,,
002415.SZ,20240312,34.21,34.43,33.85,34.35,34.2,0.15,0.4386,403847.22,1379150.861,0.5,0.5,,,,,
002415.SZ,20240313,34.34,34.63,33.98,34.01,34.35,-0.34,-0.9898,353513.53,1212384.405,0.5,0.5,,,,,
002415.SZ,20240314,33.88,34.12,33.33,33.47,34.01,-0.54,-1.5878,328459.32,1106884.355,0.5,0.5,,,,,
002415.SZ,20240315,33.44,33.44,32.95,33.26,33.47,-0.21,-0.6274,413389.04,1367763.682,0.5,0.5,,,,,
002415.SZ,20240318,33.38,33.52,33.06,33.51,33.26,0.25,0.7517,403869.47,1342789.7,0.5,0.5,,,,,
002415.SZ,20240319,33.4,33.57,33.21,33.32,33.51,-0.19,-0.567,330921.39,1104319.651,0.5,0.5,,,,,
002415.SZ,20240320,33.2,33.48,33.11,33.47,33.32,0.15,0.4502,325440.15,1084146.682,0.5,0.5,,,,,
002415.SZ,20240321,33.5,33.62,33.26,33.36,33.47,-0.11,-0.3287,300981.04,1006108.466,0.5,0.5,,,,,
002415.SZ,20240322,33.3,33.3,32.61,32.73,33.36,-0.63,-1.8885,357876.66,1174244.097,0.5,0.5,,,,,
002415.SZ,20240325,32.7,33.45,32.51,32.65,32.73,-0.08,-0.2444,297496.46,980130.893,0.5,0.5,,,,,
002415.SZ,20240326,32.3,32.55,32.02,32.35,32.65,-0.3,-0.9188,274264.15,885220.718,0.5,0.5,,,,,
002415.SZ,20240327,32.35,32.8,32.03,32.45,32.35,0.1,0.3091,299123.88,973593.189,0.5,0.5,,,,,
002415.SZ,20240328,32.31,32.92,32.18,32.55,32.45,0.1,0.3082,280731.69,913308.088,0.5,0.5,,,,,
002415.SZ,20240329,32.42,32.69,32.0,32.16,32.55,-0.39,-1.1982,295148.44,951453.045,0.5,0.5,,,,,
002415.SZ,20240401,32.21,33.0,32.21,32.85,32.16,0.69,2.1455,394808.94,1294665.67,0.5,0.5,,,,,
002415.SZ,20240402,32.96,32.98,32.05,32.19,32.85,-0.66,-2.0091,346442.46,1122457.555,0.5,0.5,,,,,
002415.SZ,20240403,32.19,32.25,31.58,31.78,32.19,-0.41,-1.2737,343146.82,1091570.268,0.5,0.5,,,,,
002415.SZ,20240408,31.76,31.9,31.53,31.6,31.78,-0.18,-0.5664,227591.41,721381.304,0.5,0.5,,,,,
002415.SZ,20240409,31.58,31.94,31.31,31.84,31.6,0.24,0.7595,256286.7,810828.362,0.5,0.5,,,,,
002415.SZ,20240410,31.84,31.84,31.07,31.18,31.84,-0.66,-2.0729,263663.65,826806.666,0.5,0.5,,,,,
002415.SZ,20240411,31.06,31.46,30.92,31.24,31.18,0.06,0.1924,207556.98,648617.906,0.5,0.5,,,,,
002415.SZ,20240412,31.4,31.47,30.85,30.92,31.24,-0.32,-1.0243,249326.7,775707.174,0.5,0.5,,,,,
002415.SZ,20240415,30.63,31.46,30.63,31.19,30.92,0.27,0.8732,308070.06,961643.584,0.5,0.5,,,,,
002415.SZ,20240416,31.15,32.08,31.03,31.56,31.19,0.37,1.1863,486558.25,1542460.471,0.5,0.5,,,,,
002415.SZ,20240417,31.62,32.14,31.1,32.11,31.56,0.55,1.7427,397382.43,1263569.084,0.5,0.5,,,,,
002415.SZ,20240418,32.01,32.32,31.8,31.97,32.11,-0.14,-0.436,366001.63,1174964.272,0.5,0.5,,,,,
002415.SZ,20240419,31.86,32.19,31.41,32.1,31.97,0.13,0.4066,334379.04,1064415.313,0.5,0.5,,,,,
002415.SZ,20240422,31.7,33.1,31.67,32.85,32.1,0.75,2.3364,627859.07,2053586.166,0.5,0.5,,,,,
002415.SZ,20240423,32.9,32.97,32.3,32.6,32.85,-0.25,-0.761,346461.58,1125912.658,0.5,0.5,,,,,
002415.SZ,20240424,32.53,32.61,32.07,32.51,32.6,-0.09,-0.2761,309599.85,1002023.703,0.5,0.5,,,,,
002415.SZ,20240425,32.38,32.67,32.08,32.64,32.51,0.13,0.3999,318440.73,1030645.134,0.5,0.5,,,,,
002415.SZ,20240426,32.52,32.92,32.45,32.87,32.64,0.23,0.7047,466843.93,1528425.989,0.5,0.5,,,,,
002415.SZ,20240429,32.86,33.41,32.56,33.26,32.87,0.39,1.1865,489536.72,1622842.754,0.5,0.5,,,,,
002415.SZ,20240430,33.24,33.24,32.93,33.11,33.26,-0.15,-0.451,236632.79,783068.878,0.5,0.5,,,,,
002415.SZ,20240506,33.51,33.87,33.4,33.76,33.11,0.65,1.9632,445451.39,1499389.028,0.5,0.5,,,,,
002415.SZ,20240507,33.67,33.85,33.55,33.63,33.76,-0.13,-0.3851,225354.13,759423.629,0.5,0.5,,,,,
002415.SZ,20240508,33.64,33.64,32.73,32.74,33.63,-0.89,-2.6464,422878.53,1396203.859,0.5,0.5,,,,,
002415.SZ,20240509,32.73,33.17,32.71,33.05,32.74,0.31,0.9469,218766.76,722651.635,0.5,0.5,,,,,
002415.SZ,20240510,33.07,33.45,32.91,33.17,33.05,0.12,0.3631,283422.37,940821.086,0.5,0.5,,,,,
002415.SZ,20240513,33.06,33.39,32.67,33.22,33.17,0.05,0.1507,221327.23,732160.71,0.5,0.5,,,,,
002415.SZ,20240514,33.22,33.68,33.19,33.53,33.22,0.31,0.9332,241352.27,807010.164,0.5,0.5,,,,,
002415.SZ,20240515,33.53,33.8,33.2,33.21,33.53,-0.32,-0.9544,210766.41,707232.817,0.5,0.5,,,,,
002415.SZ,20240516,33.32,33.42,32.99,33.09,33.21,-0.12,-0.3613,231437.72,766753.285,0.5,0.5,,,,,
002415.SZ,20240517,33.1,33.69,33.0,33.69,33.09,0.6,1.8132,214622.03,716731.579,0.5,0.5,,,,,
002415.SZ,20240520,33.69,34.34,33.64,33.88,33.69,0.19,0.564,298026.74,1011146.519,0.5,0.5,,,,,
002415.SZ,20240521,33.2,33.27,32.75,32.92,32.98,-0.06,-0.1819,249133.23,823212.41,0.5,0.5,,,,,
002415.SZ,20240522,32.72,33.14,32.72,33.03,32.92,0.11,0.3341,156925.7,517806.009,0.5,0.5,,,,,
002415.SZ,20240523,32.96,33.35,32.36,32.48,33.03,-0.55,-1.6652,206129.99,673749.611,0.5,0.5,,,,,
002415.SZ,20240524,32.46,32.75,32.36,32.48,32.48,0.0,0.0,171170.07,557705.553,0.5,0.5,,,,,
002415.SZ,20240527,32.48,32.6,31.82,32.58,32.48,0.1,0.3079,253465.29,816259.578,0.5,0.5,,,,,
002415.SZ,20240528,32.48,32.82,32.31,32.59,32.58,0.01,0.0307,137925.12,449751.729,0.5,0.5,,,,,
002415.SZ,20240529,32.59,32.79,32.48,32.7,32.59,0.11,0.3375,154514.78,505011.005,0.5,0.5,,,,,
002415.SZ,20240530,32.55,32.8,32.34,32.66,32.7,-0.04,-0.1223,140112.23,457153.96,0.5,0.5,,,,,
002415.SZ,20240531,32.7,32.79,32.56,32.61,32.66,-0.05,-0.1531,150473.84,491718.849,0.5,0.5,,,,,
002415.SZ,20240603,32.72,32.77,32.35,32.66,32.61,0.05,0.1533,179986.1,585710.448,0.5,0.5,,,,,
002415.SZ,20240604,32.55,33.5,32.54,32.95,32.66,0.29,0.8879,259617.48,858967.389,0.5,0.5,,,,,
002415.SZ,20240605,33.0,33.64,32.97,33.42,32.95,0.47,1.4264,337711.08,1128144.693,0.5,0.5,,,,,
002415.SZ,20240606,33.3,33.58,32.95,33.12,33.42,-0.3,-0.8977,212835.15,705690.801,0.5,0.5,,,,,
002415.SZ,20240607,33.12,33.6,32.79,33.12,33.12,0.0,0.0,243997.72,810105.307,0.5,0.5,,,,,
002415.SZ,20240611,32.92,33.53,32.9,33.5,33.12,0.38,1.1473,209563.94,696760.269,0.5,0.5,,,,,
002415.SZ,20240612,33.41,33.7,32.85,32.88,33.5,-0.62,-1.8507,285472.45,948089.324,0.5,0.5,,,,,
002415.SZ,20240613,32.79,32.81,31.92,32.48,32.88,-0.4,-1.2165,343521.18,1111201.246,0.5,0.5,,,,,
002415.SZ,20240614,32.4,33.1,32.32,32.93,32.48,0.45,1.3855,222064.27,728399.142,0.5,0.5,,,,,
002415.SZ,20240617,32.76,33.29,32.07,32.2,32.93,-0.73,-2.2168,351691.69,1145805.81,0.5,0.5,,,,,
002415.SZ,20240618,32.23,32.59,32.08,32.46,32.2,0.26,0.8075,166685.11,540384.965,0.5,0.5,,,,,
002415.SZ,20240619,32.55,32.59,32.23,32.23,32.46,-0.23,-0.7086,133568.31,432066.272,0.5,0.5,,,,,
002415.SZ,20240620,32.12,32.23,31.31,31.65,32.23,-0.58,-1.7996,302425.78,955747.893,0.5,0.5,,,,,
002415.SZ,20240621,31.52,31.9,31.43,31.85,31.65,0.2,0.6319,136139.74,431623.302,0.5,0.5,,,,,
002415.SZ,20240624,31.79,31.79,31.27,31.42,31.85,-0.43,-1.3501,209073.74,657643.649,0.5,0.5,,,,,
002415.SZ,20240625,31.42,31.61,30.71,30.92,31.42,-0.5,-1.5913,210118.97,653158.375,0.5,0.5,,,,,
002415.SZ,20240626,31.0,31.14,30.65,31.04,30.92,0.12,0.3881,217687.0,672897.548,0.5,0.5,,,,,
002415.SZ,20240627,31.05,31.06,30.5,30.71,31.04,-0.33,-1.0631,180628.65,555156.433,0.5,0.5,,,,,
002415.SZ,20240628,30.67,31.08,30.61,30.91,30.71,0.2,0.6513,181627.09,560939.351,0.5,0.5,,,,,
002415.SZ,20240701,30.93,30.96,30.41,30.81,30.91,-0.1,-0.3235,160453.12,491852.575,0.5,0.5,,,,,
002415.SZ,20240702,30.81,30.97,30.03,30.12,30.81,-0.69,-2.2395,306422.04,929680.366,0.5,0.5,,,,,
002415.SZ,20240703,30.15,30.3,29.86,30.17,30.12,0.05,0.166,185849.86,559389.453,0.5,0.5,,,,,
002415.SZ,20240704,30.16,30.53,29.6,29.75,30.17,-0.42,-1.3921,239819.4,717446.233,0.5,0.5,,,,,
002415.SZ,20240705,29.66,29.86,29.35,29.83,29.75,0.08,0.2689,156549.53,463627.825,0.5,0.5,,,,,
002415.SZ,20240708,29.83,29.95,29.0,29.33,29.83,-0.5,-1.6762,214069.18,627815.332,0.5,0.5,,,,,
002415.SZ,20240709,29.2,29.43,28.86,29.41,29.33,0.08,0.2728,290273.38,845499.745,0.5,0.5,,,,,
002415.SZ,20240710,29.34,29.72,29.12,29.42,29.41,0.01,0.034,208487.37,614645.702,0.5,0.5,,,,,
002415.SZ,20240711,29.82,30.3,29.6,30.1,29.42,0.68,2.3114,289078.62,868321.777,0.5,0.5,,,,,
002415.SZ,20240712,30.15,30.15,29.75,30.03,30.1,-0.07,-0.2326,173734.25,521112.282,0.5,0.5,,,,,
002415.SZ,20240715,29.98,30.14,29.75,30.03,30.03,0.0,0.0,135822.14,407068.315,0.5,0.5,,,,,
002415.SZ,20240716,29.98,30.3,29.82,30.25,30.03,0.22,0.7326,186669.55,563135.44,0.5,0.5,,,,,
002415.SZ,20240717,30.24,30.48,29.98,30.28,30.25,0.03,0.0992,188166.72,569135.298,0.5,0.5,,,,,
002415.SZ,20240718,30.15,30.15,29.62,30.02,30.28,-0.26,-0.8587,212389.31,635014.118,0.5,0.5,,,,,
002415.SZ,20240719,30.02,30.38,29.86,30.3,30.02,0.28,0.9327,210240.93,634847.646,0.5,0.5,,,,,
002415.SZ,20240722,30.32,30.54,30.1,30.37,30.3,0.07,0.231,188283.07,572049.209,0.5,0.5,,,,,
002415.SZ,20240723,30.25,30.3,29.58,29.58,30.37,-0.79,-2.6013,227201.05,677818.406,0.5,0.5,,,,,
002415.SZ,20240724,29.55,29.64,28.97,29.32,29.58,-0.26,-0.879,215102.37,628996.831,0.5,0.5,,,,,
002415.SZ,20240725,29.2,29.33,28.92,29.3,29.32,-0.02,-0.0682,183613.37,534964.279,0.5,0.5,,,,,
002415.SZ,20240726,29.3,29.56,29.11,29.55,29.3,0.25,0.8532,187788.03,551120.913,0.5,0.5,,,,,
002415.SZ,20240729,29.55,29.59,29.01,29.11,29.55,-0.44,-1.489,187007.45,545809.975,0.5,0.5,,,,,
002415.SZ,20240730,29.09,29.09,28.2,28.67,29.11,-0.44,-1.5115,359027.73,1021902.891,0.5,0.5,,,,,
002415.SZ,20240731,28.5,29.21,28.33,29.07,28.67,0.4,1.3952,449685.3,1298984.791,0.5,0.5,,,,,
002415.SZ,20240801,29.08,29.18,28.66,28.77,29.07,-0.3,-1.032,315118.66,908522.134,0.5,0.5,,,,,
002415.SZ,20240802,28.51,28.74,28.36,28.38,28.77,-0.39,-1.3556,289399.3,824830.396,0.5,0.5,,,,,
002415.SZ,20240805,28.22,28.44,27.47,27.53,28.38,-0.85,-2.9951,461210.49,1284586.05,0.5,0.5,,,,,
002415.SZ,20240806,27.7,27.9,27.54,27.73,27.53,0.2,0.7265,257510.85,712425.213,0.5,0.5,,,,,
002415.SZ,20240807,27.7,27.8,27.34,27.52,27.73,-0.21,-0.7573,265707.56,731549.367,0.5,0.5,,,,,
002415.SZ,20240808,27.42,27.61,26.86,27.59,27.52,0.07,0.2544,364181.75,993045.138,0.5,0.5,,,,,
002415.SZ,20240809,27.59,27.74,27.14,27.2,27.59,-0.39,-1.4136,218029.53,597075.595,0.5,0.5,,,,,
002415.SZ,20240812,27.1,27.23,27.04,27.13,27.2,-0.07,-0.2574,163721.0,443982.373,0.5,0.5,,,,,
002415.SZ,20240813,27.17,27.25,27.0,27.15,27.13,0.02,0.0737,180812.84,490007.743,0.5,0.5,,,,,
002415.SZ,20240814,27.13,27.36,27.04,27.25,27.15,0.1,0.3683,164620.06,448447.829,0.5,0.5,,,,,
002415.SZ,20240815,27.16,27.54,27.11,27.45,27.25,0.2,0.7339,195195.99,534989.977,0.5,0.5,,,,,
002415.SZ,20240816,27.45,27.72,27.42,27.54,27.45,0.09,0.3279,222361.5,612659.097,0.5,0.5,,,,,
002415.SZ,20240819,26.83,27.15,26.52,26.71,27.54,-0.83,-3.0138,610220.18,1632420.399,0.5,0.5,,,,,
002415.SZ,20240820,26.7,26.75,26.2,26.44,26.71,-0.27,-1.0109,332087.48,876669.44,0.5,0.5,,,,,
002415.SZ,20240821,26.44,26.68,26.4,26.53,26.44,0.09,0.3404,177211.55,470852.289,0.5,0.5,,,,,
002415.SZ,20240822,26.54,26.59,26.18,26.22,26.53,-0.31,-1.1685,169284.96,446284.446,0.5,0.5,,,,,
002415.SZ,20240823,26.18,26.6,26.12,26.55,26.22,0.33,1.2586,172014.82,454244.272,0.5,0.5,,,,,
002415.SZ,20240826,26.68,26.69,26.13,26.38,26.55,-0.17,-0.6403,200203.63,527743.98,0.5,0.5,,,,,
002415.SZ,20240827,26.31,26.34,26.0,26.14,26.38,-0.24,-0.9098,153665.39,400844.45,0.5,0.5,,,,,
002415.SZ,20240828,26.08,26.29,26.03,26.2,26.14,0.06,0.2295,123991.04,324455.858,0.5,0.5,,,,,
002415.SZ,20240829,26.14,26.31,26.01,26.17,26.2,-0.03,-0.1145,195709.96,512835.145,0.5,0.5,,,,,
002415.SZ,20240830,26.15,26.95,26.04,26.72,26.17,0.55,2.1016,371371.44,987425.519,0.5,0.5,,,,,
002415.SZ,20240902,26.63,26.65,26.17,26.17,26.72,-0.55,-2.0584,218000.58,574749.064,0.5,0.5,,,,,
002415.SZ,20240903,26.08,26.47,26.06,26.4,26.17,0.23,0.8789,197814.26,521179.362,0.5,0.5,,,,,
002415.SZ,20240904,26.3,26.65,26.21,26.54,26.4,0.14,0.5303,184830.73,490039.918,0.5,0.5,,,,,
002415.SZ,20240905,26.55,26.6,26.36,26.48,26.54,-0.06,-0.2261,187407.56,495888.06,0.5,0.5,,,,,
002415.SZ,20240906,26.46,26.53,26.13,26.15,26.48,-0.33,-1.2462,140628.1,369666.348,0.5,0.5,,,,,
002415.SZ,20240909,26.11,26.12,25.31,25.33,26.15,-0.82,-3.1358,330155.44,846010.01,0.5,0.5,,,,,
002415.SZ,20240910,25.39,25.87,25.03,25.85,25.33,0.52,2.0529,280468.55,716034.178,0.5,0.5,,,,,
002415.SZ,20240911,25.68,25.85,25.52,25.73,25.85,-0.12,-0.4642,162024.22,415753.504,0.5,0.5,,,,,
002415.SZ,20240912,25.74,25.95,25.26,25.27,25.73,-0.46,-1.7878,199980.53,510785.343,0.5,0.5,,,,,
002415.SZ,20240913,25.27,25.39,25.03,25.08,25.27,-0.19,-0.7519,171472.19,431545.375,0.5,0.5,,,,,
002415.SZ,20240918,25.1,25.17,24.71,25.13,25.08,0.05,0.1994,201370.65,501801.908,0.5,0.5,,,,,
002415.SZ,20240919,25.22,25.43,24.83,25.17,25.13,0.04,0.1592,273411.83,687930.25,0.5,0.5,,,,,
002415.SZ,20240920,25.2,25.38,24.93,25.34,25.17,0.17,0.6754,242692.5,611454.564,0.5,0.5,,,,,
002415.SZ,20240923,25.33,25.56,25.26,25.35,25.34,0.01,0.0395,176576.9,448645.675,0.5,0.5,,,,,
002415.SZ,20240924,25.5,26.17,25.34,26.17,25.35,0.82,3.2347,409032.75,1057848.635,0.5,0.5,,,,,
002415.SZ,20240925,26.58,27.6,26.58,26.91,26.17,0.74,2.8277,665836.77,1805529.123,0.5,0.5,,,,,
002415.SZ,20240926,26.91,28.22,26.9,28.22,26.91,1.31,4.8681,619064.16,1712999.961,0.5,0.5,,,,,
002415.SZ,20240927,29.0,30.24,28.99,29.69,28.22,1.47,5.2091,1054625.36,3120097.177,0.5,0.5,,,,,
002415.SZ,20240930,31.02,32.32,30.6,32.29,29.69,2.6,8.7572,1426072.87,4514701.468,0.5,0.5,,,,,
002415.SZ,20241008,35.52,35.52,32.3,33.83,32.29,1.54,4.7693,2274299.88,7700155.093,0.5,0.5,,,,,
002415.SZ,20241009,33.3,33.3,31.46,31.5,33.83,-2.33,-6.8874,1189689.07,3814098.8,0.5,0.5,,,,,
002415.SZ,20241010,31.26,32.19,31.1,31.37,31.5,-0.13,-0.4127,790534.85,2501204.596,0.5,0.5,,,,,
002415.SZ,20241011,31.18,31.21,29.25,29.63,31.37,-1.74,-5.5467,891878.31,2692718.942,0.5,0.5,,,,,
002415.SZ,20241014,29.63,30.75,29.51,30.42,29.63,0.79,2.6662,1096891.43,3326150.655,0.5,0.5,,,,,
002415.SZ,20241015,30.44,30.95,29.28,29.31,30.42,-1.11,-3.6489,886973.19,2667339.897,0.5,0.5,,,,,
002415.SZ,20241016,28.86,29.0,28.08,28.28,29.31,-1.03,-3.5142,875207.62,2491709.058,0.5,0.5,,,,,
002415.SZ,20241017,28.46,28.66,27.97,27.99,28.28,-0.29,-1.0255,696249.15,1973198.334,0.5,0.5,,,,,
002415.SZ,20241018,27.9,29.65,27.72,28.87,27.99,0.88,3.144,999983.82,2854837.627,0.5,0.5,,,,,
002415.SZ,20241021,30.8,31.49,30.01,30.73,28.87,1.86,6.4427,2188494.22,6743963.244,0.5,0.5,,,,,
002415.SZ,20241022,30.7,30.99,30.01,30.84,30.73,0.11,0.358,825398.61,2527713.714,0.5,0.5,,,,,
002415.SZ,20241023,30.85,31.15,30.61,30.9,30.84,0.06,0.1946,712447.04,2202560.818,0.5,0.5,,,,,
002415.SZ,20241024,30.74,30.8,30.35,30.66,30.9,-0.24,-0.7767,520312.88,1592052.169,0.5,0.5,,,,,
002415.SZ,20241025,30.66,31.1,30.37,30.95,30.66,0.29,0.9459,637222.37,1960951.042,0.5,0.5,,,,,
002415.SZ,20241028,30.49,30.61,30.1,30.61,30.95,-0.34,-1.0985,757095.47,2295201.653,0.5,0.5,,,,,
002415.SZ,20241029,30.62,30.88,30.3,30.54,30.61,-0.07,-0.2287,577098.67,1762534.692,0.5,0.5,,,,,
002415.SZ,20241030,30.33,30.35,29.8,30.01,30.54,-0.53,-1.7354,565877.21,1699960.414,0.5,0.5,,,,,
002415.SZ,20241031,29.99,30.3,29.36,30.11,30.01,0.1,0.3332,564802.01,1690490.29,0.5,0.5,,,,,
002415.SZ,20241101,29.92,30.3,29.75,30.12,30.11,0.01,0.0332,468641.32,1408295.656,0.5,0.5,,,,,
002415.SZ,20241104,30.13,31.0,30.02,31.0,30.12,0.88,2.9216,652972.21,2006933.905,0.5,0.5,,,,,
002415.SZ,20241105,31.0,31.59,30.72,31.42,31.0,0.42,1.3548,790511.19,2466094.555,0.5,0.5,,,,,
002415.SZ,20241106,31.42,31.62,31.0,31.25,31.42,-0.17,-0.5411,762275.13,2387311.872,0.5,0.5,,,,,
002415.SZ,20241107,31.0,31.85,30.81,31.83,31.25,0.58,1.856,646359.18,2032670.272,0.5,0.5,,,,,
002415.SZ,20241108,32.01,32.36,31.44,31.6,31.83,-0.23,-0.7226,714886.07,2278947.032,0.5,0.5,,,,,
002415.SZ,20241111,31.48,33.2,31.18,32.88,31.6,1.28,4.0506,1080825.76,3512640.391,0.5,0.5,,,,,
002415.SZ,20241112,33.0,33.0,32.0,32.17,32.88,-0.71,-2.1594,733160.37,2384609.382,0.5,0.5,,,,,
002415.SZ,20241113,32.07,32.58,31.8,32.42,32.17,0.25,0.7771,597571.46,1931136.2,0.5,0.5,,,,,
002415.SZ,20241114,32.43,32.7,31.55,31.63,32.42,-0.79,-2.4368,512331.16,1647396.165,0.5,0.5,,,,,
002415.SZ,20241115,31.63,32.28,31.4,31.4,31.63,-0.23,-0.7272,498723.92,1587994.394,0.5,0.5,,,,,
002415.SZ,20241118,31.6,31.71,30.61,30.72,31.4,-0.68,-2.1656,566350.48,1754034.812,0.5,0.5,,,,,
002415.SZ,20241119,30.72,31.14,30.44,31.09,30.72,0.37,1.2044,386985.45,1194992.641,0.5,0.5,,,,,
002415.SZ,20241120,31.05,31.28,30.88,31.1,31.09,0.01,0.0322,273774.23,850623.955,0.5,0.5,,,,,
002415.SZ,20241121,31.11,31.11,30.72,30.89,31.1,-0.21,-0.6752,257343.3,795014.851,0.5,0.5,,,,,
002415.SZ,20241122,30.88,30.95,30.0,30.02,30.89,-0.87,-2.8164,375540.28,1143837.511,0.5,0.5,,,,,
002415.SZ,20241125,30.01,30.07,29.38,29.59,30.02,-0.43,-1.4324,327553.21,973550.786,0.5,0.5,,,,,
002415.SZ,20241126,29.6,29.87,29.54,29.59,29.59,0.0,0.0,181484.0,538592.252,0.5,0.5,,,,,
002415.SZ,20241127,29.51,30.02,29.45,30.02,29.59,0.43,1.4532,280958.57,837838.461,0.5,0.5,,,,,
002415.SZ,20241128,30.0,30.15,29.75,29.8,30.02,-0.22,-0.7328,252513.19,755396.035,0.5,0.5,,,,,
002415.SZ,20241129,29.91,30.26,29.64,30.08,29.8,0.28,0.9396,282653.13,848316.008,0.5,0.5,,,,,
002415.SZ,20241202,30.0,30.3,29.91,30.23,30.08,0.15,0.4987,451052.42,1358858.325,0.5,0.5,,,,,
002415.SZ,20241203,30.11,30.2,29.8,29.99,30.23,-0.24,-0.7939,319600.56,956358.653,0.5,0.5,,,,,
002415.SZ,20241204,29.94,29.95,29.63,29.67,29.99,-0.32,-1.067,266564.59,793373.602,0.5,0.5,,,,,
002415.SZ,20241205,29.67,29.78,29.45,29.72,29.67,0.05,0.1685,255384.9,756445.571,0.5,0.5,,,,,
002415.SZ,20241206,29.9,30.65,29.9,30.64,29.72,0.92,3.0956,560277.08,1699146.508,0.5,0.5,,,,,
002415.SZ,20241209,30.65,31.77,30.46,31.27,30.64,0.63,2.0561,707477.39,2216839.037,0.5,0.5,,,,,
002415.SZ,20241210,32.87,32.96,31.93,31.97,31.27,0.7,2.2386,1080023.7,3500129.892,0.5,0.5,,,,,
002415.SZ,20241211,31.97,32.1,31.35,31.51,31.97,-0.46,-1.4388,476080.72,1505249.97,0.5,0.5,,,,,
002415.SZ,20241212,31.52,31.65,31.3,31.58,31.51,0.07,0.2222,379418.72,1194004.058,0.5,0.5,,,,,
002415.SZ,20241213,31.41,31.41,30.8,30.81,31.58,-0.77,-2.4383,540360.52,1676811.144,0.5,0.5,,,,,
002415.SZ,20241216,30.91,31.08,30.18,30.4,30.81,-0.41,-1.3307,399770.55,1216719.192,0.5,0.5,,,,,
002415.SZ,20241217,30.4,30.84,30.26,30.5,30.4,0.1,0.3289,327589.7,1002591.634,0.5,0.5,,,,,
002415.SZ,20241218,30.81,31.25,30.79,31.0,30.5,0.5,1.6393,407449.54,1264497.593,0.5,0.5,,,,,
002415.SZ,20241219,30.61,31.1,30.53,31.04,31.0,0.04,0.129,301415.06,930938.608,0.5,0.5,,,,,
002415.SZ,20241220,31.01,31.07,30.75,30.88,31.04,-0.16,-0.5155,312761.52,966377.288,0.5,0.5,,,,,
002415.SZ,20241223,30.88,31.09,30.6,30.72,30.88,-0.16,-0.5181,391766.31,1209473.303,0.5,0.5,,,,,
002415.SZ,20241224,30.7,31.08,30.47,30.74,30.72,0.02,0.0651,413837.66,1274467.041,0.5,0.5,,,,,
002415.SZ,20241225,30.8,31.39,30.66,31.25,30.74,0.51,1.6591,532227.72,1656411.49,0.5,0.5,,,,,
002415.SZ,20241226,31.32,31.51,30.91,31.5,31.25,0.25,0.8,503497.96,1578220.424,0.5,0.5,,,,,
002415.SZ,20241227,31.6,31.64,31.0,31.06,31.5,-0.44,-1.3968,345617.72,1079996.955,0.5,0.5,,,,,
002415.SZ,20241230,30.95,31.21,30.9,31.02,31.06,-0.04,-0.1288,288680.46,897020.001,0.5,0.5,,,,,
002415.SZ,20241231,31.05,31.07,30.36,30.7,31.02,-0.32,-1.0316,511077.22,1566706.226,0.5,0.5,,,,,
002415.SZ,20250102,30.58,30.58,29.41,29.6,30.7,-1.1,-3.5831,489231.5,1463495.012,0.5,0.5,,,,,
002415.SZ,20250103,29.66,29.78,28.7,28.83,29.6,-0.77,-2.6014,429862.78,1253604.684,0.5,0.5,,,,,
002415.SZ,20250106,28.84,28.89,28.2,28.32,28.83,-0.51,-1.769,389215.7,1108551.659,0.5,0.5,,,,,
002415.SZ,20250107,28.33,28.47,28.2,28.41,28.32,0.09,0.3178,293222.72,831108.845,0.5,0.5,,,,,
002415.SZ,20250108,28.36,28.37,27.53,28.09,28.41,-0.32,-1.1264,390032.16,1088411.64,0.5,0.5,,,,,
002415.SZ,20250109,28.0,28.41,27.88,28.13,28.09,0.04,0.1424,282786.15,797075.235,0.5,0.5,,,,,
002415.SZ,20250110,28.12,28.26,27.8,27.8,28.13,-0.33,-1.1731,211257.66,592830.952,0.5,0.5,,,,,
002415.SZ,20250113,27.59,28.1,27.51,27.67,27.8,-0.13,-0.4676,264245.77,732285.442,0.5,0.5,,,,,
002415.SZ,20250114,27.72,28.37,27.56,28.36,27.67,0.69,2.4937,493001.65,1387307.111,0.5,0.5,,,,,
002415.SZ,20250115,28.37,28.37,27.9,28.1,28.36,-0.26,-0.9168,327650.94,918633.364,0.5,0.5,,,,,
002415.SZ,20250116,28.14,28.46,27.95,28.13,28.1,0.03,0.1068,275256.93,776562.239,0.5,0.5,,,,,
002415.SZ,20250117,28.02,28.37,27.9,28.2,28.13,0.07,0.2488,215102.13,605876.404,0.5,0.5,,,,,
002415.SZ,20250120,28.37,28.54,28.22,28.28,28.2,0.08,0.2837,301355.04,854751.256,0.5,0.5,,,,,
002415.SZ,20250121,28.41,28.47,28.2,28.39,28.28,0.11,0.389,229566.51,650598.905,0.5,0.5,,,,,
002415.SZ,20250122,28.39,28.58,28.03,28.46,28.39,0.07,0.2466,325267.26,921169.919,0.5,0.5,,,,,
002415.SZ,20250123,28.75,28.94,28.41,28.63,28.46,0.17,0.5973,351262.15,1006360.881,0.5,0.5,,,,,
002415.SZ,20250124,28.5,29.07,28.45,29.02,28.63,0.39,1.3622,373732.78,1078910.142,0.5,0.5,,,,,
002415.SZ,20250127,29.13,29.25,28.93,29.03,29.02,0.01,0.0345,268623.11,780936.49,0.5,0.5,,,,,
002415.SZ,20250205,29.55,30.2,29.28,30.0,29.03,0.97,3.3414,704037.81,2104193.843,0.5,0.5,,,,,
002415.SZ,20250206,29.9,30.45,29.66,30.37,30.0,0.37,1.2333,562969.11,1696165.83,0.5,0.5,,,,,
002415.SZ,20250207,30.37,31.02,30.35,30.88,30.37,0.51,1.6793,812889.06,2499200.984,0.5,0.5,,,,,
002415.SZ,20250210,30.88,31.25,30.67,31.05,30.88,0.17,0.5505,553156.92,1715151.422,0.5,0.5,,,,,
002415.SZ,20250211,31.1,31.58,30.89,31.22,31.05,0.17,0.5475,589686.57,1847552.661,0.5,0.5,,,,,
002415.SZ,20250212,31.21,31.21,30.6,30.91,31.22,-0.31,-0.993,552004.48,1700023.222,0.5,0.5,,,,,
002415.SZ,20250213,30.9,30.9,30.3,30.49,30.91,-0.42,-1.3588,452335.42,1384001.654,0.5,0.5,,,,,
002415.SZ,20250214,30.48,31.85,30.4,31.54,30.49,1.05,3.4438,683746.0,2136041.244,0.5,0.5,,,,,
002415.SZ,20250217,31.88,31.9,31.4,31.58,31.54,0.04,0.1268,452272.79,1429731.248,0.5,0.5,,,,,
002415.SZ,20250218,31.56,32.67,31.42,32.1,31.58,0.52,1.6466,1053078.54,3400549.816,0.5,0.5,,,,,
002415.SZ,20250219,32.0,32.32,31.71,32.25,32.1,0.15,0.4673,514034.68,1648753.115,0.5,0.5,,,,,
002415.SZ,20250220,32.19,32.77,31.98,32.09,32.25,-0.16,-0.4961,394610.81,1272685.902,0.5,0.5,,,,,
002415.SZ,20250221,32.1,32.77,32.08,32.69,32.09,0.6,1.8697,640662.87,2081999.872,0.5,0.5,,,,,
002415.SZ,20250224,32.16,32.79,31.65,31.85,32.69,-0.84,-2.5696,1103666.37,3547916.721,0.5,0.5,,,,,
002415.SZ,20250225,31.46,31.46,30.85,31.1,31.85,-0.75,-2.3548,743263.58,2315056.405,0.5,0.5,,,,,
002415.SZ,20250226,31.1,31.29,30.83,31.21,31.1,0.11,0.3537,494811.04,1534882.05,0.5,0.5,,,,,
002415.SZ,20250227,31.17,31.4,30.54,30.95,31.21,-0.26,-0.8331,483799.44,1497388.767,0.5,0.5,,,,,
002415.SZ,20250228,30.94,31.12,30.1,30.14,30.95,-0.81,-2.6171,429247.66,1311411.081,0.5,0.5,,,,,
002415.SZ,20250303,30.19,30.82,30.19,30.52,30.14,0.38,1.2608,353727.2,1080968.524,0.5,0.5,,,,,
002415.SZ,20250304,30.43,30.95,30.3,30.85,30.52,0.33,1.0813,391544.21,1205393.873,0.5,0.5,,,,,
002415.SZ,20250305,30.8,31.29,30.76,31.16,30.85,0.31,1.0049,369644.82,1145942.745,0.5,0.5,,,,,
002415.SZ,20250306,31.29,33.76,31.25,33.6,31.16,2.44,7.8306,1792938.13,5881985.951,0.5,0.5,,,,,
002415.SZ,20250307,33.07,34.07,32.98,33.56,33.6,-0.04,-0.119,1029249.26,3451111.466,0.5,0.5,,,,,
002415.SZ,20250310,33.39,33.79,32.71,33.63,33.56,0.07,0.2086,663768.85,2208007.668,0.5,0.5,,,,,
002415.SZ,20250311,33.16,33.47,32.8,33.13,33.63,-0.5,-1.4868,513787.93,1698320.83,0.5,0.5,,,,,
002415.SZ,20250312,33.17,33.64,33.0,33.28,33.13,0.15,0.4528,408675.84,1363500.369,0.5,0.5,,,,,
002415.SZ,20250313,33.1,33.68,32.78,33.16,33.28,-0.12,-0.3606,391958.67,1299112.201,0.5,0.5,,,,,
002415.SZ,20250314,32.96,33.38,32.88,33.35,33.16,0.19,0.573,459028.36,1521541.841,0.5,0.5,,,,,
002415.SZ,20250317,33.28,33.55,33.14,33.35,33.35,0.0,0.0,342186.88,1142088.881,0.5,0.5,,,,,
002415.SZ,20250318,33.65,33.86,33.2,33.37,33.35,0.02,0.06,337287.84,1131126.681,0.5,0.5,,,,,
002415.SZ,20250319,33.37,33.6,33.11,33.3,33.37,-0.07,-0.2098,267415.57,892369.833,0.5,0.5,,,,,
002415.SZ,20250320,33.31,33.38,31.8,31.89,33.3,-1.41,-4.2342,717862.08,2318088.758,0.5,0.5,,,,,
002415.SZ,20250321,31.85,31.94,31.26,31.33,31.89,-0.56,-1.756,355062.59,1118983.883,0.5,0.5,,,,,
002415.SZ,20250324,31.34,31.69,30.96,31.41,31.33,0.08,0.2553,272457.5,853325.086,0.5,0.5,,,,,
002415.SZ,20250325,31.41,31.5,31.17,31.24,31.41,-0.17,-0.5412,170583.47,534154.784,0.5,0.5,,,,,
002415.SZ,20250326,31.41,31.42,30.91,31.0,31.24,-0.24,-0.7682,228278.2,709255.664,0.5,0.5,,,,,
002415.SZ,20250327,31.0,31.33,30.82,31.08,31.0,0.08,0.2581,228978.47,712614.509,0.5,0.5,,,,,
002415.SZ,20250328,31.07,31.17,30.95,30.97,31.08,-0.11,-0.3539,143848.54,446367.995,0.5,0.5,,,,,
002415.SZ,20250331,30.9,31.09,30.14,30.7,30.97,-0.27,-0.8718,352167.75,1074925.785,0.5,0.5,,,,,
002415.SZ,20250401,30.72,30.76,30.21,30.46,30.7,-0.24,-0.7818,326591.76,995154.265,0.5,0.5,,,,,
002415.SZ,20250402,30.49,30.5,30.21,30.33,30.46,-0.13,-0.4268,227389.57,689268.728,0.5,0.5,,,,,
002415.SZ,20250403,30.12,30.28,29.8,29.91,30.33,-0.42,-1.3848,319971.0,958766.0,0.5,0.5,,,,,
002415.SZ,20250407,28.6,28.79,27.06,27.89,29.91,-2.02,-6.7536,740912.33,2080174.825,0.5,0.5,,,,,
002415.SZ,20250408,27.95,28.66,27.53,28.09,27.89,0.2,0.7171,574018.42,1607649.749,0.5,0.5,,,,,
002415.SZ,20250409,27.99,28.3,27.63,28.17,28.09,0.08,0.2848,652885.1,1829621.888,0.5,0.5,,,,,
002415.SZ,20250410,28.42,28.97,28.25,28.83,28.17,0.66,2.3429,492101.52,1412761.969,0.5,0.5,,,,,
002415.SZ,20250411,28.6,28.82,28.19,28.5,28.83,-0.33,-1.1446,419222.74,1194632.599,0.5,0.5,,,,,
002415.SZ,20250414,28.8,29.05,28.66,28.7,28.5,0.2,0.7018,305305.67,879383.11,0.5,0.5,,,,,
002415.SZ,20250415,28.7,28.75,28.31,28.58,28.7,-0.12,-0.4181,239011.9,679860.099,0.5,0.5,,,,,
002415.SZ,20250416,28.51,28.51,28.01,28.36,28.58,-0.22,-0.7698,307634.42,867674.333,0.5,0.5,,,,,
002415.SZ,20250417,28.2,28.35,28.15,28.21,28.36,-0.15,-0.5289,273241.76,771904.147,0.5,0.5,,,,,
002415.SZ,20250418,28.2,28.39,28.02,28.37,28.21,0.16,0.5672,208472.47,587956.611,0.5,0.5,,,,,
002415.SZ,20250421,28.58,29.37,28.45,28.88,28.37,0.51,1.7977,428670.59,1240657.672,0.5,0.5,,,,,
002415.SZ,20250422,28.8,28.89,28.35,28.49,28.88,-0.39,-1.3504,322236.55,920091.094,0.5,0.5,,,,,
002415.SZ,20250423,28.63,28.69,28.38,28.48,28.49,-0.01,-0.0351,307322.48,875683.138,0.5,0.5,,,,,
002415.SZ,20250424,28.52,28.61,28.18,28.33,28.48,-0.15,-0.5267,326178.15,924434.718,0.5,0.5,,,,,
002415.SZ,20250425,28.32,28.33,28.13,28.18,28.33,-0.15,-0.5295,333326.66,940056.714,0.5,0.5,,,,,
002415.SZ,20250428,28.18,28.24,28.02,28.06,28.18,-0.12,-0.4258,263723.29,741662.946,0.5,0.5,,,,,
002415.SZ,20250429,28.06,28.2,27.92,28.14,28.06,0.08,0.2851,178708.23,502173.92,0.5,0.5,,,,,
002415.SZ,20250430,28.15,28.31,28.1,28.21,28.14,0.07,0.2488,231296.6,652806.908,0.5,0.5,,,,,
002415.SZ,20250506,28.35,28.83,28.3,28.83,28.21,0.62,2.1978,388268.13,1110450.58,0.5,0.5,,,,,
002415.SZ,20250507,29.05,29.27,28.64,28.84,28.83,0.01,0.0347,345007.82,996400.272,0.5,0.5,,,,,
002415.SZ,20250508,28.68,29.0,28.67,28.92,28.84,0.08,0.2774,263582.18,762003.276,0.5,0.5,,,,,
002415.SZ,20250509,28.92,28.92,28.54,28.65,28.92,-0.27,-0.9336,221948.01,636217.185,0.5,0.5,,,,,
002415.SZ,20250512,28.79,28.95,28.65,28.94,28.65,0.29,1.0122,342352.31,987151.433,0.5,0.5,,,,,
002415.SZ,20250513,29.27,29.29,28.73,28.82,28.94,-0.12,-0.4147,311526.87,901057.999,0.5,0.5,,,,,
002415.SZ,20250514,28.83,29.08,28.7,29.01,28.82,0.19,0.6593,318259.35,919245.156,0.5,0.5,,,,,
002415.SZ,20250515,28.98,28.98,28.73,28.79,29.01,-0.22,-0.7584,200995.59,578986.285,0.5,0.5,,,,,
002415.SZ,20250516,28.7,28.86,28.55,28.8,28.79,0.01,0.0347,169304.51,486869.069,0.5,0.5,,,,,
002415.SZ,20250519,28.81,28.86,28.61,28.77,28.8,-0.03,-0.1042,194151.84,557555.18,0.5,0.5,,,,,
002415.SZ,20250520,28.1,28.2,27.9,28.18,28.07,0.11,0.3919,258778.48,726235.946,0.5,0.5,,,,,
002415.SZ,20250521,28.18,28.66,28.11,28.48,28.18,0.3,1.0646,303614.29,861690.465,0.5,0.5,,,,,
002415.SZ,20250522,28.4,28.46,28.22,28.31,28.48,-0.17,-0.5969,193578.35,548167.946,0.5,0.5,,,,,
002415.SZ,20250523,28.29,28.39,28.12,28.18,28.31,-0.13,-0.4592,237553.23,671120.233,0.5,0.5,,,,,
002415.SZ,20250526,28.18,28.27,28.04,28.24,28.18,0.06,0.2129,189369.21,532483.963,0.5,0.5,,,,,
002415.SZ,20250527,28.15,28.18,27.96,28.11,28.24,-0.13,-0.4603,185944.99,521531.861,0.5,0.5,,,,,
002415.SZ,20250528,28.1,28.18,28.0,28.01,28.11,-0.1,-0.3557,161161.89,452466.042,0.5,0.5,,,,,
002415.SZ,20250529,28.07,28.34,28.01,28.28,28.01,0.27,0.9639,236107.39,666452.365,0.5,0.5,,,,,
002415.SZ,20250530,28.19,28.22,28.05,28.13,28.28,-0.15,-0.5304,152288.72,428402.303,0.5,0.5,,,,,
002415.SZ,20250603,28.04,28.19,27.93,28.04,28.13,-0.09,-0.3199,215928.39,605673.851,0.5,0.5,,,,,
002415.SZ,20250604,28.08,28.29,28.05,28.25,28.04,0.21,0.7489,200057.57,564200.164,0.5,0.5,,,,,
002415.SZ,20250605,28.29,28.53,28.2,28.48,28.25,0.23,0.8142,265594.62,753867.583,0.5,0.5,,,,,
002415.SZ,20250606,28.55,28.65,28.31,28.55,28.48,0.07,0.2458,232926.26,663638.201,0.5,0.5,,,,,
002415.SZ,20250609,28.57,28.65,28.35,28.45,28.55,-0.1,-0.3503,363015.5,1033706.099,0.5,0.5,,,,,
002415.SZ,20250610,28.45,28.46,27.97,28.13,28.45,-0.32,-1.1248,393118.29,1106474.618,0.5,0.5,,,,,
002415.SZ,20250611,28.13,28.28,28.04,28.12,28.13,-0.01,-0.0355,332890.79,936562.782,0.5,0.5,,,,,
002415.SZ,20250612,28.09,28.09,27.81,27.99,28.12,-0.13,-0.4623,383731.74,1071476.922,0.5,0.5,,,,,
002415.SZ,20250613,27.91,27.94,27.69,27.76,27.99,-0.23,-0.8217,376608.72,1045624.846,0.5,0.5,,,,,
002415.SZ,20250616,27.62,27.77,27.41,27.59,27.76,-0.17,-0.6124,456677.5,1258522.079,0.5,0.5,,,,,
002415.SZ,20250617,27.51,27.66,27.44,27.62,27.59,0.03,0.1087,205254.07,566029.533,0.5,0.5,,,,,
002415.SZ,20250618,27.62,27.66,27.45,27.65,27.62,0.03,0.1086,185746.39,512527.938,0.5,0.5,,,,,
002415.SZ,20250619,27.58,27.62,27.3,27.45,27.65,-0.2,-0.7233,305404.53,837238.378,0.5,0.5,,,,,
002415.SZ,20250620,27.33,27.44,27.24,27.26,27.45,-0.19,-0.6922,208000.55,568151.399,0.5,0.5,,,,,
002415.SZ,20250623,27.05,27.35,27.02,27.32,27.26,0.06,0.2201,198879.37,540488.46,0.5,0.5,,,,,
002415.SZ,20250624,27.38,27.64,27.31,27.61,27.32,0.29,1.0615,281276.0,774094.086,0.5,0.5,,,,,
002415.SZ,20250625,27.65,27.82,27.53,27.81,27.61,0.2,0.7244,320566.02,887219.822,0.5,0.5,,,,,
002415.SZ,20250626,27.8,27.98,27.54,27.59,27.81,-0.22,-0.7911,314808.3,871626.807,0.5,0.5,,,,,
002415.SZ,20250627,27.59,27.84,27.56,27.64,27.59,0.05,0.1812,282153.65,780884.763,0.5,0.5,,,,,
002415.SZ,20250630,27.03,27.78,27.03,27.73,27.64,0.09,0.3256,442300.73,1215035.054,0.5,0.5,,,,,
002415.SZ,20250701,27.6,27.63,27.38,27.53,27.73,-0.2,-0.7212,328065.4,901660.675,0.5,0.5,,,,,
002415.SZ,20250702,27.5,27.57,27.38,27.51,27.53,-0.02,-0.0726,212871.8,584614.298,0.5,0.5,,,,,
002415.SZ,20250703,27.49,27.76,27.46,27.71,27.51,0.2,0.727,326892.25,905049.835,0.5,0.5,,,,,
002415.SZ,20250704,27.72,27.8,27.59,27.61,27.71,-0.1,-0.3609,299226.0,828603.656,0.5,0.5,,,,,
002415.SZ,20250707,27.62,27.62,27.4,27.43,27.61,-0.18,-0.6519,229586.75,629863.85,0.5,0.5,,,,,
002415.SZ,20250708,27.44,27.65,27.44,27.62,27.43,0.19,0.6927,256149.82,706339.654,0.5,0.5,,,,,
002415.SZ,20250709,27.63,27.77,27.55,27.68,27.62,0.06,0.2172,326502.56,903779.821,0.5,0.5,,,,,
002415.SZ,20250710,27.66,27.86,27.55,27.78,27.68,0.1,0.3613,304834.56,844228.428,0.5,0.5,,,,,
002415.SZ,20250711,27.79,28.05,27.79,27.9,27.78,0.12,0.432,489184.13,1366329.581,0.5,0.5,,,,,
002415.SZ,20250714,27.9,27.92,27.72,27.76,27.9,-0.14,-0.5018,286366.88,795812.813,0.5,0.5,,,,,
002415.SZ,20250715,27.76,27.95,27.63,27.93,27.76,0.17,0.6124,462288.37,1284598.501,0.5,0.5,,,,,
002415.SZ,20250716,27.81,27.85,27.68,27.72,27.93,-0.21,-0.7519,366517.62,1017030.735,0.5,0.5,,,,,
002415.SZ,20250717,27.72,27.98,27.65,27.94,27.72,0.22,0.7937,448501.93,1248362.421,0.5,0.5,,,,,
002415.SZ,20250718,27.99,28.16,27.92,28.01,27.94,0.07,0.2505,429855.75,1205792.653,0.5,0.5,,,,,
002415.SZ,20250721,28.08,28.29,28.01,28.14,28.01,0.13,0.4641,445394.32,1251130.075,0.5,0.5,,,,,
002415.SZ,20250722,28.13,28.5,28.02,28.4,28.14,0.26,0.924,636593.03,1798929.052,0.5,0.5,,,,,
002415.SZ,20250723,28.41,28.8,28.2,28.27,28.4,-0.13,-0.4577,657322.97,1873084.918,0.5,0.5,,,,,
002415.SZ,20250724,28.25,28.64,28.22,28.64,28.27,0.37,1.3088,486126.25,1383918.3,0.5,0.5,,,,,
002415.SZ,20250725,28.72,28.82,28.59,28.66,28.64,0.02,0.0698,386553.15,1108600.549,0.5,0.5,,,,,
002415.SZ,20250728,28.75,28.82,28.46,28.59,28.66,-0.07,-0.2442,464195.83,1328452.395,0.5,0.5,,,,,
002415.SZ,20250729,28.5,28.59,28.24,28.56,28.59,-0.03,-0.1049,443797.37,1261139.263,0.5,0.5,,,,,
002415.SZ,20250730,28.55,28.69,28.25,28.49,28.56,-0.07,-0.2451,483651.82,1378418.518,0.5,0.5,,,,,
002415.SZ,20250731,28.44,28.47,28.0,28.1,28.49,-0.39,-1.3689,542430.77,1530864.325,0.5,0.5,,,,,
002415.SZ,20250801,28.26,29.56,28.1,29.11,28.1,1.01,3.5943,1305644.07,3793419.997,0.5,0.5,,,,,
002415.SZ,20250804,28.75,29.15,28.37,28.57,29.11,-0.54,-1.855,1141281.87,3266338.733,0.5,0.5,,,,,
002415.SZ,20250805,28.66,29.39,28.66,29.33,28.57,0.76,2.6601,1076301.33,3133436.709,0.5,0.5,,,,,
002415.SZ,20250806,29.3,29.68,29.21,29.28,29.33,-0.05,-0.1705,799404.45,2351431.325,0.5,0.5,,,,,
002415.SZ,20250807,29.31,29.78,29.1,29.15,29.28,-0.13,-0.444,656132.85,1923263.4,0.5,0.5,,,,,
002415.SZ,20250808,29.2,29.23,28.76,28.77,29.15,-0.38,-1.3036,512567.2,1479854.188,0.5,0.5,,,,,
002415.SZ,20250811,28.8,28.97,28.69,28.85,28.77,0.08,0.2781,493794.49,1424360.683,0.5,0.5,,,,,
002415.SZ,20250812,29.09,29.64,29.05,29.25,28.85,0.4,1.3865,668915.99,1961048.829,0.5,0.5,,,,,
002415.SZ,20250813,29.3,29.65,29.23,29.52,29.25,0.27,0.9231,655169.99,1931536.929,0.5,0.5,,,,,
002415.SZ,20250814,29.5,29.65,29.1,29.19,29.52,-0.33,-1.1179,573268.2,1685314.835,0.5,0.5,,,,,
002415.SZ,20250815,29.17,29.56,29.16,29.56,29.19,0.37,1.2676,566378.91,1663746.389,0.5,0.5,,,,,
002415.SZ,20250818,29.61,30.5,29.6,30.02,29.56,0.46,1.5562,1093845.47,3296400.497,0.5,0.5,,,,,
002415.SZ,20250819,30.02,30.17,29.8,29.86,30.02,-0.16,-0.533,577844.83,1729825.288,0.5,0.5,,,,,
002415.SZ,20250820,29.8,30.19,29.61,30.19,29.86,0.33,1.1052,602425.15,1805583.308,0.5,0.5,,,,,
002415.SZ,20250821,30.28,30.75,30.05,30.33,30.19,0.14,0.4637,700483.26,2130708.778,0.5,0.5,,,,,
002415.SZ,20250822,30.25,31.15,30.16,31.09,30.33,0.76,2.5058,998029.67,3073840.134,0.5,0.5,,,,,
002415.SZ,20250825,31.48,31.55,30.81,31.18,31.09,0.09,0.2895,1021058.91,3180160.109,0.5,0.5,,,,,
002415.SZ,20250826,31.01,31.47,30.88,31.28,31.18,0.1,0.3207,672900.54,2102228.95,0.5,0.5,,,,,
002415.SZ,20250827,31.55,32.27,30.82,30.85,31.28,-0.43,-1.3747,1177366.0,3726441.579,0.5,0.5,,,,,
002415.SZ,20250828,30.81,31.3,30.4,31.18,30.85,0.33,1.0697,907167.6,2803129.928,0.5,0.5,,,,,
002415.SZ,20250829,31.18,31.58,31.05,31.17,31.18,-0.01,-0.0321,865002.33,2709144.478,0.5,0.5,,,,,
002415.SZ,20250901,31.2,31.32,30.8,31.15,31.17,-0.02,-0.0642,699326.77,2171963.597,0.5,0.5,,,,,
002415.SZ,20250902,31.08,31.19,30.26,30.64,31.15,-0.51,-1.6372,753069.39,2310385.5,0.5,0.5,,,,,
002415.SZ,20250903,30.65,30.88,29.76,29.9,30.64,-0.74,-2.4151,648236.77,1956421.186,0.5,0.5,,,,,
002415.SZ,20250904,29.99,30.07,28.93,29.3,29.9,-0.6,-2.0067,749056.48,2197851.399,0.5,0.5,,,,,
002415.SZ,20250905,29.3,29.66,28.99,29.62,29.3,0.32,1.0922,557236.37,1637903.223,0.5,0.5,,,,,
002415.SZ,20250908,29.63,30.68,29.63,30.33,29.62,0.71,2.397,749520.66,2269926.293,0.5,0.5,,,,,
002415.SZ,20250909,30.33,30.33,30.0,30.18,30.33,-0.15,-0.4946,454186.83,1369352.609,0.5,0.5,,,,,
002415.SZ,20250910,30.3,30.7,29.95,30.2,30.18,0.02,0.0663,495451.98,1499729.561,0.5,0.5,,,,,
002415.SZ,20250911,30.18,30.89,30.08,30.89,30.2,0.69,2.2848,690172.08,2110916.726,0.5,0.5,,,,,
002415.SZ,20250912,30.98,31.31,30.74,30.75,30.89,-0.14,-0.4532,704977.89,2187807.278,0.5,0.5,,,,,
002415.SZ,20250915,30.74,30.89,30.31,30.49,30.75,-0.26,-0.8455,490989.76,1498757.341,0.5,0.5,,,,,
002415.SZ,20250916,30.41,30.96,30.31,30.87,30.49,0.38,1.2463,521355.58,1599359.738,0.5,0.5,,,,,
002415.SZ,20250917,30.87,30.96,30.38,30.75,30.87,-0.12,-0.3887,480061.94,1472246.994,0.5,0.5,,,,,
002415.SZ,20250918,30.75,32.1,30.59,30.92,30.75,0.17,0.5528,1191372.59,3727138.853,0.5,0.5,,,,,
002415.SZ,20250919,30.92,31.06,30.66,30.71,30.92,-0.21,-0.6792,574497.79,1770162.061,0.5,0.5,,,,,
002415.SZ,20250922,30.65,30.77,30.2,30.41,30.71,-0.3,-0.9769,560416.71,1704414.625,0.5,0.5,,,,,
002415.SZ,20250923,30.41,30.66,29.88,30.29,30.41,-0.12,-0.3946,585407.38,1768501.191,0.5,0.5,,,,,
002415.SZ,20250924,30.18,31.04,30.02,30.97,30.29,0.68,2.245,805146.66,2460617.369,0.5,0.5,,,,,
002415.SZ,20250925,31.0,31.5,30.88,31.24,30.97,0.27,0.8718,764545.46,2388389.97,0.5,0.5,,,,,
002415.SZ,20250926,31.19,31.34,30.56,30.66,31.24,-0.58,-1.8566,551668.26,1702939.762,0.5,0.5,,,,,
002415.SZ,20250929,30.66,31.3,30.21,31.22,30.66,0.56,1.8265,659293.99,2025428.182,0.5,0.5,,,,,
002415.SZ,20250930,31.22,31.89,31.08,31.52,31.22,0.3,0.9609,785013.63,2470207.367,0.5,0.5,,,,,
002415.SZ,20251009,31.8,34.67,31.8,34.17,31.52,2.65,8.4074,2910955.22,9883137.909,0.5,0.5,,,,,
002415.SZ,20251010,33.78,34.48,33.27,33.91,33.77,0.14,0.4146,1920924.99,6529742.13,0.5,0.5,,,,,
002415.SZ,20251013,32.75,33.57,32.32,33.36,33.91,-0.55,-1.6219,1541999.12,5075046.931,0.5,0.5,,,,,
002415.SZ,20251014,33.52,34.78,33.05,33.25,33.36,-0.11,-0.3297,1399432.19,4740161.991,0.5,0.5,,,,,
002415.SZ,20251015,33.11,33.81,32.56,33.37,33.25,0.12,0.3609,1023011.72,3391789.504,0.5,0.5,,,,,
002415.SZ,20251016,33.21,34.22,32.8,33.4,33.37,0.03,0.0899,1001571.46,3341044.489,0.5,0.5,,,,,
002415.SZ,20251017,33.35,34.1,32.63,33.06,33.4,-0.34,-1.018,1161803.06,3857658.497,0.5,0.5,,,,,
002415.SZ,20251020,33.89,34.0,32.05,32.36,33.06,-0.7,-2.1174,1279131.83,4186908.902,0.5,0.5,,,,,
002415.SZ,20251021,32.36,32.79,32.22,32.58,32.36,0.22,0.6799,751994.61,2449246.07,0.5,0.5,,,,,
002415.SZ,20251022,32.31,33.6,31.96,33.47,32.58,0.89,2.7317,1003214.56,3304836.689,0.5,0.5,,,,,
002415.SZ,20251023,33.37,33.7,32.76,33.43,33.47,-0.04,-0.1195,704129.97,2343588.102,0.5,0.5,,,,,
002415.SZ,20251024,33.43,33.85,33.18,33.29,33.43,-0.14,-0.4188,715805.95,2391640.133,0.5,0.5,,,,,
002415.SZ,20251027,33.63,34.28,33.38,33.9,33.29,0.61,1.8324,947477.22,3206845.211,0.5,0.5,,,,,
002415.SZ,20251028,33.55,33.74,32.95,32.98,33.9,-0.92,-2.7139,747508.81,2489095.79,0.5,0.5,,,,,
002415.SZ,20251029,33.1,33.44,33.01,33.35,32.98,0.37,1.1219,505884.81,1680721.443,0.5,0.5,,,,,
002415.SZ,20251030,33.28,33.95,33.1,33.22,33.35,-0.13,-0.3898,751045.52,2513012.909,0.5,0.5,,,,,
002415.SZ,20251031,33.1,33.67,32.8,32.87,33.22,-0.35,-1.0536,733807.25,2432170.771,0.5,0.5,,,,,
002415.SZ,20251103,32.88,33.15,32.06,32.6,32.87,-0.27,-0.8214,590340.23,1917342.461,0.5,0.5,,,,,
002415.SZ,20251104,32.55,32.63,31.51,31.79,32.6,-0.81,-2.4847,628533.68,2009488.489,0.5,0.5,,,,,
002415.SZ,20251105,31.46,31.63,31.06,31.5,31.79,-0.29,-0.9122,582251.87,1825640.598,0.5,0.5,,,,,
002415.SZ,20251106,31.7,31.95,31.6,31.8,31.5,0.3,0.9524,450628.32,1432288.356,0.5,0.5,,,,,
002415.SZ,20251107,31.55,31.67,31.35,31.37,31.8,-0.43,-1.3522,396812.47,1249820.794,0.5,0.5,,,,,
002415.SZ,20251110,31.38,31.95,31.38,31.81,31.37,0.44,1.4026,413663.32,1312089.108,0.5,0.5,,,,,
002415.SZ,20251111,31.81,31.98,31.62,31.72,31.81,-0.09,-0.2829,365489.61,1161834.96,0.5,0.5,,,,,
002415.SZ,20251112,31.55,31.69,31.11,31.43,31.72,-0.29,-0.9142,373168.78,1174338.136,0.5,0.5,,,,,
002415.SZ,20251113,31.4,31.95,31.36,31.69,31.43,0.26,0.8272,377034.15,1197168.605,0.5,0.5,,,,,
002415.SZ,20251114,31.5,31.58,31.31,31.31,31.69,-0.38,-1.1991,364409.23,1145330.572,0.5,0.5,,,,,
002415.SZ,20251117,31.2,31.28,30.46,30.46,31.31,-0.85,-2.7148,631419.9,1941162.273,0.5,0.5,,,,,
002415.SZ,20251118,30.45,30.79,30.38,30.73,30.46,0.27,0.8864,338439.07,1037641.324,0.5,0.5,,,,,
002415.SZ,20251119,30.73,30.9,30.28,30.42,30.73,-0.31,-1.0088,284587.35,869432.614,0.5,0.5,,,,,
002415.SZ,20251120,30.63,30.69,30.21,30.23,30.42,-0.19,-0.6246,228812.26,696969.113,0.5,0.5,,,,,
002415.SZ,20251121,29.96,30.35,29.8,29.82,30.23,-0.41,-1.3563,410855.67,1231660.319,0.5,0.5,,,,,
002415.SZ,20251124,29.9,30.09,29.7,29.86,29.82,0.04,0.1341,406304.16,1214858.258,0.5,0.5,,,,,
002415.SZ,20251125,30.1,30.42,29.96,29.99,29.86,0.13,0.4354,454322.2,1371641.367,0.5,0.5,,,,,
002415.SZ,20251126,30.02,30.08,29.85,29.9,29.99,-0.09,-0.3001,299288.75,896599.313,0.5,0.5,,,,,
002415.SZ,20251127,29.97,30.02,29.71,29.73,29.9,-0.17,-0.5686,297374.24,888837.157,0.5,0.5,,,,,
002415.SZ,20251128,29.73,30.03,29.64,30.02,29.73,0.29,0.9754,255311.09,761711.725,0.5,0.5,,,,,
002415.SZ,20251201,30.01,30.58,29.93,30.58,30.02,0.56,1.8654,423579.06,1285247.627,0.5,0.5,,,,,
002415.SZ,20251202,30.51,30.68,30.35,30.52,30.58,-0.06,-0.1962,253690.0,773849.37,0.5,0.5,,,,,
002415.SZ,20251203,30.49,30.55,30.23,30.34,30.52,-0.18,-0.5898,208615.67,633782.017,0.5,0.5,,,,,
002415.SZ,20251204,30.3,30.55,30.24,30.35,30.34,0.01,0.033,184381.96,559477.072,0.5,0.5,,,,,
002415.SZ,20251205,30.35,30.38,29.86,30.07,30.35,-0.28,-0.9226,397510.51,1193536.336,0.5,0.5,,,,,
002415.SZ,20251208,30.15,30.66,30.14,30.43,30.07,0.36,1.1972,424772.81,1293161.198,0.5,0.5,,,,,
002415.SZ,20251209,30.4,30.42,29.94,29.99,30.43,-0.44,-1.4459,351849.85,1058664.976,0.5,0.5,,,,,
002415.SZ,20251210,29.99,30.11,29.75,30.0,29.99,0.01,0.0333,247830.61,740775.488,0.5,0.5,,,,,
002415.SZ,20251211,30.03,30.1,29.35,29.4,30.0,-0.6,-2.0,425618.47,1263635.595,0.5,0.5,,,,,
002415.SZ,20251212,29.4,29.69,29.13,29.63,29.4,0.23,0.7823,491281.13,1445998.277,0.5,0.5,,,,,
002415.SZ,20251215,29.42,29.57,29.0,29.02,29.63,-0.61,-2.0587,434886.94,1271943.119,0.5,0.5,,,,,
002415.SZ,20251216,29.0,29.02,28.61,28.69,29.02,-0.33,-1.1371,354465.43,1018006.502,0.5,0.5,,,,,
002415.SZ,20251217,28.69,29.19,28.65,29.07,28.69,0.38,1.3245,269611.75,779553.415,0.5,0.5,,,,,
002415.SZ,20251218,28.96,29.2,28.9,29.02,29.07,-0.05,-0.172,217351.1,632012.644,0.5,0.5,,,,,
002415.SZ,20251219,29.09,29.35,29.09,29.19,29.02,0.17,0.5858,251167.93,734364.021,0.5,0.5,,,,,
002415.SZ,20251222,29.25,29.38,29.08,29.15,29.19,-0.04,-0.137,339661.0,992189.726,0.5,0.5,,,,,
002415.SZ,20251223,29.16,29.33,28.95,29.14,29.15,-0.01,-0.0343,302354.74,880879.443,0.5,0.5,,,,,
002415.SZ,20251224,29.1,29.45,29.02,29.33,29.14,0.19,0.652,314941.45,922046.481,0.5,0.5,,,,,
002415.SZ,20251225,29.34,29.67,29.3,29.63,29.33,0.3,1.0228,361135.03,1066941.016,0.5,0.5,,,,,
002415.SZ,20251226,29.62,30.03,29.56,29.82,29.63,0.19,0.6412,401721.4,1197977.496,0.5,0.5,,,,,
002415.SZ,20251229,29.82,29.89,29.53,29.6,29.82,-0.22,-0.7378,305910.67,908336.075,0.5,0.5,,,,,
002415.SZ,20251230,29.51,29.94,29.46,29.85,29.6,0.25,0.8446,270171.27,804085.746,0.5,0.5,,,,,
002415.SZ,20251231,29.85,29.92,29.63,29.84,29.85,-0.01,-0.0335,330213.76,983772.805,0.5,0.5,,,,,
002415.SZ,20260105,29.88,30.12,29.87,30.0,29.84,0.16,0.5362,543030.58,1629147.314,0.5,0.5,,,,,
002415.SZ,20260106,30.03,30.4,29.92,30.39,30.0,0.39,1.3,503622.62,1522876.62,0.5,0.5,,,,,
002415.SZ,20260107,30.46,30.51,30.0,30.07,30.39,-0.32,-1.053,503241.83,1518569.595,0.5,0.5,,,,,
002415.SZ,20260108,30.01,30.22,29.87,30.01,30.07,-0.06,-0.1995,403194.0,1210748.014,0.5,0.5,,,,,
002415.SZ,20260109,29.98,30.3,29.9,30.26,30.01,0.25,0.8331,466105.24,1404991.697,0.5,0.5,,,,,
002415.SZ,20260112,30.5,31.86,30.48,31.64,30.26,1.38,4.5605,1177043.45,3693297.953,0.5,0.5,,,,,
002415.SZ,20260113,31.85,31.88,30.77,30.87,31.64,-0.77,-2.4336,899391.0,2803787.613,0.5,0.5,,,,,
002415.SZ,20260114,31.02,32.0,31.02,31.43,30.87,0.56,1.8141,1089642.51,3435757.192,0.5,0.5,,,,,
002415.SZ,20260115,31.25,31.54,31.08,31.29,31.43,-0.14,-0.4454,556221.32,1739516.76,0.5,0.5,,,,,
002415.SZ,20260116,31.42,31.47,30.75,31.0,31.29,-0.29,-0.9268,651374.51,2020580.355,0.5,0.5,,,,,
002415.SZ,20260119,31.0,31.26,30.85,31.01,31.0,0.01,0.0323,459179.19,1424836.546,0.5,0.5,,,,,
002415.SZ,20260120,31.06,31.22,30.59,31.14,31.01,0.13,0.4192,553128.7,1706945.444,0.5,0.5,,,,,
002415.SZ,20260121,32.03,32.99,31.81,32.6,31.14,1.46,4.6885,1892093.67,6133973.288,0.5,0.5,,,,,
002415.SZ,20260122,32.7,32.79,32.01,32.09,32.6,-0.51,-1.5644,858978.82,2772982.982,0.5,0.5,,,,,
002415.SZ,20260123,32.09,32.43,31.92,31.95,32.09,-0.14,-0.4363,743424.27,2385282.978,0.5,0.5,,,,,
002415.SZ,20260126,32.05,32.43,31.47,32.31,31.95,0.36,1.1268,982147.37,3143057.14,0.5,0.5,,,,,
002415.SZ,20260127,32.2,32.26,31.8,31.9,32.31,-0.41,-1.269,574296.69,1838612.958,0.5,0.5,,,,,
002415.SZ,20260128,31.96,32.32,31.83,32.03,31.9,0.13,0.4075,606172.98,1943330.058,0.5,0.5,,,,,
002415.SZ,20260129,32.03,32.46,31.86,32.2,32.03,0.17,0.5308,760728.3,2447988.226,0.5,0.5,,,,,
002415.SZ,20260130,31.98,32.17,31.18,31.33,32.2,-0.87,-2.7019,716842.01,2264810.055,0.5,0.5,,,,,
002415.SZ,20260202,31.3,31.81,31.23,31.61,31.33,0.28,0.8937,699191.31,2206702.95,0.5,0.5,,,,,
002415.SZ,20260203,31.61,31.86,30.84,31.86,31.61,0.25,0.7909,658925.47,2068478.963,0.5,0.5,,,,,
002415.SZ,20260204,31.61,31.97,31.25,31.93,31.86,0.07,0.2197,477906.09,1512058.964,0.5,0.5,,,,,
002415.SZ,20260205,31.6,32.66,31.56,32.5,31.93,0.57,1.7852,922449.38,2991347.05,0.5,0.5,,,,,
002415.SZ,20260206,32.3,32.71,32.26,32.64,32.5,0.14,0.4308,586496.94,1909525.723,0.5,0.5,,,,,
002415.SZ,20260209,32.8,32.84,32.35,32.54,32.64,-0.1,-0.3064,509718.98,1656336.392,0.5,0.5,,,,,
002415.SZ,20260210,32.55,33.08,32.4,32.86,32.54,0.32,0.9834,523965.97,1720479.925,0.5,0.5,,,,,
002415.SZ,20260211,32.81,32.9,32.37,32.4,32.86,-0.46,-1.3999,414713.51,1348595.724,0.5,0.5,,,,,
002415.SZ,20260212,32.38,32.66,32.33,32.49,32.4,0.09,0.2778,381720.63,1241747.088,0.5,0.5,,,,,
002415.SZ,20260213,32.4,32.7,32.2,32.38,32.49,-0.11,-0.3386,317704.25,1033018.335,0.5,0.5,,,,,
002415.SZ,20260224,32.58,32.89,32.27,32.34,32.38,-0.04,-0.1235,381461.43,1240962.279,0.5,0.5,,,,,
002415.SZ,20260225,32.32,32.51,31.85,31.93,32.34,-0.41,-1.2678,535259.33,1721294.073,0.5,0.5,,,,,
002415.SZ,20260226,31.87,31.99,31.2,31.56,31.93,-0.37,-1.1588,657403.54,2068034.156,0.5,0.5,,,,,
002415.SZ,20260227,31.4,31.45,31.14,31.44,31.56,-0.12,-0.3802,399166.41,1249090.105,0.5,0.5,,,,,
002415.SZ,20260302,31.01,31.41,30.81,31.16,31.44,-0.28,-0.8906,484189.99,1508143.165,0.5,0.5,,,,,
002415.SZ,20260303,31.18,31.28,30.25,30.31,31.16,-0.85,-2.7279,741355.96,2262977.958,0.5,0.5,,,,,
002415.SZ,20260304,30.03,30.55,29.95,30.26,30.31,-0.05,-0.165,427896.1,1294295.425,0.5,0.5,,,,,
002415.SZ,20260305,30.61,30.89,30.6,30.76,30.26,0.5,1.6523,368055.58,1131908.757,0.5,0.5,,,,,
002415.SZ,20260306,30.49,31.09,30.46,31.07,30.76,0.31,1.0078,272438.68,842767.524,0.5,0.5,,,,,
002415.SZ,20260309,30.61,31.19,30.44,31.16,31.07,0.09,0.2897,412952.0,1273101.78,0.5,0.5,,,,,
002415.SZ,20260310,31.3,31.37,31.05,31.32,31.16,0.16,0.5135,310388.25,969915.239,0.5,0.5,,,,,
002415.SZ,20260311,31.34,31.7,31.18,31.65,31.32,0.33,1.0536,382859.18,1207713.257,0.5,0.5,,,,,
002415.SZ,20260312,31.53,31.93,31.45,31.92,31.65,0.27,0.8531,345862.15,1095703.457,0.5,0.5,,,,,
002415.SZ,20260313,31.69,32.02,31.62,31.94,31.92,0.02,0.0627,367073.95,1170137.176,0.5,0.5,,,,,
002415.SZ,20260316,31.92,32.04,31.63,31.76,31.94,-0.18,-0.5636,314161.17,998942.291,0.5,0.5,,,,,
002415.SZ,20260317,31.81,32.05,31.52,31.62,31.76,-0.14,-0.4408,348725.42,1109175.278,0.5,0.5,,,,,
002415.SZ,20260318,31.61,32.2,31.18,32.17,31.62,0.55,1.7394,494308.16,1569298.078,0.5,0.5,,,,,
002415.SZ,20260319,31.9,32.0,31.13,31.25,32.17,-0.92,-2.8598,433231.82,1363673.588,0.5,0.5,,,,,
002415.SZ,20260320,31.27,31.62,31.17,31.3,31.25,0.05,0.16,315697.96,991088.741,0.5,0.5,,,,,
002415.SZ,20260323,30.64,31.08,29.95,30.01,31.3,-1.29,-4.1214,479520.87,1458279.264,0.5,0.5,,,,,
002415.SZ,20260324,30.38,30.48,29.56,30.28,30.01,0.27,0.8997,418668.36,1256810.299,0.5,0.5,,,,,
002415.SZ,20260325,30.28,30.83,30.21,30.78,30.28,0.5,1.6513,315977.27,968493.465,0.5,0.5,,,,,
002415.SZ,20260326,30.73,31.0,30.17,30.37,30.78,-0.41,-1.332,287776.67,881257.877,0.5,0.5,,,,,
002415.SZ,20260327,30.07,30.6,30.03,30.35,30.37,-0.02,-0.0659,197709.66,601179.615,0.5,0.5,,,,,
002415.SZ,20260330,30.0,30.56,29.6,30.53,30.35,0.18,0.5931,348652.63,1045696.923,0.5,0.5,,,,,
002415.SZ,20260331,30.35,30.68,30.26,30.42,30.53,-0.11,-0.3603,233407.12,712089.885,0.5,0.5,,,,,
002415.SZ,20260401,30.75,30.84,30.52,30.72,30.42,0.3,0.9862,211748.77,649690.395,0.5,0.5,,,,,
002415.SZ,20260402,30.72,30.86,30.2,30.4,30.72,-0.32,-1.0417,242197.66,737731.057,0.5,0.5,,,,,
002415.SZ,20260403,30.49,30.65,30.19,30.27,30.4,-0.13,-0.4276,196363.78,596933.456,0.5,0.5,,,,,
002415.SZ,20260407,30.27,30.5,29.92,30.2,30.27,-0.07,-0.2313,281594.42,849410.645,0.5,0.5,,,,,
002415.SZ,20260408,30.55,30.98,30.44,30.88,30.2,0.68,2.2517,345765.98,1062317.914,0.5,0.5,,,,,
002415.SZ,20260409,30.58,30.86,30.45,30.76,30.88,-0.12,-0.3886,238773.04,731842.429,0.5,0.5,,,,,
002415.SZ,20260410,30.88,32.1,30.83,31.71,30.76,0.95,3.0884,622900.76,1966517.737,0.5,0.5,,,,,
002415.SZ,20260413,31.51,32.66,31.41,32.65,31.71,0.94,2.9644,642490.3,2068425.798,0.5,0.5,,,,,
002415.SZ,20260414,32.74,33.88,32.74,33.48,32.65,0.83,2.5421,1243151.76,4133900.017,0.5,0.5,,,,,
002415.SZ,20260415,33.45,33.5,32.91,33.2,33.48,-0.28,-0.8363,575622.54,1911958.868,0.5,0.5,,,,,
002415.SZ,20260416,33.29,33.59,33.05,33.54,33.2,0.34,1.0241,479348.77,1600607.706,0.5,0.5,,,,,
002415.SZ,20260417,33.49,33.75,32.75,33.13,33.54,-0.41,-1.2224,798901.12,2654570.773,0.5,0.5,,,,,
002415.SZ,20260420,34.81,35.29,34.4,34.51,33.13,1.38,4.1654,1334411.12,4638404.769,0.5,0.5,,,,,
002415.SZ,20260421,34.5,34.65,33.69,33.73,34.51,-0.78,-2.2602,729407.14,2473931.323,0.5,0.5,,,,,
002415.SZ,20260422,33.56,33.95,33.41,33.63,33.73,-0.1,-0.2965,485982.02,1633804.246,0.5,0.5,,,,,
002415.SZ,20260423,33.5,34.13,33.35,33.49,33.63,-0.14,-0.4163,496834.07,1674350.427,0.5,0.5,,,,,
002415.SZ,20260424,33.68,34.0,33.3,33.6,33.49,0.11,0.3285,405258.69,1363939.698,0.5,0.5,,,,,
002415.SZ,20260427,33.55,34.39,33.51,33.97,33.6,0.37,1.1012,500327.69,1701721.545,0.5,0.5,,,,,
002415.SZ,20260428,34.01,35.18,33.68,34.65,33.97,0.68,2.0018,766106.57,2641005.785,0.5,0.5,,,,,
002415.SZ,20260429,34.5,35.3,34.29,34.81,34.65,0.16,0.4618,585982.89,2036328.451,0.5,0.5,,,,,
002415.SZ,20260430,34.75,36.84,34.57,36.29,34.81,1.48,4.2517,1175309.49,4226180.594,0.5,0.5,,,,,
002415.SZ,20260506,36.68,37.09,35.79,36.04,36.29,-0.25,-0.6889,930105.73,3381203.623,0.5,0.5,,,,,
002415.SZ,20260507,35.92,36.45,35.56,35.96,36.04,-0.08,-0.222,630231.0,2268752.402,0.5,0.5,,,,,
002415.SZ,20260508,35.88,35.88,35.2,35.55,35.96,-0.41,-1.1402,576551.74,2043398.379,0.5,0.5,,,,,
002415.SZ,20260511,35.8,36.86,35.17,35.36,35.55,-0.19,-0.5345,946134.53,3393069.492,0.5,0.5,,,,,
002415.SZ,20260512,35.36,35.51,34.55,34.56,35.36,-0.8,-2.2624,790011.73,2755822.924,0.5,0.5,,,,,
002415.SZ,20260513,34.5,34.69,33.79,34.49,34.56,-0.07,-0.2025,721891.71,2469167.518,0.5,0.5,,,,,
002415.SZ,20260514,34.59,34.85,33.45,33.45,34.49,-1.04,-3.0154,691963.78,2350342.093,0.5,0.5,,,,,
002415.SZ,20260515,33.63,34.08,33.02,33.12,33.45,-0.33,-0.9865,618546.38,2073595.063,0.5,0.5,,,,,
002415.SZ,20260518,33.15,33.47,32.75,33.0,33.12,-0.12,-0.3623,487054.8,1610547.459,0.5,0.5,,,,,
002415.SZ,20260519,32.85,33.41,32.55,33.38,33.0,0.38,1.1515,528475.53,1741210.512,0.5,0.5,,,,,
002415.SZ,20260520,32.6,33.5,32.46,32.55,32.63,-0.08,-0.2452,564305.9,1851762.349,0.5,0.5,,,,,
002415.SZ,20260521,32.84,33.15,31.6,31.63,32.55,-0.92,-2.8264,623098.0,2019419.146,0.5,0.5,,,,,
002415.SZ,20260522,31.8,31.94,31.29,31.83,31.63,0.2,0.6323,418304.69,1322985.375,0.5,0.5,,,,,
002415.SZ,20260525,32.01,32.4,31.84,32.27,31.83,0.44,1.3823,479257.68,1539667.239,0.5,0.5,,,,,
002415.SZ,20260526,32.15,32.84,31.42,32.0,32.27,-0.27,-0.8367,663438.93,2119256.197,0.5,0.5,,,,,
002415.SZ,20260527,31.92,32.54,31.46,31.65,32.0,-0.35,-1.0938,582350.93,1857668.92,0.5,0.5,,,,,
002415.SZ,20260528,31.41,31.45,30.23,30.76,31.65,-0.89,-2.812,889978.91,2739940.344,0.5,0.5,,,,,
002415.SZ,20260529,31.0,31.2,30.15,30.56,30.76,-0.2,-0.6502,751808.64,2297985.606,0.5,0.5,,,,,
002415.SZ,20260601,30.56,30.76,30.01,30.06,30.56,-0.5,-1.6361,707627.22,2145921.551,0.5,0.5,,,,,
002415.SZ,20260602,30.11,30.96,30.0,30.75,30.06,0.69,2.2954,747356.14,2272434.74,0.5,0.5,,,,,
002415.SZ,20260603,30.55,31.15,30.28,30.77,30.75,0.02,0.065,585573.27,1800874.251,0.5,0.5,,,,,
002415.SZ,20260604,30.62,30.92,30.45,30.63,30.77,-0.14,-0.455,412574.38,1266647.252,0.5,0.5,,,,,
002415.SZ,20260605,30.77,31.53,30.51,31.28,30.63,0.65,2.1221,761527.2,2379650.205,0.5,0.5,,,,,
002415.SZ,20260608,30.7,31.11,30.1,30.3,31.28,-0.98,-3.133,681106.63,2080449.478,0.5,0.5,,,,,
002415.SZ,20260609,30.57,30.83,30.2,30.49,30.3,0.19,0.6271,542694.17,1652717.38672,0.5,0.5,,,,,
002415.SZ,20260610,30.2,30.5,30.11,30.38,30.49,-0.11,-0.3608,444842.36,1346163.56272,0.5,0.5,,,,,
002415.SZ,20260611,30.2,30.3,29.76,29.98,30.38,-0.4,-1.3167,513304.21,1536863.03431,0.5,0.5,,,,,
601398.SH,20210615,5.18,5.19,5.15,5.16,5.19,-0.03,-0.578,1812073.62,935309.205,0.5,0.5,,,,,
601398.SH,20210616,5.16,5.19,5.15,5.17,5.16,0.01,0.1938,1486551.27,768523.574,0.5,0.5,,,,,
601398.SH,20210617,5.17,5.2,5.15,5.18,5.17,0.01,0.1934,1958783.37,1015002.289,0.5,0.5,,,,,
601398.SH,20210618,5.17,5.18,5.16,5.18,5.18,0.0,0.0,1532488.58,792203.51,0.5,0.5,,,,,
601398.SH,20210621,5.17,5.18,5.15,5.15,5.18,-0.03,-0.5792,1996642.7,1030022.536,0.5,0.5,,,,,
601398.SH,20210622,5.16,5.18,5.15,5.16,5.15,0.01,0.1942,1789340.78,924193.353,0.5,0.5,,,,,
601398.SH,20210623,5.16,5.17,5.14,5.14,5.16,-0.02,-0.3876,2522193.54,1299166.847,0.5,0.5,,,,,
601398.SH,20210624,5.14,5.2,5.14,5.2,5.14,0.06,1.1673,2465297.21,1275936.039,0.5,0.5,,,,,
601398.SH,20210625,5.19,5.25,5.18,5.23,5.2,0.03,0.5769,2460594.6,1286463.194,0.5,0.5,,,,,
601398.SH,20210628,5.23,5.23,5.16,5.18,5.23,-0.05,-0.956,2576344.69,1337751.545,0.5,0.5,,,,,
601398.SH,20210629,5.18,5.2,5.16,5.17,5.18,-0.01,-0.1931,2226935.06,1151485.062,0.5,0.5,,,,,
601398.SH,20210630,5.18,5.18,5.16,5.17,5.17,0.0,0.0,1549342.53,800438.588,0.5,0.5,,,,,
601398.SH,20210701,5.17,5.26,5.16,5.26,5.17,0.09,1.7408,2770137.4,1441176.257,0.5,0.5,,,,,
601398.SH,20210702,5.21,5.27,5.19,5.25,5.26,-0.01,-0.1901,3551892.84,1854458.893,0.5,0.5,,,,,
601398.SH,20210705,5.23,5.24,5.18,5.2,5.25,-0.05,-0.9524,2761719.05,1438307.913,0.5,0.5,,,,,
601398.SH,20210706,4.96,4.96,4.93,4.95,4.93,0.02,0.4057,2657630.47,1314029.712,0.5,0.5,,,,,
601398.SH,20210707,4.95,4.96,4.92,4.94,4.95,-0.01,-0.202,1776707.65,877305.343,0.5,0.5,,,,,
601398.SH,20210708,4.94,4.95,4.88,4.89,4.94,-0.05,-1.0121,2883648.12,1412588.548,0.5,0.5,,,,,
601398.SH,20210709,4.89,4.91,4.83,4.85,4.89,-0.04,-0.818,2737420.38,1330231.107,0.5,0.5,,,,,
601398.SH,20210712,4.87,4.88,4.75,4.77,4.85,-0.08,-1.6495,5056773.67,2426435.426,0.5,0.5,,,,,
601398.SH,20210713,4.77,4.78,4.74,4.75,4.77,-0.02,-0.4193,2932780.41,1394984.363,0.5,0.5,,,,,
601398.SH,20210714,4.75,4.75,4.68,4.71,4.75,-0.04,-0.8421,3020828.55,1420168.143,0.5,0.5,,,,,
601398.SH,20210715,4.71,4.77,4.69,4.75,4.71,0.04,0.8493,2775908.51,1316100.926,0.5,0.5,,,,,
601398.SH,20210716,4.75,4.75,4.71,4.74,4.75,-0.01,-0.2105,1704073.98,805756.077,0.5,0.5,,,,,
601398.SH,20210719,4.73,4.74,4.7,4.73,4.74,-0.01,-0.211,1683757.95,793714.596,0.5,0.5,,,,,
601398.SH,20210720,4.71,4.72,4.7,4.71,4.73,-0.02,-0.4228,1025529.24,483183.662,0.5,0.5,,,,,
601398.SH,20210721,4.72,4.73,4.69,4.69,4.71,-0.02,-0.4246,1646258.57,773916.484,0.5,0.5,,,,,
601398.SH,20210722,4.7,4.72,4.69,4.71,4.69,0.02,0.4264,1476369.65,695491.005,0.5,0.5,,,,,
601398.SH,20210723,4.71,4.72,4.69,4.7,4.71,-0.01,-0.2123,1390745.61,653652.762,0.5,0.5,,,,,
601398.SH,20210726,4.69,4.7,4.65,4.67,4.7,-0.03,-0.6383,2245916.33,1047502.898,0.5,0.5,,,,,
601398.SH,20210727,4.66,4.67,4.61,4.62,4.67,-0.05,-1.0707,2088992.0,969160.413,0.5,0.5,,,,,
601398.SH,20210728,4.61,4.68,4.6,4.67,4.62,0.05,1.0823,2479934.18,1154474.144,0.5,0.5,,,,,
601398.SH,20210729,4.67,4.67,4.61,4.62,4.67,-0.05,-1.0707,1716806.34,794734.066,0.5,0.5,,,,,
601398.SH,20210730,4.62,4.62,4.57,4.59,4.62,-0.03,-0.6494,1847471.54,847608.533,0.5,0.5,,,,,
601398.SH,20210802,4.58,4.61,4.53,4.6,4.59,0.01,0.2179,2143222.62,980307.727,0.5,0.5,,,,,
601398.SH,20210803,4.59,4.59,4.55,4.58,4.6,-0.02,-0.4348,1352457.87,617612.567,0.5,0.5,,,,,
601398.SH,20210804,4.58,4.58,4.54,4.55,4.58,-0.03,-0.655,1483019.02,675234.462,0.5,0.5,,,,,
601398.SH,20210805,4.55,4.57,4.53,4.54,4.55,-0.01,-0.2198,1097471.57,499522.161,0.5,0.5,,,,,
601398.SH,20210806,4.55,4.55,4.51,4.53,4.54,-0.01,-0.2203,1587328.42,717679.984,0.5,0.5,,,,,
601398.SH,20210809,4.52,4.57,4.51,4.55,4.53,0.02,0.4415,1925600.63,876596.527,0.5,0.5,,,,,
601398.SH,20210810,4.55,4.57,4.52,4.56,4.55,0.01,0.2198,1773891.03,805586.221,0.5,0.5,,,,,
601398.SH,20210811,4.57,4.66,4.57,4.65,4.56,0.09,1.9737,3307272.49,1532111.349,0.5,0.5,,,,,
601398.SH,20210812,4.63,4.67,4.62,4.63,4.65,-0.02,-0.4301,1182781.36,548759.52,0.5,0.5,,,,,
601398.SH,20210813,4.63,4.64,4.6,4.61,4.63,-0.02,-0.432,935428.19,431809.85,0.5,0.5,,,,,
601398.SH,20210816,4.61,4.64,4.6,4.62,4.61,0.01,0.2169,1161093.33,536195.505,0.5,0.5,,,,,
601398.SH,20210817,4.61,4.64,4.6,4.62,4.62,0.0,0.0,1951383.06,901396.444,0.5,0.5,,,,,
601398.SH,20210818,4.61,4.68,4.6,4.67,4.62,0.05,1.0823,2598466.18,1206854.887,0.5,0.5,,,,,
601398.SH,20210819,4.66,4.67,4.62,4.64,4.67,-0.03,-0.6424,1482787.26,687957.237,0.5,0.5,,,,,
601398.SH,20210820,4.64,4.67,4.62,4.66,4.64,0.02,0.431,1903425.77,884926.716,0.5,0.5,,,,,
601398.SH,20210823,4.64,4.67,4.63,4.63,4.66,-0.03,-0.6438,1177076.75,546712.339,0.5,0.5,,,,,
601398.SH,20210824,4.63,4.65,4.63,4.63,4.63,0.0,0.0,954530.98,442656.393,0.5,0.5,,,,,
601398.SH,20210825,4.64,4.64,4.62,4.63,4.63,0.0,0.0,1003847.89,464385.845,0.5,0.5,,,,,
601398.SH,20210826,4.62,4.63,4.6,4.62,4.63,-0.01,-0.216,1176893.09,542560.911,0.5,0.5,,,,,
601398.SH,20210827,4.61,4.64,4.6,4.64,4.62,0.02,0.4329,1161297.16,536676.655,0.5,0.5,,,,,
601398.SH,20210830,4.63,4.64,4.56,4.58,4.64,-0.06,-1.2931,2034266.05,933775.426,0.5,0.5,,,,,
601398.SH,20210831,4.59,4.62,4.57,4.62,4.58,0.04,0.8734,1917114.5,880980.368,0.5,0.5,,,,,
601398.SH,20210901,4.61,4.69,4.6,4.68,4.62,0.06,1.2987,2681033.61,1249115.489,0.5,0.5,,,,,
601398.SH,20210902,4.68,4.69,4.66,4.69,4.68,0.01,0.2137,1467903.56,686983.93,0.5,0.5,,,,,
601398.SH,20210903,4.69,4.75,4.66,4.73,4.69,0.04,0.8529,2025437.2,954773.062,0.5,0.5,,,,,
601398.SH,20210906,4.7,4.75,4.7,4.73,4.73,0.0,0.0,1605364.98,758568.371,0.5,0.5,,,,,
601398.SH,20210907,4.73,4.77,4.7,4.75,4.73,0.02,0.4228,1948513.19,921859.134,0.5,0.5,,,,,
601398.SH,20210908,4.74,4.78,4.73,4.77,4.75,0.02,0.4211,1747800.48,832426.92,0.5,0.5,,,,,
601398.SH,20210909,4.76,4.77,4.72,4.75,4.77,-0.02,-0.4193,1553117.48,737594.016,0.5,0.5,,,,,
601398.SH,20210910,4.75,4.83,4.74,4.79,4.75,0.04,0.8421,2503592.69,1200536.537,0.5,0.5,,,,,
601398.SH,20210913,4.78,4.78,4.75,4.77,4.79,-0.02,-0.4175,1688548.99,804351.061,0.5,0.5,,,,,
601398.SH,20210914,4.76,4.78,4.7,4.71,4.77,-0.06,-1.2579,1854203.45,877628.018,0.5,0.5,,,,,
601398.SH,20210915,4.7,4.72,4.66,4.68,4.71,-0.03,-0.6369,1751216.28,820551.878,0.5,0.5,,,,,
601398.SH,20210916,4.68,4.71,4.67,4.68,4.68,0.0,0.0,1678220.42,787701.858,0.5,0.5,,,,,
601398.SH,20210917,4.68,4.71,4.68,4.7,4.68,0.02,0.4274,1102571.7,517329.961,0.5,0.5,,,,,
601398.SH,20210922,4.65,4.66,4.62,4.63,4.7,-0.07,-1.4894,2176460.13,1008833.745,0.5,0.5,,,,,
601398.SH,20210923,4.65,4.68,4.63,4.66,4.63,0.03,0.6479,1325156.69,616352.62,0.5,0.5,,,,,
601398.SH,20210924,4.64,4.67,4.63,4.64,4.66,-0.02,-0.4292,1098914.31,510211.553,0.5,0.5,,,,,
601398.SH,20210927,4.63,4.65,4.6,4.63,4.64,-0.01,-0.2155,1644683.54,759535.614,0.5,0.5,,,,,
601398.SH,20210928,4.62,4.68,4.61,4.66,4.63,0.03,0.6479,1633795.42,759632.535,0.5,0.5,,,,,
601398.SH,20210929,4.65,4.7,4.62,4.68,4.66,0.02,0.4292,2438136.54,1138094.98,0.5,0.5,,,,,
601398.SH,20210930,4.68,4.68,4.63,4.66,4.68,-0.02,-0.4274,1504131.52,698898.764,0.5,0.5,,,,,
601398.SH,20211008,4.66,4.73,4.65,4.71,4.66,0.05,1.073,1859946.25,872488.109,0.5,0.5,,,,,
601398.SH,20211011,4.72,4.77,4.71,4.74,4.71,0.03,0.6369,1818624.63,863201.212,0.5,0.5,,,,,
601398.SH,20211012,4.74,4.76,4.71,4.75,4.74,0.01,0.211,1449305.9,686903.968,0.5,0.5,,,,,
601398.SH,20211013,4.74,4.75,4.71,4.72,4.75,-0.03,-0.6316,1123056.96,530545.726,0.5,0.5,,,,,
601398.SH,20211014,4.72,4.73,4.71,4.71,4.72,-0.01,-0.2119,719637.08,339578.661,0.5,0.5,,,,,
601398.SH,20211015,4.72,4.75,4.71,4.75,4.71,0.04,0.8493,1255588.56,594356.222,0.5,0.5,,,,,
601398.SH,20211018,4.75,4.77,4.71,4.73,4.75,-0.02,-0.4211,1173696.21,555326.047,0.5,0.5,,,,,
601398.SH,20211019,4.72,4.74,4.71,4.72,4.73,-0.01,-0.2114,1058826.12,499759.095,0.5,0.5,,,,,
601398.SH,20211020,4.73,4.73,4.68,4.7,4.72,-0.02,-0.4237,1074596.35,504948.858,0.5,0.5,,,,,
601398.SH,20211021,4.7,4.74,4.69,4.74,4.7,0.04,0.8511,1351316.27,637824.658,0.5,0.5,,,,,
601398.SH,20211022,4.74,4.76,4.71,4.73,4.74,-0.01,-0.211,931086.29,440144.708,0.5,0.5,,,,,
601398.SH,20211025,4.71,4.73,4.69,4.72,4.73,-0.01,-0.2114,1033423.97,486689.967,0.5,0.5,,,,,
601398.SH,20211026,4.72,4.74,4.69,4.7,4.72,-0.02,-0.4237,1187350.03,559100.062,0.5,0.5,,,,,
601398.SH,20211027,4.7,4.71,4.65,4.7,4.7,0.0,0.0,1257712.16,588428.87,0.5,0.5,,,,,
601398.SH,20211028,4.68,4.7,4.67,4.67,4.7,-0.03,-0.6383,783008.44,366506.428,0.5,0.5,,,,,
601398.SH,20211029,4.67,4.69,4.66,4.67,4.67,0.0,0.0,1149807.98,537655.506,0.5,0.5,,,,,
601398.SH,20211101,4.68,4.73,4.67,4.73,4.67,0.06,1.2848,1876235.31,881706.429,0.5,0.5,,,,,
601398.SH,20211102,4.73,4.73,4.64,4.65,4.73,-0.08,-1.6913,2115693.0,989837.39,0.5,0.5,,,,,
601398.SH,20211103,4.67,4.67,4.63,4.64,4.65,-0.01,-0.2151,1460297.8,678038.229,0.5,0.5,,,,,
601398.SH,20211104,4.64,4.65,4.63,4.65,4.64,0.01,0.2155,1001580.9,464799.864,0.5,0.5,,,,,
601398.SH,20211105,4.64,4.67,4.63,4.66,4.65,0.01,0.2151,1113016.84,517754.657,0.5,0.5,,,,,
601398.SH,20211108,4.65,4.66,4.63,4.63,4.66,-0.03,-0.6438,1473507.23,684049.048,0.5,0.5,,,,,
601398.SH,20211109,4.64,4.65,4.63,4.64,4.63,0.01,0.216,866896.19,402174.123,0.5,0.5,,,,,
601398.SH,20211110,4.64,4.64,4.61,4.62,4.64,-0.02,-0.431,1250475.3,577396.261,0.5,0.5,,,,,
601398.SH,20211111,4.62,4.66,4.61,4.66,4.62,0.04,0.8658,1131059.25,525090.262,0.5,0.5,,,,,
601398.SH,20211112,4.66,4.66,4.63,4.65,4.66,-0.01,-0.2146,1016837.94,472333.219,0.5,0.5,,,,,
601398.SH,20211115,4.65,4.68,4.64,4.67,4.65,0.02,0.4301,900470.27,419795.012,0.5,0.5,,,,,
601398.SH,20211116,4.66,4.68,4.64,4.65,4.67,-0.02,-0.4283,962814.73,448267.809,0.5,0.5,,,,,
601398.SH,20211117,4.64,4.66,4.64,4.65,4.65,0.0,0.0,912332.73,423989.911,0.5,0.5,,,,,
601398.SH,20211118,4.64,4.65,4.63,4.64,4.65,-0.01,-0.2151,764673.98,354706.417,0.5,0.5,,,,,
601398.SH,20211119,4.64,4.67,4.63,4.66,4.64,0.02,0.431,1005572.57,467427.071,0.5,0.5,,,,,
601398.SH,20211122,4.65,4.66,4.63,4.63,4.66,-0.03,-0.6438,1205829.21,559173.673,0.5,0.5,,,,,
601398.SH,20211123,4.63,4.65,4.62,4.63,4.63,0.0,0.0,878259.91,406963.202,0.5,0.5,,,,,
601398.SH,20211124,4.63,4.64,4.62,4.64,4.63,0.01,0.216,699612.34,324057.98,0.5,0.5,,,,,
601398.SH,20211125,4.64,4.64,4.63,4.63,4.64,-0.01,-0.2155,596923.52,276623.127,0.5,0.5,,,,,
601398.SH,20211126,4.63,4.64,4.61,4.61,4.63,-0.02,-0.432,978877.39,451910.174,0.5,0.5,,,,,
601398.SH,20211129,4.6,4.61,4.56,4.58,4.61,-0.03,-0.6508,1822575.81,836194.182,0.5,0.5,,,,,
601398.SH,20211130,4.58,4.59,4.57,4.58,4.58,0.0,0.0,1076841.86,492804.575,0.5,0.5,,,,,
601398.SH,20211201,4.58,4.6,4.57,4.6,4.58,0.02,0.4367,1113050.51,511084.679,0.5,0.5,,,,,
601398.SH,20211202,4.6,4.62,4.58,4.61,4.6,0.01,0.2174,1784682.19,820135.168,0.5,0.5,,,,,
601398.SH,20211203,4.6,4.61,4.58,4.61,4.61,0.0,0.0,1127866.48,518341.585,0.5,0.5,,,,,
601398.SH,20211206,4.61,4.64,4.6,4.63,4.61,0.02,0.4338,1795706.77,830641.841,0.5,0.5,,,,,
601398.SH,20211207,4.64,4.67,4.62,4.66,4.63,0.03,0.6479,2057104.91,956152.03,0.5,0.5,,,,,
601398.SH,20211208,4.66,4.66,4.63,4.64,4.66,-0.02,-0.4292,1377156.79,638961.849,0.5,0.5,,,,,
601398.SH,20211209,4.65,4.68,4.63,4.66,4.64,0.02,0.431,1956554.82,911941.954,0.5,0.5,,,,,
601398.SH,20211210,4.65,4.66,4.62,4.66,4.66,0.0,0.0,2154203.4,999479.302,0.5,0.5,,,,,
601398.SH,20211213,4.64,4.66,4.63,4.63,4.66,-0.03,-0.6438,1346737.15,625469.69,0.5,0.5,,,,,
601398.SH,20211214,4.63,4.64,4.61,4.62,4.63,-0.01,-0.216,1276969.43,589757.693,0.5,0.5,,,,,
601398.SH,20211215,4.61,4.62,4.6,4.61,4.62,-0.01,-0.2165,1041596.89,479973.462,0.5,0.5,,,,,
601398.SH,20211216,4.61,4.63,4.59,4.62,4.61,0.01,0.2169,1457255.14,671821.104,0.5,0.5,,,,,
601398.SH,20211217,4.61,4.62,4.6,4.61,4.62,-0.01,-0.2165,1247899.48,575345.954,0.5,0.5,,,,,
601398.SH,20211220,4.6,4.63,4.6,4.61,4.61,0.0,0.0,1486145.61,686198.264,0.5,0.5,,,,,
601398.SH,20211221,4.61,4.66,4.6,4.65,4.61,0.04,0.8677,2029723.72,942740.126,0.5,0.5,,,,,
601398.SH,20211222,4.65,4.66,4.63,4.64,4.65,-0.01,-0.2151,1411400.4,655780.551,0.5,0.5,,,,,
601398.SH,20211223,4.64,4.65,4.63,4.65,4.64,0.01,0.2155,980909.9,455450.242,0.5,0.5,,,,,
601398.SH,20211224,4.65,4.67,4.64,4.65,4.65,0.0,0.0,1279087.97,595172.746,0.5,0.5,,,,,
601398.SH,20211227,4.64,4.66,4.64,4.66,4.65,0.01,0.2151,905033.12,421103.238,0.5,0.5,,,,,
601398.SH,20211228,4.66,4.68,4.65,4.68,4.66,0.02,0.4292,2005504.69,936086.065,0.5,0.5,,,,,
601398.SH,20211229,4.66,4.67,4.64,4.66,4.68,-0.02,-0.4274,976646.53,454516.937,0.5,0.5,,,,,
601398.SH,20211230,4.65,4.66,4.63,4.64,4.66,-0.02,-0.4292,1412750.58,655490.356,0.5,0.5,,,,,
601398.SH,20211231,4.63,4.65,4.63,4.63,4.64,-0.01,-0.2155,959022.15,444544.835,0.5,0.5,,,,,
601398.SH,20220104,4.64,4.67,4.63,4.67,4.63,0.04,0.8639,1688756.35,785143.329,0.5,0.5,,,,,
601398.SH,20220105,4.66,4.72,4.65,4.71,4.67,0.04,0.8565,2839546.21,1332859.587,0.5,0.5,,,,,
601398.SH,20220106,4.7,4.73,4.68,4.7,4.71,-0.01,-0.2123,1903143.59,894943.768,0.5,0.5,,,,,
601398.SH,20220107,4.69,4.75,4.68,4.74,4.7,0.04,0.8511,1939649.55,916673.916,0.5,0.5,,,,,
601398.SH,20220110,4.74,4.76,4.72,4.75,4.74,0.01,0.211,1583293.03,750737.778,0.5,0.5,,,,,
601398.SH,20220111,4.73,4.77,4.73,4.75,4.75,0.0,0.0,1670262.97,794398.037,0.5,0.5,,,,,
601398.SH,20220112,4.75,4.75,4.7,4.72,4.75,-0.03,-0.6316,1857315.19,876687.477,0.5,0.5,,,,,
601398.SH,20220113,4.71,4.78,4.71,4.73,4.72,0.01,0.2119,1793135.0,851827.613,0.5,0.5,,,,,
601398.SH,20220114,4.74,4.74,4.67,4.68,4.73,-0.05,-1.0571,2251970.35,1057017.144,0.5,0.5,,,,,
601398.SH,20220117,4.67,4.7,4.64,4.65,4.68,-0.03,-0.641,1787226.62,832701.574,0.5,0.5,,,,,
601398.SH,20220118,4.65,4.7,4.63,4.69,4.65,0.04,0.8602,2169500.22,1011704.453,0.5,0.5,,,,,
601398.SH,20220119,4.67,4.71,4.66,4.7,4.69,0.01,0.2132,1729131.75,810536.135,0.5,0.5,,,,,
601398.SH,20220120,4.7,4.76,4.69,4.75,4.7,0.05,1.0638,3131274.49,1482850.094,0.5,0.5,,,,,
601398.SH,20220121,4.73,4.74,4.69,4.7,4.75,-0.05,-1.0526,1735280.7,816856.403,0.5,0.5,,,,,
601398.SH,20220124,4.7,4.72,4.68,4.7,4.7,0.0,0.0,1418871.3,665972.927,0.5,0.5,,,,,
601398.SH,20220125,4.69,4.7,4.67,4.67,4.7,-0.03,-0.6383,1703836.68,798145.267,0.5,0.5,,,,,
601398.SH,20220126,4.66,4.7,4.66,4.69,4.67,0.02,0.4283,1189948.14,557705.783,0.5,0.5,,,,,
601398.SH,20220127,4.68,4.71,4.66,4.68,4.69,-0.01,-0.2132,1436955.02,672949.233,0.5,0.5,,,,,
601398.SH,20220128,4.68,4.73,4.66,4.66,4.68,-0.02,-0.4274,2210438.8,1037472.492,0.5,0.5,,,,,
601398.SH,20220207,4.69,4.75,4.67,4.74,4.66,0.08,1.7167,2575288.6,1216216.07,0.5,0.5,,,,,
601398.SH,20220208,4.74,4.87,4.73,4.85,4.74,0.11,2.3207,4919720.42,2367215.816,0.5,0.5,,,,,
601398.SH,20220209,4.85,4.9,4.81,4.84,4.85,-0.01,-0.2062,3522095.36,1710473.977,0.5,0.5,,,,,
601398.SH,20220210,4.85,4.87,4.8,4.86,4.84,0.02,0.4132,2527509.88,1222399.402,0.5,0.5,,,,,
601398.SH,20220211,4.84,4.89,4.83,4.87,4.86,0.01,0.2058,2168130.19,1055659.518,0.5,0.5,,,,,
601398.SH,20220214,4.85,4.86,4.77,4.8,4.87,-0.07,-1.4374,2639674.46,1267336.371,0.5,0.5,,,,,
601398.SH,20220215,4.79,4.82,4.75,4.76,4.8,-0.04,-0.8333,1957490.99,935314.542,0.5,0.5,,,,,
601398.SH,20220216,4.77,4.81,4.75,4.78,4.76,0.02,0.4202,1554567.01,743663.746,0.5,0.5,,,,,
601398.SH,20220217,4.78,4.81,4.77,4.78,4.78,0.0,0.0,1275750.79,610866.291,0.5,0.5,,,,,
601398.SH,20220218,4.77,4.82,4.76,4.81,4.78,0.03,0.6276,1598895.48,766743.186,0.5,0.5,,,,,
601398.SH,20220221,4.8,4.82,4.77,4.82,4.81,0.01,0.2079,1594033.65,764397.601,0.5,0.5,,,,,
601398.SH,20220222,4.8,4.81,4.76,4.78,4.82,-0.04,-0.8299,1708437.55,816340.653,0.5,0.5,,,,,
601398.SH,20220223,4.78,4.78,4.74,4.77,4.78,-0.01,-0.2092,2358015.79,1121673.859,0.5,0.5,,,,,
601398.SH,20220224,4.75,4.77,4.69,4.7,4.77,-0.07,-1.4675,2566266.28,1211414.666,0.5,0.5,,,,,
601398.SH,20220225,4.7,4.72,4.66,4.67,4.7,-0.03,-0.6383,2506018.2,1174239.875,0.5,0.5,,,,,
601398.SH,20220228,4.67,4.68,4.64,4.66,4.67,-0.01,-0.2141,1949269.63,908084.763,0.5,0.5,,,,,
601398.SH,20220301,4.67,4.7,4.65,4.68,4.66,0.02,0.4292,1942545.62,906672.524,0.5,0.5,,,,,
601398.SH,20220302,4.67,4.71,4.66,4.7,4.68,0.02,0.4274,1520514.4,712736.651,0.5,0.5,,,,,
601398.SH,20220303,4.69,4.76,4.69,4.74,4.7,0.04,0.8511,2273311.98,1075452.463,0.5,0.5,,,,,
601398.SH,20220304,4.73,4.73,4.67,4.72,4.74,-0.02,-0.4219,1624987.74,764539.209,0.5,0.5,,,,,
601398.SH,20220307,4.7,4.73,4.63,4.65,4.72,-0.07,-1.4831,3529409.72,1647036.756,0.5,0.5,,,,,
601398.SH,20220308,4.65,4.66,4.6,4.62,4.65,-0.03,-0.6452,2811335.58,1302919.792,0.5,0.5,,,,,
601398.SH,20220309,4.61,4.64,4.5,4.56,4.62,-0.06,-1.2987,4620584.76,2116239.86,0.5,0.5,,,,,
601398.SH,20220310,4.59,4.61,4.55,4.56,4.56,0.0,0.0,2306743.82,1055255.232,0.5,0.5,,,,,
601398.SH,20220311,4.55,4.61,4.52,4.61,4.56,0.05,1.0965,2707875.31,1233914.619,0.5,0.5,,,,,
601398.SH,20220314,4.58,4.64,4.56,4.59,4.61,-0.02,-0.4338,2290872.59,1053445.742,0.5,0.5,,,,,
601398.SH,20220315,4.57,4.6,4.51,4.54,4.59,-0.05,-1.0893,5130132.85,2327503.095,0.5,0.5,,,,,
601398.SH,20220316,4.54,4.57,4.47,4.55,4.54,0.01,0.2203,4212432.43,1904496.884,0.5,0.5,,,,,
601398.SH,20220317,4.57,4.57,4.51,4.52,4.55,-0.03,-0.6593,3098209.72,1403531.229,0.5,0.5,,,,,
601398.SH,20220318,4.52,4.6,4.51,4.55,4.52,0.03,0.6637,3627797.32,1650775.565,0.5,0.5,,,,,
601398.SH,20220321,4.56,4.57,4.53,4.54,4.55,-0.01,-0.2198,2069417.62,940187.354,0.5,0.5,,,,,
601398.SH,20220322,4.54,4.6,4.53,4.59,4.54,0.05,1.1013,2193054.6,1003988.139,0.5,0.5,,,,,
601398.SH,20220323,4.58,4.59,4.55,4.57,4.59,-0.02,-0.4357,2068590.15,945355.931,0.5,0.5,,,,,
601398.SH,20220324,4.55,4.6,4.54,4.58,4.57,0.01,0.2188,1505590.56,689799.168,0.5,0.5,,,,,
601398.SH,20220325,4.58,4.64,4.58,4.62,4.58,0.04,0.8734,2277815.41,1051862.686,0.5,0.5,,,,,
601398.SH,20220328,4.62,4.7,4.6,4.69,4.62,0.07,1.5152,2870476.05,1338663.837,0.5,0.5,,,,,
601398.SH,20220329,4.69,4.73,4.67,4.72,4.69,0.03,0.6397,1939580.79,912905.215,0.5,0.5,,,,,
601398.SH,20220330,4.72,4.73,4.66,4.71,4.72,-0.01,-0.2119,2330530.21,1093920.777,0.5,0.5,,,,,
601398.SH,20220331,4.7,4.78,4.68,4.77,4.71,0.06,1.2739,2876908.88,1367102.536,0.5,0.5,,,,,
601398.SH,20220401,4.75,4.81,4.74,4.79,4.77,0.02,0.4193,2648250.48,1264764.211,0.5,0.5,,,,,
601398.SH,20220406,4.78,4.85,4.77,4.83,4.79,0.04,0.8351,3493007.01,1680190.64,0.5,0.5,,,,,
601398.SH,20220407,4.82,4.85,4.78,4.82,4.83,-0.01,-0.207,3045433.31,1467777.843,0.5,0.5,,,,,
601398.SH,20220408,4.82,4.83,4.77,4.81,4.82,-0.01,-0.2075,2501732.55,1201783.976,0.5,0.5,,,,,
601398.SH,20220411,4.8,4.82,4.76,4.78,4.81,-0.03,-0.6237,2726414.54,1304536.36,0.5,0.5,,,,,
601398.SH,20220412,4.78,4.81,4.73,4.78,4.78,0.0,0.0,2761167.79,1319247.558,0.5,0.5,,,,,
601398.SH,20220413,4.78,4.82,4.77,4.79,4.78,0.01,0.2092,1971223.6,946500.715,0.5,0.5,,,,,
601398.SH,20220414,4.8,4.81,4.76,4.77,4.79,-0.02,-0.4175,1484144.96,708983.833,0.5,0.5,,,,,
601398.SH,20220415,4.76,4.8,4.76,4.76,4.77,-0.01,-0.2096,1934877.75,924020.571,0.5,0.5,,,,,
601398.SH,20220418,4.75,4.78,4.71,4.72,4.76,-0.04,-0.8403,1829658.37,866264.047,0.5,0.5,,,,,
601398.SH,20220419,4.72,4.74,4.69,4.73,4.72,0.01,0.2119,1582093.54,745770.596,0.5,0.5,,,,,
601398.SH,20220420,4.72,4.76,4.71,4.74,4.73,0.01,0.2114,1453319.08,688799.566,0.5,0.5,,,,,
601398.SH,20220421,4.74,4.81,4.73,4.78,4.74,0.04,0.8439,3297911.38,1578338.095,0.5,0.5,,,,,
601398.SH,20220422,4.76,4.85,4.76,4.84,4.78,0.06,1.2552,3904377.87,1885993.944,0.5,0.5,,,,,
601398.SH,20220425,4.82,4.86,4.75,4.75,4.84,-0.09,-1.8595,4717826.13,2276075.261,0.5,0.5,,,,,
601398.SH,20220426,4.75,4.83,4.73,4.81,4.75,0.06,1.2632,3636708.92,1741895.884,0.5,0.5,,,,,
601398.SH,20220427,4.8,4.83,4.68,4.71,4.81,-0.1,-2.079,3835451.63,1821850.807,0.5,0.5,,,,,
601398.SH,20220428,4.71,4.77,4.7,4.77,4.71,0.06,1.2739,2959970.69,1401689.37,0.5,0.5,,,,,
601398.SH,20220429,4.76,4.8,4.72,4.78,4.77,0.01,0.2096,2639416.6,1258379.971,0.5,0.5,,,,,
601398.SH,20220505,4.78,4.8,4.72,4.75,4.78,-0.03,-0.6276,2402048.34,1143770.289,0.5,0.5,,,,,
601398.SH,20220506,4.74,4.77,4.71,4.74,4.75,-0.01,-0.2105,1690447.34,800177.342,0.5,0.5,,,,,
601398.SH,20220509,4.73,4.77,4.71,4.76,4.74,0.02,0.4219,1613516.38,766272.587,0.5,0.5,,,,,
601398.SH,20220510,4.75,4.77,4.72,4.73,4.76,-0.03,-0.6303,1942057.06,919233.037,0.5,0.5,,,,,
601398.SH,20220511,4.73,4.74,4.66,4.66,4.73,-0.07,-1.4799,3534060.95,1656391.757,0.5,0.5,,,,,
601398.SH,20220512,4.66,4.67,4.64,4.65,4.66,-0.01,-0.2146,1446944.24,673675.865,0.5,0.5,,,,,
601398.SH,20220513,4.66,4.7,4.65,4.7,4.65,0.05,1.0753,1754111.95,822079.154,0.5,0.5,,,,,
601398.SH,20220516,4.7,4.7,4.65,4.68,4.7,-0.02,-0.4255,1668263.15,779376.703,0.5,0.5,,,,,
601398.SH,20220517,4.69,4.69,4.65,4.66,4.68,-0.02,-0.4274,2168890.33,1012483.465,0.5,0.5,,,,,
601398.SH,20220518,4.66,4.67,4.61,4.62,4.66,-0.04,-0.8584,2260084.27,1045435.059,0.5,0.5,,,,,
601398.SH,20220519,4.61,4.62,4.59,4.61,4.62,-0.01,-0.2165,1691556.29,778801.637,0.5,0.5,,,,,
601398.SH,20220520,4.62,4.63,4.59,4.63,4.61,0.02,0.4338,2406916.32,1111835.552,0.5,0.5,,,,,
601398.SH,20220523,4.62,4.64,4.62,4.62,4.63,-0.01,-0.216,1732243.51,801421.866,0.5,0.5,,,,,
601398.SH,20220524,4.63,4.68,4.62,4.67,4.62,0.05,1.0823,2437748.64,1133742.35,0.5,0.5,,,,,
601398.SH,20220525,4.67,4.68,4.65,4.66,4.67,-0.01,-0.2141,1523156.56,710288.253,0.5,0.5,,,,,
601398.SH,20220526,4.66,4.67,4.63,4.65,4.66,-0.01,-0.2146,1917670.89,892015.484,0.5,0.5,,,,,
601398.SH,20220527,4.66,4.67,4.64,4.67,4.65,0.02,0.4301,1249997.58,582773.258,0.5,0.5,,,,,
601398.SH,20220530,4.67,4.69,4.64,4.65,4.67,-0.02,-0.4283,1588274.31,740859.756,0.5,0.5,,,,,
601398.SH,20220531,4.64,4.68,4.63,4.66,4.65,0.01,0.2151,2513657.47,1171009.193,0.5,0.5,,,,,
601398.SH,20220601,4.65,4.67,4.63,4.65,4.66,-0.01,-0.2146,1400676.61,651076.588,0.5,0.5,,,,,
601398.SH,20220602,4.64,4.65,4.62,4.63,4.65,-0.02,-0.4301,1521638.07,704972.367,0.5,0.5,,,,,
601398.SH,20220606,4.63,4.64,4.58,4.6,4.63,-0.03,-0.6479,2954334.37,1359071.286,0.5,0.5,,,,,
601398.SH,20220607,4.6,4.63,4.59,4.61,4.6,0.01,0.2174,1873120.09,863790.898,0.5,0.5,,,,,
601398.SH,20220608,4.62,4.64,4.61,4.64,4.61,0.03,0.6508,1736302.19,803663.719,0.5,0.5,,,,,
601398.SH,20220609,4.63,4.67,4.62,4.66,4.64,0.02,0.431,2193619.73,1020144.722,0.5,0.5,,,,,
601398.SH,20220610,4.66,4.69,4.65,4.69,4.66,0.03,0.6438,2647090.44,1236607.464,0.5,0.5,,,,,
601398.SH,20220613,4.68,4.69,4.63,4.67,4.69,-0.02,-0.4264,2282411.27,1062970.281,0.5,0.5,,,,,
601398.SH,20220614,4.66,4.73,4.65,4.72,4.67,0.05,1.0707,2271488.53,1065769.46,0.5,0.5,,,,,
601398.SH,20220615,4.72,4.77,4.7,4.73,4.72,0.01,0.2119,2981358.89,1413770.158,0.5,0.5,,,,,
601398.SH,20220616,4.73,4.74,4.69,4.7,4.73,-0.03,-0.6342,2101488.4,989353.107,0.5,0.5,,,,,
601398.SH,20220617,4.7,4.75,4.69,4.75,4.7,0.05,1.0638,1810638.22,857162.918,0.5,0.5,,,,,
601398.SH,20220620,4.75,4.75,4.7,4.7,4.75,-0.05,-1.0526,1864115.17,879332.783,0.5,0.5,,,,,
601398.SH,20220621,4.71,4.77,4.7,4.76,4.7,0.06,1.2766,2094053.97,992313.781,0.5,0.5,,,,,
601398.SH,20220622,4.75,4.79,4.74,4.75,4.76,-0.01,-0.2101,1567201.49,746302.086,0.5,0.5,,,,,
601398.SH,20220623,4.76,4.78,4.75,4.77,4.75,0.02,0.4211,1754362.11,836115.739,0.5,0.5,,,,,
601398.SH,20220624,4.76,4.78,4.72,4.74,4.77,-0.03,-0.6289,1838538.97,872916.586,0.5,0.5,,,,,
601398.SH,20220627,4.74,4.75,4.7,4.71,4.74,-0.03,-0.6329,2315190.67,1092328.379,0.5,0.5,,,,,
601398.SH,20220628,4.71,4.74,4.69,4.73,4.71,0.02,0.4246,1707371.01,805395.28,0.5,0.5,,,,,
601398.SH,20220629,4.73,4.77,4.72,4.77,4.73,0.04,0.8457,2155490.58,1023870.244,0.5,0.5,,,,,
601398.SH,20220630,4.76,4.78,4.74,4.77,4.77,0.0,0.0,1783255.35,849607.081,0.5,0.5,,,,,
601398.SH,20220701,4.77,4.78,4.74,4.77,4.77,0.0,0.0,1349358.17,642345.557,0.5,0.5,,,,,
601398.SH,20220704,4.77,4.79,4.75,4.77,4.77,0.0,0.0,1306120.61,622821.601,0.5,0.5,,,,,
601398.SH,20220705,4.78,4.81,4.77,4.8,4.77,0.03,0.6289,2036720.06,975769.265,0.5,0.5,,,,,
601398.SH,20220706,4.8,4.81,4.76,4.78,4.8,-0.02,-0.4167,1768551.07,844420.041,0.5,0.5,,,,,
601398.SH,20220707,4.78,4.79,4.76,4.76,4.78,-0.02,-0.4184,1616038.98,771362.416,0.5,0.5,,,,,
601398.SH,20220708,4.77,4.78,4.74,4.77,4.76,0.01,0.2101,1620288.79,771025.598,0.5,0.5,,,,,
601398.SH,20220711,4.77,4.8,4.75,4.79,4.77,0.02,0.4193,3319089.02,1588548.779,0.5,0.5,,,,,
601398.SH,20220712,4.52,4.53,4.5,4.51,4.5,0.01,0.2222,3134478.42,1415371.773,0.5,0.5,,,,,
601398.SH,20220713,4.51,4.51,4.41,4.42,4.51,-0.09,-1.9956,3393612.24,1509312.922,0.5,0.5,,,,,
601398.SH,20220714,4.42,4.42,4.32,4.37,4.42,-0.05,-1.1312,3430233.31,1493674.363,0.5,0.5,,,,,
601398.SH,20220715,4.36,4.38,4.33,4.33,4.37,-0.04,-0.9153,2188862.6,953165.921,0.5,0.5,,,,,
601398.SH,20220718,4.34,4.37,4.34,4.37,4.33,0.04,0.9238,1770539.74,771591.237,0.5,0.5,,,,,
601398.SH,20220719,4.36,4.41,4.35,4.39,4.37,0.02,0.4577,1747358.65,766493.792,0.5,0.5,,,,,
601398.SH,20220720,4.4,4.45,4.39,4.44,4.39,0.05,1.139,1629580.37,721830.507,0.5,0.5,,,,,
601398.SH,20220721,4.45,4.45,4.39,4.39,4.44,-0.05,-1.1261,1486550.38,655999.435,0.5,0.5,,,,,
601398.SH,20220722,4.39,4.43,4.39,4.41,4.39,0.02,0.4556,1438737.36,634607.518,0.5,0.5,,,,,
601398.SH,20220725,4.41,4.44,4.4,4.44,4.41,0.03,0.6803,1315203.7,582040.207,0.5,0.5,,,,,
601398.SH,20220726,4.44,4.45,4.42,4.42,4.44,-0.02,-0.4505,1382246.01,612318.085,0.5,0.5,,,,,
601398.SH,20220727,4.42,4.43,4.39,4.39,4.42,-0.03,-0.6787,1259740.61,553990.999,0.5,0.5,,,,,
601398.SH,20220728,4.39,4.42,4.39,4.39,4.39,0.0,0.0,1198583.7,527011.553,0.5,0.5,,,,,
601398.SH,20220729,4.4,4.42,4.37,4.38,4.39,-0.01,-0.2278,1433017.79,629578.816,0.5,0.5,,,,,
601398.SH,20220801,4.37,4.4,4.36,4.37,4.38,-0.01,-0.2283,1336474.35,585326.909,0.5,0.5,,,,,
601398.SH,20220802,4.36,4.37,4.33,4.35,4.37,-0.02,-0.4577,1803066.67,782945.384,0.5,0.5,,,,,
601398.SH,20220803,4.34,4.36,4.32,4.32,4.35,-0.03,-0.6897,1415814.5,614187.517,0.5,0.5,,,,,
601398.SH,20220804,4.34,4.38,4.32,4.37,4.32,0.05,1.1574,1858632.44,809091.671,0.5,0.5,,,,,
601398.SH,20220805,4.38,4.4,4.36,4.39,4.37,0.02,0.4577,1226915.18,537331.729,0.5,0.5,,,,,
601398.SH,20220808,4.39,4.39,4.34,4.35,4.39,-0.04,-0.9112,1294709.48,564029.561,0.5,0.5,,,,,
601398.SH,20220809,4.35,4.37,4.34,4.34,4.35,-0.01,-0.2299,820212.25,356859.073,0.5,0.5,,,,,
601398.SH,20220810,4.34,4.35,4.32,4.33,4.34,-0.01,-0.2304,907585.27,393451.05,0.5,0.5,,,,,
601398.SH,20220811,4.34,4.37,4.33,4.36,4.33,0.03,0.6928,1526533.08,664667.705,0.5,0.5,,,,,
601398.SH,20220812,4.36,4.37,4.34,4.36,4.36,0.0,0.0,1126271.34,490393.04,0.5,0.5,,,,,
601398.SH,20220815,4.35,4.36,4.33,4.34,4.36,-0.02,-0.4587,1193889.44,518417.996,0.5,0.5,,,,,
601398.SH,20220816,4.34,4.35,4.33,4.33,4.34,-0.01,-0.2304,1292595.34,561093.999,0.5,0.5,,,,,
601398.SH,20220817,4.34,4.35,4.32,4.34,4.33,0.01,0.2309,1737077.62,752698.402,0.5,0.5,,,,,
601398.SH,20220818,4.34,4.34,4.32,4.32,4.34,-0.02,-0.4608,1079770.56,467337.83,0.5,0.5,,,,,
601398.SH,20220819,4.33,4.35,4.32,4.33,4.32,0.01,0.2315,1065557.2,462040.416,0.5,0.5,,,,,
601398.SH,20220822,4.33,4.35,4.32,4.33,4.33,0.0,0.0,1022983.46,443494.667,0.5,0.5,,,,,
601398.SH,20220823,4.33,4.34,4.32,4.32,4.33,-0.01,-0.2309,1062128.2,459477.326,0.5,0.5,,,,,
601398.SH,20220824,4.33,4.34,4.32,4.32,4.32,0.0,0.0,1102185.03,476974.353,0.5,0.5,,,,,
601398.SH,20220825,4.33,4.34,4.32,4.34,4.32,0.02,0.463,1164669.1,504127.533,0.5,0.5,,,,,
601398.SH,20220826,4.34,4.35,4.33,4.35,4.34,0.01,0.2304,981045.72,426084.963,0.5,0.5,,,,,
601398.SH,20220829,4.34,4.35,4.32,4.33,4.35,-0.02,-0.4598,1029063.53,445969.001,0.5,0.5,,,,,
601398.SH,20220830,4.34,4.36,4.33,4.36,4.33,0.03,0.6928,1340225.25,582803.339,0.5,0.5,,,,,
601398.SH,20220831,4.35,4.38,4.34,4.38,4.36,0.02,0.4587,2592392.09,1132180.169,0.5,0.5,,,,,
601398.SH,20220901,4.36,4.37,4.35,4.36,4.38,-0.02,-0.4566,1056918.15,460792.946,0.5,0.5,,,,,
601398.SH,20220902,4.35,4.37,4.34,4.35,4.36,-0.01,-0.2294,1297846.55,565116.18,0.5,0.5,,,,,
601398.SH,20220905,4.35,4.36,4.33,4.36,4.35,0.01,0.2299,1259091.16,547119.545,0.5,0.5,,,,,
601398.SH,20220906,4.36,4.38,4.34,4.36,4.36,0.0,0.0,1845802.31,805772.141,0.5,0.5,,,,,
601398.SH,20220907,4.36,4.36,4.34,4.35,4.36,-0.01,-0.2294,1189129.21,517187.728,0.5,0.5,,,,,
601398.SH,20220908,4.36,4.36,4.34,4.35,4.35,0.0,0.0,1086742.4,472815.83,0.5,0.5,,,,,
601398.SH,20220909,4.36,4.38,4.35,4.36,4.35,0.01,0.2299,1627950.22,710715.972,0.5,0.5,,,,,
601398.SH,20220913,4.37,4.39,4.36,4.38,4.36,0.02,0.4587,2076228.55,908320.747,0.5,0.5,,,,,
601398.SH,20220914,4.36,4.38,4.36,4.36,4.38,-0.02,-0.4566,1195215.47,521881.472,0.5,0.5,,,,,
601398.SH,20220915,4.37,4.4,4.36,4.39,4.36,0.03,0.6881,2994070.17,1312876.135,0.5,0.5,,,,,
601398.SH,20220916,4.39,4.4,4.36,4.36,4.39,-0.03,-0.6834,2427171.38,1062487.993,0.5,0.5,,,,,
601398.SH,20220919,4.37,4.39,4.36,4.38,4.36,0.02,0.4587,2167207.03,948114.394,0.5,0.5,,,,,
601398.SH,20220920,4.39,4.39,4.36,4.37,4.38,-0.01,-0.2283,1485249.42,650364.279,0.5,0.5,,,,,
601398.SH,20220921,4.37,4.39,4.35,4.37,4.37,0.0,0.0,1578483.49,689565.518,0.5,0.5,,,,,
601398.SH,20220922,4.36,4.4,4.35,4.39,4.37,0.02,0.4577,2857305.08,1248539.894,0.5,0.5,,,,,
601398.SH,20220923,4.38,4.41,4.37,4.4,4.39,0.01,0.2278,2812241.6,1237026.682,0.5,0.5,,,,,
601398.SH,20220926,4.39,4.4,4.35,4.35,4.4,-0.05,-1.1364,2626983.03,1147676.709,0.5,0.5,,,,,
601398.SH,20220927,4.35,4.36,4.33,4.34,4.35,-0.01,-0.2299,1900358.23,825325.572,0.5,0.5,,,,,
601398.SH,20220928,4.34,4.36,4.33,4.35,4.34,0.01,0.2304,1805772.77,784503.628,0.5,0.5,,,,,
601398.SH,20220929,4.36,4.36,4.33,4.33,4.35,-0.02,-0.4598,1758825.32,763036.787,0.5,0.5,,,,,
601398.SH,20220930,4.34,4.36,4.33,4.35,4.33,0.02,0.4619,1578628.46,686074.089,0.5,0.5,,,,,
601398.SH,20221010,4.35,4.38,4.33,4.36,4.35,0.01,0.2299,3177781.53,1385758.856,0.5,0.5,,,,,
601398.SH,20221011,4.36,4.38,4.34,4.37,4.36,0.01,0.2294,2071206.32,903371.612,0.5,0.5,,,,,
601398.SH,20221012,4.37,4.4,4.36,4.4,4.37,0.03,0.6865,2592391.8,1135992.155,0.5,0.5,,,,,
601398.SH,20221013,4.39,4.39,4.34,4.35,4.4,-0.05,-1.1364,2700348.47,1174850.511,0.5,0.5,,,,,
601398.SH,20221014,4.35,4.36,4.33,4.34,4.35,-0.01,-0.2299,2629692.9,1142713.536,0.5,0.5,,,,,
601398.SH,20221017,4.34,4.38,4.33,4.35,4.34,0.01,0.2304,2562545.27,1115347.729,0.5,0.5,,,,,
601398.SH,20221018,4.36,4.36,4.34,4.35,4.35,0.0,0.0,1533381.79,666628.309,0.5,0.5,,,,,
601398.SH,20221019,4.34,4.36,4.34,4.34,4.35,-0.01,-0.2299,1679225.86,730221.419,0.5,0.5,,,,,
601398.SH,20221020,4.35,4.36,4.34,4.35,4.34,0.01,0.2304,1712897.85,745032.525,0.5,0.5,,,,,
601398.SH,20221021,4.35,4.36,4.34,4.35,4.35,0.0,0.0,1846239.59,802815.21,0.5,0.5,,,,,
601398.SH,20221024,4.35,4.36,4.33,4.36,4.35,0.01,0.2299,3982764.2,1731708.676,0.5,0.5,,,,,
601398.SH,20221025,4.35,4.36,4.34,4.34,4.36,-0.02,-0.4587,2059834.43,895581.873,0.5,0.5,,,,,
601398.SH,20221026,4.34,4.35,4.28,4.28,4.34,-0.06,-1.3825,4305151.47,1859606.05,0.5,0.5,,,,,
601398.SH,20221027,4.28,4.29,4.24,4.25,4.28,-0.03,-0.7009,2614569.57,1114168.572,0.5,0.5,,,,,
601398.SH,20221028,4.26,4.27,4.24,4.25,4.25,0.0,0.0,2322386.17,989014.765,0.5,0.5,,,,,
601398.SH,20221031,4.25,4.26,4.14,4.15,4.25,-0.1,-2.3529,3136808.62,1315941.98,0.5,0.5,,,,,
601398.SH,20221101,4.15,4.16,4.01,4.08,4.15,-0.07,-1.6867,6428447.8,2617808.617,0.5,0.5,,,,,
601398.SH,20221102,4.05,4.07,4.01,4.07,4.08,-0.01,-0.2451,3450626.79,1394694.899,0.5,0.5,,,,,
601398.SH,20221103,4.05,4.06,4.04,4.06,4.07,-0.01,-0.2457,1564672.37,634051.041,0.5,0.5,,,,,
601398.SH,20221104,4.05,4.12,4.05,4.09,4.06,0.03,0.7389,3380993.45,1382391.65,0.5,0.5,,,,,
601398.SH,20221107,4.09,4.09,4.06,4.08,4.09,-0.01,-0.2445,2420763.34,986337.817,0.5,0.5,,,,,
601398.SH,20221108,4.08,4.09,4.07,4.09,4.08,0.01,0.2451,1266710.07,517079.54,0.5,0.5,,,,,
601398.SH,20221109,4.09,4.11,4.08,4.1,4.09,0.01,0.2445,1368752.57,560691.18,0.5,0.5,,,,,
601398.SH,20221110,4.09,4.11,4.08,4.11,4.1,0.01,0.2439,1423974.57,582648.249,0.5,0.5,,,,,
601398.SH,20221111,4.12,4.16,4.11,4.15,4.11,0.04,0.9732,2768352.88,1144895.641,0.5,0.5,,,,,
601398.SH,20221114,4.16,4.19,4.15,4.15,4.15,0.0,0.0,2708150.58,1129702.478,0.5,0.5,,,,,
601398.SH,20221115,4.16,4.18,4.15,4.17,4.15,0.02,0.4819,1564140.1,651544.034,0.5,0.5,,,,,
601398.SH,20221116,4.17,4.18,4.16,4.16,4.17,-0.01,-0.2398,1132770.31,472113.067,0.5,0.5,,,,,
601398.SH,20221117,4.16,4.17,4.14,4.17,4.16,0.01,0.2404,1681716.59,698816.838,0.5,0.5,,,,,
601398.SH,20221118,4.17,4.19,4.16,4.17,4.17,0.0,0.0,1785481.49,745303.163,0.5,0.5,,,,,
601398.SH,20221121,4.17,4.19,4.15,4.18,4.17,0.01,0.2398,1805231.96,753341.792,0.5,0.5,,,,,
601398.SH,20221122,4.18,4.25,4.17,4.23,4.18,0.05,1.1962,2702553.18,1140835.266,0.5,0.5,,,,,
601398.SH,20221123,4.23,4.29,4.22,4.26,4.23,0.03,0.7092,3210906.57,1369621.339,0.5,0.5,,,,,
601398.SH,20221124,4.27,4.28,4.24,4.25,4.26,-0.01,-0.2347,1413653.86,602139.323,0.5,0.5,,,,,
601398.SH,20221125,4.25,4.33,4.25,4.32,4.25,0.07,1.6471,3698254.16,1591516.138,0.5,0.5,,,,,
601398.SH,20221128,4.29,4.3,4.22,4.24,4.32,-0.08,-1.8519,2927271.24,1241390.938,0.5,0.5,,,,,
601398.SH,20221129,4.25,4.34,4.24,4.32,4.24,0.08,1.8868,4116956.33,1769804.553,0.5,0.5,,,,,
601398.SH,20221130,4.3,4.33,4.28,4.3,4.32,-0.02,-0.463,3121823.07,1342258.893,0.5,0.5,,,,,
601398.SH,20221201,4.32,4.33,4.24,4.25,4.3,-0.05,-1.1628,3527083.71,1508271.593,0.5,0.5,,,,,
601398.SH,20221202,4.25,4.26,4.23,4.24,4.25,-0.01,-0.2353,1998981.23,848573.118,0.5,0.5,,,,,
601398.SH,20221205,4.26,4.32,4.25,4.3,4.24,0.06,1.4151,3497316.92,1499555.627,0.5,0.5,,,,,
601398.SH,20221206,4.3,4.32,4.29,4.31,4.3,0.01,0.2326,2597515.49,1117747.056,0.5,0.5,,,,,
601398.SH,20221207,4.31,4.32,4.28,4.29,4.31,-0.02,-0.464,2223357.63,956706.139,0.5,0.5,,,,,
601398.SH,20221208,4.29,4.31,4.28,4.3,4.29,0.01,0.2331,1966006.46,845283.418,0.5,0.5,,,,,
601398.SH,20221209,4.3,4.32,4.29,4.3,4.3,0.0,0.0,2564903.65,1103145.219,0.5,0.5,,,,,
601398.SH,20221212,4.3,4.3,4.27,4.27,4.3,-0.03,-0.6977,1967081.31,843407.173,0.5,0.5,,,,,
601398.SH,20221213,4.28,4.31,4.27,4.3,4.27,0.03,0.7026,1640735.77,704235.151,0.5,0.5,,,,,
601398.SH,20221214,4.3,4.31,4.27,4.29,4.3,-0.01,-0.2326,1975053.51,845926.525,0.5,0.5,,,,,
601398.SH,20221215,4.28,4.29,4.25,4.26,4.29,-0.03,-0.6993,1793039.37,763572.928,0.5,0.5,,,,,
601398.SH,20221216,4.26,4.29,4.24,4.29,4.26,0.03,0.7042,1982171.66,846358.171,0.5,0.5,,,,,
601398.SH,20221219,4.28,4.31,4.25,4.26,4.29,-0.03,-0.6993,1647837.22,704842.464,0.5,0.5,,,,,
601398.SH,20221220,4.25,4.27,4.23,4.23,4.26,-0.03,-0.7042,1769707.42,751668.831,0.5,0.5,,,,,
601398.SH,20221221,4.23,4.26,4.23,4.25,4.23,0.02,0.4728,1188930.37,504895.105,0.5,0.5,,,,,
601398.SH,20221222,4.26,4.28,4.25,4.27,4.25,0.02,0.4706,1296888.69,553757.271,0.5,0.5,,,,,
601398.SH,20221223,4.27,4.27,4.25,4.25,4.27,-0.02,-0.4684,904597.86,385322.879,0.5,0.5,,,,,
601398.SH,20221226,4.26,4.28,4.24,4.26,4.25,0.01,0.2353,1470701.24,626352.011,0.5,0.5,,,,,
601398.SH,20221227,4.27,4.31,4.26,4.3,4.26,0.04,0.939,1849633.29,793633.877,0.5,0.5,,,,,
601398.SH,20221228,4.3,4.33,4.29,4.32,4.3,0.02,0.4651,1755915.54,757611.069,0.5,0.5,,,,,
601398.SH,20221229,4.31,4.32,4.26,4.3,4.32,-0.02,-0.463,1885665.53,809605.996,0.5,0.5,,,,,
601398.SH,20221230,4.31,4.35,4.3,4.34,4.3,0.04,0.9302,2983386.66,1293431.442,0.5,0.5,,,,,
601398.SH,20230103,4.34,4.34,4.3,4.31,4.34,-0.03,-0.6912,2428809.7,1047725.002,0.5,0.5,,,,,
601398.SH,20230104,4.32,4.36,4.31,4.36,4.31,0.05,1.1601,2351477.35,1022070.423,0.5,0.5,,,,,
601398.SH,20230105,4.36,4.38,4.33,4.33,4.36,-0.03,-0.6881,2017797.78,877204.366,0.5,0.5,,,,,
601398.SH,20230106,4.33,4.35,4.31,4.34,4.33,0.01,0.2309,1687138.02,731034.157,0.5,0.5,,,,,
601398.SH,20230109,4.35,4.36,4.33,4.33,4.34,-0.01,-0.2304,1666791.6,723302.384,0.5,0.5,,,,,
601398.SH,20230110,4.34,4.34,4.3,4.3,4.33,-0.03,-0.6928,1751258.73,755033.29,0.5,0.5,,,,,
601398.SH,20230111,4.3,4.32,4.29,4.31,4.3,0.01,0.2326,1349496.38,581583.428,0.5,0.5,,,,,
601398.SH,20230112,4.31,4.32,4.29,4.3,4.31,-0.01,-0.232,1095530.61,471371.597,0.5,0.5,,,,,
601398.SH,20230113,4.3,4.34,4.3,4.34,4.3,0.04,0.9302,1310556.43,566908.49,0.5,0.5,,,,,
601398.SH,20230116,4.34,4.36,4.33,4.34,4.34,0.0,0.0,2239500.53,972719.257,0.5,0.5,,,,,
601398.SH,20230117,4.34,4.35,4.31,4.33,4.34,-0.01,-0.2304,1348396.46,583427.985,0.5,0.5,,,,,
601398.SH,20230118,4.33,4.35,4.33,4.34,4.33,0.01,0.2309,1290402.2,559746.084,0.5,0.5,,,,,
601398.SH,20230119,4.33,4.34,4.31,4.33,4.34,-0.01,-0.2304,1311153.98,566876.473,0.5,0.5,,,,,
601398.SH,20230120,4.33,4.34,4.32,4.33,4.33,0.0,0.0,1423233.56,615310.375,0.5,0.5,,,,,
601398.SH,20230130,4.34,4.35,4.31,4.32,4.33,-0.01,-0.2309,2451083.79,1060660.579,0.5,0.5,,,,,
601398.SH,20230131,4.32,4.33,4.31,4.32,4.32,0.0,0.0,1687635.24,729242.573,0.5,0.5,,,,,
601398.SH,20230201,4.32,4.33,4.3,4.31,4.32,-0.01,-0.2315,1729252.59,745664.75,0.5,0.5,,,,,
601398.SH,20230202,4.32,4.32,4.3,4.3,4.31,-0.01,-0.232,2020736.28,870185.102,0.5,0.5,,,,,
601398.SH,20230203,4.3,4.31,4.29,4.3,4.3,0.0,0.0,1974191.01,848654.204,0.5,0.5,,,,,
601398.SH,20230206,4.3,4.3,4.28,4.29,4.3,-0.01,-0.2326,2162137.5,926939.859,0.5,0.5,,,,,
601398.SH,20230207,4.29,4.31,4.28,4.29,4.29,0.0,0.0,1583521.42,680140.869,0.5,0.5,,,,,
601398.SH,20230208,4.3,4.31,4.29,4.3,4.29,0.01,0.2331,1294928.29,556550.72,0.5,0.5,,,,,
601398.SH,20230209,4.29,4.31,4.29,4.3,4.3,0.0,0.0,1307659.09,562487.646,0.5,0.5,,,,,
601398.SH,20230210,4.31,4.31,4.29,4.31,4.3,0.01,0.2326,1202376.2,517287.828,0.5,0.5,,,,,
601398.SH,20230213,4.3,4.31,4.29,4.29,4.31,-0.02,-0.464,1902540.36,817263.325,0.5,0.5,,,,,
601398.SH,20230214,4.3,4.31,4.29,4.3,4.29,0.01,0.2331,1064557.57,457865.981,0.5,0.5,,,,,
601398.SH,20230215,4.3,4.31,4.28,4.29,4.3,-0.01,-0.2326,2040446.17,875087.611,0.5,0.5,,,,,
601398.SH,20230216,4.29,4.3,4.28,4.28,4.29,-0.01,-0.2331,1894246.99,812550.64,0.5,0.5,,,,,
601398.SH,20230217,4.28,4.3,4.28,4.28,4.28,0.0,0.0,1786395.16,766064.99,0.5,0.5,,,,,
601398.SH,20230220,4.29,4.31,4.28,4.31,4.28,0.03,0.7009,2339844.07,1004838.515,0.5,0.5,,,,,
601398.SH,20230221,4.3,4.32,4.3,4.32,4.31,0.01,0.232,1678930.37,724398.198,0.5,0.5,,,,,
601398.SH,20230222,4.32,4.32,4.3,4.3,4.32,-0.02,-0.463,937519.93,404187.271,0.5,0.5,,,,,
601398.SH,20230223,4.31,4.32,4.3,4.3,4.3,0.0,0.0,1215628.07,523722.564,0.5,0.5,,,,,
601398.SH,20230224,4.31,4.31,4.29,4.29,4.3,-0.01,-0.2326,1391182.56,597341.18,0.5,0.5,,,,,
601398.SH,20230227,4.29,4.3,4.28,4.29,4.29,0.0,0.0,1201801.77,515168.67,0.5,0.5,,,,,
601398.SH,20230228,4.29,4.3,4.28,4.3,4.29,0.01,0.2331,1580501.25,677615.166,0.5,0.5,,,,,
601398.SH,20230301,4.3,4.31,4.29,4.3,4.3,0.0,0.0,2575566.7,1107847.947,0.5,0.5,,,,,
601398.SH,20230302,4.3,4.32,4.29,4.32,4.3,0.02,0.4651,2209294.25,952727.208,0.5,0.5,,,,,
601398.SH,20230303,4.32,4.37,4.32,4.36,4.32,0.04,0.9259,3222511.25,1399659.368,0.5,0.5,,,,,
601398.SH,20230306,4.37,4.38,4.34,4.35,4.36,-0.01,-0.2294,3218611.78,1401037.315,0.5,0.5,,,,,
601398.SH,20230307,4.35,4.48,4.34,4.39,4.35,0.04,0.9195,6770934.04,2992988.03,0.5,0.5,,,,,
601398.SH,20230308,4.37,4.41,4.35,4.4,4.39,0.01,0.2278,2513977.16,1098665.504,0.5,0.5,,,,,
601398.SH,20230309,4.4,4.44,4.38,4.38,4.4,-0.02,-0.4545,2410878.53,1062348.001,0.5,0.5,,,,,
601398.SH,20230310,4.36,4.38,4.34,4.34,4.38,-0.04,-0.9132,2221254.32,968749.011,0.5,0.5,,,,,
601398.SH,20230313,4.34,4.41,4.33,4.4,4.34,0.06,1.3825,2491912.4,1092169.163,0.5,0.5,,,,,
601398.SH,20230314,4.39,4.44,4.38,4.41,4.4,0.01,0.2273,2542644.76,1122413.927,0.5,0.5,,,,,
601398.SH,20230315,4.43,4.47,4.41,4.46,4.41,0.05,1.1338,2896830.79,1288387.303,0.5,0.5,,,,,
601398.SH,20230316,4.45,4.57,4.44,4.52,4.46,0.06,1.3453,5873947.44,2655044.111,0.5,0.5,,,,,
601398.SH,20230317,4.53,4.58,4.49,4.52,4.52,0.0,0.0,3428580.62,1553254.966,0.5,0.5,,,,,
601398.SH,20230320,4.52,4.6,4.5,4.51,4.52,-0.01,-0.2212,3386446.15,1541399.77,0.5,0.5,,,,,
601398.SH,20230321,4.52,4.55,4.44,4.45,4.51,-0.06,-1.3304,2735102.46,1222842.097,0.5,0.5,,,,,
601398.SH,20230322,4.46,4.52,4.45,4.52,4.45,0.07,1.573,2218087.82,998009.99,0.5,0.5,,,,,
601398.SH,20230323,4.51,4.53,4.48,4.52,4.52,0.0,0.0,1898473.48,855390.079,0.5,0.5,,,,,
601398.SH,20230324,4.51,4.51,4.47,4.48,4.52,-0.04,-0.885,1619528.87,726293.38,0.5,0.5,,,,,
601398.SH,20230327,4.47,4.48,4.41,4.46,4.48,-0.02,-0.4464,2126959.3,944911.324,0.5,0.5,,,,,
601398.SH,20230328,4.47,4.5,4.44,4.49,4.46,0.03,0.6726,1718590.69,768256.378,0.5,0.5,,,,,
601398.SH,20230329,4.5,4.53,4.46,4.51,4.49,0.02,0.4454,2153324.56,969916.345,0.5,0.5,,,,,
601398.SH,20230330,4.51,4.55,4.48,4.52,4.51,0.01,0.2217,1810266.32,816555.471,0.5,0.5,,,,,
601398.SH,20230331,4.52,4.52,4.45,4.46,4.52,-0.06,-1.3274,2345624.82,1050304.784,0.5,0.5,,,,,
601398.SH,20230403,4.46,4.47,4.44,4.45,4.46,-0.01,-0.2242,2005186.09,892555.875,0.5,0.5,,,,,
601398.SH,20230404,4.45,4.52,4.44,4.52,4.45,0.07,1.573,3061591.33,1376907.554,0.5,0.5,,,,,
601398.SH,20230406,4.51,4.54,4.49,4.53,4.52,0.01,0.2212,1958216.08,884878.223,0.5,0.5,,,,,
601398.SH,20230407,4.52,4.54,4.51,4.53,4.53,0.0,0.0,1247347.68,564750.744,0.5,0.5,,,,,
601398.SH,20230410,4.53,4.56,4.5,4.55,4.53,0.02,0.4415,2403449.17,1090106.743,0.5,0.5,,,,,
601398.SH,20230411,4.55,4.57,4.53,4.55,4.55,0.0,0.0,1852176.53,843163.088,0.5,0.5,,,,,
601398.SH,20230412,4.56,4.64,4.55,4.61,4.55,0.06,1.3187,3198518.03,1472027.339,0.5,0.5,,,,,
601398.SH,20230413,4.6,4.65,4.58,4.63,4.61,0.02,0.4338,2187342.68,1012149.962,0.5,0.5,,,,,
601398.SH,20230414,4.65,4.65,4.61,4.63,4.63,0.0,0.0,1514960.89,701396.46,0.5,0.5,,,,,
601398.SH,20230417,4.63,4.74,4.62,4.73,4.63,0.1,2.1598,3556291.81,1666156.219,0.5,0.5,,,,,
601398.SH,20230418,4.73,4.81,4.72,4.77,4.73,0.04,0.8457,3952574.34,1882106.553,0.5,0.5,,,,,
601398.SH,20230419,4.77,4.8,4.75,4.76,4.77,-0.01,-0.2096,2699213.78,1288443.209,0.5,0.5,,,,,
601398.SH,20230420,4.76,4.79,4.68,4.74,4.76,-0.02,-0.4202,3180013.41,1502667.18,0.5,0.5,,,,,
601398.SH,20230421,4.74,4.79,4.69,4.7,4.74,-0.04,-0.8439,3158540.05,1496588.9,0.5,0.5,,,,,
601398.SH,20230424,4.7,4.75,4.68,4.72,4.7,0.02,0.4255,3062068.1,1443750.723,0.5,0.5,,,,,
601398.SH,20230425,4.71,4.78,4.71,4.75,4.72,0.03,0.6356,3915674.75,1857660.019,0.5,0.5,,,,,
601398.SH,20230426,4.74,4.78,4.65,4.75,4.75,0.0,0.0,4009611.15,1891851.111,0.5,0.5,,,,,
601398.SH,20230427,4.74,4.75,4.7,4.75,4.75,0.0,0.0,2657079.62,1256636.714,0.5,0.5,,,,,
601398.SH,20230428,4.74,4.78,4.7,4.72,4.75,-0.03,-0.6316,2503244.0,1185262.424,0.5,0.5,,,,,
601398.SH,20230504,4.7,4.96,4.68,4.95,4.72,0.23,4.8729,7289708.42,3541568.882,0.5,0.5,,,,,
601398.SH,20230505,4.94,5.1,4.94,4.99,4.95,0.04,0.8081,6828810.0,3428249.976,0.5,0.5,,,,,
601398.SH,20230508,5.02,5.36,5.01,5.3,4.99,0.31,6.2124,10488613.02,5490372.106,0.5,0.5,,,,,
601398.SH,20230509,5.37,5.47,5.22,5.27,5.3,-0.03,-0.566,9334986.15,4986593.624,0.5,0.5,,,,,
601398.SH,20230510,5.22,5.26,4.99,5.03,5.27,-0.24,-4.5541,7516354.46,3815734.476,0.5,0.5,,,,,
601398.SH,20230511,5.03,5.11,4.99,5.0,5.03,-0.03,-0.5964,4037362.61,2028244.04,0.5,0.5,,,,,
601398.SH,20230512,4.99,5.05,4.95,4.98,5.0,-0.02,-0.4,3651839.27,1822660.939,0.5,0.5,,,,,
601398.SH,20230515,4.99,5.06,4.85,5.04,4.98,0.06,1.2048,5121251.41,2529284.812,0.5,0.5,,,,,
601398.SH,20230516,5.04,5.14,4.98,5.01,5.04,-0.03,-0.5952,3238579.0,1638354.828,0.5,0.5,,,,,
601398.SH,20230517,4.99,5.04,4.93,4.99,5.01,-0.02,-0.3992,2615395.51,1303973.179,0.5,0.5,,,,,
601398.SH,20230518,5.0,5.18,4.99,5.12,4.99,0.13,2.6052,4402893.21,2247012.011,0.5,0.5,,,,,
601398.SH,20230519,5.11,5.14,5.04,5.04,5.12,-0.08,-1.5625,3082250.32,1566953.441,0.5,0.5,,,,,
601398.SH,20230522,5.04,5.15,5.02,5.07,5.04,0.03,0.5952,2578695.76,1312745.93,0.5,0.5,,,,,
601398.SH,20230523,5.06,5.11,4.91,4.93,5.07,-0.14,-2.7613,4411799.99,2195648.031,0.5,0.5,,,,,
601398.SH,20230524,4.95,4.96,4.75,4.76,4.93,-0.17,-3.4483,5227541.45,2512302.395,0.5,0.5,,,,,
601398.SH,20230525,4.73,4.77,4.7,4.74,4.76,-0.02,-0.4202,3461347.35,1637454.759,0.5,0.5,,,,,
601398.SH,20230526,4.74,4.84,4.72,4.8,4.74,0.06,1.2658,2346930.92,1123359.457,0.5,0.5,,,,,
601398.SH,20230529,4.81,4.88,4.8,4.85,4.8,0.05,1.0417,2980559.48,1441539.23,0.5,0.5,,,,,
601398.SH,20230530,4.84,4.88,4.79,4.82,4.85,-0.03,-0.6186,2689175.49,1298717.694,0.5,0.5,,,,,
601398.SH,20230531,4.81,4.87,4.78,4.83,4.82,0.01,0.2075,2513541.53,1215088.902,0.5,0.5,,,,,
601398.SH,20230601,4.82,4.92,4.8,4.86,4.83,0.03,0.6211,2708660.17,1316044.948,0.5,0.5,,,,,
601398.SH,20230602,4.86,4.9,4.84,4.88,4.86,0.02,0.4115,1594868.42,775899.59,0.5,0.5,,,,,
601398.SH,20230605,4.88,4.98,4.86,4.96,4.88,0.08,1.6393,1961820.25,969318.119,0.5,0.5,,,,,
601398.SH,20230606,4.96,5.05,4.94,4.96,4.96,0.0,0.0,2501764.9,1251780.679,0.5,0.5,,,,,
601398.SH,20230607,4.97,5.05,4.97,5.01,4.96,0.05,1.0081,2192964.42,1099411.845,0.5,0.5,,,,,
601398.SH,20230608,5.01,5.1,4.98,5.09,5.01,0.08,1.5968,2413816.83,1219117.768,0.5,0.5,,,,,
601398.SH,20230609,5.08,5.12,5.06,5.07,5.09,-0.02,-0.3929,2114255.48,1075351.684,0.5,0.5,,,,,
601398.SH,20230612,5.08,5.09,4.95,4.97,5.07,-0.1,-1.9724,2706656.25,1353794.292,0.5,0.5,,,,,
601398.SH,20230613,4.96,5.01,4.95,5.0,4.97,0.03,0.6036,1622393.81,809442.49,0.5,0.5,,,,,
601398.SH,20230614,4.99,5.02,4.86,4.87,5.0,-0.13,-2.6,3504577.16,1728125.975,0.5,0.5,,,,,
601398.SH,20230615,4.9,4.96,4.87,4.91,4.87,0.04,0.8214,2252519.16,1105624.109,0.5,0.5,,,,,
601398.SH,20230616,4.91,4.92,4.88,4.88,4.91,-0.03,-0.611,2177238.33,1066214.514,0.5,0.5,,,,,
601398.SH,20230619,4.88,4.89,4.81,4.83,4.88,-0.05,-1.0246,2294115.14,1110369.621,0.5,0.5,,,,,
601398.SH,20230620,4.83,4.87,4.8,4.83,4.83,0.0,0.0,1754802.58,847809.825,0.5,0.5,,,,,
601398.SH,20230621,4.82,4.93,4.81,4.85,4.83,0.02,0.4141,2736087.67,1333802.3,0.5,0.5,,,,,
601398.SH,20230626,4.85,4.86,4.75,4.77,4.85,-0.08,-1.6495,2989837.96,1430494.631,0.5,0.5,,,,,
601398.SH,20230627,4.77,4.82,4.73,4.81,4.77,0.04,0.8386,2129214.48,1020036.538,0.5,0.5,,,,,
601398.SH,20230628,4.8,4.84,4.78,4.82,4.81,0.01,0.2079,1914026.17,921642.614,0.5,0.5,,,,,
601398.SH,20230629,4.81,4.82,4.78,4.78,4.82,-0.04,-0.8299,1768647.0,848123.797,0.5,0.5,,,,,
601398.SH,20230630,4.79,4.84,4.79,4.82,4.78,0.04,0.8368,1789393.86,861972.306,0.5,0.5,,,,,
601398.SH,20230703,4.84,4.89,4.8,4.88,4.82,0.06,1.2448,2885172.37,1401397.653,0.5,0.5,,,,,
601398.SH,20230704,4.87,4.88,4.82,4.83,4.88,-0.05,-1.0246,2236081.29,1083994.704,0.5,0.5,,,,,
601398.SH,20230705,4.83,4.85,4.79,4.82,4.83,-0.01,-0.207,1650508.24,795131.316,0.5,0.5,,,,,
601398.SH,20230706,4.8,4.83,4.76,4.77,4.82,-0.05,-1.0373,2402678.18,1150747.048,0.5,0.5,,,,,
601398.SH,20230707,4.76,4.81,4.75,4.76,4.77,-0.01,-0.2096,2204643.4,1052383.642,0.5,0.5,,,,,
601398.SH,20230710,4.77,4.79,4.75,4.77,4.76,0.01,0.2101,1259393.4,600869.277,0.5,0.5,,,,,
601398.SH,20230711,4.79,4.84,4.78,4.83,4.77,0.06,1.2579,1810361.38,872812.383,0.5,0.5,,,,,
601398.SH,20230712,4.83,4.86,4.8,4.81,4.83,-0.02,-0.4141,1862673.15,899237.41,0.5,0.5,,,,,
601398.SH,20230713,4.82,4.89,4.82,4.87,4.81,0.06,1.2474,2581133.39,1252501.956,0.5,0.5,,,,,
601398.SH,20230714,4.88,4.9,4.84,4.87,4.87,0.0,0.0,3056799.51,1490328.854,0.5,0.5,,,,,
601398.SH,20230717,4.6,4.61,4.55,4.57,4.57,0.0,0.0,2872925.76,1313140.48,0.5,0.5,,,,,
601398.SH,20230718,4.57,4.58,4.52,4.54,4.57,-0.03,-0.6565,2104102.78,955282.786,0.5,0.5,,,,,
601398.SH,20230719,4.53,4.57,4.52,4.56,4.54,0.02,0.4405,1451546.82,659323.287,0.5,0.5,,,,,
601398.SH,20230720,4.57,4.6,4.56,4.58,4.56,0.02,0.4386,1444105.38,661920.422,0.5,0.5,,,,,
601398.SH,20230721,4.57,4.59,4.56,4.58,4.58,0.0,0.0,1303226.32,596118.856,0.5,0.5,,,,,
601398.SH,20230724,4.57,4.59,4.54,4.57,4.58,-0.01,-0.2183,1158905.83,528908.86,0.5,0.5,,,,,
601398.SH,20230725,4.59,4.63,4.58,4.62,4.57,0.05,1.0941,1924507.6,887398.435,0.5,0.5,,,,,
601398.SH,20230726,4.62,4.64,4.6,4.63,4.62,0.01,0.2165,1154337.68,533491.432,0.5,0.5,,,,,
601398.SH,20230727,4.63,4.75,4.63,4.7,4.63,0.07,1.5119,2404240.94,1130511.654,0.5,0.5,,,,,
601398.SH,20230728,4.68,4.8,4.67,4.79,4.7,0.09,1.9149,2585045.18,1229649.771,0.5,0.5,,,,,
601398.SH,20230731,4.8,4.86,4.74,4.77,4.79,-0.02,-0.4175,2822097.05,1351064.41,0.5,0.5,,,,,
601398.SH,20230801,4.77,4.8,4.75,4.78,4.77,0.01,0.2096,1849948.17,883177.021,0.5,0.5,,,,,
601398.SH,20230802,4.75,4.76,4.65,4.67,4.78,-0.11,-2.3013,3016435.61,1414477.098,0.5,0.5,,,,,
601398.SH,20230803,4.67,4.74,4.64,4.72,4.67,0.05,1.0707,2110533.35,991496.643,0.5,0.5,,,,,
601398.SH,20230804,4.74,4.78,4.7,4.74,4.72,0.02,0.4237,2359550.82,1118833.388,0.5,0.5,,,,,
601398.SH,20230807,4.73,4.73,4.67,4.71,4.74,-0.03,-0.6329,1899890.34,892038.939,0.5,0.5,,,,,
601398.SH,20230808,4.7,4.71,4.67,4.68,4.71,-0.03,-0.6369,1292974.86,605700.032,0.5,0.5,,,,,
601398.SH,20230809,4.67,4.71,4.67,4.71,4.68,0.03,0.641,1275891.57,599028.493,0.5,0.5,,,,,
601398.SH,20230810,4.7,4.71,4.67,4.69,4.71,-0.02,-0.4246,1251263.26,586262.307,0.5,0.5,,,,,
601398.SH,20230811,4.69,4.69,4.61,4.61,4.69,-0.08,-1.7058,2065553.65,958427.435,0.5,0.5,,,,,
601398.SH,20230814,4.59,4.59,4.54,4.56,4.61,-0.05,-1.0846,2062904.37,940677.037,0.5,0.5,,,,,
601398.SH,20230815,4.57,4.66,4.56,4.64,4.56,0.08,1.7544,1901957.41,876696.048,0.5,0.5,,,,,
601398.SH,20230816,4.62,4.65,4.6,4.64,4.64,0.0,0.0,1319587.2,610777.724,0.5,0.5,,,,,
601398.SH,20230817,4.63,4.63,4.57,4.6,4.64,-0.04,-0.8621,1777380.13,816332.097,0.5,0.5,,,,,
601398.SH,20230818,4.59,4.67,4.58,4.61,4.6,0.01,0.2174,2106844.2,975878.347,0.5,0.5,,,,,
601398.SH,20230821,4.61,4.63,4.56,4.56,4.61,-0.05,-1.0846,2008059.66,919967.016,0.5,0.5,,,,,
601398.SH,20230822,4.57,4.64,4.55,4.62,4.56,0.06,1.3158,2591200.96,1189461.33,0.5,0.5,,,,,
601398.SH,20230823,4.61,4.68,4.59,4.64,4.62,0.02,0.4329,2519848.55,1170788.998,0.5,0.5,,,,,
601398.SH,20230824,4.65,4.66,4.59,4.59,4.64,-0.05,-1.0776,2117788.09,976867.24,0.5,0.5,,,,,
601398.SH,20230825,4.58,4.68,4.58,4.66,4.59,0.07,1.5251,2670931.85,1238221.615,0.5,0.5,,,,,
601398.SH,20230828,4.8,4.8,4.68,4.73,4.66,0.07,1.5021,4335473.77,2047848.273,0.5,0.5,,,,,
601398.SH,20230829,4.71,4.72,4.61,4.63,4.73,-0.1,-2.1142,3805806.67,1766953.944,0.5,0.5,,,,,
601398.SH,20230830,4.63,4.63,4.57,4.59,4.63,-0.04,-0.8639,3254210.81,1492263.143,0.5,0.5,,,,,
601398.SH,20230831,4.58,4.64,4.56,4.62,4.59,0.03,0.6536,2894279.34,1328761.084,0.5,0.5,,,,,
601398.SH,20230901,4.59,4.61,4.55,4.57,4.62,-0.05,-1.0823,2968283.99,1357727.426,0.5,0.5,,,,,
601398.SH,20230904,4.58,4.61,4.56,4.6,4.57,0.03,0.6565,2511760.29,1153387.625,0.5,0.5,,,,,
601398.SH,20230905,4.59,4.6,4.58,4.59,4.6,-0.01,-0.2174,1665329.13,764627.604,0.5,0.5,,,,,
601398.SH,20230906,4.58,4.62,4.58,4.61,4.59,0.02,0.4357,1565622.16,721190.246,0.5,0.5,,,,,
601398.SH,20230907,4.61,4.64,4.6,4.62,4.61,0.01,0.2169,2110284.8,975710.53,0.5,0.5,,,,,
601398.SH,20230908,4.62,4.62,4.58,4.59,4.62,-0.03,-0.6494,1228218.74,563775.965,0.5,0.5,,,,,
601398.SH,20230911,4.59,4.61,4.58,4.59,4.59,0.0,0.0,1734103.68,796563.541,0.5,0.5,,,,,
601398.SH,20230912,4.59,4.6,4.58,4.6,4.59,0.01,0.2179,1260714.89,578873.994,0.5,0.5,,,,,
601398.SH,20230913,4.6,4.63,4.59,4.62,4.6,0.02,0.4348,2062878.57,951230.236,0.5,0.5,,,,,
601398.SH,20230914,4.63,4.68,4.62,4.68,4.62,0.06,1.2987,3511706.7,1638629.281,0.5,0.5,,,,,
601398.SH,20230915,4.68,4.7,4.63,4.63,4.68,-0.05,-1.0684,2397323.57,1116627.267,0.5,0.5,,,,,
601398.SH,20230918,4.64,4.65,4.61,4.64,4.63,0.01,0.216,1661257.86,768769.281,0.5,0.5,,,,,
601398.SH,20230919,4.64,4.68,4.63,4.68,4.64,0.04,0.8621,2066133.2,963619.723,0.5,0.5,,,,,
601398.SH,20230920,4.67,4.71,4.66,4.69,4.68,0.01,0.2137,2844159.41,1334624.084,0.5,0.5,,,,,
601398.SH,20230921,4.69,4.74,4.68,4.69,4.69,0.0,0.0,2981619.43,1401644.984,0.5,0.5,,,,,
601398.SH,20230922,4.69,4.74,4.67,4.74,4.69,0.05,1.0661,3099886.4,1460209.787,0.5,0.5,,,,,
601398.SH,20230925,4.74,4.76,4.72,4.73,4.74,-0.01,-0.211,2372227.11,1124713.307,0.5,0.5,,,,,
601398.SH,20230926,4.74,4.75,4.68,4.7,4.73,-0.03,-0.6342,2148475.45,1011746.717,0.5,0.5,,,,,
601398.SH,20230927,4.7,4.71,4.65,4.65,4.7,-0.05,-1.0638,2258028.62,1054101.377,0.5,0.5,,,,,
601398.SH,20230928,4.67,4.7,4.66,4.68,4.65,0.03,0.6452,1569716.96,734762.892,0.5,0.5,,,,,
601398.SH,20231009,4.65,4.7,4.63,4.67,4.68,-0.01,-0.2137,2148065.59,1002756.576,0.5,0.5,,,,,
601398.SH,20231010,4.69,4.72,4.67,4.68,4.67,0.01,0.2141,1860356.24,873180.32,0.5,0.5,,,,,
601398.SH,20231011,4.69,4.73,4.69,4.72,4.68,0.04,0.8547,2692050.11,1269006.831,0.5,0.5,,,,,
601398.SH,20231012,4.8,4.85,4.78,4.84,4.72,0.12,2.5424,5677657.57,2734640.605,0.5,0.5,,,,,
601398.SH,20231013,4.81,4.94,4.8,4.89,4.84,0.05,1.0331,4282273.31,2094706.164,0.5,0.5,,,,,
601398.SH,20231016,4.88,4.94,4.85,4.92,4.89,0.03,0.6135,2823494.73,1381506.632,0.5,0.5,,,,,
601398.SH,20231017,4.91,4.93,4.89,4.92,4.92,0.0,0.0,1900438.65,932409.041,0.5,0.5,,,,,
601398.SH,20231018,4.91,4.98,4.9,4.93,4.92,0.01,0.2033,2757790.4,1360530.618,0.5,0.5,,,,,
601398.SH,20231019,4.91,4.92,4.81,4.83,4.93,-0.1,-2.0284,3631633.94,1759426.129,0.5,0.5,,,,,
601398.SH,20231020,4.8,4.84,4.76,4.79,4.83,-0.04,-0.8282,2747824.94,1317398.881,0.5,0.5,,,,,
601398.SH,20231023,4.78,4.85,4.77,4.82,4.79,0.03,0.6263,2687135.43,1295265.514,0.5,0.5,,,,,
601398.SH,20231024,4.82,4.83,4.73,4.76,4.82,-0.06,-1.2448,3355482.67,1596617.824,0.5,0.5,,,,,
601398.SH,20231025,4.77,4.79,4.71,4.71,4.76,-0.05,-1.0504,3489260.2,1648499.684,0.5,0.5,,,,,
601398.SH,20231026,4.71,4.8,4.71,4.79,4.71,0.08,1.6985,3065313.2,1460187.893,0.5,0.5,,,,,
601398.SH,20231027,4.8,4.83,4.75,4.77,4.79,-0.02,-0.4175,2929633.33,1401153.452,0.5,0.5,,,,,
601398.SH,20231030,4.75,4.76,4.66,4.69,4.77,-0.08,-1.6771,4686115.43,2199149.845,0.5,0.5,,,,,
601398.SH,20231031,4.69,4.74,4.67,4.73,4.69,0.04,0.8529,2411116.06,1136787.73,0.5,0.5,,,,,
601398.SH,20231101,4.74,4.78,4.7,4.77,4.73,0.04,0.8457,2166782.45,1029343.589,0.5,0.5,,,,,
601398.SH,20231102,4.78,4.82,4.77,4.78,4.77,0.01,0.2096,2132217.16,1023208.913,0.5,0.5,,,,,
601398.SH,20231103,4.78,4.79,4.73,4.74,4.78,-0.04,-0.8368,1995544.43,948809.75,0.5,0.5,,,,,
601398.SH,20231106,4.74,4.76,4.7,4.71,4.74,-0.03,-0.6329,3155535.62,1487054.517,0.5,0.5,,,,,
601398.SH,20231107,4.71,4.75,4.69,4.72,4.71,0.01,0.2123,1762681.14,831535.432,0.5,0.5,,,,,
601398.SH,20231108,4.71,4.74,4.69,4.71,4.72,-0.01,-0.2119,2307978.03,1088088.168,0.5,0.5,,,,,
601398.SH,20231109,4.7,4.79,4.7,4.78,4.71,0.07,1.4862,2774644.05,1319361.414,0.5,0.5,,,,,
601398.SH,20231110,4.77,4.82,4.74,4.78,4.78,0.0,0.0,2157019.07,1030812.616,0.5,0.5,,,,,
601398.SH,20231113,4.78,4.78,4.72,4.76,4.78,-0.02,-0.4184,1784472.23,845699.968,0.5,0.5,,,,,
601398.SH,20231114,4.75,4.79,4.73,4.79,4.76,0.03,0.6303,2065392.73,983406.086,0.5,0.5,,,,,
601398.SH,20231115,4.78,4.8,4.77,4.79,4.79,0.0,0.0,1510144.82,722371.077,0.5,0.5,,,,,
601398.SH,20231116,4.78,4.82,4.77,4.8,4.79,0.01,0.2088,1783049.21,856430.948,0.5,0.5,,,,,
601398.SH,20231117,4.8,4.81,4.76,4.78,4.8,-0.02,-0.4167,1733745.18,828856.95,0.5,0.5,,,,,
601398.SH,20231120,4.78,4.82,4.77,4.81,4.78,0.03,0.6276,1737244.26,833340.524,0.5,0.5,,,,,
601398.SH,20231121,4.81,4.84,4.8,4.81,4.81,0.0,0.0,1855786.21,893722.004,0.5,0.5,,,,,
601398.SH,20231122,4.8,4.83,4.79,4.8,4.81,-0.01,-0.2079,1426232.61,685928.359,0.5,0.5,,,,,
601398.SH,20231123,4.81,4.81,4.77,4.8,4.8,0.0,0.0,1713015.15,820169.689,0.5,0.5,,,,,
601398.SH,20231124,4.8,4.82,4.79,4.8,4.8,0.0,0.0,1862324.46,895099.924,0.5,0.5,,,,,
601398.SH,20231127,4.79,4.8,4.75,4.78,4.8,-0.02,-0.4167,2183710.03,1041992.127,0.5,0.5,,,,,
601398.SH,20231128,4.78,4.8,4.77,4.79,4.78,0.01,0.2092,1333511.04,638025.597,0.5,0.5,,,,,
601398.SH,20231129,4.78,4.79,4.76,4.77,4.79,-0.02,-0.4175,1608007.36,767506.443,0.5,0.5,,,,,
601398.SH,20231130,4.77,4.81,4.76,4.81,4.77,0.04,0.8386,2146402.58,1027384.355,0.5,0.5,,,,,
601398.SH,20231201,4.8,4.83,4.79,4.81,4.81,0.0,0.0,2500466.51,1202312.573,0.5,0.5,,,,,
601398.SH,20231204,4.81,4.83,4.8,4.8,4.81,-0.01,-0.2079,1531861.34,736651.082,0.5,0.5,,,,,
601398.SH,20231205,4.8,4.81,4.76,4.76,4.8,-0.04,-0.8333,1981988.79,948472.231,0.5,0.5,,,,,
601398.SH,20231206,4.76,4.76,4.7,4.7,4.76,-0.06,-1.2605,2952964.99,1394679.54,0.5,0.5,,,,,
601398.SH,20231207,4.7,4.75,4.68,4.73,4.7,0.03,0.6383,2347758.11,1108498.604,0.5,0.5,,,,,
601398.SH,20231208,4.74,4.77,4.72,4.73,4.73,0.0,0.0,1983784.01,940179.674,0.5,0.5,,,,,
601398.SH,20231211,4.72,4.75,4.65,4.73,4.73,0.0,0.0,2796161.94,1313136.708,0.5,0.5,,,,,
601398.SH,20231212,4.72,4.8,4.7,4.79,4.73,0.06,1.2685,2769037.14,1320664.344,0.5,0.5,,,,,
601398.SH,20231213,4.79,4.81,4.77,4.79,4.79,0.0,0.0,2490304.27,1194973.334,0.5,0.5,,,,,
601398.SH,20231214,4.79,4.81,4.76,4.77,4.79,-0.02,-0.4175,1521738.1,727096.831,0.5,0.5,,,,,
601398.SH,20231215,4.77,4.79,4.73,4.73,4.77,-0.04,-0.8386,1953904.87,929151.542,0.5,0.5,,,,,
601398.SH,20231218,4.73,4.8,4.71,4.77,4.73,0.04,0.8457,2380762.15,1134338.057,0.5,0.5,,,,,
601398.SH,20231219,4.77,4.8,4.76,4.79,4.77,0.02,0.4193,1753940.13,840048.362,0.5,0.5,,,,,
601398.SH,20231220,4.8,4.83,4.77,4.79,4.79,0.0,0.0,2219819.82,1066878.03,0.5,0.5,,,,,
601398.SH,20231221,4.78,4.8,4.73,4.79,4.79,0.0,0.0,2465344.66,1174701.829,0.5,0.5,,,,,
601398.SH,20231222,4.79,4.8,4.76,4.78,4.79,-0.01,-0.2088,2218555.54,1060976.699,0.5,0.5,,,,,
601398.SH,20231225,4.77,4.81,4.77,4.8,4.78,0.02,0.4184,1094809.35,524989.286,0.5,0.5,,,,,
601398.SH,20231226,4.8,4.82,4.79,4.82,4.8,0.02,0.4167,1487371.76,715555.035,0.5,0.5,,,,,
601398.SH,20231227,4.82,4.84,4.78,4.83,4.82,0.01,0.2075,1843188.2,886215.652,0.5,0.5,,,,,
601398.SH,20231228,4.83,4.85,4.77,4.77,4.83,-0.06,-1.2422,3465162.02,1664753.044,0.5,0.5,,,,,
601398.SH,20231229,4.78,4.8,4.77,4.78,4.77,0.01,0.2096,1800477.63,861564.197,0.5,0.5,,,,,
601398.SH,20240102,4.78,4.83,4.77,4.79,4.78,0.01,0.2092,2071811.11,995101.442,0.5,0.5,,,,,
601398.SH,20240103,4.79,4.85,4.78,4.84,4.79,0.05,1.0438,2488954.27,1201719.346,0.5,0.5,,,,,
601398.SH,20240104,4.84,4.9,4.83,4.89,4.84,0.05,1.0331,2865675.59,1396443.521,0.5,0.5,,,,,
601398.SH,20240105,4.89,4.94,4.86,4.87,4.89,-0.02,-0.409,2860747.2,1403610.998,0.5,0.5,,,,,
601398.SH,20240108,4.87,4.91,4.85,4.88,4.87,0.01,0.2053,3252257.28,1588242.673,0.5,0.5,,,,,
601398.SH,20240109,4.88,4.89,4.83,4.88,4.88,0.0,0.0,2257344.56,1097994.737,0.5,0.5,,,,,
601398.SH,20240110,4.87,4.91,4.83,4.85,4.88,-0.03,-0.6148,2342434.92,1138531.555,0.5,0.5,,,,,
601398.SH,20240111,4.84,4.85,4.77,4.78,4.85,-0.07,-1.4433,3306668.51,1587950.047,0.5,0.5,,,,,
601398.SH,20240112,4.77,4.83,4.76,4.81,4.78,0.03,0.6276,2300664.93,1105695.049,0.5,0.5,,,,,
601398.SH,20240115,4.8,4.86,4.79,4.86,4.81,0.05,1.0395,1810482.9,874409.887,0.5,0.5,,,,,
601398.SH,20240116,4.84,4.9,4.84,4.89,4.86,0.03,0.6173,2480399.13,1207827.031,0.5,0.5,,,,,
601398.SH,20240117,4.88,4.9,4.84,4.84,4.89,-0.05,-1.0225,2766317.05,1349034.066,0.5,0.5,,,,,
601398.SH,20240118,4.83,4.88,4.72,4.85,4.84,0.01,0.2066,5232772.95,2503424.284,0.5,0.5,,,,,
601398.SH,20240119,4.83,4.89,4.79,4.89,4.85,0.04,0.8247,3867215.35,1875529.373,0.5,0.5,,,,,
601398.SH,20240122,4.87,4.94,4.86,4.89,4.89,0.0,0.0,4420635.13,2173336.066,0.5,0.5,,,,,
601398.SH,20240123,4.89,4.92,4.84,4.89,4.89,0.0,0.0,3107488.1,1515560.674,0.5,0.5,,,,,
601398.SH,20240124,4.9,4.98,4.88,4.97,4.89,0.08,1.636,3348474.64,1650534.905,0.5,0.5,,,,,
601398.SH,20240125,4.98,5.05,4.97,5.01,4.97,0.04,0.8048,3437583.76,1721285.077,0.5,0.5,,,,,
601398.SH,20240126,5.01,5.11,4.99,5.09,5.01,0.08,1.5968,3899367.54,1970826.387,0.5,0.5,,,,,
601398.SH,20240129,5.08,5.2,5.08,5.16,5.09,0.07,1.3752,3844041.39,1981081.369,0.5,0.5,,,,,
601398.SH,20240130,5.14,5.18,5.09,5.13,5.16,-0.03,-0.5814,2914816.62,1498554.326,0.5,0.5,,,,,
601398.SH,20240131,5.12,5.19,5.1,5.17,5.13,0.04,0.7797,2963858.63,1525456.799,0.5,0.5,,,,,
601398.SH,20240201,5.15,5.2,5.13,5.14,5.17,-0.03,-0.5803,2993715.09,1544401.622,0.5,0.5,,,,,
601398.SH,20240202,5.14,5.2,5.09,5.17,5.14,0.03,0.5837,4075978.19,2103998.356,0.5,0.5,,,,,
601398.SH,20240205,5.17,5.3,5.16,5.29,5.17,0.12,2.3211,6159388.32,3242203.982,0.5,0.5,,,,,
601398.SH,20240206,5.29,5.38,5.27,5.32,5.29,0.03,0.5671,5649136.91,3006603.608,0.5,0.5,,,,,
601398.SH,20240207,5.31,5.31,5.08,5.23,5.32,-0.09,-1.6917,7753354.96,4010563.947,0.5,0.5,,,,,
601398.SH,20240208,5.16,5.17,5.09,5.16,5.23,-0.07,-1.3384,4653693.43,2383629.316,0.5,0.5,,,,,
601398.SH,20240219,5.16,5.28,5.1,5.27,5.16,0.11,2.1318,4797143.86,2503180.356,0.5,0.5,,,,,
601398.SH,20240220,5.27,5.36,5.23,5.35,5.27,0.08,1.518,3059780.96,1626681.256,0.5,0.5,,,,,
601398.SH,20240221,5.34,5.47,5.33,5.41,5.35,0.06,1.1215,3467348.93,1875270.275,0.5,0.5,,,,,
601398.SH,20240222,5.4,5.43,5.36,5.42,5.41,0.01,0.1848,2231278.68,1204599.969,0.5,0.5,,,,,
601398.SH,20240223,5.41,5.52,5.41,5.48,5.42,0.06,1.107,3583185.46,1967299.036,0.5,0.5,,,,,
601398.SH,20240226,5.48,5.48,5.3,5.32,5.48,-0.16,-2.9197,3677178.6,1977747.711,0.5,0.5,,,,,
601398.SH,20240227,5.3,5.36,5.25,5.3,5.32,-0.02,-0.3759,2940999.47,1560959.829,0.5,0.5,,,,,
601398.SH,20240228,5.3,5.37,5.23,5.33,5.3,0.03,0.566,3806093.95,2021720.033,0.5,0.5,,,,,
601398.SH,20240229,5.31,5.36,5.3,5.33,5.33,0.0,0.0,2520777.65,1342717.318,0.5,0.5,,,,,
601398.SH,20240301,5.32,5.35,5.29,5.34,5.33,0.01,0.1876,2477511.46,1317310.136,0.5,0.5,,,,,
601398.SH,20240304,5.32,5.34,5.28,5.32,5.34,-0.02,-0.3745,2557572.75,1359409.11,0.5,0.5,,,,,
601398.SH,20240305,5.32,5.48,5.3,5.46,5.32,0.14,2.6316,4298467.12,2323265.996,0.5,0.5,,,,,
601398.SH,20240306,5.45,5.49,5.35,5.35,5.46,-0.11,-2.0147,3527871.55,1910626.811,0.5,0.5,,,,,
601398.SH,20240307,5.35,5.4,5.34,5.38,5.35,0.03,0.5607,3074594.09,1650760.69,0.5,0.5,,,,,
601398.SH,20240308,5.37,5.4,5.34,5.39,5.38,0.01,0.1859,2472003.99,1328152.98,0.5,0.5,,,,,
601398.SH,20240311,5.38,5.39,5.33,5.37,5.39,-0.02,-0.3711,2243026.48,1200710.433,0.5,0.5,,,,,
601398.SH,20240312,5.36,5.36,5.19,5.2,5.37,-0.17,-3.1657,5117147.72,2688688.96,0.5,0.5,,,,,
601398.SH,20240313,5.19,5.21,5.14,5.17,5.2,-0.03,-0.5769,3003607.21,1555083.541,0.5,0.5,,,,,
601398.SH,20240314,5.16,5.23,5.14,5.19,5.17,0.02,0.3868,2413114.21,1253072.994,0.5,0.5,,,,,
601398.SH,20240315,5.19,5.24,5.19,5.21,5.19,0.02,0.3854,2258614.2,1177297.474,0.5,0.5,,,,,
601398.SH,20240318,5.21,5.22,5.17,5.18,5.21,-0.03,-0.5758,1911734.51,991424.88,0.5,0.5,,,,,
601398.SH,20240319,5.18,5.2,5.15,5.15,5.18,-0.03,-0.5792,2028046.19,1048062.766,0.5,0.5,,,,,
601398.SH,20240320,5.15,5.22,5.12,5.2,5.15,0.05,0.9709,2453975.99,1270999.033,0.5,0.5,,,,,
601398.SH,20240321,5.2,5.24,5.18,5.22,5.2,0.02,0.3846,2051062.53,1069468.123,0.5,0.5,,,,,
601398.SH,20240322,5.23,5.27,5.18,5.25,5.22,0.03,0.5747,2657844.34,1390667.475,0.5,0.5,,,,,
601398.SH,20240325,5.25,5.29,5.24,5.29,5.25,0.04,0.7619,2374081.0,1252612.475,0.5,0.5,,,,,
601398.SH,20240326,5.29,5.33,5.26,5.33,5.29,0.04,0.7561,2433596.24,1289061.751,0.5,0.5,,,,,
601398.SH,20240327,5.32,5.39,5.3,5.36,5.33,0.03,0.5629,2907078.55,1558334.37,0.5,0.5,,,,,
601398.SH,20240328,5.34,5.35,5.22,5.25,5.36,-0.11,-2.0522,3978897.68,2091220.999,0.5,0.5,,,,,
601398.SH,20240329,5.25,5.33,5.23,5.28,5.25,0.03,0.5714,2298122.71,1217142.787,0.5,0.5,,,,,
601398.SH,20240401,5.28,5.32,5.27,5.29,5.28,0.01,0.1894,2019199.27,1069899.178,0.5,0.5,,,,,
601398.SH,20240402,5.29,5.36,5.28,5.34,5.29,0.05,0.9452,3142501.34,1675629.707,0.5,0.5,,,,,
601398.SH,20240403,5.34,5.36,5.3,5.33,5.34,-0.01,-0.1873,2182241.33,1164487.633,0.5,0.5,,,,,
601398.SH,20240408,5.33,5.41,5.31,5.4,5.33,0.07,1.3133,3070468.83,1649825.52,0.5,0.5,,,,,
601398.SH,20240409,5.4,5.44,5.32,5.33,5.4,-0.07,-1.2963,3139150.16,1683877.064,0.5,0.5,,,,,
601398.SH,20240410,5.34,5.39,5.32,5.34,5.33,0.01,0.1876,2449472.47,1311190.477,0.5,0.5,,,,,
601398.SH,20240411,5.32,5.34,5.27,5.32,5.34,-0.02,-0.3745,2002637.55,1064148.84,0.5,0.5,,,,,
601398.SH,20240412,5.32,5.35,5.29,5.32,5.32,0.0,0.0,2483943.69,1321908.574,0.5,0.5,,,,,
601398.SH,20240415,5.33,5.43,5.33,5.42,5.32,0.1,1.8797,4012439.4,2162688.286,0.5,0.5,,,,,
601398.SH,20240416,5.42,5.5,5.38,5.47,5.42,0.05,0.9225,4000692.53,2183179.673,0.5,0.5,,,,,
601398.SH,20240417,5.45,5.52,5.39,5.5,5.47,0.03,0.5484,3322041.61,1811875.418,0.5,0.5,,,,,
601398.SH,20240418,5.49,5.63,5.48,5.52,5.5,0.02,0.3636,3879727.59,2153809.249,0.5,0.5,,,,,
601398.SH,20240419,5.5,5.59,5.5,5.55,5.52,0.03,0.5435,2559405.97,1421250.834,0.5,0.5,,,,,
601398.SH,20240422,5.57,5.64,5.47,5.48,5.55,-0.07,-1.2613,3275212.49,1813431.121,0.5,0.5,,,,,
601398.SH,20240423,5.49,5.58,5.46,5.5,5.48,0.02,0.365,3309129.67,1827802.629,0.5,0.5,,,,,
601398.SH,20240424,5.5,5.52,5.46,5.47,5.5,-0.03,-0.5455,2360259.75,1292875.949,0.5,0.5,,,,,
601398.SH,20240425,5.48,5.5,5.45,5.49,5.47,0.02,0.3656,1650745.56,903595.425,0.5,0.5,,,,,
601398.SH,20240426,5.49,5.54,5.39,5.4,5.49,-0.09,-1.6393,4710331.31,2563059.301,0.5,0.5,,,,,
601398.SH,20240429,5.39,5.44,5.34,5.38,5.4,-0.02,-0.3704,3490150.64,1882123.563,0.5,0.5,,,,,
601398.SH,20240430,5.37,5.45,5.36,5.43,5.38,0.05,0.9294,2601743.83,1410153.799,0.5,0.5,,,,,
601398.SH,20240506,5.45,5.47,5.36,5.37,5.43,-0.06,-1.105,4058714.0,2189241.442,0.5,0.5,,,,,
601398.SH,20240507,5.37,5.41,5.35,5.4,5.37,0.03,0.5587,2781631.43,1495708.24,0.5,0.5,,,,,
601398.SH,20240508,5.4,5.45,5.38,5.41,5.4,0.01,0.1852,2967672.33,1608594.647,0.5,0.5,,,,,
601398.SH,20240509,5.4,5.41,5.37,5.38,5.41,-0.03,-0.5545,2401955.98,1293993.946,0.5,0.5,,,,,
601398.SH,20240510,5.39,5.42,5.38,5.4,5.38,0.02,0.3717,2646861.14,1429642.027,0.5,0.5,,,,,
601398.SH,20240513,5.4,5.43,5.36,5.41,5.4,0.01,0.1852,2390939.56,1289851.74,0.5,0.5,,,,,
601398.SH,20240514,5.41,5.41,5.36,5.37,5.41,-0.04,-0.7394,2578666.93,1387229.378,0.5,0.5,,,,,
601398.SH,20240515,5.37,5.39,5.36,5.38,5.37,0.01,0.1862,1427081.45,766846.437,0.5,0.5,,,,,
601398.SH,20240516,5.37,5.42,5.36,5.41,5.38,0.03,0.5576,2971888.55,1603335.346,0.5,0.5,,,,,
601398.SH,20240517,5.41,5.47,5.39,5.47,5.41,0.06,1.1091,3830016.26,2079470.08,0.5,0.5,,,,,
601398.SH,20240520,5.47,5.53,5.44,5.46,5.47,-0.01,-0.1828,3318202.67,1817190.585,0.5,0.5,,,,,
601398.SH,20240521,5.46,5.51,5.44,5.5,5.46,0.04,0.7326,2736760.42,1498524.386,0.5,0.5,,,,,
601398.SH,20240522,5.5,5.54,5.49,5.51,5.5,0.01,0.1818,2458440.77,1356650.24,0.5,0.5,,,,,
601398.SH,20240523,5.52,5.53,5.47,5.49,5.51,-0.02,-0.363,2241625.38,1231956.387,0.5,0.5,,,,,
601398.SH,20240524,5.49,5.51,5.44,5.44,5.49,-0.05,-0.9107,2261860.85,1238699.584,0.5,0.5,,,,,
601398.SH,20240527,5.45,5.49,5.44,5.48,5.44,0.04,0.7353,2155681.86,1178996.874,0.5,0.5,,,,,
601398.SH,20240528,5.48,5.51,5.46,5.49,5.48,0.01,0.1825,1957240.15,1074148.916,0.5,0.5,,,,,
601398.SH,20240529,5.49,5.51,5.45,5.47,5.49,-0.02,-0.3643,2277199.46,1247889.692,0.5,0.5,,,,,
601398.SH,20240530,5.47,5.48,5.42,5.44,5.47,-0.03,-0.5484,2239850.68,1219754.897,0.5,0.5,,,,,
601398.SH,20240531,5.45,5.47,5.43,5.43,5.44,-0.01,-0.1838,2037423.14,1110323.552,0.5,0.5,,,,,
601398.SH,20240603,5.43,5.45,5.41,5.44,5.43,0.01,0.1842,2157727.21,1171716.314,0.5,0.5,,,,,
601398.SH,20240604,5.44,5.47,5.44,5.47,5.44,0.03,0.5515,1756287.96,958146.651,0.5,0.5,,,,,
601398.SH,20240605,5.47,5.48,5.45,5.46,5.47,-0.01,-0.1828,1889975.45,1031778.716,0.5,0.5,,,,,
601398.SH,20240606,5.46,5.49,5.45,5.46,5.46,0.0,0.0,2375214.46,1298076.592,0.5,0.5,,,,,
601398.SH,20240607,5.46,5.52,5.45,5.52,5.46,0.06,1.0989,2972943.46,1633744.047,0.5,0.5,,,,,
601398.SH,20240611,5.52,5.54,5.44,5.44,5.52,-0.08,-1.4493,3337614.44,1829863.373,0.5,0.5,,,,,
601398.SH,20240612,5.44,5.45,5.36,5.4,5.44,-0.04,-0.7353,3234761.83,1745522.08,0.5,0.5,,,,,
601398.SH,20240613,5.4,5.44,5.39,5.43,5.4,0.03,0.5556,1804744.5,977764.799,0.5,0.5,,,,,
601398.SH,20240614,5.43,5.52,5.42,5.5,5.43,0.07,1.2891,3698140.97,2027587.055,0.5,0.5,,,,,
601398.SH,20240617,5.49,5.5,5.4,5.43,5.5,-0.07,-1.2727,2737858.28,1489815.818,0.5,0.5,,,,,
601398.SH,20240618,5.42,5.46,5.39,5.45,5.43,0.02,0.3683,2010650.32,1091725.781,0.5,0.5,,,,,
601398.SH,20240619,5.44,5.5,5.44,5.5,5.45,0.05,0.9174,2479370.06,1360484.56,0.5,0.5,,,,,
601398.SH,20240620,5.5,5.52,5.48,5.52,5.5,0.02,0.3636,2133766.62,1175329.569,0.5,0.5,,,,,
601398.SH,20240621,5.51,5.53,5.48,5.51,5.52,-0.01,-0.1812,2248273.78,1239151.678,0.5,0.5,,,,,
601398.SH,20240624,5.51,5.58,5.5,5.57,5.51,0.06,1.0889,3317211.47,1839293.338,0.5,0.5,,,,,
601398.SH,20240625,5.56,5.61,5.55,5.6,5.57,0.03,0.5386,2924741.47,1633949.389,0.5,0.5,,,,,
601398.SH,20240626,5.6,5.66,5.59,5.63,5.6,0.03,0.5357,2524705.34,1420409.162,0.5,0.5,,,,,
601398.SH,20240627,5.62,5.71,5.6,5.7,5.63,0.07,1.2433,3156535.8,1788966.261,0.5,0.5,,,,,
601398.SH,20240628,5.69,5.72,5.65,5.7,5.7,0.0,0.0,2685533.36,1525746.42,0.5,0.5,,,,,
601398.SH,20240701,5.69,5.85,5.68,5.82,5.7,0.12,2.1053,3202846.26,1854826.332,0.5,0.5,,,,,
601398.SH,20240702,5.82,5.98,5.81,5.97,5.82,0.15,2.5773,3770405.33,2234061.03,0.5,0.5,,,,,
601398.SH,20240703,5.96,5.98,5.85,5.89,5.97,-0.08,-1.34,2743718.79,1619018.146,0.5,0.5,,,,,
601398.SH,20240704,5.89,5.98,5.88,5.96,5.89,0.07,1.1885,2618980.11,1556909.212,0.5,0.5,,,,,
601398.SH,20240705,5.96,6.0,5.81,5.83,5.96,-0.13,-2.1812,3993119.82,2341435.825,0.5,0.5,,,,,
601398.SH,20240708,5.82,5.94,5.81,5.89,5.83,0.06,1.0292,2883648.82,1699967.172,0.5,0.5,,,,,
601398.SH,20240709,5.89,5.94,5.85,5.94,5.89,0.05,0.8489,2955343.19,1746477.244,0.5,0.5,,,,,
601398.SH,20240710,5.94,6.01,5.94,6.0,5.94,0.06,1.0101,2876301.33,1720936.653,0.5,0.5,,,,,
601398.SH,20240711,6.0,6.0,5.86,5.93,6.0,-0.07,-1.1667,3767984.73,2229396.343,0.5,0.5,,,,,
601398.SH,20240712,5.92,6.1,5.91,6.08,5.93,0.15,2.5295,4009672.81,2418946.581,0.5,0.5,,,,,
601398.SH,20240715,6.09,6.24,6.06,6.2,6.08,0.12,1.9737,4289582.6,2640918.177,0.5,0.5,,,,,
601398.SH,20240716,5.92,5.97,5.83,5.89,5.89,0.0,0.0,5035591.21,2966243.649,0.5,0.5,,,,,
601398.SH,20240717,5.88,5.94,5.84,5.91,5.89,0.02,0.3396,3218991.85,1898464.088,0.5,0.5,,,,,
601398.SH,20240718,5.9,5.92,5.86,5.91,5.91,0.0,0.0,2553864.18,1505808.655,0.5,0.5,,,,,
601398.SH,20240719,5.9,5.92,5.82,5.91,5.91,0.0,0.0,3601439.72,2112440.788,0.5,0.5,,,,,
601398.SH,20240722,5.88,5.89,5.76,5.84,5.91,-0.07,-1.1844,3230606.57,1879506.552,0.5,0.5,,,,,
601398.SH,20240723,5.82,6.06,5.81,6.01,5.84,0.17,2.911,5081438.09,3034821.327,0.5,0.5,,,,,
601398.SH,20240724,6.0,6.11,5.99,6.06,6.01,0.05,0.8319,3184497.85,1929595.59,0.5,0.5,,,,,
601398.SH,20240725,6.05,6.12,5.97,6.06,6.06,0.0,0.0,4114786.68,2488088.46,0.5,0.5,,,,,
601398.SH,20240726,6.05,6.07,5.86,5.93,6.06,-0.13,-2.1452,4159456.31,2462785.2,0.5,0.5,,,,,
601398.SH,20240729,5.92,5.98,5.84,5.98,5.93,0.05,0.8432,2618931.27,1555917.031,0.5,0.5,,,,,
601398.SH,20240730,5.97,6.03,5.91,5.99,5.98,0.01,0.1672,2495335.09,1490211.571,0.5,0.5,,,,,
601398.SH,20240731,5.98,6.01,5.83,5.85,5.99,-0.14,-2.3372,4614729.59,2712777.024,0.5,0.5,,,,,
601398.SH,20240801,5.83,5.91,5.73,5.88,5.85,0.03,0.5128,3731393.97,2178941.279,0.5,0.5,,,,,
601398.SH,20240802,5.85,5.92,5.83,5.88,5.88,0.0,0.0,2814158.49,1655728.285,0.5,0.5,,,,,
601398.SH,20240805,5.88,5.95,5.83,5.87,5.88,-0.01,-0.1701,3195446.31,1883504.218,0.5,0.5,,,,,
601398.SH,20240806,5.88,5.89,5.78,5.8,5.87,-0.07,-1.1925,2754700.37,1604677.49,0.5,0.5,,,,,
601398.SH,20240807,5.82,5.88,5.8,5.82,5.8,0.02,0.3448,2270152.19,1326499.665,0.5,0.5,,,,,
601398.SH,20240808,5.83,5.88,5.81,5.87,5.82,0.05,0.8591,1871759.43,1095813.858,0.5,0.5,,,,,
601398.SH,20240809,5.87,5.93,5.84,5.92,5.87,0.05,0.8518,1850788.05,1091650.499,0.5,0.5,,,,,
601398.SH,20240812,5.92,6.02,5.91,5.99,5.92,0.07,1.1824,2258478.36,1350053.507,0.5,0.5,,,,,
601398.SH,20240813,5.99,6.08,5.93,6.0,5.99,0.01,0.1669,2404186.94,1445004.523,0.5,0.5,,,,,
601398.SH,20240814,5.98,6.04,5.97,6.02,6.0,0.02,0.3333,1880448.15,1129757.322,0.5,0.5,,,,,
601398.SH,20240815,6.02,6.06,6.0,6.05,6.02,0.03,0.4983,2067400.74,1247677.39,0.5,0.5,,,,,
601398.SH,20240816,6.05,6.15,6.03,6.14,6.05,0.09,1.4876,2701940.42,1647386.714,0.5,0.5,,,,,
601398.SH,20240819,6.14,6.29,6.1,6.27,6.14,0.13,2.1173,3388635.14,2104346.757,0.5,0.5,,,,,
601398.SH,20240820,6.26,6.4,6.25,6.39,6.27,0.12,1.9139,3995974.2,2534261.643,0.5,0.5,,,,,
601398.SH,20240821,6.35,6.36,6.25,6.3,6.39,-0.09,-1.4085,3315883.2,2088630.842,0.5,0.5,,,,,
601398.SH,20240822,6.29,6.44,6.29,6.42,6.3,0.12,1.9048,3502301.55,2236501.392,0.5,0.5,,,,,
601398.SH,20240823,6.42,6.48,6.35,6.46,6.42,0.04,0.6231,2656574.2,1706372.38,0.5,0.5,,,,,
601398.SH,20240826,6.44,6.47,6.35,6.43,6.46,-0.03,-0.4644,2673110.89,1712684.37,0.5,0.5,,,,,
601398.SH,20240827,6.42,6.55,6.41,6.53,6.43,0.1,1.5552,3232496.44,2103729.87,0.5,0.5,,,,,
601398.SH,20240828,6.53,6.57,6.44,6.49,6.53,-0.04,-0.6126,3147225.13,2043853.154,0.5,0.5,,,,,
601398.SH,20240829,6.48,6.49,6.2,6.22,6.49,-0.27,-4.1602,5573147.46,3505246.234,0.5,0.5,,,,,
601398.SH,20240830,6.18,6.24,5.96,5.98,6.22,-0.24,-3.8585,8807823.47,5320880.799,0.5,0.5,,,,,
601398.SH,20240902,5.9,6.0,5.88,5.94,5.98,-0.04,-0.6689,5682401.73,3379236.044,0.5,0.5,,,,,
601398.SH,20240903,5.93,5.95,5.68,5.76,5.94,-0.18,-3.0303,6486401.29,3742967.424,0.5,0.5,,,,,
601398.SH,20240904,5.72,5.78,5.66,5.71,5.76,-0.05,-0.8681,3923314.35,2240822.277,0.5,0.5,,,,,
601398.SH,20240905,5.7,5.73,5.6,5.63,5.71,-0.08,-1.4011,3835307.75,2163978.358,0.5,0.5,,,,,
601398.SH,20240906,5.63,5.73,5.62,5.64,5.63,0.01,0.1776,2906968.12,1651910.319,0.5,0.5,,,,,
601398.SH,20240909,5.63,5.65,5.51,5.61,5.64,-0.03,-0.5319,2821267.04,1576623.851,0.5,0.5,,,,,
601398.SH,20240910,5.61,5.72,5.6,5.67,5.61,0.06,1.0695,3683432.32,2088218.472,0.5,0.5,,,,,
601398.SH,20240911,5.66,5.67,5.5,5.54,5.67,-0.13,-2.2928,3597633.84,1999982.571,0.5,0.5,,,,,
601398.SH,20240912,5.51,5.56,5.45,5.54,5.54,0.0,0.0,2868535.63,1582711.061,0.5,0.5,,,,,
601398.SH,20240913,5.54,5.58,5.52,5.56,5.54,0.02,0.361,2340486.96,1301691.998,0.5,0.5,,,,,
601398.SH,20240918,5.57,5.68,5.57,5.68,5.56,0.12,2.1583,2468394.04,1391412.407,0.5,0.5,,,,,
601398.SH,20240919,5.69,5.71,5.58,5.65,5.68,-0.03,-0.5282,2809968.06,1583072.175,0.5,0.5,,,,,
601398.SH,20240920,5.66,5.69,5.62,5.67,5.65,0.02,0.354,2828323.21,1602117.689,0.5,0.5,,,,,
601398.SH,20240923,5.66,5.74,5.62,5.72,5.67,0.05,0.8818,2270376.87,1292978.895,0.5,0.5,,,,,
601398.SH,20240924,5.75,6.0,5.73,6.0,5.72,0.28,4.8951,6052048.99,3559231.107,0.5,0.5,,,,,
601398.SH,20240925,6.09,6.22,5.97,6.04,6.0,0.04,0.6667,6298208.29,3830867.833,0.5,0.5,,,,,
601398.SH,20240926,6.04,6.21,6.0,6.2,6.04,0.16,2.649,5216743.73,3190823.779,0.5,0.5,,,,,
601398.SH,20240927,6.25,6.34,5.92,6.01,6.2,-0.19,-3.0645,6872092.71,4133669.632,0.5,0.5,,,,,
601398.SH,20240930,6.01,6.31,5.83,6.18,6.01,0.17,2.8286,16161741.83,9720369.051,0.5,0.5,,,,,
601398.SH,20241008,6.5,6.66,6.04,6.12,6.18,-0.06,-0.9709,16882261.72,10602986.873,0.5,0.5,,,,,
601398.SH,20241009,6.06,6.17,5.98,6.04,6.12,-0.08,-1.3072,10090717.81,6133595.303,0.5,0.5,,,,,
601398.SH,20241010,6.05,6.4,6.04,6.27,6.04,0.23,3.8079,10915281.47,6791738.966,0.5,0.5,,,,,
601398.SH,20241011,6.25,6.39,6.2,6.27,6.27,0.0,0.0,5299528.28,3337751.104,0.5,0.5,,,,,
601398.SH,20241014,6.32,6.5,6.32,6.47,6.27,0.2,3.1898,7899211.18,5078881.017,0.5,0.5,,,,,
601398.SH,20241015,6.43,6.45,6.26,6.26,6.47,-0.21,-3.2457,4927691.57,3131385.265,0.5,0.5,,,,,
601398.SH,20241016,6.23,6.4,6.22,6.36,6.26,0.1,1.5974,4146145.8,2634359.939,0.5,0.5,,,,,
601398.SH,20241017,6.35,6.4,6.29,6.29,6.36,-0.07,-1.1006,3280813.17,2079129.206,0.5,0.5,,,,,
601398.SH,20241018,6.29,6.36,6.21,6.32,6.29,0.03,0.4769,5144521.81,3236239.707,0.5,0.5,,,,,
601398.SH,20241021,6.29,6.29,6.14,6.16,6.32,-0.16,-2.5316,5684649.07,3510955.376,0.5,0.5,,,,,
601398.SH,20241022,6.17,6.21,6.11,6.14,6.16,-0.02,-0.3247,4312714.79,2648200.619,0.5,0.5,,,,,
601398.SH,20241023,6.14,6.16,6.11,6.14,6.14,0.0,0.0,3068544.79,1883772.583,0.5,0.5,,,,,
601398.SH,20241024,6.13,6.2,6.12,6.16,6.14,0.02,0.3257,2887894.77,1778302.541,0.5,0.5,,,,,
601398.SH,20241025,6.15,6.17,6.1,6.12,6.16,-0.04,-0.6494,2845289.99,1742297.128,0.5,0.5,,,,,
601398.SH,20241028,6.11,6.11,6.03,6.07,6.12,-0.05,-0.817,3295363.71,1995022.237,0.5,0.5,,,,,
601398.SH,20241029,6.07,6.11,6.05,6.06,6.07,-0.01,-0.1647,2938607.04,1785953.207,0.5,0.5,,,,,
601398.SH,20241030,6.05,6.08,6.0,6.01,6.06,-0.05,-0.8251,3054120.04,1839999.984,0.5,0.5,,,,,
601398.SH,20241031,6.04,6.1,6.01,6.04,6.01,0.03,0.4992,3052879.98,1844805.161,0.5,0.5,,,,,
601398.SH,20241101,6.04,6.15,6.03,6.15,6.04,0.11,1.8212,4512379.25,2760339.812,0.5,0.5,,,,,
601398.SH,20241104,6.15,6.15,6.05,6.13,6.15,-0.02,-0.3252,3180604.58,1937583.73,0.5,0.5,,,,,
601398.SH,20241105,6.1,6.15,6.09,6.15,6.13,0.02,0.3263,3125107.81,1914855.699,0.5,0.5,,,,,
601398.SH,20241106,6.13,6.15,6.07,6.09,6.15,-0.06,-0.9756,3450231.15,2106283.783,0.5,0.5,,,,,
601398.SH,20241107,6.08,6.15,6.06,6.15,6.09,0.06,0.9852,3794487.63,2318559.913,0.5,0.5,,,,,
601398.SH,20241108,6.15,6.17,6.1,6.11,6.15,-0.04,-0.6504,3300424.36,2021389.761,0.5,0.5,,,,,
601398.SH,20241111,6.08,6.09,6.02,6.04,6.11,-0.07,-1.1457,3987301.71,2410772.377,0.5,0.5,,,,,
601398.SH,20241112,6.04,6.07,6.0,6.0,6.04,-0.04,-0.6623,3292741.55,1984275.396,0.5,0.5,,,,,
601398.SH,20241113,6.0,6.07,5.98,6.04,6.0,0.04,0.6667,3438857.92,2075207.458,0.5,0.5,,,,,
601398.SH,20241114,6.03,6.1,6.01,6.07,6.04,0.03,0.4967,3735264.84,2271181.11,0.5,0.5,,,,,
601398.SH,20241115,6.06,6.11,6.03,6.05,6.07,-0.02,-0.3295,3845232.75,2337086.119,0.5,0.5,,,,,
601398.SH,20241118,6.08,6.24,6.07,6.19,6.05,0.14,2.314,6932424.8,4282442.406,0.5,0.5,,,,,
601398.SH,20241119,6.18,6.22,6.07,6.15,6.19,-0.04,-0.6462,4294987.1,2648795.351,0.5,0.5,,,,,
601398.SH,20241120,6.13,6.18,6.12,6.14,6.15,-0.01,-0.1626,2682420.57,1649596.256,0.5,0.5,,,,,
601398.SH,20241121,6.13,6.15,6.11,6.13,6.14,-0.01,-0.1629,1809107.03,1107466.761,0.5,0.5,,,,,
601398.SH,20241122,6.14,6.15,6.05,6.05,6.13,-0.08,-1.3051,2978202.81,1814510.786,0.5,0.5,,,,,
601398.SH,20241125,6.06,6.13,6.05,6.07,6.05,0.02,0.3306,2903722.07,1770698.664,0.5,0.5,,,,,
601398.SH,20241126,6.07,6.18,6.05,6.16,6.07,0.09,1.4827,3300041.49,2021400.613,0.5,0.5,,,,,
601398.SH,20241127,6.15,6.22,6.14,6.2,6.16,0.04,0.6494,2883173.76,1783808.194,0.5,0.5,,,,,
601398.SH,20241128,6.19,6.22,6.15,6.19,6.2,-0.01,-0.1613,2018400.11,1248696.415,0.5,0.5,,,,,
601398.SH,20241129,6.19,6.23,6.14,6.15,6.19,-0.04,-0.6462,2906465.13,1796519.084,0.5,0.5,,,,,
601398.SH,20241202,6.16,6.16,6.1,6.13,6.15,-0.02,-0.3252,2417479.89,1480654.067,0.5,0.5,,,,,
601398.SH,20241203,6.13,6.21,6.12,6.21,6.13,0.08,1.3051,3385172.03,2090169.39,0.5,0.5,,,,,
601398.SH,20241204,6.21,6.28,6.17,6.26,6.21,0.05,0.8052,3572315.31,2228037.037,0.5,0.5,,,,,
601398.SH,20241205,6.25,6.33,6.23,6.26,6.26,0.0,0.0,2645283.22,1659231.378,0.5,0.5,,,,,
601398.SH,20241206,6.26,6.34,6.25,6.32,6.26,0.06,0.9585,3119630.37,1968098.516,0.5,0.5,,,,,
601398.SH,20241209,6.3,6.37,6.28,6.32,6.32,0.0,0.0,3127432.96,1982868.64,0.5,0.5,,,,,
601398.SH,20241210,6.35,6.45,6.33,6.42,6.32,0.1,1.5823,4372946.05,2792561.332,0.5,0.5,,,,,
601398.SH,20241211,6.4,6.45,6.3,6.31,6.42,-0.11,-1.7134,3870003.36,2461585.21,0.5,0.5,,,,,
601398.SH,20241212,6.32,6.42,6.31,6.42,6.31,0.11,1.7433,2901844.74,1851706.028,0.5,0.5,,,,,
601398.SH,20241213,6.4,6.45,6.36,6.39,6.42,-0.03,-0.4673,3890984.41,2494595.254,0.5,0.5,,,,,
601398.SH,20241216,6.39,6.58,6.38,6.53,6.39,0.14,2.1909,4715725.94,3074595.963,0.5,0.5,,,,,
601398.SH,20241217,6.52,6.59,6.51,6.51,6.53,-0.02,-0.3063,3138477.22,2053036.753,0.5,0.5,,,,,
601398.SH,20241218,6.54,6.65,6.53,6.59,6.51,0.08,1.2289,3489424.53,2301576.369,0.5,0.5,,,,,
601398.SH,20241219,6.57,6.61,6.48,6.49,6.59,-0.1,-1.5175,3615285.11,2360581.313,0.5,0.5,,,,,
601398.SH,20241220,6.5,6.61,6.5,6.53,6.49,0.04,0.6163,3765488.42,2467195.131,0.5,0.5,,,,,
601398.SH,20241223,6.53,6.76,6.53,6.7,6.53,0.17,2.6034,4871100.27,3253676.275,0.5,0.5,,,,,
601398.SH,20241224,6.71,6.79,6.65,6.78,6.7,0.08,1.194,4641473.68,3126875.532,0.5,0.5,,,,,
601398.SH,20241225,6.77,7.04,6.76,6.94,6.78,0.16,2.3599,6360901.32,4411842.457,0.5,0.5,,,,,
601398.SH,20241226,6.94,6.94,6.79,6.93,6.94,-0.01,-0.1441,4872522.64,3343500.772,0.5,0.5,,,,,
601398.SH,20241227,6.89,6.94,6.76,6.92,6.93,-0.01,-0.1443,5107040.6,3503590.982,0.5,0.5,,,,,
601398.SH,20241230,6.88,7.0,6.87,6.95,6.92,0.03,0.4335,4823303.17,3342787.449,0.5,0.5,,,,,
601398.SH,20241231,6.94,7.03,6.9,6.92,6.95,-0.03,-0.4317,5209801.74,3632600.718,0.5,0.5,,,,,
601398.SH,20250102,6.91,6.98,6.76,6.8,6.92,-0.12,-1.7341,5314824.65,3636887.2,0.5,0.5,,,,,
601398.SH,20250103,6.81,6.83,6.62,6.71,6.8,-0.09,-1.3235,5210739.86,3493034.297,0.5,0.5,,,,,
601398.SH,20250106,6.71,6.78,6.59,6.75,6.71,0.04,0.5961,4742246.52,3180308.148,0.5,0.5,,,,,
601398.SH,20250107,6.61,6.71,6.56,6.69,6.61,0.08,1.2103,3820217.77,2534162.279,0.5,0.5,,,,,
601398.SH,20250108,6.69,6.84,6.67,6.76,6.69,0.07,1.0463,3996842.84,2703647.491,0.5,0.5,,,,,
601398.SH,20250109,6.76,6.77,6.66,6.71,6.76,-0.05,-0.7396,2367234.19,1589593.952,0.5,0.5,,,,,
601398.SH,20250110,6.72,6.74,6.6,6.67,6.71,-0.04,-0.5961,2620257.88,1748468.963,0.5,0.5,,,,,
601398.SH,20250113,6.66,6.67,6.49,6.6,6.67,-0.07,-1.0495,3306032.82,2177310.84,0.5,0.5,,,,,
601398.SH,20250114,6.59,6.65,6.56,6.61,6.6,0.01,0.1515,3418852.64,2259932.309,0.5,0.5,,,,,
601398.SH,20250115,6.6,6.73,6.58,6.63,6.61,0.02,0.3026,3075982.74,2046662.181,0.5,0.5,,,,,
601398.SH,20250116,6.64,6.69,6.57,6.68,6.63,0.05,0.7541,2674681.38,1778119.565,0.5,0.5,,,,,
601398.SH,20250117,6.67,6.7,6.6,6.61,6.68,-0.07,-1.0479,2781346.35,1846159.116,0.5,0.5,,,,,
601398.SH,20250120,6.62,6.63,6.56,6.57,6.61,-0.04,-0.6051,2273622.56,1498234.582,0.5,0.5,,,,,
601398.SH,20250121,6.58,6.61,6.52,6.55,6.57,-0.02,-0.3044,2157435.37,1417436.127,0.5,0.5,,,,,
601398.SH,20250122,6.54,6.56,6.4,6.44,6.55,-0.11,-1.6794,4111693.63,2658494.738,0.5,0.5,,,,,
601398.SH,20250123,6.48,6.69,6.48,6.66,6.44,0.22,3.4161,5446820.03,3602828.423,0.5,0.5,,,,,
601398.SH,20250124,6.67,6.72,6.57,6.67,6.66,0.01,0.1502,3282052.11,2189475.262,0.5,0.5,,,,,
601398.SH,20250127,6.68,6.85,6.68,6.82,6.67,0.15,2.2489,3718662.19,2529075.691,0.5,0.5,,,,,
601398.SH,20250205,6.82,6.84,6.68,6.69,6.82,-0.13,-1.9062,3305406.17,2222211.105,0.5,0.5,,,,,
601398.SH,20250206,6.7,6.76,6.65,6.69,6.69,0.0,0.0,2644237.25,1768795.001,0.5,0.5,,,,,
601398.SH,20250207,6.67,6.69,6.61,6.69,6.69,0.0,0.0,3676439.0,2445156.83,0.5,0.5,,,,,
601398.SH,20250210,6.66,6.74,6.64,6.67,6.69,-0.02,-0.299,3119268.33,2088870.492,0.5,0.5,,,,,
601398.SH,20250211,6.68,6.82,6.68,6.82,6.67,0.15,2.2489,3941954.1,2664073.222,0.5,0.5,,,,,
601398.SH,20250212,6.81,6.92,6.73,6.9,6.82,0.08,1.173,3257811.48,2231545.258,0.5,0.5,,,,,
601398.SH,20250213,6.89,6.99,6.87,6.96,6.9,0.06,0.8696,2945244.26,2045526.566,0.5,0.5,,,,,
601398.SH,20250214,6.96,7.0,6.9,6.99,6.96,0.03,0.431,2531577.91,1759162.065,0.5,0.5,,,,,
601398.SH,20250217,6.98,7.0,6.91,6.96,6.99,-0.03,-0.4292,2713460.03,1885698.489,0.5,0.5,,,,,
601398.SH,20250218,6.95,7.14,6.94,7.09,6.96,0.13,1.8678,3975121.35,2808344.232,0.5,0.5,,,,,
601398.SH,20250219,7.08,7.12,7.03,7.05,7.09,-0.04,-0.5642,3220723.43,2274371.586,0.5,0.5,,,,,
601398.SH,20250220,7.04,7.09,7.0,7.08,7.05,0.03,0.4255,2513266.56,1772394.388,0.5,0.5,,,,,
601398.SH,20250221,7.06,7.07,6.91,6.93,7.08,-0.15,-2.1186,5772098.0,4021172.959,0.5,0.5,,,,,
601398.SH,20250224,6.9,6.94,6.82,6.89,6.93,-0.04,-0.5772,4373309.85,3008552.846,0.5,0.5,,,,,
601398.SH,20250225,6.89,6.93,6.83,6.86,6.89,-0.03,-0.4354,3139844.75,2159709.477,0.5,0.5,,,,,
601398.SH,20250226,6.86,6.94,6.84,6.88,6.86,0.02,0.2915,3293700.1,2269557.031,0.5,0.5,,,,,
601398.SH,20250227,6.86,6.95,6.76,6.93,6.88,0.05,0.7267,4391902.34,3015352.621,0.5,0.5,,,,,
601398.SH,20250228,6.9,6.98,6.87,6.87,6.93,-0.06,-0.8658,4315896.2,2985870.129,0.5,0.5,,,,,
601398.SH,20250303,6.87,6.89,6.78,6.85,6.87,-0.02,-0.2911,3964019.25,2705652.927,0.5,0.5,,,,,
601398.SH,20250304,6.82,6.84,6.78,6.78,6.85,-0.07,-1.0219,3436561.71,2336781.175,0.5,0.5,,,,,
601398.SH,20250305,6.77,6.9,6.73,6.87,6.78,0.09,1.3274,4599123.6,3147082.337,0.5,0.5,,,,,
601398.SH,20250306,6.85,6.86,6.79,6.83,6.87,-0.04,-0.5822,3656712.05,2495349.517,0.5,0.5,,,,,
601398.SH,20250307,6.83,6.85,6.79,6.8,6.83,-0.03,-0.4392,3223755.78,2195284.348,0.5,0.5,,,,,
601398.SH,20250310,6.79,6.8,6.72,6.74,6.8,-0.06,-0.8824,3242116.47,2186689.995,0.5,0.5,,,,,
601398.SH,20250311,6.72,6.78,6.72,6.78,6.74,0.04,0.5935,2680002.41,1809114.543,0.5,0.5,,,,,
601398.SH,20250312,6.76,6.77,6.7,6.72,6.78,-0.06,-0.885,3177702.18,2135384.159,0.5,0.5,,,,,
601398.SH,20250313,6.72,6.77,6.7,6.73,6.72,0.01,0.1488,2572950.17,1734795.847,0.5,0.5,,,,,
601398.SH,20250314,6.72,6.81,6.72,6.75,6.73,0.02,0.2972,4890721.29,3311312.295,0.5,0.5,,,,,
601398.SH,20250317,6.75,6.83,6.74,6.81,6.75,0.06,0.8889,3586198.28,2436756.611,0.5,0.5,,,,,
601398.SH,20250318,6.83,6.84,6.77,6.8,6.81,-0.01,-0.1468,2369528.1,1611444.863,0.5,0.5,,,,,
601398.SH,20250319,6.81,6.88,6.8,6.87,6.8,0.07,1.0294,3032694.2,2077764.026,0.5,0.5,,,,,
601398.SH,20250320,6.87,6.92,6.81,6.84,6.87,-0.03,-0.4367,3008452.41,2058985.286,0.5,0.5,,,,,
601398.SH,20250321,6.82,6.85,6.75,6.76,6.84,-0.08,-1.1696,3087991.23,2096634.446,0.5,0.5,,,,,
601398.SH,20250324,6.76,6.85,6.76,6.82,6.76,0.06,0.8876,3060401.69,2084392.843,0.5,0.5,,,,,
601398.SH,20250325,6.83,6.87,6.81,6.85,6.82,0.03,0.4399,2318056.72,1587419.428,0.5,0.5,,,,,
601398.SH,20250326,6.86,6.88,6.81,6.83,6.85,-0.02,-0.292,2337800.88,1598912.19,0.5,0.5,,,,,
601398.SH,20250327,6.82,6.89,6.82,6.87,6.83,0.04,0.5857,2580278.1,1771784.348,0.5,0.5,,,,,
601398.SH,20250328,6.86,6.88,6.83,6.88,6.87,0.01,0.1456,2128381.48,1458086.737,0.5,0.5,,,,,
601398.SH,20250331,6.88,6.94,6.8,6.89,6.88,0.01,0.1453,4071337.79,2804461.039,0.5,0.5,,,,,
601398.SH,20250401,6.87,6.9,6.78,6.8,6.89,-0.09,-1.3062,4284291.19,2917602.553,0.5,0.5,,,,,
601398.SH,20250402,6.79,6.86,6.78,6.85,6.8,0.05,0.7353,3099744.34,2116421.3,0.5,0.5,,,,,
601398.SH,20250403,6.82,6.9,6.82,6.89,6.85,0.04,0.5839,3061668.81,2102242.324,0.5,0.5,,,,,
601398.SH,20250407,6.8,6.82,6.6,6.76,6.89,-0.13,-1.8868,8491567.26,5702039.106,0.5,0.5,,,,,
601398.SH,20250408,6.7,6.84,6.68,6.82,6.76,0.06,0.8876,6712678.31,4544166.472,0.5,0.5,,,,,
601398.SH,20250409,6.79,6.89,6.74,6.8,6.82,-0.02,-0.2933,5661687.7,3844424.813,0.5,0.5,,,,,
601398.SH,20250410,6.8,6.8,6.73,6.75,6.8,-0.05,-0.7353,4013375.08,2710599.655,0.5,0.5,,,,,
601398.SH,20250411,6.76,6.8,6.72,6.8,6.75,0.05,0.7407,3475544.77,2348002.468,0.5,0.5,,,,,
601398.SH,20250414,6.78,6.9,6.77,6.87,6.8,0.07,1.0294,4394042.22,3007411.465,0.5,0.5,,,,,
601398.SH,20250415,6.87,6.97,6.86,6.96,6.87,0.09,1.31,3841790.13,2662998.736,0.5,0.5,,,,,
601398.SH,20250416,6.96,7.06,6.93,7.06,6.96,0.1,1.4368,4132402.27,2892689.93,0.5,0.5,,,,,
601398.SH,20250417,7.05,7.08,6.96,7.05,7.06,-0.01,-0.1416,2639188.35,1851782.419,0.5,0.5,,,,,
601398.SH,20250418,7.04,7.17,7.03,7.14,7.05,0.09,1.2766,3884345.3,2766835.232,0.5,0.5,,,,,
601398.SH,20250421,7.13,7.25,7.05,7.05,7.14,-0.09,-1.2605,3742983.83,2668689.81,0.5,0.5,,,,,
601398.SH,20250422,7.05,7.16,7.04,7.15,7.05,0.1,1.4184,2997870.96,2134511.557,0.5,0.5,,,,,
601398.SH,20250423,7.14,7.17,7.07,7.11,7.15,-0.04,-0.5594,2569772.81,1828680.838,0.5,0.5,,,,,
601398.SH,20250424,7.09,7.29,7.09,7.24,7.11,0.13,1.8284,3576108.7,2578423.054,0.5,0.5,,,,,
601398.SH,20250425,7.25,7.31,7.17,7.21,7.24,-0.03,-0.4144,2326019.76,1680542.606,0.5,0.5,,,,,
601398.SH,20250428,7.22,7.34,7.22,7.29,7.21,0.08,1.1096,2853765.8,2081021.042,0.5,0.5,,,,,
601398.SH,20250429,7.3,7.33,7.24,7.27,7.29,-0.02,-0.2743,2179737.89,1585106.865,0.5,0.5,,,,,
601398.SH,20250430,7.22,7.23,6.97,7.01,7.27,-0.26,-3.5763,6449971.31,4547350.16,0.5,0.5,,,,,
601398.SH,20250506,7.01,7.03,6.93,6.98,7.01,-0.03,-0.428,3663740.62,2553328.289,0.5,0.5,,,,,
601398.SH,20250507,7.01,7.11,6.97,7.11,6.98,0.13,1.8625,4336456.24,3063562.853,0.5,0.5,,,,,
601398.SH,20250508,7.09,7.17,7.08,7.11,7.11,0.0,0.0,2837120.76,2017330.424,0.5,0.5,,,,,
601398.SH,20250509,7.1,7.23,7.1,7.17,7.11,0.06,0.8439,3121965.48,2237795.766,0.5,0.5,,,,,
601398.SH,20250512,7.15,7.18,7.11,7.16,7.17,-0.01,-0.1395,2702769.88,1932351.708,0.5,0.5,,,,,
601398.SH,20250513,7.16,7.25,7.12,7.23,7.16,0.07,0.9777,2767459.46,1994786.847,0.5,0.5,,,,,
601398.SH,20250514,7.23,7.28,7.2,7.23,7.23,0.0,0.0,2868697.06,2076209.237,0.5,0.5,,,,,
601398.SH,20250515,7.23,7.29,7.22,7.27,7.23,0.04,0.5533,2702620.63,1961219.204,0.5,0.5,,,,,
601398.SH,20250516,7.26,7.3,7.12,7.16,7.27,-0.11,-1.5131,3935141.31,2821005.777,0.5,0.5,,,,,
601398.SH,20250519,7.16,7.2,7.11,7.12,7.16,-0.04,-0.5587,2566690.58,1835179.445,0.5,0.5,,,,,
601398.SH,20250520,7.14,7.16,7.1,7.13,7.12,0.01,0.1404,1976912.46,1409121.067,0.5,0.5,,,,,
601398.SH,20250521,7.13,7.19,7.11,7.14,7.13,0.01,0.1403,2540712.78,1817575.023,0.5,0.5,,,,,
601398.SH,20250522,7.15,7.16,7.1,7.12,7.14,-0.02,-0.2801,2940759.11,2095825.511,0.5,0.5,,,,,
601398.SH,20250523,7.12,7.15,7.07,7.08,7.12,-0.04,-0.5618,3169188.22,2250187.441,0.5,0.5,,,,,
601398.SH,20250526,7.08,7.1,7.03,7.05,7.08,-0.03,-0.4237,2876449.99,2031163.197,0.5,0.5,,,,,
601398.SH,20250527,7.05,7.09,7.04,7.06,7.05,0.01,0.1418,1825202.33,1290694.507,0.5,0.5,,,,,
601398.SH,20250528,7.06,7.08,7.02,7.05,7.06,-0.01,-0.1416,1710175.46,1204153.102,0.5,0.5,,,,,
601398.SH,20250529,7.05,7.07,7.02,7.04,7.05,-0.01,-0.1418,1934698.56,1361048.215,0.5,0.5,,,,,
601398.SH,20250530,7.05,7.12,7.02,7.07,7.04,0.03,0.4261,3467599.35,2453474.445,0.5,0.5,,,,,
601398.SH,20250603,7.05,7.13,7.04,7.11,7.07,0.04,0.5658,2728118.11,1935871.377,0.5,0.5,,,,,
601398.SH,20250604,7.11,7.12,7.06,7.08,7.11,-0.03,-0.4219,2118975.5,1501300.431,0.5,0.5,,,,,
601398.SH,20250605,7.08,7.12,7.07,7.09,7.08,0.01,0.1412,2255742.17,1598752.218,0.5,0.5,,,,,
601398.SH,20250606,7.1,7.12,7.07,7.1,7.09,0.01,0.141,1870299.62,1326482.212,0.5,0.5,,,,,
601398.SH,20250609,7.1,7.11,7.04,7.08,7.1,-0.02,-0.2817,2913684.55,2060159.019,0.5,0.5,,,,,
601398.SH,20250610,7.08,7.19,7.07,7.1,7.08,0.02,0.2825,4161322.02,2968939.276,0.5,0.5,,,,,
601398.SH,20250611,7.1,7.15,7.09,7.12,7.1,0.02,0.2817,2247733.72,1600489.311,0.5,0.5,,,,,
601398.SH,20250612,7.12,7.13,7.09,7.11,7.12,-0.01,-0.1404,2318336.35,1647893.541,0.5,0.5,,,,,
601398.SH,20250613,7.11,7.13,7.08,7.09,7.11,-0.02,-0.2813,2808948.07,1993391.253,0.5,0.5,,,,,
601398.SH,20250616,7.08,7.14,7.02,7.14,7.09,0.05,0.7052,2786039.77,1973414.702,0.5,0.5,,,,,
601398.SH,20250617,7.13,7.17,7.12,7.17,7.14,0.03,0.4202,2279382.64,1631206.054,0.5,0.5,,,,,
601398.SH,20250618,7.17,7.25,7.16,7.25,7.17,0.08,1.1158,3321322.52,2399282.24,0.5,0.5,,,,,
601398.SH,20250619,7.24,7.3,7.2,7.3,7.25,0.05,0.6897,2841779.66,2063441.901,0.5,0.5,,,,,
601398.SH,20250620,7.29,7.38,7.28,7.37,7.3,0.07,0.9589,3106927.74,2278784.786,0.5,0.5,,,,,
601398.SH,20250623,7.36,7.56,7.33,7.52,7.37,0.15,2.0353,3897378.15,2904803.935,0.5,0.5,,,,,
601398.SH,20250624,7.51,7.64,7.5,7.63,7.52,0.11,1.4628,3560199.0,2697370.67,0.5,0.5,,,,,
601398.SH,20250625,7.61,7.71,7.52,7.67,7.63,0.04,0.5242,3495451.55,2670562.941,0.5,0.5,,,,,
601398.SH,20250626,7.66,7.75,7.62,7.72,7.67,0.05,0.6519,2931890.14,2256598.292,0.5,0.5,,,,,
601398.SH,20250627,7.72,7.76,7.48,7.5,7.72,-0.22,-2.8497,4820511.41,3654638.053,0.5,0.5,,,,,
601398.SH,20250630,7.48,7.61,7.42,7.59,7.5,0.09,1.2,3061472.45,2307954.197,0.5,0.5,,,,,
601398.SH,20250701,7.59,7.74,7.58,7.66,7.59,0.07,0.9223,2683319.21,2061516.556,0.5,0.5,,,,,
601398.SH,20250702,7.68,7.71,7.65,7.68,7.66,0.02,0.2611,2068290.92,1588904.79,0.5,0.5,,,,,
601398.SH,20250703,7.68,7.72,7.6,7.64,7.68,-0.04,-0.5208,2256541.26,1727134.627,0.5,0.5,,,,,
601398.SH,20250704,7.64,7.78,7.63,7.75,7.64,0.11,1.4398,2890571.41,2231478.827,0.5,0.5,,,,,
601398.SH,20250707,7.74,7.77,7.7,7.73,7.75,-0.02,-0.2581,1948834.25,1507334.339,0.5,0.5,,,,,
601398.SH,20250708,7.73,7.78,7.7,7.76,7.73,0.03,0.3881,1983420.24,1536668.535,0.5,0.5,,,,,
601398.SH,20250709,7.76,7.93,7.75,7.85,7.76,0.09,1.1598,2898275.66,2281970.067,0.5,0.5,,,,,
601398.SH,20250710,7.87,8.13,7.87,8.08,7.85,0.23,2.9299,5870466.49,4723382.454,0.5,0.5,,,,,
601398.SH,20250711,8.12,8.36,8.01,8.01,8.08,-0.07,-0.8663,8885955.67,7287115.483,0.5,0.5,,,,,
601398.SH,20250714,7.9,7.98,7.84,7.84,7.85,-0.01,-0.1274,4706935.07,3718881.121,0.5,0.5,,,,,
601398.SH,20250715,7.86,7.88,7.76,7.8,7.84,-0.04,-0.5102,3186881.1,2491230.676,0.5,0.5,,,,,
601398.SH,20250716,7.77,7.8,7.7,7.8,7.8,0.0,0.0,3524987.73,2727111.481,0.5,0.5,,,,,
601398.SH,20250717,7.79,7.81,7.72,7.75,7.8,-0.05,-0.641,2793216.72,2165167.688,0.5,0.5,,,,,
601398.SH,20250718,7.74,7.82,7.7,7.77,7.75,0.02,0.2581,2727850.06,2118707.043,0.5,0.5,,,,,
601398.SH,20250721,7.76,7.77,7.67,7.7,7.77,-0.07,-0.9009,3135465.93,2416554.043,0.5,0.5,,,,,
601398.SH,20250722,7.67,7.68,7.56,7.6,7.7,-0.1,-1.2987,4778345.17,3631140.814,0.5,0.5,,,,,
601398.SH,20250723,7.59,7.73,7.56,7.65,7.6,0.05,0.6579,4891056.37,3743744.906,0.5,0.5,,,,,
601398.SH,20250724,7.65,7.67,7.53,7.55,7.65,-0.1,-1.3072,4623948.3,3497603.345,0.5,0.5,,,,,
601398.SH,20250725,7.53,7.58,7.48,7.49,7.55,-0.06,-0.7947,3308917.47,2491086.129,0.5,0.5,,,,,
601398.SH,20250728,7.49,7.54,7.46,7.49,7.49,0.0,0.0,2734226.83,2051369.273,0.5,0.5,,,,,
601398.SH,20250729,7.49,7.52,7.43,7.43,7.49,-0.06,-0.8011,2922719.28,2182949.359,0.5,0.5,,,,,
601398.SH,20250730,7.43,7.55,7.4,7.49,7.43,0.06,0.8075,3907271.11,2927215.141,0.5,0.5,,,,,
601398.SH,20250731,7.49,7.59,7.42,7.56,7.49,0.07,0.9346,4809696.17,3614613.287,0.5,0.5,,,,,
601398.SH,20250801,7.56,7.67,7.48,7.62,7.56,0.06,0.7937,5145899.6,3907516.134,0.5,0.5,,,,,
601398.SH,20250804,7.63,7.78,7.62,7.68,7.62,0.06,0.7874,4482750.76,3454575.647,0.5,0.5,,,,,
601398.SH,20250805,7.68,7.76,7.63,7.76,7.68,0.08,1.0417,3403182.1,2621498.587,0.5,0.5,,,,,
601398.SH,20250806,7.75,7.8,7.71,7.76,7.76,0.0,0.0,2967782.13,2301147.116,0.5,0.5,,,,,
601398.SH,20250807,7.75,7.87,7.7,7.84,7.76,0.08,1.0309,3789820.97,2960611.114,0.5,0.5,,,,,
601398.SH,20250808,7.84,7.9,7.77,7.79,7.84,-0.05,-0.6378,2739257.73,2144008.142,0.5,0.5,,,,,
601398.SH,20250811,7.78,7.8,7.68,7.7,7.79,-0.09,-1.1553,3368392.16,2599658.65,0.5,0.5,,,,,
601398.SH,20250812,7.69,7.81,7.67,7.78,7.7,0.08,1.039,3183980.82,2474883.1,0.5,0.5,,,,,
601398.SH,20250813,7.77,7.82,7.7,7.7,7.78,-0.08,-1.0283,3360196.75,2601354.456,0.5,0.5,,,,,
601398.SH,20250814,7.7,7.76,7.67,7.69,7.7,-0.01,-0.1299,2834872.82,2187318.596,0.5,0.5,,,,,
601398.SH,20250815,7.7,7.72,7.48,7.55,7.69,-0.14,-1.8205,6480057.87,4882339.779,0.5,0.5,,,,,
601398.SH,20250818,7.51,7.54,7.46,7.53,7.55,-0.02,-0.2649,4072372.49,3054805.757,0.5,0.5,,,,,
601398.SH,20250819,7.53,7.6,7.51,7.57,7.53,0.04,0.5312,3385247.03,2560802.995,0.5,0.5,,,,,
601398.SH,20250820,7.58,7.62,7.56,7.57,7.57,0.0,0.0,3315205.86,2515293.334,0.5,0.5,,,,,
601398.SH,20250821,7.57,7.62,7.51,7.6,7.57,0.03,0.3963,3443027.53,2609843.96,0.5,0.5,,,,,
601398.SH,20250822,7.6,7.63,7.53,7.63,7.6,0.03,0.3947,3837727.89,2908481.745,0.5,0.5,,,,,
601398.SH,20250825,7.6,7.61,7.55,7.59,7.63,-0.04,-0.5242,4131598.05,3129154.376,0.5,0.5,,,,,
601398.SH,20250826,7.58,7.62,7.54,7.55,7.59,-0.04,-0.527,2998328.27,2268338.336,0.5,0.5,,,,,
601398.SH,20250827,7.54,7.54,7.41,7.41,7.55,-0.14,-1.8543,5157247.51,3852879.694,0.5,0.5,,,,,
601398.SH,20250828,7.41,7.44,7.32,7.38,7.41,-0.03,-0.4049,4654688.87,3436054.969,0.5,0.5,,,,,
601398.SH,20250829,7.38,7.53,7.38,7.43,7.38,0.05,0.6775,5196151.0,3876595.173,0.5,0.5,,,,,
601398.SH,20250901,7.43,7.45,7.36,7.38,7.43,-0.05,-0.6729,3845435.84,2842147.961,0.5,0.5,,,,,
601398.SH,20250902,7.37,7.57,7.35,7.57,7.38,0.19,2.5745,7690652.13,5756720.401,0.5,0.5,,,,,
601398.SH,20250903,7.57,7.58,7.42,7.44,7.57,-0.13,-1.7173,4919771.33,3687104.656,0.5,0.5,,,,,
601398.SH,20250904,7.4,7.6,7.26,7.54,7.44,0.1,1.3441,8760059.36,6522723.401,0.5,0.5,,,,,
601398.SH,20250905,7.52,7.54,7.4,7.44,7.54,-0.1,-1.3263,4417093.09,3294733.88,0.5,0.5,,,,,
601398.SH,20250908,7.41,7.44,7.37,7.4,7.44,-0.04,-0.5376,3542760.19,2623331.823,0.5,0.5,,,,,
601398.SH,20250909,7.39,7.46,7.38,7.43,7.4,0.03,0.4054,2662793.92,1977586.299,0.5,0.5,,,,,
601398.SH,20250910,7.44,7.48,7.38,7.47,7.43,0.04,0.5384,2886560.44,2148056.693,0.5,0.5,,,,,
601398.SH,20250911,7.46,7.58,7.39,7.51,7.47,0.04,0.5355,5415158.55,4047763.814,0.5,0.5,,,,,
601398.SH,20250912,7.49,7.54,7.45,7.48,7.51,-0.03,-0.3995,2992824.63,2242324.705,0.5,0.5,,,,,
601398.SH,20250915,7.45,7.51,7.4,7.43,7.48,-0.05,-0.6684,3295819.21,2450259.696,0.5,0.5,,,,,
601398.SH,20250916,7.41,7.49,7.41,7.45,7.43,0.02,0.2692,2893476.14,2156214.466,0.5,0.5,,,,,
601398.SH,20250917,7.42,7.46,7.4,7.46,7.45,0.01,0.1342,2475841.86,1840577.293,0.5,0.5,,,,,
601398.SH,20250918,7.45,7.46,7.28,7.29,7.46,-0.17,-2.2788,5297807.17,3898308.494,0.5,0.5,,,,,
601398.SH,20250919,7.28,7.28,7.12,7.2,7.29,-0.09,-1.2346,4807097.54,3461205.358,0.5,0.5,,,,,
601398.SH,20250922,7.2,7.25,7.15,7.18,7.2,-0.02,-0.2778,2750891.2,1981415.047,0.5,0.5,,,,,
601398.SH,20250923,7.16,7.41,7.13,7.4,7.18,0.22,3.0641,6288256.04,4616426.036,0.5,0.5,,,,,
601398.SH,20250924,7.39,7.53,7.37,7.47,7.4,0.07,0.9459,5142069.19,3831987.701,0.5,0.5,,,,,
601398.SH,20250925,7.44,7.46,7.31,7.38,7.47,-0.09,-1.2048,3237228.4,2381142.34,0.5,0.5,,,,,
601398.SH,20250926,7.35,7.43,7.3,7.41,7.38,0.03,0.4065,2733592.98,2015436.918,0.5,0.5,,,,,
601398.SH,20250929,7.38,7.4,7.26,7.33,7.41,-0.08,-1.0796,4050039.33,2967071.849,0.5,0.5,,,,,
601398.SH,20250930,7.31,7.33,7.26,7.3,7.33,-0.03,-0.4093,2445676.27,1784123.669,0.5,0.5,,,,,
601398.SH,20251009,7.25,7.32,7.2,7.31,7.3,0.01,0.137,2977410.76,2160546.979,0.5,0.5,,,,,
601398.SH,20251010,7.29,7.36,7.28,7.31,7.31,0.0,0.0,3048696.89,2232583.779,0.5,0.5,,,,,
601398.SH,20251013,7.32,7.36,7.23,7.27,7.31,-0.04,-0.5472,3957386.05,2882595.178,0.5,0.5,,,,,
601398.SH,20251014,7.26,7.5,7.22,7.5,7.27,0.23,3.1637,6938781.4,5134528.488,0.5,0.5,,,,,
601398.SH,20251015,7.47,7.54,7.42,7.46,7.5,-0.04,-0.5333,4075993.19,3046378.594,0.5,0.5,,,,,
601398.SH,20251016,7.43,7.65,7.43,7.63,7.46,0.17,2.2788,4956233.45,3749953.456,0.5,0.5,,,,,
601398.SH,20251017,7.63,7.72,7.57,7.62,7.63,-0.01,-0.1311,4087002.46,3125404.222,0.5,0.5,,,,,
601398.SH,20251020,7.59,7.65,7.47,7.61,7.62,-0.01,-0.1312,3919785.93,2960246.448,0.5,0.5,,,,,
601398.SH,20251021,7.58,7.65,7.54,7.64,7.61,0.03,0.3942,3441139.24,2616075.703,0.5,0.5,,,,,
601398.SH,20251022,7.63,7.79,7.62,7.76,7.64,0.12,1.5707,3815865.56,2942641.849,0.5,0.5,,,,,
601398.SH,20251023,7.76,7.89,7.71,7.84,7.76,0.08,1.0309,4326614.32,3378223.696,0.5,0.5,,,,,
601398.SH,20251024,7.8,7.89,7.76,7.84,7.84,0.0,0.0,3263623.33,2556166.917,0.5,0.5,,,,,
601398.SH,20251027,7.8,7.94,7.74,7.91,7.84,0.07,0.8929,3919946.77,3079616.6,0.5,0.5,,,,,
601398.SH,20251028,7.9,8.02,7.85,7.99,7.91,0.08,1.0114,3320408.17,2640150.337,0.5,0.5,,,,,
601398.SH,20251029,7.98,7.99,7.8,7.83,7.99,-0.16,-2.0025,3683044.39,2902412.947,0.5,0.5,,,,,
601398.SH,20251030,7.83,7.9,7.78,7.84,7.83,0.01,0.1277,2787161.26,2186887.58,0.5,0.5,,,,,
601398.SH,20251031,7.87,7.87,7.67,7.78,7.84,-0.06,-0.7653,3693253.24,2861703.074,0.5,0.5,,,,,
601398.SH,20251103,7.79,7.94,7.78,7.9,7.78,0.12,1.5424,3420734.24,2696886.643,0.5,0.5,,,,,
601398.SH,20251104,7.89,8.14,7.89,8.13,7.9,0.23,2.9114,4410976.05,3556070.089,0.5,0.5,,,,,
601398.SH,20251105,8.17,8.21,8.09,8.14,8.13,0.01,0.123,3941536.3,3216874.938,0.5,0.5,,,,,
601398.SH,20251106,8.12,8.15,8.06,8.09,8.14,-0.05,-0.6143,3009758.0,2437052.281,0.5,0.5,,,,,
601398.SH,20251107,8.09,8.16,8.02,8.05,8.09,-0.04,-0.4944,2801613.58,2259074.574,0.5,0.5,,,,,
601398.SH,20251110,8.02,8.13,7.98,8.12,8.05,0.07,0.8696,2232913.15,1801106.446,0.5,0.5,,,,,
601398.SH,20251111,8.1,8.17,8.07,8.16,8.12,0.04,0.4926,1917401.04,1558044.146,0.5,0.5,,,,,
601398.SH,20251112,8.16,8.32,8.15,8.19,8.16,0.03,0.3676,3592897.95,2963066.407,0.5,0.5,,,,,
601398.SH,20251113,8.21,8.24,8.08,8.21,8.19,0.02,0.2442,2901379.15,2369679.711,0.5,0.5,,,,,
601398.SH,20251114,8.23,8.38,8.22,8.25,8.21,0.04,0.4872,3063351.29,2542717.457,0.5,0.5,,,,,
601398.SH,20251117,8.25,8.26,8.11,8.17,8.25,-0.08,-0.9697,2582768.1,2109115.127,0.5,0.5,,,,,
601398.SH,20251118,8.14,8.25,8.11,8.2,8.17,0.03,0.3672,2175959.65,1780723.631,0.5,0.5,,,,,
601398.SH,20251119,8.2,8.32,8.17,8.23,8.2,0.03,0.3659,2344283.13,1935987.517,0.5,0.5,,,,,
601398.SH,20251120,8.21,8.4,8.18,8.27,8.23,0.04,0.486,3594877.46,2984350.151,0.5,0.5,,,,,
601398.SH,20251121,8.28,8.38,8.22,8.25,8.27,-0.02,-0.2418,4644446.66,3850244.346,0.5,0.5,,,,,
601398.SH,20251124,8.2,8.26,8.12,8.2,8.25,-0.05,-0.6061,3489190.16,2859936.7,0.5,0.5,,,,,
601398.SH,20251125,8.18,8.32,8.13,8.31,8.2,0.11,1.3415,3055429.94,2518475.879,0.5,0.5,,,,,
601398.SH,20251126,8.31,8.38,8.15,8.16,8.31,-0.15,-1.8051,3310419.56,2718206.391,0.5,0.5,,,,,
601398.SH,20251127,8.15,8.19,8.06,8.16,8.16,0.0,0.0,2344122.23,1906028.13,0.5,0.5,,,,,
601398.SH,20251128,8.15,8.17,8.08,8.11,8.16,-0.05,-0.6127,2084015.67,1692569.484,0.5,0.5,,,,,
601398.SH,20251201,8.05,8.11,8.02,8.09,8.11,-0.02,-0.2466,2652608.63,2138449.352,0.5,0.5,,,,,
601398.SH,20251202,8.09,8.12,8.02,8.09,8.09,0.0,0.0,2145189.91,1731677.085,0.5,0.5,,,,,
601398.SH,20251203,8.06,8.15,8.03,8.05,8.09,-0.04,-0.4944,2212584.9,1789483.343,0.5,0.5,,,,,
601398.SH,20251204,8.07,8.09,8.02,8.05,8.05,0.0,0.0,1491011.62,1200193.245,0.5,0.5,,,,,
601398.SH,20251205,8.04,8.1,7.95,7.99,8.05,-0.06,-0.7453,2461472.54,1971460.421,0.5,0.5,,,,,
601398.SH,20251208,7.99,8.04,7.95,7.99,7.99,0.0,0.0,2130820.15,1705238.074,0.5,0.5,,,,,
601398.SH,20251209,8.01,8.15,7.98,8.1,7.99,0.11,1.3767,2654901.03,2142465.662,0.5,0.5,,,,,
601398.SH,20251210,8.09,8.12,7.92,7.94,8.1,-0.16,-1.9753,3084175.6,2463322.811,0.5,0.5,,,,,
601398.SH,20251211,7.95,8.0,7.9,8.0,7.94,0.06,0.7557,2621759.52,2082812.281,0.5,0.5,,,,,
601398.SH,20251212,7.97,7.98,7.84,7.97,8.0,-0.03,-0.375,5191105.33,4108578.951,0.5,0.5,,,,,
601398.SH,20251215,7.82,7.86,7.77,7.81,7.83,-0.02,-0.2554,2509712.65,1963049.713,0.5,0.5,,,,,
601398.SH,20251216,7.81,7.83,7.73,7.79,7.81,-0.02,-0.2561,1934388.93,1505170.841,0.5,0.5,,,,,
601398.SH,20251217,7.78,7.87,7.75,7.81,7.79,0.02,0.2567,2206861.17,1727882.118,0.5,0.5,,,,,
601398.SH,20251218,7.81,8.0,7.79,7.99,7.81,0.18,2.3047,2417484.13,1913173.479,0.5,0.5,,,,,
601398.SH,20251219,7.96,7.98,7.86,7.88,7.99,-0.11,-1.3767,2355882.26,1863589.555,0.5,0.5,,,,,
601398.SH,20251222,7.86,7.91,7.83,7.89,7.88,0.01,0.1269,1668915.34,1312853.939,0.5,0.5,,,,,
601398.SH,20251223,7.89,7.95,7.87,7.92,7.89,0.03,0.3802,2000569.54,1583859.587,0.5,0.5,,,,,
601398.SH,20251224,7.92,7.96,7.88,7.91,7.92,-0.01,-0.1263,1736670.76,1375070.939,0.5,0.5,,,,,
601398.SH,20251225,7.9,7.91,7.83,7.86,7.91,-0.05,-0.6321,1655190.23,1301798.781,0.5,0.5,,,,,
601398.SH,20251226,7.84,7.86,7.79,7.81,7.86,-0.05,-0.6361,1500697.3,1173341.228,0.5,0.5,,,,,
601398.SH,20251229,7.81,7.9,7.77,7.87,7.81,0.06,0.7682,2706386.11,2123332.197,0.5,0.5,,,,,
601398.SH,20251230,7.84,7.87,7.79,7.85,7.87,-0.02,-0.2541,2087546.43,1634489.989,0.5,0.5,,,,,
601398.SH,20251231,7.83,7.96,7.83,7.93,7.85,0.08,1.0191,2866527.75,2264103.77,0.5,0.5,,,,,
601398.SH,20260105,7.91,7.94,7.76,7.82,7.93,-0.11,-1.3871,4254144.68,3323770.772,0.5,0.5,,,,,
601398.SH,20260106,7.81,7.81,7.76,7.8,7.82,-0.02,-0.2558,2595770.11,2020831.027,0.5,0.5,,,,,
601398.SH,20260107,7.78,7.79,7.7,7.75,7.8,-0.05,-0.641,3297895.79,2553204.798,0.5,0.5,,,,,
601398.SH,20260108,7.74,7.74,7.65,7.69,7.75,-0.06,-0.7742,2919139.67,2241434.646,0.5,0.5,,,,,
601398.SH,20260109,7.69,7.72,7.64,7.71,7.69,0.02,0.2601,2410929.86,1852121.116,0.5,0.5,,,,,
601398.SH,20260112,7.7,7.77,7.65,7.74,7.71,0.03,0.3891,2923852.21,2254589.84,0.5,0.5,,,,,
601398.SH,20260113,7.75,7.85,7.74,7.81,7.74,0.07,0.9044,3651925.09,2852104.728,0.5,0.5,,,,,
601398.SH,20260114,7.79,7.79,7.68,7.69,7.81,-0.12,-1.5365,3901382.94,3012753.36,0.5,0.5,,,,,
601398.SH,20260115,7.68,7.74,7.66,7.68,7.69,-0.01,-0.13,2870266.79,2210237.336,0.5,0.5,,,,,
601398.SH,20260116,7.67,7.68,7.58,7.61,7.68,-0.07,-0.9115,3406706.36,2599011.574,0.5,0.5,,,,,
601398.SH,20260119,7.6,7.63,7.5,7.53,7.61,-0.08,-1.0512,3290640.04,2487942.468,0.5,0.5,,,,,
601398.SH,20260120,7.52,7.57,7.5,7.54,7.53,0.01,0.1328,3028862.81,2282239.426,0.5,0.5,,,,,
601398.SH,20260121,7.53,7.56,7.34,7.35,7.54,-0.19,-2.5199,4745207.55,3522309.9,0.5,0.5,,,,,
601398.SH,20260122,7.35,7.38,7.25,7.27,7.35,-0.08,-1.0884,3880673.94,2834236.297,0.5,0.5,,,,,
601398.SH,20260123,7.27,7.29,7.17,7.21,7.27,-0.06,-0.8253,3770134.09,2724246.964,0.5,0.5,,,,,
601398.SH,20260126,7.19,7.32,7.15,7.24,7.21,0.03,0.4161,4550565.72,3299949.684,0.5,0.5,,,,,
601398.SH,20260127,7.24,7.37,7.21,7.23,7.24,-0.01,-0.1381,4698080.53,3430365.917,0.5,0.5,,,,,
601398.SH,20260128,7.21,7.29,7.16,7.2,7.23,-0.03,-0.4149,4564563.22,3298588.943,0.5,0.5,,,,,
601398.SH,20260129,7.19,7.3,7.16,7.26,7.2,0.06,0.8333,4380996.07,3165642.865,0.5,0.5,,,,,
601398.SH,20260130,7.27,7.39,7.22,7.25,7.26,-0.01,-0.1377,4607413.81,3371970.034,0.5,0.5,,,,,
601398.SH,20260202,7.26,7.39,7.25,7.32,7.25,0.07,0.9655,5411791.08,3969793.2,0.5,0.5,,,,,
601398.SH,20260203,7.3,7.31,7.15,7.18,7.32,-0.14,-1.9126,4492107.85,3234033.72,0.5,0.5,,,,,
601398.SH,20260204,7.18,7.29,7.17,7.24,7.18,0.06,0.8357,3084843.94,2229422.896,0.5,0.5,,,,,
601398.SH,20260205,7.25,7.32,7.23,7.3,7.24,0.06,0.8287,3101575.13,2259528.658,0.5,0.5,,,,,
601398.SH,20260206,7.31,7.35,7.22,7.26,7.3,-0.04,-0.5479,2514601.24,1827005.074,0.5,0.5,,,,,
601398.SH,20260209,7.25,7.29,7.21,7.28,7.26,0.02,0.2755,2032530.25,1475435.014,0.5,0.5,,,,,
601398.SH,20260210,7.28,7.34,7.26,7.3,7.28,0.02,0.2747,1948047.63,1423437.348,0.5,0.5,,,,,
601398.SH,20260211,7.32,7.32,7.27,7.29,7.3,-0.01,-0.137,1388031.18,1012219.596,0.5,0.5,,,,,
601398.SH,20260212,7.29,7.3,7.17,7.18,7.29,-0.11,-1.5089,3530836.8,2542533.95,0.5,0.5,,,,,
601398.SH,20260213,7.19,7.2,7.11,7.11,7.18,-0.07,-0.9749,3173925.08,2267176.686,0.5,0.5,,,,,
601398.SH,20260224,7.13,7.15,7.05,7.06,7.11,-0.05,-0.7032,2966280.2,2101275.787,0.5,0.5,,,,,
601398.SH,20260225,7.06,7.07,7.03,7.05,7.06,-0.01,-0.1416,2192894.28,1546795.85,0.5,0.5,,,,,
601398.SH,20260226,7.06,7.07,6.93,6.96,7.05,-0.09,-1.2766,3678152.71,2568485.976,0.5,0.5,,,,,
601398.SH,20260227,6.94,6.95,6.91,6.92,6.96,-0.04,-0.5747,2439315.26,1688509.137,0.5,0.5,,,,,
601398.SH,20260302,6.9,6.99,6.85,6.96,6.92,0.04,0.578,3738087.28,2593479.4,0.5,0.5,,,,,
601398.SH,20260303,6.95,7.15,6.91,7.12,6.96,0.16,2.2989,5707116.79,4038809.573,0.5,0.5,,,,,
601398.SH,20260304,7.1,7.12,7.01,7.08,7.12,-0.04,-0.5618,3788680.61,2676759.814,0.5,0.5,,,,,
601398.SH,20260305,7.04,7.14,7.03,7.11,7.08,0.03,0.4237,2642049.18,1876835.995,0.5,0.5,,,,,
601398.SH,20260306,7.11,7.18,7.07,7.11,7.11,0.0,0.0,2162797.34,1539913.741,0.5,0.5,,,,,
601398.SH,20260309,7.08,7.18,7.07,7.1,7.11,-0.01,-0.1406,3340480.67,2380737.355,0.5,0.5,,,,,
601398.SH,20260310,7.08,7.09,7.02,7.04,7.1,-0.06,-0.8451,2713751.99,1911897.927,0.5,0.5,,,,,
601398.SH,20260311,7.04,7.12,7.02,7.12,7.04,0.08,1.1364,2376946.18,1682787.743,0.5,0.5,,,,,
601398.SH,20260312,7.12,7.17,7.09,7.16,7.12,0.04,0.5618,2523397.48,1801009.65,0.5,0.5,,,,,
601398.SH,20260313,7.16,7.22,7.11,7.2,7.16,0.04,0.5587,3033501.93,2176854.052,0.5,0.5,,,,,
601398.SH,20260316,7.2,7.3,7.18,7.25,7.2,0.05,0.6944,3068282.68,2223009.072,0.5,0.5,,,,,
601398.SH,20260317,7.25,7.4,7.24,7.39,7.25,0.14,1.931,3644572.86,2680605.162,0.5,0.5,,,,,
601398.SH,20260318,7.39,7.46,7.33,7.39,7.39,0.0,0.0,3794730.38,2805537.752,0.5,0.5,,,,,
601398.SH,20260319,7.36,7.55,7.35,7.53,7.39,0.14,1.8945,5606763.94,4202515.705,0.5,0.5,,,,,
601398.SH,20260320,7.53,7.61,7.48,7.5,7.53,-0.03,-0.3984,3912454.36,2951969.564,0.5,0.5,,,,,
601398.SH,20260323,7.48,7.48,7.2,7.25,7.5,-0.25,-3.3333,5023229.37,3666480.862,0.5,0.5,,,,,
601398.SH,20260324,7.26,7.39,7.25,7.32,7.25,0.07,0.9655,3767729.07,2753885.368,0.5,0.5,,,,,
601398.SH,20260325,7.33,7.35,7.19,7.34,7.32,0.02,0.2732,3375945.44,2456869.163,0.5,0.5,,,,,
601398.SH,20260326,7.31,7.44,7.3,7.42,7.34,0.08,1.0899,2634707.56,1944436.803,0.5,0.5,,,,,
601398.SH,20260327,7.41,7.47,7.37,7.4,7.42,-0.02,-0.2695,2790675.65,2068413.455,0.5,0.5,,,,,
601398.SH,20260330,7.37,7.58,7.36,7.57,7.4,0.17,2.2973,3715875.75,2788815.657,0.5,0.5,,,,,
601398.SH,20260331,7.57,7.69,7.55,7.64,7.57,0.07,0.9247,3914735.36,2988015.499,0.5,0.5,,,,,
601398.SH,20260401,7.6,7.71,7.54,7.58,7.64,-0.06,-0.7853,3308703.74,2520186.947,0.5,0.5,,,,,
601398.SH,20260402,7.57,7.69,7.56,7.63,7.58,0.05,0.6596,2757482.82,2103575.352,0.5,0.5,,,,,
601398.SH,20260403,7.62,7.64,7.48,7.5,7.63,-0.13,-1.7038,2452990.29,1845798.122,0.5,0.5,,,,,
601398.SH,20260407,7.51,7.52,7.36,7.4,7.5,-0.1,-1.3333,2415504.2,1791682.941,0.5,0.5,,,,,
601398.SH,20260408,7.37,7.38,7.2,7.32,7.4,-0.08,-1.0811,4532728.19,3302757.147,0.5,0.5,,,,,
601398.SH,20260409,7.32,7.35,7.26,7.33,7.32,0.01,0.1366,2530525.41,1847689.325,0.5,0.5,,,,,
601398.SH,20260410,7.31,7.34,7.28,7.31,7.33,-0.02,-0.2729,1992448.99,1456347.538,0.5,0.5,,,,,
601398.SH,20260413,7.31,7.39,7.27,7.37,7.31,0.06,0.8208,2292809.48,1682915.591,0.5,0.5,,,,,
601398.SH,20260414,7.35,7.48,7.33,7.46,7.37,0.09,1.2212,2225026.81,1649575.63,0.5,0.5,,,,,
601398.SH,20260415,7.45,7.52,7.42,7.5,7.46,0.04,0.5362,2239976.32,1678471.122,0.5,0.5,,,,,
601398.SH,20260416,7.5,7.54,7.43,7.46,7.5,-0.04,-0.5333,2276142.43,1701959.508,0.5,0.5,,,,,
601398.SH,20260417,7.45,7.49,7.43,7.44,7.46,-0.02,-0.2681,1621135.54,1208485.742,0.5,0.5,,,,,
601398.SH,20260420,7.44,7.57,7.42,7.57,7.44,0.13,1.7473,2394024.42,1802054.169,0.5,0.5,,,,,
601398.SH,20260421,7.57,7.68,7.57,7.62,7.57,0.05,0.6605,2489229.62,1899023.495,0.5,0.5,,,,,
601398.SH,20260422,7.62,7.64,7.49,7.52,7.62,-0.1,-1.3123,2208445.27,1665652.319,0.5,0.5,,,,,
601398.SH,20260423,7.52,7.59,7.48,7.58,7.52,0.06,0.7979,2332548.85,1762261.994,0.5,0.5,,,,,
601398.SH,20260424,7.58,7.61,7.5,7.58,7.58,0.0,0.0,2047533.87,1550383.93,0.5,0.5,,,,,
601398.SH,20260427,7.55,7.62,7.49,7.51,7.58,-0.07,-0.9235,2149827.36,1620897.758,0.5,0.5,,,,,
601398.SH,20260428,7.49,7.54,7.47,7.53,7.51,0.02,0.2663,1678944.72,1260582.538,0.5,0.5,,,,,
601398.SH,20260429,7.51,7.54,7.44,7.47,7.53,-0.06,-0.7968,2671385.58,1996449.254,0.5,0.5,,,,,
601398.SH,20260430,7.46,7.51,7.42,7.45,7.47,-0.02,-0.2677,3022371.13,2253745.161,0.5,0.5,,,,,
601398.SH,20260506,7.45,7.45,7.31,7.36,7.45,-0.09,-1.2081,3826815.85,2810776.9,0.5,0.5,,,,,
601398.SH,20260507,7.36,7.46,7.32,7.39,7.36,0.03,0.4076,3371547.66,2495456.74,0.5,0.5,,,,,
601398.SH,20260508,7.41,7.49,7.41,7.46,7.39,0.07,0.9472,2436904.84,1815302.005,0.5,0.5,,,,,
601398.SH,20260511,7.46,7.49,7.4,7.47,7.46,0.01,0.134,2870900.06,2137209.417,0.5,0.5,,,,,
601398.SH,20260512,7.48,7.54,7.46,7.48,7.47,0.01,0.1339,2793222.38,2094509.57,0.5,0.5,,,,,
601398.SH,20260513,7.34,7.34,7.22,7.23,7.31,-0.08,-1.0944,3635365.68,2639766.595,0.5,0.5,,,,,
601398.SH,20260514,7.23,7.35,7.19,7.3,7.23,0.07,0.9682,3615451.24,2635897.325,0.5,0.5,,,,,
601398.SH,20260515,7.29,7.34,7.23,7.24,7.3,-0.06,-0.8219,2758049.26,2004133.106,0.5,0.5,,,,,
601398.SH,20260518,7.24,7.25,7.16,7.19,7.24,-0.05,-0.6906,2343903.44,1687451.14,0.5,0.5,,,,,
601398.SH,20260519,7.19,7.3,7.18,7.26,7.19,0.07,0.9736,2643583.59,1919242.516,0.5,0.5,,,,,
601398.SH,20260520,7.26,7.27,7.13,7.13,7.26,-0.13,-1.7906,2727837.22,1958110.701,0.5,0.5,,,,,
601398.SH,20260521,7.13,7.2,7.08,7.15,7.13,0.02,0.2805,2713869.4,1939493.9,0.5,0.5,,,,,
601398.SH,20260522,7.13,7.22,7.12,7.18,7.15,0.03,0.4196,2315000.99,1660299.734,0.5,0.5,,,,,
601398.SH,20260525,7.17,7.23,7.15,7.17,7.18,-0.01,-0.1393,1921661.48,1381586.18,0.5,0.5,,,,,
601398.SH,20260526,7.17,7.22,7.15,7.18,7.17,0.01,0.1395,2148991.3,1545173.843,0.5,0.5,,,,,
601398.SH,20260527,7.18,7.23,7.11,7.12,7.18,-0.06,-0.8357,2735621.81,1960399.077,0.5,0.5,,,,,
601398.SH,20260528,7.11,7.15,7.02,7.04,7.12,-0.08,-1.1236,2780002.08,1965307.586,0.5,0.5,,,,,
601398.SH,20260529,7.03,7.22,6.99,7.22,7.04,0.18,2.5568,3893594.19,2779452.319,0.5,0.5,,,,,
601398.SH,20260601,7.2,7.32,7.18,7.3,7.22,0.08,1.108,3411346.23,2472642.829,0.5,0.5,,,,,
601398.SH,20260602,7.3,7.41,7.29,7.34,7.3,0.04,0.5479,3164271.36,2326193.349,0.5,0.5,,,,,
601398.SH,20260603,7.33,7.34,7.24,7.28,7.34,-0.06,-0.8174,2444607.68,1780364.861,0.5,0.5,,,,,
601398.SH,20260604,7.3,7.34,7.22,7.23,7.28,-0.05,-0.6868,2079564.41,1511735.233,0.5,0.5,,,,,
601398.SH,20260605,7.24,7.35,7.24,7.34,7.23,0.11,1.5214,2789481.41,2039845.283,0.5,0.5,,,,,
601398.SH,20260608,7.38,7.53,7.31,7.5,7.34,0.16,2.1798,5806645.65,4333415.761,0.5,0.5,,,,,
601398.SH,20260609,7.46,7.65,7.46,7.54,7.5,0.04,0.5333,5397051.21,4085127.647,0.5,0.5,,,,,
601398.SH,20260610,7.57,7.71,7.54,7.69,7.54,0.15,1.9894,4115243.76,3149275.259,0.5,0.5,,,,,
601398.SH,20260611,7.71,7.75,7.6,7.66,7.69,-0.03,-0.3901,2855259.4,2186785.841,0.5,0.5,,,,,
600030.SH,20210615,24.9,24.98,24.5,24.58,24.94,-0.36,-1.4435,792464.45,1950889.196,0.5,0.5,,,,,
600030.SH,20210616,24.52,24.79,24.5,24.65,24.58,0.07,0.2848,640219.85,1576132.967,0.5,0.5,,,,,
600030.SH,20210617,24.58,24.73,24.39,24.54,24.65,-0.11,-0.4462,599392.35,1472184.418,0.5,0.5,,,,,
600030.SH,20210618,24.48,24.8,24.36,24.65,24.54,0.11,0.4482,756795.18,1862777.564,0.5,0.5,,,,,
600030.SH,20210621,24.7,24.95,24.49,24.5,24.65,-0.15,-0.6085,761880.65,1879519.795,0.5,0.5,,,,,
600030.SH,20210622,24.59,24.79,24.46,24.66,24.5,0.16,0.6531,609209.4,1500322.603,0.5,0.5,,,,,
600030.SH,20210623,24.68,24.95,24.52,24.76,24.66,0.1,0.4055,724185.19,1790898.068,0.5,0.5,,,,,
600030.SH,20210624,24.79,25.24,24.75,25.0,24.76,0.24,0.9693,867812.81,2169644.85,0.5,0.5,,,,,
600030.SH,20210625,25.08,25.86,24.9,25.51,25.0,0.51,2.04,1658267.22,4221097.987,0.5,0.5,,,,,
600030.SH,20210628,25.59,25.59,25.06,25.13,25.51,-0.38,-1.4896,940776.11,2371759.538,0.5,0.5,,,,,
600030.SH,20210629,25.14,25.25,24.77,24.8,25.13,-0.33,-1.3132,784548.57,1957833.732,0.5,0.5,,,,,
600030.SH,20210630,24.81,25.03,24.63,24.94,24.8,0.14,0.5645,746818.31,1853722.672,0.5,0.5,,,,,
600030.SH,20210701,25.25,25.35,24.51,24.67,24.94,-0.27,-1.0826,1055002.29,2624412.771,0.5,0.5,,,,,
600030.SH,20210702,24.48,24.48,23.61,23.65,24.67,-1.02,-4.1346,1229453.69,2936774.813,0.5,0.5,,,,,
600030.SH,20210705,23.65,23.79,23.28,23.53,23.65,-0.12,-0.5074,678159.47,1594505.061,0.5,0.5,,,,,
600030.SH,20210706,23.59,23.73,23.4,23.68,23.53,0.15,0.6375,600573.9,1414267.899,0.5,0.5,,,,,
600030.SH,20210707,23.58,23.82,23.54,23.64,23.68,-0.04,-0.1689,603386.82,1428018.731,0.5,0.5,,,,,
600030.SH,20210708,23.79,23.86,23.49,23.6,23.64,-0.04,-0.1692,661945.56,1567128.504,0.5,0.5,,,,,
600030.SH,20210709,23.5,23.68,23.35,23.51,23.6,-0.09,-0.3814,629464.31,1478749.899,0.5,0.5,,,,,
600030.SH,20210712,23.82,24.08,23.62,23.89,23.51,0.38,1.6163,1047903.3,2502105.932,0.5,0.5,,,,,
600030.SH,20210713,23.8,23.96,23.58,23.72,23.89,-0.17,-0.7116,616321.13,1464278.743,0.5,0.5,,,,,
600030.SH,20210714,23.68,23.68,23.28,23.32,23.72,-0.4,-1.6863,802892.08,1878814.834,0.5,0.5,,,,,
600030.SH,20210715,23.31,23.73,23.21,23.67,23.32,0.35,1.5009,727886.6,1711742.526,0.5,0.5,,,,,
600030.SH,20210716,23.84,24.08,23.66,23.83,23.67,0.16,0.676,910803.16,2172917.76,0.5,0.5,,,,,
600030.SH,20210719,23.68,23.83,23.4,23.8,23.83,-0.03,-0.1259,651805.61,1536306.775,0.5,0.5,,,,,
600030.SH,20210720,23.57,23.84,23.52,23.61,23.8,-0.19,-0.7983,459677.42,1085840.749,0.5,0.5,,,,,
600030.SH,20210721,23.68,24.03,23.65,23.82,23.61,0.21,0.8895,844506.81,2013428.701,0.5,0.5,,,,,
600030.SH,20210722,23.77,24.24,23.69,24.13,23.82,0.31,1.3014,1014718.56,2441415.802,0.5,0.5,,,,,
600030.SH,20210723,24.09,24.84,23.85,24.24,24.13,0.11,0.4559,1404223.33,3413292.957,0.5,0.5,,,,,
600030.SH,20210726,24.21,24.38,23.44,23.5,24.24,-0.74,-3.0528,1236812.67,2949757.785,0.5,0.5,,,,,
600030.SH,20210727,23.5,23.66,22.83,22.91,23.5,-0.59,-2.5106,1018925.86,2368717.73,0.5,0.5,,,,,
600030.SH,20210728,22.9,23.22,22.86,22.87,22.91,-0.04,-0.1746,822131.93,1889236.2,0.5,0.5,,,,,
600030.SH,20210729,23.28,23.32,22.87,23.02,22.87,0.15,0.6559,858003.42,1979421.197,0.5,0.5,,,,,
600030.SH,20210730,22.93,22.97,22.47,22.59,23.02,-0.43,-1.8679,896860.85,2032185.292,0.5,0.5,,,,,
600030.SH,20210802,22.58,23.7,22.07,23.27,22.59,0.68,3.0102,1477517.59,3392800.772,0.5,0.5,,,,,
600030.SH,20210803,23.11,23.8,23.0,23.33,23.27,0.06,0.2578,1123130.14,2620644.794,0.5,0.5,,,,,
600030.SH,20210804,23.32,23.4,23.12,23.26,23.33,-0.07,-0.3,693895.57,1612431.665,0.5,0.5,,,,,
600030.SH,20210805,23.14,23.39,22.81,22.87,23.26,-0.39,-1.6767,778634.92,1794024.58,0.5,0.5,,,,,
600030.SH,20210806,23.0,23.23,22.9,23.08,22.87,0.21,0.9182,601334.17,1386423.868,0.5,0.5,,,,,
600030.SH,20210809,23.0,23.8,22.96,23.52,23.08,0.44,1.9064,1128293.21,2655103.1,0.5,0.5,,,,,
600030.SH,20210810,23.42,23.84,23.25,23.77,23.52,0.25,1.0629,1081770.14,2549716.976,0.5,0.5,,,,,
600030.SH,20210811,23.73,24.08,23.6,23.7,23.77,-0.07,-0.2945,1018740.79,2428059.535,0.5,0.5,,,,,
600030.SH,20210812,23.76,24.05,23.63,23.74,23.7,0.04,0.1688,726113.86,1727545.062,0.5,0.5,,,,,
600030.SH,20210813,23.68,24.15,23.61,24.1,23.74,0.36,1.5164,1102724.44,2641504.162,0.5,0.5,,,,,
600030.SH,20210816,24.12,24.5,23.91,24.01,24.1,-0.09,-0.3734,1213354.13,2939197.476,0.5,0.5,,,,,
600030.SH,20210817,23.88,24.64,23.82,23.91,24.01,-0.1,-0.4165,1839348.6,4468568.717,0.5,0.5,,,,,
600030.SH,20210818,23.96,25.4,23.9,25.25,23.91,1.34,5.6043,3162187.64,7855653.035,0.5,0.5,,,,,
600030.SH,20210819,25.07,25.33,24.5,24.64,25.25,-0.61,-2.4158,1981783.09,4914386.696,0.5,0.5,,,,,
600030.SH,20210820,24.34,24.49,23.9,24.24,24.24,0.0,0.0,1363300.33,3302682.015,0.5,0.5,,,,,
600030.SH,20210823,24.39,24.73,24.25,24.43,24.24,0.19,0.7838,1164596.41,2848711.691,0.5,0.5,,,,,
600030.SH,20210824,24.56,25.35,24.4,25.14,24.43,0.71,2.9063,2208821.77,5515599.058,0.5,0.5,,,,,
600030.SH,20210825,25.06,25.47,24.88,24.92,25.14,-0.22,-0.8751,1353685.51,3396550.359,0.5,0.5,,,,,
600030.SH,20210826,24.81,25.0,24.56,24.58,24.92,-0.34,-1.3644,1044624.04,2584003.71,0.5,0.5,,,,,
600030.SH,20210827,24.65,25.18,24.6,24.73,24.58,0.15,0.6103,1038329.97,2578768.899,0.5,0.5,,,,,
600030.SH,20210830,25.15,25.28,24.28,24.34,24.73,-0.39,-1.577,1386131.43,3418390.264,0.5,0.5,,,,,
600030.SH,20210831,24.25,26.13,24.19,25.68,24.34,1.34,5.5053,3062855.09,7787736.124,0.5,0.5,,,,,
600030.SH,20210901,25.7,27.6,25.56,26.89,25.68,1.21,4.7118,4375223.04,11646798.443,0.5,0.5,,,,,
600030.SH,20210902,26.8,27.2,26.55,27.09,26.89,0.2,0.7438,2604356.55,7004440.992,0.5,0.5,,,,,
600030.SH,20210903,28.1,28.23,26.48,26.59,27.09,-0.5,-1.8457,2825811.9,7711825.432,0.5,0.5,,,,,
600030.SH,20210906,26.62,27.39,26.62,26.82,26.59,0.23,0.865,1800825.62,4861495.805,0.5,0.5,,,,,
600030.SH,20210907,26.82,27.38,26.3,27.15,26.82,0.33,1.2304,2096081.91,5642029.407,0.5,0.5,,,,,
600030.SH,20210908,27.0,27.63,26.86,26.9,27.15,-0.25,-0.9208,1566586.62,4251631.335,0.5,0.5,,,,,
600030.SH,20210909,26.61,26.87,26.36,26.73,26.9,-0.17,-0.632,1199152.71,3193017.867,0.5,0.5,,,,,
600030.SH,20210910,26.81,27.98,26.81,27.27,26.73,0.54,2.0202,2152491.92,5887666.065,0.5,0.5,,,,,
600030.SH,20210913,27.25,27.59,27.06,27.19,27.27,-0.08,-0.2934,1215741.66,3316633.77,0.5,0.5,,,,,
600030.SH,20210914,27.25,27.41,26.32,26.48,27.19,-0.71,-2.6113,1602296.28,4290873.196,0.5,0.5,,,,,
600030.SH,20210915,26.42,26.64,26.01,26.24,26.48,-0.24,-0.9063,1089052.16,2857648.545,0.5,0.5,,,,,
600030.SH,20210916,26.28,26.33,25.31,25.48,26.24,-0.76,-2.8963,1347734.68,3487369.505,0.5,0.5,,,,,
600030.SH,20210917,25.5,26.1,25.5,25.95,25.48,0.47,1.8446,1077622.95,2781670.928,0.5,0.5,,,,,
600030.SH,20210922,25.51,25.97,25.3,25.69,25.95,-0.26,-1.0019,895727.23,2290076.453,0.5,0.5,,,,,
600030.SH,20210923,25.82,26.29,25.76,26.2,25.69,0.51,1.9852,1040007.18,2711282.463,0.5,0.5,,,,,
600030.SH,20210924,26.26,26.45,26.01,26.04,26.2,-0.16,-0.6107,816946.57,2140439.502,0.5,0.5,,,,,
600030.SH,20210927,26.02,26.25,25.38,25.65,26.04,-0.39,-1.4977,952229.37,2458101.849,0.5,0.5,,,,,
600030.SH,20210928,25.6,26.06,25.51,25.86,25.65,0.21,0.8187,711046.82,1836158.848,0.5,0.5,,,,,
600030.SH,20210929,25.61,25.8,25.16,25.61,25.86,-0.25,-0.9667,944263.35,2408742.004,0.5,0.5,,,,,
600030.SH,20210930,25.65,25.77,25.07,25.28,25.61,-0.33,-1.2886,834290.37,2112289.889,0.5,0.5,,,,,
600030.SH,20211008,25.4,25.85,25.4,25.75,25.28,0.47,1.8592,751305.7,1928003.141,0.5,0.5,,,,,
600030.SH,20211011,25.85,26.14,25.65,25.66,25.75,-0.09,-0.3495,589345.08,1525344.367,0.5,0.5,,,,,
600030.SH,20211012,25.49,25.65,24.55,24.86,25.66,-0.8,-3.1177,1125690.24,2814644.34,0.5,0.5,,,,,
600030.SH,20211013,24.84,25.06,24.68,24.71,24.86,-0.15,-0.6034,600363.26,1491566.055,0.5,0.5,,,,,
600030.SH,20211014,24.8,24.85,24.41,24.76,24.71,0.05,0.2023,493163.57,1215383.76,0.5,0.5,,,,,
600030.SH,20211015,24.7,25.12,24.6,24.96,24.76,0.2,0.8078,620778.88,1547360.032,0.5,0.5,,,,,
600030.SH,20211018,24.96,25.21,24.8,24.98,24.96,0.02,0.0801,486797.76,1214138.617,0.5,0.5,,,,,
600030.SH,20211019,24.9,25.22,24.86,25.05,24.98,0.07,0.2802,511627.48,1281873.537,0.5,0.5,,,,,
600030.SH,20211020,25.18,25.23,24.98,25.0,25.05,-0.05,-0.1996,503287.26,1261270.363,0.5,0.5,,,,,
600030.SH,20211021,25.0,25.39,24.88,25.16,25.0,0.16,0.64,632570.28,1591270.026,0.5,0.5,,,,,
600030.SH,20211022,25.2,25.57,25.12,25.46,25.16,0.3,1.1924,692221.32,1754717.788,0.5,0.5,,,,,
600030.SH,20211025,25.46,25.73,25.18,25.65,25.46,0.19,0.7463,808744.65,2058553.023,0.5,0.5,,,,,
600030.SH,20211026,25.65,25.71,25.25,25.26,25.65,-0.39,-1.5205,609002.89,1550328.524,0.5,0.5,,,,,
600030.SH,20211027,25.09,25.26,24.56,24.67,25.26,-0.59,-2.3357,802147.94,1994918.674,0.5,0.5,,,,,
600030.SH,20211028,24.61,25.06,24.58,24.75,24.67,0.08,0.3243,648388.31,1610473.942,0.5,0.5,,,,,
600030.SH,20211029,25.0,26.14,24.81,25.88,24.75,1.13,4.5657,1641830.24,4208839.254,0.5,0.5,,,,,
600030.SH,20211101,25.8,26.1,25.73,25.98,25.88,0.1,0.3864,979593.91,2540040.719,0.5,0.5,,,,,
600030.SH,20211102,25.9,26.09,25.25,25.53,25.98,-0.45,-1.7321,898836.88,2300876.823,0.5,0.5,,,,,
600030.SH,20211103,25.5,25.66,25.25,25.39,25.53,-0.14,-0.5484,570295.4,1449182.234,0.5,0.5,,,,,
600030.SH,20211104,25.6,25.76,25.3,25.44,25.39,0.05,0.1969,630367.12,1605802.62,0.5,0.5,,,,,
600030.SH,20211105,25.3,25.67,25.23,25.36,25.44,-0.08,-0.3145,545238.18,1386543.786,0.5,0.5,,,,,
600030.SH,20211108,25.27,25.68,25.02,25.46,25.36,0.1,0.3943,568211.93,1441756.439,0.5,0.5,,,,,
600030.SH,20211109,25.53,25.63,25.25,25.58,25.46,0.12,0.4713,563575.29,1435080.522,0.5,0.5,,,,,
600030.SH,20211110,25.49,25.57,24.77,25.01,25.58,-0.57,-2.2283,1057430.48,2649688.785,0.5,0.5,,,,,
600030.SH,20211111,24.9,25.93,24.9,25.75,25.01,0.74,2.9588,1455579.39,3719322.568,0.5,0.5,,,,,
600030.SH,20211112,25.69,25.69,25.08,25.34,25.75,-0.41,-1.5922,1088599.45,2756837.665,0.5,0.5,,,,,
600030.SH,20211115,25.38,25.5,25.05,25.22,25.34,-0.12,-0.4736,642136.73,1619936.939,0.5,0.5,,,,,
600030.SH,20211116,25.06,25.15,23.95,24.01,25.22,-1.21,-4.7978,2281490.64,5565688.292,0.5,0.5,,,,,
600030.SH,20211117,23.91,24.14,23.86,24.04,24.01,0.03,0.1249,678137.35,1628413.109,0.5,0.5,,,,,
600030.SH,20211118,24.0,24.16,23.7,24.08,24.04,0.04,0.1664,785011.6,1878985.477,0.5,0.5,,,,,
600030.SH,20211119,24.01,24.44,23.93,24.3,24.08,0.22,0.9136,796636.96,1928681.033,0.5,0.5,,,,,
600030.SH,20211122,24.28,24.52,24.24,24.29,24.3,-0.01,-0.0412,696913.26,1699313.815,0.5,0.5,,,,,
600030.SH,20211123,24.28,24.5,24.2,24.21,24.29,-0.08,-0.3294,646039.9,1572556.787,0.5,0.5,,,,,
600030.SH,20211124,24.2,24.33,24.05,24.19,24.21,-0.02,-0.0826,516818.49,1248099.643,0.5,0.5,,,,,
600030.SH,20211125,24.15,24.24,24.02,24.09,24.19,-0.1,-0.4134,451105.08,1086929.612,0.5,0.5,,,,,
600030.SH,20211126,24.03,24.08,23.91,23.92,24.09,-0.17,-0.7057,470738.22,1128056.855,0.5,0.5,,,,,
600030.SH,20211129,23.7,23.81,23.62,23.8,23.92,-0.12,-0.5017,632218.01,1499468.699,0.5,0.5,,,,,
600030.SH,20211130,23.95,23.99,23.72,23.77,23.8,-0.03,-0.1261,618799.33,1476947.411,0.5,0.5,,,,,
600030.SH,20211201,23.7,24.29,23.65,24.23,23.77,0.46,1.9352,842458.97,2034164.816,0.5,0.5,,,,,
600030.SH,20211202,24.19,24.55,24.1,24.4,24.23,0.17,0.7016,739732.21,1803837.004,0.5,0.5,,,,,
600030.SH,20211203,24.5,24.9,24.45,24.78,24.4,0.38,1.5574,1045718.87,2584044.237,0.5,0.5,,,,,
600030.SH,20211206,25.01,26.5,25.01,25.91,24.78,1.13,4.5601,3164170.33,8215428.684,0.5,0.5,,,,,
600030.SH,20211207,26.2,26.5,26.01,26.15,25.91,0.24,0.9263,1836993.77,4821063.398,0.5,0.5,,,,,
600030.SH,20211208,26.35,26.62,26.06,26.49,26.15,0.34,1.3002,1418086.8,3737147.807,0.5,0.5,,,,,
600030.SH,20211209,26.4,27.24,26.35,26.88,26.49,0.39,1.4723,1895881.87,5090108.069,0.5,0.5,,,,,
600030.SH,20211210,26.57,26.63,26.25,26.44,26.88,-0.44,-1.6369,1213975.97,3207991.786,0.5,0.5,,,,,
600030.SH,20211213,27.0,27.27,26.66,26.67,26.44,0.23,0.8699,1548178.58,4166017.71,0.5,0.5,,,,,
600030.SH,20211214,26.5,26.64,26.21,26.32,26.67,-0.35,-1.3123,910136.87,2401177.775,0.5,0.5,,,,,
600030.SH,20211215,26.47,26.76,26.31,26.4,26.32,0.08,0.304,678402.63,1798785.313,0.5,0.5,,,,,
600030.SH,20211216,26.45,26.78,26.39,26.65,26.4,0.25,0.947,590210.7,1569049.267,0.5,0.5,,,,,
600030.SH,20211217,26.75,26.82,26.27,26.29,26.65,-0.36,-1.3508,665803.24,1764408.204,0.5,0.5,,,,,
600030.SH,20211220,26.3,26.5,25.81,25.88,26.29,-0.41,-1.5595,749118.93,1952963.391,0.5,0.5,,,,,
600030.SH,20211221,25.83,26.28,25.83,26.11,25.88,0.23,0.8887,530788.49,1385647.973,0.5,0.5,,,,,
600030.SH,20211222,26.12,26.23,25.87,25.88,26.11,-0.23,-0.8809,398666.8,1035741.773,0.5,0.5,,,,,
600030.SH,20211223,25.91,26.06,25.72,25.93,25.88,0.05,0.1932,448028.78,1158008.777,0.5,0.5,,,,,
600030.SH,20211224,25.92,26.2,25.68,25.69,25.93,-0.24,-0.9256,499960.91,1293655.211,0.5,0.5,,,,,
600030.SH,20211227,25.81,26.05,25.64,26.0,25.69,0.31,1.2067,451895.83,1171037.662,0.5,0.5,,,,,
600030.SH,20211228,26.1,26.28,25.84,26.05,26.0,0.05,0.1923,549142.12,1430073.41,0.5,0.5,,,,,
600030.SH,20211229,26.13,26.13,25.83,25.88,26.05,-0.17,-0.6526,485993.17,1262206.536,0.5,0.5,,,,,
600030.SH,20211230,25.85,26.62,25.85,26.37,25.88,0.49,1.8934,781346.17,2057978.148,0.5,0.5,,,,,
600030.SH,20211231,26.46,26.69,26.39,26.41,26.37,0.04,0.1517,670511.36,1778955.655,0.5,0.5,,,,,
600030.SH,20220104,26.41,26.59,26.07,26.44,26.41,0.03,0.1136,606261.75,1595586.728,0.5,0.5,,,,,
600030.SH,20220105,26.31,26.44,25.71,25.94,26.44,-0.5,-1.8911,982363.2,2556421.423,0.5,0.5,,,,,
600030.SH,20220106,25.82,26.02,25.38,25.42,25.94,-0.52,-2.0046,898958.62,2296422.305,0.5,0.5,,,,,
600030.SH,20220107,25.54,25.98,25.5,25.72,25.42,0.3,1.1802,572166.55,1472192.683,0.5,0.5,,,,,
600030.SH,20220110,25.95,26.09,25.74,25.83,25.72,0.11,0.4277,458670.51,1188399.863,0.5,0.5,,,,,
600030.SH,20220111,25.83,26.44,25.72,25.96,25.83,0.13,0.5033,658878.59,1719747.122,0.5,0.5,,,,,
600030.SH,20220112,25.9,26.23,25.7,26.17,25.96,0.21,0.8089,605876.66,1573836.749,0.5,0.5,,,,,
600030.SH,20220113,26.66,26.84,26.34,26.36,26.17,0.19,0.726,1144382.16,3040495.243,0.5,0.5,,,,,
600030.SH,20220114,25.51,25.8,25.01,25.03,26.36,-1.33,-5.0455,1850995.33,4704172.333,0.5,0.5,,,,,
600030.SH,20220117,24.88,26.1,24.79,25.67,25.03,0.64,2.5569,1619643.14,4151338.076,0.5,0.5,,,,,
600030.SH,20220118,25.63,26.03,25.54,25.7,25.67,0.03,0.1169,1310253.43,3369833.619,0.5,0.5,,,,,
600030.SH,20220127,24.81,24.9,23.88,24.15,24.23,-0.08,-0.3302,2249220.39,5455226.61,0.5,0.5,,,,,
600030.SH,20220128,24.2,25.36,24.18,24.6,24.15,0.45,1.8634,1798786.54,4456353.055,0.5,0.5,,,,,
600030.SH,20220207,24.96,25.4,24.79,25.28,24.6,0.68,2.7642,1178471.82,2962016.431,0.5,0.5,,,,,
600030.SH,20220208,25.2,25.43,24.97,25.37,25.28,0.09,0.356,846227.62,2135107.603,0.5,0.5,,,,,
600030.SH,20220209,25.33,25.42,25.03,25.31,25.37,-0.06,-0.2365,799554.49,2020199.321,0.5,0.5,,,,,
600030.SH,20220210,25.22,25.41,25.1,25.33,25.31,0.02,0.079,629345.37,1589715.087,0.5,0.5,,,,,
600030.SH,20220211,25.3,26.17,25.25,25.69,25.33,0.36,1.4212,1159875.12,2996549.412,0.5,0.5,,,,,
600030.SH,20220214,25.4,25.58,24.72,24.8,25.69,-0.89,-3.4644,996277.31,2492266.42,0.5,0.5,,,,,
600030.SH,20220215,24.61,24.76,24.31,24.69,24.8,-0.11,-0.4435,805111.83,1975261.948,0.5,0.5,,,,,
600030.SH,20220216,24.76,24.92,24.52,24.54,24.69,-0.15,-0.6075,684181.74,1688144.918,0.5,0.5,,,,,
600030.SH,20220217,24.63,24.7,24.22,24.31,24.54,-0.23,-0.9372,628127.13,1535516.98,0.5,0.5,,,,,
600030.SH,20220218,24.23,24.7,24.23,24.64,24.31,0.33,1.3575,511149.41,1253203.058,0.5,0.5,,,,,
600030.SH,20220221,24.8,24.85,24.3,24.52,24.64,-0.12,-0.487,629341.57,1540352.871,0.5,0.5,,,,,
600030.SH,20220222,24.3,24.35,23.73,24.03,24.52,-0.49,-1.9984,1065786.87,2555568.164,0.5,0.5,,,,,
600030.SH,20220223,24.03,24.26,23.91,24.25,24.03,0.22,0.9155,763228.18,1839487.956,0.5,0.5,,,,,
600030.SH,20220224,24.0,24.03,23.23,23.46,24.25,-0.79,-3.2577,1338456.36,3157525.864,0.5,0.5,,,,,
600030.SH,20220225,23.6,23.76,23.27,23.32,23.46,-0.14,-0.5968,727586.08,1707564.915,0.5,0.5,,,,,
600030.SH,20220228,23.25,23.38,23.01,23.33,23.32,0.01,0.0429,614453.64,1425287.54,0.5,0.5,,,,,
600030.SH,20220301,23.38,23.46,23.12,23.37,23.33,0.04,0.1715,768058.31,1787849.859,0.5,0.5,,,,,
600030.SH,20220302,23.21,23.29,22.97,23.06,23.37,-0.31,-1.3265,688577.5,1590911.543,0.5,0.5,,,,,
600030.SH,20220303,23.12,23.23,23.01,23.2,23.06,0.14,0.6071,578138.71,1337785.438,0.5,0.5,,,,,
600030.SH,20220304,23.0,23.03,22.66,22.73,23.2,-0.47,-2.0259,790290.58,1802673.006,0.5,0.5,,,,,
600030.SH,20220307,22.58,22.58,21.58,21.74,22.73,-0.99,-4.3555,1419644.99,3128219.482,0.5,0.5,,,,,
600030.SH,20220308,21.77,21.88,21.04,21.1,21.74,-0.64,-2.9439,1183290.68,2541319.587,0.5,0.5,,,,,
600030.SH,20220309,21.2,21.28,20.0,20.76,21.1,-0.34,-1.6114,1382086.06,2869523.129,0.5,0.5,,,,,
600030.SH,20220310,21.2,21.28,20.58,20.66,20.76,-0.1,-0.4817,1234674.55,2583539.701,0.5,0.5,,,,,
600030.SH,20220311,20.37,21.09,19.95,20.9,20.66,0.24,1.1617,1546967.88,3162146.916,0.5,0.5,,,,,
600030.SH,20220314,20.5,20.92,20.44,20.52,20.9,-0.38,-1.8182,812738.14,1681293.879,0.5,0.5,,,,,
600030.SH,20220315,20.35,20.65,19.49,19.61,20.52,-0.91,-4.4347,1566993.77,3151440.343,0.5,0.5,,,,,
600030.SH,20220316,19.85,21.17,19.38,20.83,19.61,1.22,6.2213,2310605.91,4703705.299,0.5,0.5,,,,,
600030.SH,20220317,21.05,21.33,20.66,20.72,20.83,-0.11,-0.5281,1628894.29,3407112.854,0.5,0.5,,,,,
600030.SH,20220318,20.8,21.45,20.61,21.45,20.72,0.73,3.5232,1450580.17,3054310.032,0.5,0.5,,,,,
600030.SH,20220321,21.08,21.11,20.66,20.81,21.45,-0.64,-2.9837,1182435.08,2467372.297,0.5,0.5,,,,,
600030.SH,20220322,20.7,21.06,20.69,20.85,20.81,0.04,0.1922,664789.56,1386652.93,0.5,0.5,,,,,
600030.SH,20220323,20.93,20.95,20.74,20.84,20.85,-0.01,-0.048,549514.73,1146055.819,0.5,0.5,,,,,
600030.SH,20220324,20.68,20.89,20.62,20.68,20.84,-0.16,-0.7678,540818.59,1121941.21,0.5,0.5,,,,,
600030.SH,20220325,20.62,20.83,20.33,20.37,20.68,-0.31,-1.499,616371.17,1266244.931,0.5,0.5,,,,,
600030.SH,20220328,20.18,20.6,20.06,20.46,20.37,0.09,0.4418,650026.36,1323383.427,0.5,0.5,,,,,
600030.SH,20220329,20.57,20.62,20.18,20.25,20.46,-0.21,-1.0264,532347.44,1085804.758,0.5,0.5,,,,,
600030.SH,20220330,20.43,21.16,20.43,21.07,20.25,0.82,4.0494,1340412.92,2799762.31,0.5,0.5,,,,,
600030.SH,20220331,20.89,21.02,20.8,20.9,21.07,-0.17,-0.8068,688174.8,1437739.412,0.5,0.5,,,,,
600030.SH,20220401,20.71,21.31,20.68,21.12,20.9,0.22,1.0526,1000267.55,2105149.936,0.5,0.5,,,,,
600030.SH,20220406,20.91,21.14,20.83,21.12,21.12,0.0,0.0,667070.2,1401218.93,0.5,0.5,,,,,
600030.SH,20220407,21.0,21.18,20.68,20.68,21.12,-0.44,-2.0833,724825.2,1516140.868,0.5,0.5,,,,,
600030.SH,20220408,20.77,21.11,20.57,21.08,20.68,0.4,1.9342,950964.52,1987247.835,0.5,0.5,,,,,
600030.SH,20220411,20.98,21.0,20.39,20.47,21.08,-0.61,-2.8937,889096.51,1832635.64,0.5,0.5,,,,,
600030.SH,20220412,20.47,21.4,20.44,21.1,20.47,0.63,3.0777,1156969.31,2423728.062,0.5,0.5,,,,,
600030.SH,20220413,20.8,21.06,20.64,20.7,21.1,-0.4,-1.8957,928591.47,1931557.542,0.5,0.5,,,,,
600030.SH,20220414,20.9,21.2,20.82,20.97,20.7,0.27,1.3043,992873.43,2088214.902,0.5,0.5,,,,,
600030.SH,20220415,20.9,21.1,20.74,20.88,20.97,-0.09,-0.4292,770651.4,1611278.731,0.5,0.5,,,,,
600030.SH,20220418,20.66,20.66,20.1,20.29,20.88,-0.59,-2.8257,925842.62,1882755.877,0.5,0.5,,,,,
600030.SH,20220419,20.31,20.42,20.11,20.22,20.29,-0.07,-0.345,573874.34,1163116.38,0.5,0.5,,,,,
600030.SH,20220420,20.16,20.27,19.87,19.91,20.22,-0.31,-1.5331,712133.21,1426214.527,0.5,0.5,,,,,
600030.SH,20220421,19.85,20.24,19.71,19.84,19.91,-0.07,-0.3516,836544.66,1670154.355,0.5,0.5,,,,,
600030.SH,20220422,19.68,20.02,19.63,19.88,19.84,0.04,0.2016,739040.89,1470291.95,0.5,0.5,,,,,
600030.SH,20220425,19.49,19.95,19.21,19.23,19.88,-0.65,-3.2696,1051415.43,2057375.93,0.5,0.5,,,,,
600030.SH,20220426,19.23,19.31,18.21,18.33,19.23,-0.9,-4.6802,1458886.06,2740075.636,0.5,0.5,,,,,
600030.SH,20220427,18.1,18.99,18.01,18.81,18.33,0.48,2.6187,1036627.52,1930097.268,0.5,0.5,,,,,
600030.SH,20220428,18.65,18.84,18.45,18.77,18.81,-0.04,-0.2127,783358.59,1462246.037,0.5,0.5,,,,,
600030.SH,20220429,19.28,19.88,18.93,19.69,18.77,0.92,4.9014,1571357.92,3059354.435,0.5,0.5,,,,,
600030.SH,20220505,19.47,19.67,19.37,19.38,19.69,-0.31,-1.5744,818892.2,1595800.945,0.5,0.5,,,,,
600030.SH,20220506,19.0,19.16,18.8,18.8,19.38,-0.58,-2.9928,669163.13,1265980.645,0.5,0.5,,,,,
600030.SH,20220509,18.75,18.89,18.65,18.73,18.8,-0.07,-0.3723,422020.96,791761.664,0.5,0.5,,,,,
600030.SH,20220510,18.51,19.18,18.48,19.01,18.73,0.28,1.4949,695686.52,1315714.502,0.5,0.5,,,,,
600030.SH,20220511,19.05,19.52,18.96,19.13,19.01,0.12,0.6312,976801.57,1883547.827,0.5,0.5,,,,,
600030.SH,20220512,19.01,19.37,18.98,19.09,19.13,-0.04,-0.2091,532809.22,1018389.172,0.5,0.5,,,,,
600030.SH,20220513,19.2,19.34,19.08,19.29,19.09,0.2,1.0477,561558.15,1078771.324,0.5,0.5,,,,,
600030.SH,20220516,19.43,19.47,18.99,19.07,19.29,-0.22,-1.1405,591295.9,1134387.156,0.5,0.5,,,,,
600030.SH,20220517,19.14,19.45,19.0,19.32,19.07,0.25,1.311,600073.5,1154783.362,0.5,0.5,,,,,
600030.SH,20220518,19.38,19.59,19.3,19.52,19.32,0.2,1.0352,772862.35,1504432.616,0.5,0.5,,,,,
600030.SH,20220519,19.25,19.44,19.2,19.37,19.52,-0.15,-0.7684,488008.51,940895.894,0.5,0.5,,,,,
600030.SH,20220520,19.56,19.86,19.52,19.75,19.37,0.38,1.9618,921752.56,1816395.798,0.5,0.5,,,,,
600030.SH,20220523,19.66,19.8,19.5,19.7,19.75,-0.05,-0.2532,577126.88,1133136.155,0.5,0.5,,,,,
600030.SH,20220524,19.68,19.74,19.23,19.24,19.7,-0.46,-2.335,628092.26,1224046.504,0.5,0.5,,,,,
600030.SH,20220525,19.25,19.44,19.21,19.31,19.24,0.07,0.3638,433263.43,835603.947,0.5,0.5,,,,,
600030.SH,20220526,19.33,19.75,19.21,19.62,19.31,0.31,1.6054,660404.47,1289281.158,0.5,0.5,,,,,
600030.SH,20220527,19.68,19.8,19.5,19.61,19.62,-0.01,-0.051,551474.02,1084452.03,0.5,0.5,,,,,
600030.SH,20220530,19.68,19.76,19.45,19.5,19.61,-0.11,-0.5609,514139.1,1006754.836,0.5,0.5,,,,,
600030.SH,20220531,19.48,19.82,19.43,19.79,19.5,0.29,1.4872,740462.78,1456466.211,0.5,0.5,,,,,
600030.SH,20220601,19.8,19.9,19.5,19.61,19.79,-0.18,-0.9096,585778.22,1151985.191,0.5,0.5,,,,,
600030.SH,20220602,19.48,19.77,19.34,19.68,19.61,0.07,0.357,730835.18,1431501.513,0.5,0.5,,,,,
600030.SH,20220606,19.6,20.07,19.48,19.96,19.68,0.28,1.4228,1065212.97,2114788.181,0.5,0.5,,,,,
600030.SH,20220607,19.93,20.42,19.88,20.11,19.96,0.15,0.7515,1218894.07,2462366.349,0.5,0.5,,,,,
600030.SH,20220608,20.18,20.46,20.05,20.36,20.11,0.25,1.2432,1123418.51,2274137.709,0.5,0.5,,,,,
600030.SH,20220609,20.37,20.76,20.15,20.23,20.36,-0.13,-0.6385,1126432.88,2302461.29,0.5,0.5,,,,,
600030.SH,20220610,20.1,20.93,20.04,20.79,20.23,0.56,2.7682,1378415.52,2821335.822,0.5,0.5,,,,,
600030.SH,20220613,20.48,20.58,20.11,20.27,20.79,-0.52,-2.5012,1199707.88,2439449.279,0.5,0.5,,,,,
600030.SH,20220614,20.0,21.15,19.61,21.11,20.27,0.84,4.1441,2041707.69,4153409.395,0.5,0.5,,,,,
600030.SH,20220615,21.2,22.75,21.19,21.87,21.11,0.76,3.6002,3870782.32,8513421.375,0.5,0.5,,,,,
600030.SH,20220616,21.79,21.79,20.8,20.82,21.87,-1.05,-4.8011,2456361.72,5205614.911,0.5,0.5,,,,,
600030.SH,20220617,20.6,21.25,20.45,20.82,20.82,0.0,0.0,1477400.14,3071579.908,0.5,0.5,,,,,
600030.SH,20220620,20.79,21.07,20.57,20.72,20.82,-0.1,-0.4803,1123383.63,2328711.843,0.5,0.5,,,,,
600030.SH,20220621,20.67,21.19,20.65,21.01,20.72,0.29,1.3996,1303470.41,2721466.192,0.5,0.5,,,,,
600030.SH,20220622,21.05,21.24,20.68,20.76,21.01,-0.25,-1.1899,1087037.54,2273574.971,0.5,0.5,,,,,
600030.SH,20220623,20.73,22.3,20.72,21.77,20.76,1.01,4.8651,2189825.35,4717812.248,0.5,0.5,,,,,
600030.SH,20220624,21.84,21.98,21.49,21.63,21.77,-0.14,-0.6431,1353484.61,2930563.834,0.5,0.5,,,,,
600030.SH,20220627,21.75,22.03,21.6,21.8,21.63,0.17,0.7859,1147774.07,2504562.26,0.5,0.5,,,,,
600030.SH,20220628,21.75,21.99,21.3,21.75,21.8,-0.05,-0.2294,1307241.62,2817082.078,0.5,0.5,,,,,
600030.SH,20220629,21.58,21.85,21.37,21.41,21.75,-0.34,-1.5632,1024873.81,2212563.602,0.5,0.5,,,,,
600030.SH,20220630,21.44,21.95,21.44,21.66,21.41,0.25,1.1677,1050793.72,2282859.792,0.5,0.5,,,,,
600030.SH,20220701,21.7,21.74,21.25,21.34,21.66,-0.32,-1.4774,762405.24,1637094.316,0.5,0.5,,,,,
600030.SH,20220704,21.34,21.47,20.9,21.44,21.34,0.1,0.4686,974438.65,2063687.975,0.5,0.5,,,,,
600030.SH,20220705,21.45,21.65,20.91,21.16,21.44,-0.28,-1.306,978337.58,2072638.883,0.5,0.5,,,,,
600030.SH,20220706,21.05,21.22,20.85,20.92,21.16,-0.24,-1.1342,782231.68,1640435.211,0.5,0.5,,,,,
600030.SH,20220707,20.93,21.07,20.84,20.89,20.92,-0.03,-0.1434,565501.16,1183417.275,0.5,0.5,,,,,
600030.SH,20220708,20.96,21.02,20.63,20.67,20.89,-0.22,-1.0531,709285.16,1476542.956,0.5,0.5,,,,,
600030.SH,20220711,20.52,20.58,20.15,20.2,20.67,-0.47,-2.2738,1019753.91,2072625.943,0.5,0.5,,,,,
600030.SH,20220712,20.25,20.43,20.12,20.22,20.2,0.02,0.099,728403.83,1475160.291,0.5,0.5,,,,,
600030.SH,20220713,20.22,20.39,20.15,20.22,20.22,0.0,0.0,544023.74,1102259.333,0.5,0.5,,,,,
600030.SH,20220714,20.18,20.22,20.0,20.02,20.22,-0.2,-0.9891,565378.24,1136079.835,0.5,0.5,,,,,
600030.SH,20220715,20.0,20.16,19.57,19.57,20.02,-0.45,-2.2478,844822.29,1680384.788,0.5,0.5,,,,,
600030.SH,20220718,19.65,19.97,19.65,19.87,19.57,0.3,1.533,622302.3,1234444.12,0.5,0.5,,,,,
600030.SH,20220719,19.87,20.08,19.7,19.96,19.87,0.09,0.4529,567337.51,1127763.566,0.5,0.5,,,,,
600030.SH,20220720,20.02,20.09,19.93,19.98,19.96,0.02,0.1002,471607.29,943903.049,0.5,0.5,,,,,
600030.SH,20220721,19.94,19.99,19.76,19.77,19.98,-0.21,-1.0511,426832.4,848576.662,0.5,0.5,,,,,
600030.SH,20220722,19.84,20.05,19.73,19.88,19.77,0.11,0.5564,471389.43,937888.911,0.5,0.5,,,,,
600030.SH,20220725,19.87,19.88,19.61,19.66,19.88,-0.22,-1.1066,463478.69,912775.39,0.5,0.5,,,,,
600030.SH,20220726,19.7,19.91,19.68,19.83,19.66,0.17,0.8647,343845.6,680693.832,0.5,0.5,,,,,
600030.SH,20220727,19.75,19.88,19.73,19.81,19.83,-0.02,-0.1009,326734.54,647004.596,0.5,0.5,,,,,
600030.SH,20220728,19.91,20.12,19.85,19.87,19.81,0.06,0.3029,595376.17,1189440.91,0.5,0.5,,,,,
600030.SH,20220729,19.88,20.08,19.59,19.6,19.87,-0.27,-1.3588,582421.66,1152065.653,0.5,0.5,,,,,
600030.SH,20220801,19.55,19.56,19.24,19.34,19.6,-0.26,-1.3265,561559.71,1086370.171,0.5,0.5,,,,,
600030.SH,20220802,19.1,19.1,18.6,18.8,19.34,-0.54,-2.7921,956124.27,1800256.41,0.5,0.5,,,,,
600030.SH,20220803,18.8,18.99,18.7,18.75,18.8,-0.05,-0.266,561538.09,1057628.963,0.5,0.5,,,,,
600030.SH,20220804,18.81,19.03,18.79,18.84,18.75,0.09,0.48,619833.48,1170035.869,0.5,0.5,,,,,
600030.SH,20220805,18.87,19.33,18.83,19.3,18.84,0.46,2.4416,702521.7,1340690.461,0.5,0.5,,,,,
600030.SH,20220808,19.22,19.48,19.19,19.43,19.3,0.13,0.6736,470862.63,911638.245,0.5,0.5,,,,,
600030.SH,20220809,19.4,19.64,19.34,19.38,19.43,-0.05,-0.2573,505544.49,984708.37,0.5,0.5,,,,,
600030.SH,20220810,19.41,19.69,19.28,19.48,19.38,0.1,0.516,487223.45,950413.303,0.5,0.5,,,,,
600030.SH,20220811,19.61,20.25,19.51,20.17,19.48,0.69,3.5421,1397311.13,2794285.676,0.5,0.5,,,,,
600030.SH,20220812,20.0,20.16,19.94,20.06,20.17,-0.11,-0.5454,741750.36,1486937.917,0.5,0.5,,,,,
600030.SH,20220815,19.96,20.19,19.89,19.95,20.06,-0.11,-0.5484,502254.95,1005543.3,0.5,0.5,,,,,
600030.SH,20220816,20.0,20.11,19.91,19.94,19.95,-0.01,-0.0501,371110.55,742068.576,0.5,0.5,,,,,
600030.SH,20220817,19.99,20.28,19.81,20.2,19.94,0.26,1.3039,776178.25,1562602.114,0.5,0.5,,,,,
600030.SH,20220818,20.1,20.2,19.97,20.02,20.2,-0.18,-0.8911,371902.18,746336.598,0.5,0.5,,,,,
600030.SH,20220819,20.04,20.18,19.96,19.98,20.02,-0.04,-0.1998,373061.57,748570.008,0.5,0.5,,,,,
600030.SH,20220822,19.92,20.12,19.9,19.95,19.98,-0.03,-0.1502,362702.55,725333.782,0.5,0.5,,,,,
600030.SH,20220823,19.95,20.18,19.81,19.9,19.95,-0.05,-0.2506,515282.35,1028794.272,0.5,0.5,,,,,
600030.SH,20220824,19.89,20.15,19.5,19.54,19.9,-0.36,-1.809,768149.72,1523222.37,0.5,0.5,,,,,
600030.SH,20220825,19.56,20.28,19.51,20.12,19.54,0.58,2.9683,961570.89,1913109.809,0.5,0.5,,,,,
600030.SH,20220826,19.7,19.72,19.34,19.4,19.58,-0.18,-0.9193,648589.49,1264575.447,0.5,0.5,,,,,
600030.SH,20220829,19.28,19.5,19.21,19.37,19.4,-0.03,-0.1546,399914.09,773930.982,0.5,0.5,,,,,
600030.SH,20220830,19.36,19.5,19.0,19.25,19.37,-0.12,-0.6195,609103.84,1169277.16,0.5,0.5,,,,,
600030.SH,20220831,19.15,19.76,19.12,19.52,19.25,0.27,1.4026,889231.12,1730202.291,0.5,0.5,,,,,
600030.SH,20220901,19.38,19.5,19.17,19.3,19.52,-0.22,-1.127,530110.85,1025710.175,0.5,0.5,,,,,
600030.SH,20220902,19.3,19.48,19.1,19.24,19.3,-0.06,-0.3109,446179.25,859353.525,0.5,0.5,,,,,
600030.SH,20220905,19.16,19.34,19.08,19.27,19.24,0.03,0.1559,430612.79,825521.886,0.5,0.5,,,,,
600030.SH,20220906,19.3,19.5,19.28,19.48,19.27,0.21,1.0898,599818.28,1163733.943,0.5,0.5,,,,,
600030.SH,20220907,19.4,19.45,19.3,19.37,19.48,-0.11,-0.5647,319086.76,617375.997,0.5,0.5,,,,,
600030.SH,20220908,19.4,19.54,19.31,19.31,19.37,-0.06,-0.3098,374767.82,727404.073,0.5,0.5,,,,,
600030.SH,20220909,19.35,19.92,19.32,19.78,19.31,0.47,2.434,1007420.74,1984218.133,0.5,0.5,,,,,
600030.SH,20220913,19.86,20.0,19.72,19.83,19.78,0.05,0.2528,622301.31,1237405.554,0.5,0.5,,,,,
600030.SH,20220914,19.6,19.74,19.54,19.58,19.83,-0.25,-1.2607,523532.43,1027554.616,0.5,0.5,,,,,
600030.SH,20220915,19.6,19.8,19.41,19.53,19.58,-0.05,-0.2554,615972.12,1208139.228,0.5,0.5,,,,,
600030.SH,20220916,19.39,19.47,18.36,18.42,19.53,-1.11,-5.6836,1918654.38,3568153.682,0.5,0.5,,,,,
600030.SH,20220919,18.35,18.56,18.31,18.42,18.42,0.0,0.0,658783.15,1214639.439,0.5,0.5,,,,,
600030.SH,20220920,18.46,18.57,18.32,18.42,18.42,0.0,0.0,447836.14,826409.453,0.5,0.5,,,,,
600030.SH,20220921,18.31,18.55,18.24,18.43,18.42,0.01,0.0543,481070.51,883134.038,0.5,0.5,,,,,
600030.SH,20220922,18.28,18.48,18.26,18.39,18.43,-0.04,-0.217,327023.48,600874.336,0.5,0.5,,,,,
600030.SH,20220923,18.37,18.5,18.25,18.36,18.39,-0.03,-0.1631,376786.2,693021.349,0.5,0.5,,,,,
600030.SH,20220926,18.24,18.31,18.0,18.02,18.36,-0.34,-1.8519,477754.69,867140.318,0.5,0.5,,,,,
600030.SH,20220927,18.1,18.18,17.83,18.07,18.02,0.05,0.2775,596609.75,1072756.775,0.5,0.5,,,,,
600030.SH,20220928,17.96,18.0,17.65,17.72,18.07,-0.35,-1.9369,544253.84,970287.343,0.5,0.5,,,,,
600030.SH,20220929,17.85,17.87,17.32,17.4,17.72,-0.32,-1.8059,568276.2,998002.671,0.5,0.5,,,,,
600030.SH,20220930,17.39,17.57,17.36,17.42,17.4,0.02,0.1149,412399.14,720565.494,0.5,0.5,,,,,
600030.SH,20221010,17.28,17.61,17.25,17.33,17.42,-0.09,-0.5166,444610.82,775291.356,0.5,0.5,,,,,
600030.SH,20221011,17.41,17.65,17.27,17.39,17.33,0.06,0.3462,393164.92,685117.715,0.5,0.5,,,,,
600030.SH,20221012,17.39,17.82,17.3,17.79,17.39,0.4,2.3002,562547.89,988898.508,0.5,0.5,,,,,
600030.SH,20221013,17.72,17.77,17.59,17.71,17.79,-0.08,-0.4497,414404.44,732435.144,0.5,0.5,,,,,
600030.SH,20221014,17.87,18.2,17.82,18.07,17.71,0.36,2.0327,621606.23,1122144.653,0.5,0.5,,,,,
600030.SH,20221017,18.0,18.25,17.96,18.18,18.07,0.11,0.6087,395460.42,718127.458,0.5,0.5,,,,,
600030.SH,20221018,18.22,18.3,18.1,18.17,18.18,-0.01,-0.055,375948.28,683828.853,0.5,0.5,,,,,
600030.SH,20221019,18.16,18.27,18.06,18.1,18.17,-0.07,-0.3853,435640.45,789800.042,0.5,0.5,,,,,
600030.SH,20221020,18.05,18.36,18.02,18.1,18.1,0.0,0.0,462291.14,839249.616,0.5,0.5,,,,,
600030.SH,20221021,18.39,18.5,18.14,18.2,18.1,0.1,0.5525,702020.2,1286407.733,0.5,0.5,,,,,
600030.SH,20221024,18.32,18.55,17.66,17.76,18.2,-0.44,-2.4176,852517.66,1538595.727,0.5,0.5,,,,,
600030.SH,20221025,17.8,17.97,17.46,17.53,17.76,-0.23,-1.295,736667.78,1298643.943,0.5,0.5,,,,,
600030.SH,20221026,17.5,17.84,17.45,17.53,17.53,0.0,0.0,695153.14,1222304.306,0.5,0.5,,,,,
600030.SH,20221027,17.58,17.81,17.55,17.6,17.53,0.07,0.3993,512714.82,905111.219,0.5,0.5,,,,,
600030.SH,20221028,17.52,17.64,17.15,17.22,17.6,-0.38,-2.1591,594711.42,1033364.039,0.5,0.5,,,,,
600030.SH,20221031,17.19,17.44,17.04,17.21,17.22,-0.01,-0.0581,618304.15,1064433.273,0.5,0.5,,,,,
600030.SH,20221101,17.28,17.9,17.26,17.9,17.21,0.69,4.0093,834094.11,1472122.077,0.5,0.5,,,,,
600030.SH,20221102,17.7,18.02,17.67,17.91,17.9,0.01,0.0559,651511.25,1161990.071,0.5,0.5,,,,,
600030.SH,20221103,17.85,17.88,17.65,17.73,17.91,-0.18,-1.005,377554.65,670310.454,0.5,0.5,,,,,
600030.SH,20221104,17.71,18.39,17.71,18.25,17.73,0.52,2.9329,862705.59,1566133.757,0.5,0.5,,,,,
600030.SH,20221107,18.15,18.4,18.11,18.27,18.25,0.02,0.1096,598130.22,1093059.799,0.5,0.5,,,,,
600030.SH,20221108,18.3,18.39,18.12,18.28,18.27,0.01,0.0547,372081.3,678142.38,0.5,0.5,,,,,
600030.SH,20221109,18.27,18.41,18.2,18.25,18.28,-0.03,-0.1641,333564.53,610214.925,0.5,0.5,,,,,
600030.SH,20221110,18.16,18.55,18.12,18.43,18.25,0.18,0.9863,617651.77,1135083.188,0.5,0.5,,,,,
600030.SH,20221111,19.0,19.2,18.71,18.96,18.43,0.53,2.8757,1247937.78,2365374.902,0.5,0.5,,,,,
600030.SH,20221114,19.14,19.52,19.0,19.2,18.96,0.24,1.2658,1340591.98,2584313.144,0.5,0.5,,,,,
600030.SH,20221115,19.11,20.09,19.11,19.8,19.2,0.6,3.125,1424833.17,2808436.508,0.5,0.5,,,,,
600030.SH,20221116,19.71,19.87,19.4,19.43,19.8,-0.37,-1.8687,730207.55,1428915.772,0.5,0.5,,,,,
600030.SH,20221117,19.36,19.49,19.24,19.46,19.43,0.03,0.1544,513618.01,994845.908,0.5,0.5,,,,,
600030.SH,20221118,19.45,19.5,19.12,19.15,19.46,-0.31,-1.593,565864.83,1089377.396,0.5,0.5,,,,,
600030.SH,20221121,19.0,19.0,18.7,18.85,19.15,-0.3,-1.5666,460381.06,866142.945,0.5,0.5,,,,,
600030.SH,20221122,18.94,19.33,18.82,19.16,18.85,0.31,1.6446,535087.75,1021392.562,0.5,0.5,,,,,
600030.SH,20221123,19.13,19.42,19.08,19.22,19.16,0.06,0.3132,487637.3,939238.707,0.5,0.5,,,,,
600030.SH,20221124,19.38,19.49,19.07,19.1,19.22,-0.12,-0.6243,406164.59,781955.002,0.5,0.5,,,,,
600030.SH,20221125,19.1,19.45,19.06,19.35,19.1,0.25,1.3089,542374.5,1048979.348,0.5,0.5,,,,,
600030.SH,20221128,19.0,19.05,18.75,19.01,19.35,-0.34,-1.7571,536798.28,1013846.304,0.5,0.5,,,,,
600030.SH,20221129,19.05,19.91,19.05,19.74,19.01,0.73,3.8401,1212732.59,2376980.932,0.5,0.5,,,,,
600030.SH,20221130,19.65,20.09,19.62,19.82,19.74,0.08,0.4053,1055676.45,2100630.625,0.5,0.5,,,,,
600030.SH,20221201,20.18,20.96,19.93,19.97,19.82,0.15,0.7568,1979497.08,4043440.76,0.5,0.5,,,,,
600030.SH,20221202,20.0,20.13,19.74,19.83,19.97,-0.14,-0.7011,585849.64,1164943.796,0.5,0.5,,,,,
600030.SH,20221205,20.14,20.88,20.14,20.83,19.83,1.0,5.0429,1680805.67,3464055.945,0.5,0.5,,,,,
600030.SH,20221206,20.63,21.26,20.63,20.9,20.83,0.07,0.3361,1251618.13,2623225.949,0.5,0.5,,,,,
600030.SH,20221207,20.84,20.98,20.5,20.59,20.9,-0.31,-1.4833,760814.04,1572242.846,0.5,0.5,,,,,
600030.SH,20221208,20.55,20.72,20.4,20.51,20.59,-0.08,-0.3885,632474.57,1296641.378,0.5,0.5,,,,,
600030.SH,20221209,20.55,20.76,20.26,20.64,20.51,0.13,0.6338,844049.58,1730139.478,0.5,0.5,,,,,
600030.SH,20221212,20.44,20.55,20.16,20.24,20.64,-0.4,-1.938,694336.52,1410994.404,0.5,0.5,,,,,
600030.SH,20221213,20.3,20.5,20.21,20.3,20.24,0.06,0.2964,597671.49,1216271.655,0.5,0.5,,,,,
600030.SH,20221214,20.35,20.7,20.16,20.54,20.3,0.24,1.1823,590593.5,1209323.882,0.5,0.5,,,,,
600030.SH,20221215,20.45,20.6,20.25,20.27,20.54,-0.27,-1.3145,433059.46,881017.355,0.5,0.5,,,,,
600030.SH,20221216,20.22,20.58,20.19,20.41,20.27,0.14,0.6907,594498.99,1209081.446,0.5,0.5,,,,,
600030.SH,20221219,20.46,20.6,19.86,19.96,20.41,-0.45,-2.2048,682771.82,1376290.87,0.5,0.5,,,,,
600030.SH,20221220,19.9,20.1,19.56,19.71,19.96,-0.25,-1.2525,488120.4,967149.2,0.5,0.5,,,,,
600030.SH,20221221,19.84,19.85,19.67,19.74,19.71,0.03,0.1522,295334.81,583451.98,0.5,0.5,,,,,
600030.SH,20221222,20.0,20.06,19.77,19.87,19.74,0.13,0.6586,468563.5,933124.631,0.5,0.5,,,,,
600030.SH,20221223,19.73,19.97,19.68,19.79,19.87,-0.08,-0.4026,354937.18,703233.961,0.5,0.5,,,,,
600030.SH,20221226,19.75,19.91,19.62,19.67,19.79,-0.12,-0.6064,342237.69,674190.443,0.5,0.5,,,,,
600030.SH,20221227,19.8,20.17,19.7,20.14,19.67,0.47,2.3894,596652.74,1194599.236,0.5,0.5,,,,,
600030.SH,20221228,20.06,20.15,19.96,20.05,20.14,-0.09,-0.4469,313697.83,628623.837,0.5,0.5,,,,,
600030.SH,20221229,19.9,19.98,19.63,19.78,20.05,-0.27,-1.3466,483678.77,954677.744,0.5,0.5,,,,,
600030.SH,20221230,19.85,20.15,19.85,19.91,19.78,0.13,0.6572,448712.81,897017.212,0.5,0.5,,,,,
600030.SH,20230103,19.78,19.97,19.36,19.9,19.91,-0.01,-0.0502,692944.29,1365455.659,0.5,0.5,,,,,
600030.SH,20230104,19.94,20.2,19.9,20.15,19.9,0.25,1.2563,492644.67,989875.833,0.5,0.5,,,,,
600030.SH,20230105,20.3,20.55,20.21,20.44,20.15,0.29,1.4392,780586.36,1591291.319,0.5,0.5,,,,,
600030.SH,20230106,20.34,20.51,20.25,20.41,20.44,-0.03,-0.1468,503337.37,1026057.457,0.5,0.5,,,,,
600030.SH,20230109,20.55,20.9,20.5,20.65,20.41,0.24,1.1759,786133.52,1626914.351,0.5,0.5,,,,,
600030.SH,20230110,20.6,20.76,20.41,20.44,20.65,-0.21,-1.0169,479810.44,986290.681,0.5,0.5,,,,,
600030.SH,20230111,20.5,20.58,20.19,20.34,20.44,-0.1,-0.4892,552667.59,1125438.269,0.5,0.5,,,,,
600030.SH,20230112,20.39,20.47,20.22,20.46,20.34,0.12,0.59,387843.06,789388.196,0.5,0.5,,,,,
600030.SH,20230113,20.46,20.75,20.27,20.75,20.46,0.29,1.4174,828639.02,1704679.743,0.5,0.5,,,,,
600030.SH,20230116,20.78,21.99,20.66,21.54,20.75,0.79,3.8072,2366243.01,5085505.441,0.5,0.5,,,,,
600030.SH,20230117,21.37,21.67,21.3,21.63,21.54,0.09,0.4178,807047.44,1732795.031,0.5,0.5,,,,,
600030.SH,20230118,21.51,21.7,21.38,21.38,21.63,-0.25,-1.1558,593368.99,1274724.374,0.5,0.5,,,,,
600030.SH,20230119,21.33,21.63,21.26,21.62,21.38,0.24,1.1225,678179.6,1454364.179,0.5,0.5,,,,,
600030.SH,20230120,21.64,21.7,21.35,21.67,21.62,0.05,0.2313,710779.74,1534298.76,0.5,0.5,,,,,
600030.SH,20230130,22.25,22.29,21.46,21.61,21.67,-0.06,-0.2769,1278231.54,2779462.653,0.5,0.5,,,,,
600030.SH,20230131,21.73,21.83,21.29,21.41,21.61,-0.2,-0.9255,829062.82,1786535.983,0.5,0.5,,,,,
600030.SH,20230201,21.49,22.18,21.41,22.09,21.41,0.68,3.1761,1005566.16,2188098.234,0.5,0.5,,,,,
600030.SH,20230202,22.47,22.49,21.4,21.43,22.09,-0.66,-2.9878,1943691.52,4207608.079,0.5,0.5,,,,,
600030.SH,20230203,21.3,21.38,21.06,21.36,21.43,-0.07,-0.3266,819820.31,1739508.783,0.5,0.5,,,,,
600030.SH,20230206,21.16,21.16,20.8,20.85,21.36,-0.51,-2.3876,788730.41,1652494.588,0.5,0.5,,,,,
600030.SH,20230207,20.95,21.03,20.83,20.9,20.85,0.05,0.2398,416285.82,870715.019,0.5,0.5,,,,,
600030.SH,20230208,20.91,20.98,20.81,20.87,20.9,-0.03,-0.1435,307494.74,642319.285,0.5,0.5,,,,,
600030.SH,20230209,20.84,21.17,20.8,21.17,20.87,0.3,1.4375,505692.13,1064504.321,0.5,0.5,,,,,
600030.SH,20230210,21.1,21.1,20.88,20.96,21.17,-0.21,-0.992,389885.99,818068.365,0.5,0.5,,,,,
600030.SH,20230213,20.82,21.03,20.75,20.93,20.96,-0.03,-0.1431,470592.16,982251.453,0.5,0.5,,,,,
600030.SH,20230214,21.0,21.02,20.76,20.92,20.93,-0.01,-0.0478,378261.03,789200.109,0.5,0.5,,,,,
600030.SH,20230215,20.89,20.96,20.71,20.75,20.92,-0.17,-0.8126,441502.35,917073.306,0.5,0.5,,,,,
600030.SH,20230216,20.77,21.05,20.4,20.57,20.75,-0.18,-0.8675,754672.0,1570985.449,0.5,0.5,,,,,
600030.SH,20230217,20.55,20.65,20.23,20.24,20.57,-0.33,-1.6043,534649.14,1094081.583,0.5,0.5,,,,,
600030.SH,20230220,20.47,21.1,20.41,21.04,20.24,0.8,3.9526,965455.41,2006356.648,0.5,0.5,,,,,
600030.SH,20230221,20.93,21.17,20.89,21.09,21.04,0.05,0.2376,717271.65,1509584.143,0.5,0.5,,,,,
600030.SH,20230222,21.0,21.1,20.73,20.8,21.09,-0.29,-1.3751,690167.39,1442714.213,0.5,0.5,,,,,
600030.SH,20230223,20.81,21.18,20.81,21.03,20.8,0.23,1.1058,694632.59,1461387.798,0.5,0.5,,,,,
600030.SH,20230224,21.05,21.09,20.59,20.59,21.03,-0.44,-2.0922,760295.28,1576456.261,0.5,0.5,,,,,
600030.SH,20230227,20.38,20.54,20.3,20.44,20.59,-0.15,-0.7285,374362.02,765068.167,0.5,0.5,,,,,
600030.SH,20230228,20.5,20.67,20.35,20.65,20.44,0.21,1.0274,418406.1,858376.722,0.5,0.5,,,,,
600030.SH,20230301,20.61,21.0,20.53,20.9,20.65,0.25,1.2107,570920.49,1189825.667,0.5,0.5,,,,,
600030.SH,20230302,20.84,20.99,20.78,20.88,20.9,-0.02,-0.0957,395711.72,826551.674,0.5,0.5,,,,,
600030.SH,20230303,20.92,21.23,20.85,21.17,20.88,0.29,1.3889,710361.41,1496285.928,0.5,0.5,,,,,
600030.SH,20230306,21.18,21.19,20.63,20.69,21.17,-0.48,-2.2674,877478.83,1829806.799,0.5,0.5,,,,,
600030.SH,20230307,20.65,21.16,20.47,20.51,20.69,-0.18,-0.87,1201097.55,2501219.156,0.5,0.5,,,,,
600030.SH,20230308,20.39,20.45,20.25,20.36,20.51,-0.15,-0.7314,676840.41,1376618.833,0.5,0.5,,,,,
600030.SH,20230309,20.44,20.51,20.26,20.28,20.36,-0.08,-0.3929,442348.94,900495.809,0.5,0.5,,,,,
600030.SH,20230310,20.12,20.16,19.91,19.99,20.28,-0.29,-1.43,587130.24,1176959.572,0.5,0.5,,,,,
600030.SH,20230313,20.0,20.18,19.95,20.13,19.99,0.14,0.7004,446131.33,895084.584,0.5,0.5,,,,,
600030.SH,20230314,20.03,20.05,19.69,19.86,20.13,-0.27,-1.3413,568961.29,1129415.983,0.5,0.5,,,,,
600030.SH,20230315,20.04,20.1,19.94,20.05,19.86,0.19,0.9567,495210.98,992407.89,0.5,0.5,,,,,
600030.SH,20230316,19.85,20.09,19.83,19.91,20.05,-0.14,-0.6983,472923.2,944159.544,0.5,0.5,,,,,
600030.SH,20230317,20.05,20.5,20.05,20.16,19.91,0.25,1.2557,881548.24,1785662.524,0.5,0.5,,,,,
600030.SH,20230320,20.16,20.42,20.01,20.05,20.16,-0.11,-0.5456,651845.2,1316058.836,0.5,0.5,,,,,
600030.SH,20230321,20.13,20.35,20.05,20.21,20.05,0.16,0.798,438534.65,885654.386,0.5,0.5,,,,,
600030.SH,20230322,20.3,20.38,20.17,20.3,20.21,0.09,0.4453,539982.5,1094844.207,0.5,0.5,,,,,
600030.SH,20230323,20.16,20.5,20.13,20.49,20.3,0.19,0.936,509006.85,1037667.741,0.5,0.5,,,,,
600030.SH,20230324,20.46,20.59,20.37,20.52,20.49,0.03,0.1464,428716.24,878613.153,0.5,0.5,,,,,
600030.SH,20230327,20.52,20.59,20.27,20.4,20.52,-0.12,-0.5848,513916.65,1049583.84,0.5,0.5,,,,,
600030.SH,20230328,20.44,20.49,20.3,20.39,20.4,-0.01,-0.049,380341.4,775246.859,0.5,0.5,,,,,
600030.SH,20230329,20.48,20.49,20.1,20.21,20.39,-0.18,-0.8828,481010.74,973412.021,0.5,0.5,,,,,
600030.SH,20230330,20.17,20.62,20.06,20.48,20.21,0.27,1.336,576890.81,1173840.73,0.5,0.5,,,,,
600030.SH,20230331,20.41,20.59,20.37,20.48,20.48,0.0,0.0,390270.74,799826.39,0.5,0.5,,,,,
600030.SH,20230403,20.48,21.05,20.47,21.0,20.48,0.52,2.5391,1285585.35,2680201.165,0.5,0.5,,,,,
600030.SH,20230404,21.0,21.15,20.9,21.07,21.0,0.07,0.3333,992535.93,2088420.959,0.5,0.5,,,,,
600030.SH,20230406,21.05,21.08,20.81,20.89,21.07,-0.18,-0.8543,566801.74,1186593.277,0.5,0.5,,,,,
600030.SH,20230407,20.9,21.35,20.83,21.17,20.89,0.28,1.3404,789998.64,1667342.293,0.5,0.5,,,,,
600030.SH,20230410,21.32,21.46,21.05,21.12,21.17,-0.05,-0.2362,849665.04,1807635.65,0.5,0.5,,,,,
600030.SH,20230411,21.25,21.71,21.24,21.34,21.12,0.22,1.0417,1161389.94,2496887.124,0.5,0.5,,,,,
600030.SH,20230412,21.34,21.48,21.23,21.34,21.34,0.0,0.0,612833.48,1306727.741,0.5,0.5,,,,,
600030.SH,20230413,21.22,21.23,20.93,20.94,21.34,-0.4,-1.8744,647184.39,1362170.05,0.5,0.5,,,,,
600030.SH,20230414,21.01,21.13,20.82,20.95,20.94,0.01,0.0478,481024.98,1008174.941,0.5,0.5,,,,,
600030.SH,20230417,20.95,21.78,20.91,21.78,20.95,0.83,3.9618,1624228.06,3496576.628,0.5,0.5,,,,,
600030.SH,20230418,21.77,21.92,21.6,21.73,21.78,-0.05,-0.2296,990578.68,2156498.959,0.5,0.5,,,,,
600030.SH,20230419,21.71,21.73,21.42,21.48,21.73,-0.25,-1.1505,658683.89,1420881.184,0.5,0.5,,,,,
600030.SH,20230420,21.41,21.59,21.33,21.55,21.48,0.07,0.3259,568483.92,1220398.232,0.5,0.5,,,,,
600030.SH,20230421,21.52,21.54,20.8,20.81,21.55,-0.74,-3.4339,952917.29,2011565.963,0.5,0.5,,,,,
600030.SH,20230424,20.79,20.9,20.49,20.62,20.81,-0.19,-0.913,712966.72,1474860.985,0.5,0.5,,,,,
600030.SH,20230425,20.6,20.9,20.49,20.72,20.62,0.1,0.485,745540.55,1540111.176,0.5,0.5,,,,,
600030.SH,20230426,20.6,20.76,20.48,20.63,20.72,-0.09,-0.4344,651940.27,1343921.02,0.5,0.5,,,,,
600030.SH,20230427,20.6,21.1,20.53,21.03,20.63,0.4,1.9389,886400.57,1848054.657,0.5,0.5,,,,,
600030.SH,20230428,20.78,21.23,20.53,21.02,21.03,-0.01,-0.0476,1268278.7,2658143.47,0.5,0.5,,,,,
600030.SH,20230504,20.83,21.46,20.52,21.27,21.02,0.25,1.1893,1070272.4,2253852.597,0.5,0.5,,,,,
600030.SH,20230505,21.37,22.23,21.35,21.93,21.27,0.66,3.103,2183065.83,4787990.388,0.5,0.5,,,,,
600030.SH,20230508,21.8,22.98,21.65,22.69,21.93,0.76,3.4656,2838762.18,6358561.217,0.5,0.5,,,,,
600030.SH,20230509,22.88,23.91,22.7,22.74,22.69,0.05,0.2204,4023735.94,9384941.676,0.5,0.5,,,,,
600030.SH,20230510,22.5,22.66,21.77,21.89,22.74,-0.85,-3.7379,2103399.84,4656419.69,0.5,0.5,,,,,
600030.SH,20230511,21.92,22.11,21.72,21.8,21.89,-0.09,-0.4111,830926.68,1820599.631,0.5,0.5,,,,,
600030.SH,20230512,21.76,21.88,21.43,21.5,21.8,-0.3,-1.3761,851290.8,1838150.021,0.5,0.5,,,,,
600030.SH,20230515,21.47,21.9,21.08,21.82,21.5,0.32,1.4884,1122918.16,2414280.25,0.5,0.5,,,,,
600030.SH,20230516,21.8,22.15,21.68,21.8,21.82,-0.02,-0.0917,804855.15,1760859.552,0.5,0.5,,,,,
600030.SH,20230517,21.7,21.9,21.55,21.66,21.8,-0.14,-0.6422,483319.83,1048547.411,0.5,0.5,,,,,
600030.SH,20230518,21.67,22.02,21.6,21.67,21.66,0.01,0.0462,604723.52,1316619.074,0.5,0.5,,,,,
600030.SH,20230519,21.6,21.6,21.21,21.29,21.67,-0.38,-1.7536,766752.84,1634752.012,0.5,0.5,,,,,
600030.SH,20230522,21.27,21.46,21.21,21.3,21.29,0.01,0.047,484949.21,1032995.598,0.5,0.5,,,,,
600030.SH,20230523,21.28,21.32,20.85,20.85,21.3,-0.45,-2.1127,773845.7,1625452.016,0.5,0.5,,,,,
600030.SH,20230524,20.84,20.84,20.26,20.28,20.85,-0.57,-2.7338,1090076.51,2233926.547,0.5,0.5,,,,,
600030.SH,20230525,20.21,20.36,20.1,20.32,20.28,0.04,0.1972,660117.39,1336241.724,0.5,0.5,,,,,
600030.SH,20230526,20.32,20.49,20.16,20.37,20.32,0.05,0.2461,457692.69,930327.42,0.5,0.5,,,,,
600030.SH,20230529,20.36,20.44,20.22,20.35,20.37,-0.02,-0.0982,500162.71,1017562.18,0.5,0.5,,,,,
600030.SH,20230530,20.39,20.46,20.1,20.36,20.35,0.01,0.0491,655883.11,1330113.854,0.5,0.5,,,,,
600030.SH,20230531,20.3,20.3,19.95,20.05,20.36,-0.31,-1.5226,982477.98,1970325.164,0.5,0.5,,,,,
600030.SH,20230601,20.05,20.31,19.96,20.1,20.05,0.05,0.2494,750125.46,1508997.266,0.5,0.5,,,,,
600030.SH,20230602,20.15,20.27,20.11,20.19,20.1,0.09,0.4478,882619.78,1782217.067,0.5,0.5,,,,,
600030.SH,20230605,20.2,20.22,19.98,20.0,20.19,-0.19,-0.9411,613004.47,1231346.31,0.5,0.5,,,,,
600030.SH,20230606,20.0,20.21,19.8,19.83,20.0,-0.17,-0.85,740980.24,1482148.342,0.5,0.5,,,,,
600030.SH,20230607,19.85,20.04,19.81,19.87,19.83,0.04,0.2017,476802.78,949185.852,0.5,0.5,,,,,
600030.SH,20230608,19.88,20.29,19.74,20.2,19.87,0.33,1.6608,771346.35,1548094.659,0.5,0.5,,,,,
600030.SH,20230609,20.18,20.3,20.08,20.18,20.2,-0.02,-0.099,510678.4,1030974.935,0.5,0.5,,,,,
600030.SH,20230612,20.15,20.17,19.83,19.85,20.18,-0.33,-1.6353,897547.22,1788103.755,0.5,0.5,,,,,
600030.SH,20230613,19.81,20.0,19.81,19.98,19.85,0.13,0.6549,509989.73,1016642.731,0.5,0.5,,,,,
600030.SH,20230614,20.0,20.26,19.98,20.0,19.98,0.02,0.1001,756191.25,1521827.733,0.5,0.5,,,,,
600030.SH,20230615,20.13,20.36,20.03,20.3,20.0,0.3,1.5,830879.22,1679572.453,0.5,0.5,,,,,
600030.SH,20230616,20.33,20.43,20.22,20.39,20.3,0.09,0.4433,702425.66,1428084.238,0.5,0.5,,,,,
600030.SH,20230619,20.38,20.38,20.09,20.15,20.39,-0.24,-1.177,679583.05,1371655.372,0.5,0.5,,,,,
600030.SH,20230620,20.15,20.21,20.0,20.06,20.15,-0.09,-0.4467,601378.78,1207409.414,0.5,0.5,,,,,
600030.SH,20230621,20.02,20.09,19.82,19.85,20.06,-0.21,-1.0469,512317.79,1022579.949,0.5,0.5,,,,,
600030.SH,20230626,19.66,19.66,19.28,19.29,19.85,-0.56,-2.8212,833980.03,1618562.464,0.5,0.5,,,,,
600030.SH,20230627,19.3,19.56,19.3,19.49,19.29,0.2,1.0368,376665.67,731925.831,0.5,0.5,,,,,
600030.SH,20230628,19.47,19.54,19.36,19.5,19.49,0.01,0.0513,384116.65,747052.105,0.5,0.5,,,,,
600030.SH,20230629,19.49,19.57,19.37,19.44,19.5,-0.06,-0.3077,295885.77,575913.727,0.5,0.5,,,,,
600030.SH,20230630,19.42,19.91,19.42,19.78,19.44,0.34,1.749,518329.42,1022917.693,0.5,0.5,,,,,
600030.SH,20230703,19.8,20.39,19.78,20.24,19.78,0.46,2.3256,871629.47,1757998.859,0.5,0.5,,,,,
600030.SH,20230704,20.18,20.41,20.16,20.28,20.24,0.04,0.1976,462443.64,938334.579,0.5,0.5,,,,,
600030.SH,20230705,20.26,20.34,20.15,20.15,20.28,-0.13,-0.641,343733.12,695068.835,0.5,0.5,,,,,
600030.SH,20230706,20.0,20.23,19.97,20.05,20.15,-0.1,-0.4963,421413.42,845509.328,0.5,0.5,,,,,
600030.SH,20230707,19.97,20.24,19.92,20.13,20.05,0.08,0.399,415074.06,834597.709,0.5,0.5,,,,,
600030.SH,20230710,20.16,20.29,20.02,20.12,20.13,-0.01,-0.0497,339428.21,684436.063,0.5,0.5,,,,,
600030.SH,20230711,20.2,20.3,20.15,20.24,20.12,0.12,0.5964,353911.25,716118.203,0.5,0.5,,,,,
600030.SH,20230712,20.27,20.31,20.06,20.08,20.24,-0.16,-0.7905,315571.68,637090.767,0.5,0.5,,,,,
600030.SH,20230713,20.19,20.54,20.18,20.47,20.08,0.39,1.9422,803792.78,1643443.226,0.5,0.5,,,,,
600030.SH,20230714,20.53,20.58,20.39,20.5,20.47,0.03,0.1466,445110.52,911724.353,0.5,0.5,,,,,
600030.SH,20230717,20.44,20.44,20.2,20.28,20.5,-0.22,-1.0732,349438.94,708736.502,0.5,0.5,,,,,
600030.SH,20230718,20.38,20.39,20.2,20.29,20.28,0.01,0.0493,274262.49,556363.98,0.5,0.5,,,,,
600030.SH,20230719,20.14,20.43,20.14,20.41,20.29,0.12,0.5914,387182.39,787116.076,0.5,0.5,,,,,
600030.SH,20230720,20.5,20.55,20.29,20.3,20.41,-0.11,-0.539,441117.94,902068.661,0.5,0.5,,,,,
600030.SH,20230721,20.3,20.57,20.27,20.36,20.3,0.06,0.2956,445414.99,909156.71,0.5,0.5,,,,,
600030.SH,20230724,20.16,20.6,20.15,20.39,20.36,0.03,0.1473,396660.69,809092.394,0.5,0.5,,,,,
600030.SH,20230725,21.3,21.75,20.99,21.58,20.39,1.19,5.8362,2590024.92,5533914.221,0.5,0.5,,,,,
600030.SH,20230726,21.55,21.8,21.44,21.78,21.58,0.2,0.9268,1284301.79,2778443.919,0.5,0.5,,,,,
600030.SH,20230727,21.77,21.97,21.47,21.52,21.78,-0.26,-1.1938,916243.31,1988769.914,0.5,0.5,,,,,
600030.SH,20230728,21.47,23.67,21.46,23.67,21.52,2.15,9.9907,4413377.21,10176122.551,0.5,0.5,,,,,
600030.SH,20230731,24.3,24.87,23.9,24.1,23.67,0.43,1.8166,4465017.05,10869042.988,0.5,0.5,,,,,
600030.SH,20230801,23.9,24.27,23.38,23.67,24.1,-0.43,-1.7842,2738399.09,6526470.476,0.5,0.5,,,,,
600030.SH,20230802,23.68,24.59,23.65,23.85,23.67,0.18,0.7605,2239608.26,5398448.771,0.5,0.5,,,,,
600030.SH,20230803,24.46,24.84,23.79,24.43,23.85,0.58,2.4319,2633857.3,6391229.794,0.5,0.5,,,,,
600030.SH,20230804,25.0,26.1,24.49,24.7,24.43,0.27,1.1052,4677812.68,11765352.796,0.5,0.5,,,,,
600030.SH,20230807,24.28,24.88,23.91,24.77,24.7,0.07,0.2834,1919689.37,4694751.561,0.5,0.5,,,,,
600030.SH,20230808,24.42,25.4,23.88,24.9,24.77,0.13,0.5248,2488179.53,6180883.719,0.5,0.5,,,,,
600030.SH,20230809,24.64,25.2,24.53,24.91,24.9,0.01,0.0402,1639236.47,4073148.15,0.5,0.5,,,,,
600030.SH,20230810,24.9,25.2,24.75,25.2,24.91,0.29,1.1642,1872111.47,4681327.784,0.5,0.5,,,,,
600030.SH,20230811,24.98,24.98,23.98,24.1,25.2,-1.1,-4.3651,2801687.51,6841019.604,0.5,0.5,,,,,
600030.SH,20230814,23.5,24.23,23.5,23.75,24.1,-0.35,-1.4523,1938486.14,4625763.875,0.5,0.5,,,,,
600030.SH,20230815,23.73,24.14,23.63,24.11,23.75,0.36,1.5158,1491247.26,3567792.836,0.5,0.5,,,,,
600030.SH,20230816,23.76,24.64,23.44,24.01,24.11,-0.1,-0.4148,1453083.38,3500021.811,0.5,0.5,,,,,
600030.SH,20230817,23.8,24.23,23.5,23.95,24.01,-0.06,-0.2499,1330954.69,3171207.8,0.5,0.5,,,,,
600030.SH,20230818,24.26,24.83,23.97,23.97,23.95,0.02,0.0835,1600767.31,3906812.258,0.5,0.5,,,,,
600030.SH,20230821,23.67,23.76,22.89,22.94,23.97,-1.03,-4.297,2116637.89,4904903.314,0.5,0.5,,,,,
600030.SH,20230822,23.23,23.47,22.9,23.22,22.94,0.28,1.2206,1277266.98,2960309.535,0.5,0.5,,,,,
600030.SH,20230823,23.11,23.24,22.79,22.8,23.22,-0.42,-1.8088,752343.09,1729103.031,0.5,0.5,,,,,
600030.SH,20230824,23.01,23.92,22.95,23.56,22.8,0.76,3.3333,1556384.16,3652547.198,0.5,0.5,,,,,
600030.SH,20230825,22.99,23.64,22.83,23.43,23.07,0.36,1.5605,1343605.45,3140901.213,0.5,0.5,,,,,
600030.SH,20230828,25.77,25.77,23.66,23.79,23.43,0.36,1.5365,5056353.93,12580601.07,0.5,0.5,,,,,
600030.SH,20230829,23.37,23.75,22.9,23.38,23.79,-0.41,-1.7234,2511461.31,5863110.757,0.5,0.5,,,,,
600030.SH,20230830,23.38,23.38,22.53,22.56,23.38,-0.82,-3.5073,2316335.1,5279777.694,0.5,0.5,,,,,
600030.SH,20230831,22.56,22.72,22.18,22.2,22.56,-0.36,-1.5957,1216413.95,2724111.212,0.5,0.5,,,,,
600030.SH,20230901,22.32,22.65,22.21,22.38,22.2,0.18,0.8108,998386.12,2237552.33,0.5,0.5,,,,,
600030.SH,20230904,22.51,22.76,22.3,22.57,22.38,0.19,0.849,992209.64,2237230.617,0.5,0.5,,,,,
600030.SH,20230905,22.47,22.47,22.24,22.38,22.57,-0.19,-0.8418,646907.5,1444051.083,0.5,0.5,,,,,
600030.SH,20230906,22.24,22.32,21.96,22.13,22.38,-0.25,-1.1171,977956.53,2165464.958,0.5,0.5,,,,,
600030.SH,20230907,22.13,22.42,22.01,22.12,22.13,-0.01,-0.0452,857824.04,1902128.417,0.5,0.5,,,,,
600030.SH,20230908,22.03,22.32,21.78,22.25,22.12,0.13,0.5877,735700.94,1624646.995,0.5,0.5,,,,,
600030.SH,20230911,22.3,22.78,22.11,22.6,22.25,0.35,1.573,1127081.54,2535351.116,0.5,0.5,,,,,
600030.SH,20230912,22.51,22.62,22.36,22.39,22.6,-0.21,-0.9292,655933.93,1472288.763,0.5,0.5,,,,,
600030.SH,20230913,22.44,22.46,22.18,22.28,22.39,-0.11,-0.4913,558953.03,1245310.858,0.5,0.5,,,,,
600030.SH,20230914,22.27,22.38,22.16,22.29,22.28,0.01,0.0449,559796.79,1245730.184,0.5,0.5,,,,,
600030.SH,20230915,22.34,22.38,21.95,22.05,22.29,-0.24,-1.0767,749102.46,1655739.492,0.5,0.5,,,,,
600030.SH,20230918,21.95,22.15,21.82,22.14,22.05,0.09,0.4082,597284.33,1316765.339,0.5,0.5,,,,,
600030.SH,20230919,22.14,22.15,21.96,22.02,22.14,-0.12,-0.542,479371.79,1056327.476,0.5,0.5,,,,,
600030.SH,20230920,21.99,22.05,21.73,21.9,22.02,-0.12,-0.545,393267.42,863974.539,0.5,0.5,,,,,
600030.SH,20230921,21.82,22.03,21.72,21.73,21.9,-0.17,-0.7763,493029.07,1075917.809,0.5,0.5,,,,,
600030.SH,20230922,21.69,22.65,21.67,22.61,21.73,0.88,4.0497,1278376.8,2845536.84,0.5,0.5,,,,,
600030.SH,20230925,22.48,22.48,21.85,21.9,22.61,-0.71,-3.1402,1036854.07,2283798.077,0.5,0.5,,,,,
600030.SH,20230926,21.87,22.14,21.83,21.98,21.9,0.08,0.3653,571625.93,1256759.752,0.5,0.5,,,,,
600030.SH,20230927,21.91,22.18,21.91,22.03,21.98,0.05,0.2275,583678.37,1287934.747,0.5,0.5,,,,,
600030.SH,20230928,22.07,22.16,21.65,21.66,22.03,-0.37,-1.6795,854425.72,1857947.584,0.5,0.5,,,,,
600030.SH,20231009,21.42,21.74,21.09,21.68,21.66,0.02,0.0923,707714.49,1518711.509,0.5,0.5,,,,,
600030.SH,20231010,21.81,21.86,21.41,21.43,21.68,-0.25,-1.1531,405554.03,875088.891,0.5,0.5,,,,,
600030.SH,20231011,21.58,21.67,21.45,21.51,21.43,0.08,0.3733,393845.79,848855.684,0.5,0.5,,,,,
600030.SH,20231012,21.88,21.98,21.65,21.76,21.51,0.25,1.1623,577071.14,1259034.623,0.5,0.5,,,,,
600030.SH,20231013,21.58,21.64,21.46,21.52,21.76,-0.24,-1.1029,375228.25,808262.917,0.5,0.5,,,,,
600030.SH,20231016,21.47,21.71,21.32,21.51,21.52,-0.01,-0.0465,424367.1,913187.508,0.5,0.5,,,,,
600030.SH,20231017,21.59,22.19,21.51,21.95,21.51,0.44,2.0456,857708.86,1878763.551,0.5,0.5,,,,,
600030.SH,20231018,21.81,22.04,21.76,21.86,21.95,-0.09,-0.41,469290.87,1026300.485,0.5,0.5,,,,,
600030.SH,20231019,21.7,21.93,21.52,21.56,21.86,-0.3,-1.3724,790916.78,1716268.486,0.5,0.5,,,,,
600030.SH,20231020,21.43,21.75,21.4,21.53,21.56,-0.03,-0.1391,654233.51,1408421.601,0.5,0.5,,,,,
600030.SH,20231023,21.36,21.47,21.05,21.18,21.53,-0.35,-1.6256,546026.24,1157653.821,0.5,0.5,,,,,
600030.SH,20231024,21.3,21.78,21.25,21.62,21.18,0.44,2.0774,765612.97,1645720.767,0.5,0.5,,,,,
600030.SH,20231025,21.92,22.1,21.73,21.84,21.62,0.22,1.0176,784530.63,1716120.46,0.5,0.5,,,,,
600030.SH,20231026,21.71,21.9,21.51,21.8,21.84,-0.04,-0.1832,530431.93,1151839.754,0.5,0.5,,,,,
600030.SH,20231027,21.66,22.18,21.4,22.03,21.8,0.23,1.055,929863.43,2036093.789,0.5,0.5,,,,,
600030.SH,20231030,21.86,21.88,21.33,21.6,22.03,-0.43,-1.9519,1028837.41,2219521.625,0.5,0.5,,,,,
600030.SH,20231031,21.58,21.86,21.5,21.71,21.6,0.11,0.5093,672833.93,1459095.668,0.5,0.5,,,,,
600030.SH,20231101,21.93,22.04,21.5,21.73,21.71,0.02,0.0921,581701.19,1262852.979,0.5,0.5,,,,,
600030.SH,20231102,21.73,21.87,21.48,21.53,21.73,-0.2,-0.9204,482603.39,1044968.156,0.5,0.5,,,,,
600030.SH,20231103,21.53,21.9,21.42,21.86,21.53,0.33,1.5327,895102.65,1944098.923,0.5,0.5,,,,,
600030.SH,20231106,22.55,23.04,22.26,22.83,21.86,0.97,4.4373,1935126.23,4386204.004,0.5,0.5,,,,,
600030.SH,20231107,22.61,22.92,22.58,22.79,22.83,-0.04,-0.1752,966080.33,2201868.37,0.5,0.5,,,,,
600030.SH,20231108,22.78,22.82,22.41,22.58,22.79,-0.21,-0.9215,918893.93,2074489.489,0.5,0.5,,,,,
600030.SH,20231109,22.47,22.61,22.3,22.46,22.58,-0.12,-0.5314,610135.94,1370665.767,0.5,0.5,,,,,
600030.SH,20231110,22.35,22.55,22.3,22.46,22.46,0.0,0.0,567731.78,1273422.338,0.5,0.5,,,,,
600030.SH,20231113,22.46,22.48,22.21,22.29,22.46,-0.17,-0.7569,532958.12,1187792.909,0.5,0.5,,,,,
600030.SH,20231114,22.31,22.95,22.3,22.62,22.29,0.33,1.4805,1105527.08,2503959.004,0.5,0.5,,,,,
600030.SH,20231115,22.89,22.92,22.52,22.6,22.62,-0.02,-0.0884,728542.76,1653764.168,0.5,0.5,,,,,
600030.SH,20231116,22.6,22.7,22.42,22.43,22.6,-0.17,-0.7522,462100.73,1041928.836,0.5,0.5,,,,,
600030.SH,20231117,22.33,22.52,22.24,22.52,22.43,0.09,0.4012,484639.24,1084784.401,0.5,0.5,,,,,
600030.SH,20231120,22.51,22.52,22.07,22.35,22.52,-0.17,-0.7549,588281.87,1309022.862,0.5,0.5,,,,,
600030.SH,20231121,22.47,22.84,22.36,22.44,22.35,0.09,0.4027,744222.36,1681355.682,0.5,0.5,,,,,
600030.SH,20231122,22.31,22.48,22.2,22.21,22.44,-0.23,-1.025,364602.55,814714.39,0.5,0.5,,,,,
600030.SH,20231123,22.21,22.29,21.92,22.24,22.21,0.03,0.1351,498746.4,1103374.76,0.5,0.5,,,,,
600030.SH,20231124,22.19,22.24,22.03,22.05,22.24,-0.19,-0.8543,465399.72,1030017.515,0.5,0.5,,,,,
600030.SH,20231127,22.0,22.01,21.51,21.69,22.05,-0.36,-1.6327,820898.81,1776390.368,0.5,0.5,,,,,
600030.SH,20231128,21.68,21.78,21.52,21.61,21.69,-0.08,-0.3688,463397.88,1002729.416,0.5,0.5,,,,,
600030.SH,20231129,21.66,21.66,21.3,21.4,21.61,-0.21,-0.9718,498813.25,1068905.926,0.5,0.5,,,,,
600030.SH,20231130,21.4,21.5,21.28,21.45,21.4,0.05,0.2336,477454.35,1021759.159,0.5,0.5,,,,,
600030.SH,20231201,21.41,21.62,21.31,21.56,21.45,0.11,0.5128,494454.65,1061627.029,0.5,0.5,,,,,
600030.SH,20231204,21.51,21.62,21.4,21.41,21.56,-0.15,-0.6957,374544.14,805841.197,0.5,0.5,,,,,
600030.SH,20231205,21.34,21.48,21.1,21.13,21.41,-0.28,-1.3078,477292.12,1015731.747,0.5,0.5,,,,,
600030.SH,20231206,21.09,21.18,20.95,20.95,21.13,-0.18,-0.8519,463646.81,976104.843,0.5,0.5,,,,,
600030.SH,20231207,20.9,21.13,20.82,21.03,20.95,0.08,0.3819,431003.53,904550.113,0.5,0.5,,,,,
600030.SH,20231208,21.02,21.16,20.95,20.95,21.03,-0.08,-0.3804,468350.44,985080.412,0.5,0.5,,,,,
600030.SH,20231211,20.8,21.25,20.59,21.21,20.95,0.26,1.2411,717468.51,1499788.017,0.5,0.5,,,,,
600030.SH,20231212,21.07,21.2,21.03,21.13,21.21,-0.08,-0.3772,418151.43,882611.587,0.5,0.5,,,,,
600030.SH,20231213,21.12,21.12,20.7,20.71,21.13,-0.42,-1.9877,667977.48,1391965.532,0.5,0.5,,,,,
600030.SH,20231214,20.8,20.87,20.48,20.5,20.71,-0.21,-1.014,547770.09,1131395.763,0.5,0.5,,,,,
600030.SH,20231215,20.57,20.81,20.44,20.46,20.5,-0.04,-0.1951,589352.07,1212153.705,0.5,0.5,,,,,
600030.SH,20231218,20.4,20.59,20.32,20.44,20.46,-0.02,-0.0978,422359.14,863807.557,0.5,0.5,,,,,
600030.SH,20231219,20.43,20.64,20.36,20.64,20.44,0.2,0.9785,485472.23,996618.096,0.5,0.5,,,,,
600030.SH,20231220,20.61,20.62,20.14,20.16,20.64,-0.48,-2.3256,614280.51,1248872.128,0.5,0.5,,,,,
600030.SH,20231221,20.11,20.35,20.03,20.27,20.16,0.11,0.5456,532444.09,1076501.136,0.5,0.5,,,,,
600030.SH,20231222,20.2,20.39,20.02,20.28,20.27,0.01,0.0493,530620.26,1073349.24,0.5,0.5,,,,,
600030.SH,20231225,20.18,20.3,19.99,20.01,20.28,-0.27,-1.3314,497956.94,1000339.778,0.5,0.5,,,,,
600030.SH,20231226,20.0,20.05,19.73,19.85,20.01,-0.16,-0.7996,402623.36,799476.197,0.5,0.5,,,,,
600030.SH,20231227,19.83,20.08,19.62,19.9,19.85,0.05,0.2519,631841.78,1253913.602,0.5,0.5,,,,,
600030.SH,20231228,19.83,20.45,19.81,20.37,19.9,0.47,2.3618,872079.98,1761385.734,0.5,0.5,,,,,
600030.SH,20231229,20.33,20.54,20.28,20.37,20.37,0.0,0.0,644382.37,1314516.775,0.5,0.5,,,,,
600030.SH,20240102,20.38,20.4,20.06,20.07,20.37,-0.3,-1.4728,587765.14,1183083.968,0.5,0.5,,,,,
600030.SH,20240103,20.0,20.25,19.98,20.18,20.07,0.11,0.5481,547513.55,1101533.87,0.5,0.5,,,,,
600030.SH,20240104,20.12,20.16,19.84,20.0,20.18,-0.18,-0.892,503918.05,1006917.54,0.5,0.5,,,,,
600030.SH,20240105,19.95,20.18,19.66,19.79,20.0,-0.21,-1.05,696147.77,1387740.195,0.5,0.5,,,,,
600030.SH,20240108,19.72,19.86,19.4,19.42,19.79,-0.37,-1.8696,625670.92,1222235.532,0.5,0.5,,,,,
600030.SH,20240109,19.42,19.56,19.33,19.46,19.42,0.04,0.206,458458.33,892306.22,0.5,0.5,,,,,
600030.SH,20240110,19.45,19.63,19.26,19.46,19.46,0.0,0.0,525960.63,1024533.12,0.5,0.5,,,,,
600030.SH,20240111,19.48,19.66,19.34,19.6,19.46,0.14,0.7194,447933.13,874928.732,0.5,0.5,,,,,
600030.SH,20240112,19.5,19.73,19.45,19.52,19.6,-0.08,-0.4082,397471.1,778895.688,0.5,0.5,,,,,
600030.SH,20240115,19.36,19.69,19.33,19.48,19.52,-0.04,-0.2049,338557.97,659832.78,0.5,0.5,,,,,
600030.SH,20240116,19.45,19.62,19.22,19.58,19.48,0.1,0.5133,580083.93,1127694.935,0.5,0.5,,,,,
600030.SH,20240117,19.5,19.53,19.22,19.22,19.58,-0.36,-1.8386,561490.64,1088333.238,0.5,0.5,,,,,
600030.SH,20240118,19.07,19.54,18.78,19.49,19.22,0.27,1.4048,1121366.44,2140221.938,0.5,0.5,,,,,
600030.SH,20240119,19.3,19.58,19.25,19.47,19.49,-0.02,-0.1026,691141.36,1343840.467,0.5,0.5,,,,,
600030.SH,20240122,19.4,19.57,18.92,19.13,19.47,-0.34,-1.7463,984470.57,1907709.426,0.5,0.5,,,,,
600030.SH,20240123,19.05,19.95,18.94,19.78,19.13,0.65,3.3978,1152869.6,2254756.633,0.5,0.5,,,,,
600030.SH,20240124,19.88,20.62,19.61,20.52,19.78,0.74,3.7412,1453992.72,2920645.095,0.5,0.5,,,,,
600030.SH,20240125,20.34,20.7,20.13,20.56,20.52,0.04,0.1949,1542793.9,3154344.626,0.5,0.5,,,,,
600030.SH,20240126,20.4,21.08,20.31,20.83,20.56,0.27,1.3132,1482556.77,3064826.716,0.5,0.5,,,,,
600030.SH,20240129,20.72,20.89,20.53,20.58,20.83,-0.25,-1.2002,893544.35,1849438.738,0.5,0.5,,,,,
600030.SH,20240130,20.45,20.8,20.28,20.44,20.58,-0.14,-0.6803,900566.71,1848202.28,0.5,0.5,,,,,
600030.SH,20240131,20.35,20.72,20.25,20.5,20.44,0.06,0.2935,793197.7,1627214.289,0.5,0.5,,,,,
600030.SH,20240201,20.3,20.78,20.28,20.44,20.5,-0.06,-0.2927,765050.57,1572022.998,0.5,0.5,,,,,
600030.SH,20240202,20.44,20.52,19.67,20.18,20.44,-0.26,-1.272,1022181.52,2061606.711,0.5,0.5,,,,,
600030.SH,20240205,20.08,20.52,19.76,20.18,20.18,0.0,0.0,996990.61,2008152.346,0.5,0.5,,,,,
600030.SH,20240206,20.16,21.22,20.0,21.14,20.18,0.96,4.7572,1210245.53,2509414.266,0.5,0.5,,,,,
600030.SH,20240207,21.02,21.28,20.9,21.18,21.14,0.04,0.1892,1121725.68,2367112.733,0.5,0.5,,,,,
600030.SH,20240208,21.3,21.53,21.08,21.25,21.18,0.07,0.3305,1009395.81,2149633.923,0.5,0.5,,,,,
600030.SH,20240219,21.12,21.12,20.55,20.85,21.25,-0.4,-1.8824,952239.3,1979888.09,0.5,0.5,,,,,
600030.SH,20240220,20.73,21.17,20.68,20.99,20.85,0.14,0.6715,888628.66,1858586.985,0.5,0.5,,,,,
600030.SH,20240221,20.9,21.71,20.81,21.38,20.99,0.39,1.858,1287129.79,2749494.326,0.5,0.5,,,,,
600030.SH,20240222,21.27,21.8,21.23,21.73,21.38,0.35,1.637,1094040.58,2365138.039,0.5,0.5,,,,,
600030.SH,20240223,21.74,21.78,21.46,21.52,21.73,-0.21,-0.9664,777535.85,1679100.35,0.5,0.5,,,,,
600030.SH,20240226,21.54,21.63,21.31,21.34,21.52,-0.18,-0.8364,646413.53,1386960.298,0.5,0.5,,,,,
600030.SH,20240227,21.32,21.47,21.23,21.46,21.34,0.12,0.5623,810284.01,1728538.412,0.5,0.5,,,,,
600030.SH,20240228,21.52,21.74,21.0,21.0,21.46,-0.46,-2.1435,1172924.56,2512179.783,0.5,0.5,,,,,
600030.SH,20240229,21.0,21.35,20.95,21.3,21.0,0.3,1.4286,963922.97,2037055.653,0.5,0.5,,,,,
600030.SH,20240301,21.3,21.44,21.1,21.32,21.3,0.02,0.0939,723936.08,1537955.15,0.5,0.5,,,,,
600030.SH,20240304,21.33,21.36,21.06,21.16,21.32,-0.16,-0.7505,590708.56,1250669.911,0.5,0.5,,,,,
600030.SH,20240305,21.03,21.24,21.02,21.18,21.16,0.02,0.0945,790444.86,1672330.722,0.5,0.5,,,,,
600030.SH,20240306,21.17,21.4,21.03,21.1,21.18,-0.08,-0.3777,654450.62,1385700.082,0.5,0.5,,,,,
600030.SH,20240307,21.07,21.2,20.71,20.81,21.1,-0.29,-1.3744,892485.71,1868871.438,0.5,0.5,,,,,
600030.SH,20240308,20.8,20.9,20.71,20.8,20.81,-0.01,-0.0481,465432.89,967921.209,0.5,0.5,,,,,
600030.SH,20240311,20.89,21.2,20.87,21.19,20.8,0.39,1.875,758368.58,1598127.873,0.5,0.5,,,,,
600030.SH,20240312,21.3,21.45,21.16,21.4,21.19,0.21,0.991,820888.24,1749861.586,0.5,0.5,,,,,
600030.SH,20240313,21.4,21.43,21.05,21.07,21.4,-0.33,-1.5421,635468.08,1345066.748,0.5,0.5,,,,,
600030.SH,20240314,21.01,21.16,20.71,20.8,21.07,-0.27,-1.2814,675060.33,1410848.005,0.5,0.5,,,,,
600030.SH,20240315,20.71,20.89,20.59,20.87,20.8,0.07,0.3365,608803.9,1262584.774,0.5,0.5,,,,,
600030.SH,20240318,20.89,21.43,20.87,21.26,20.87,0.39,1.8687,1026789.63,2177023.126,0.5,0.5,,,,,
600030.SH,20240319,21.22,21.22,20.81,20.83,21.26,-0.43,-2.0226,724656.89,1522354.516,0.5,0.5,,,,,
600030.SH,20240320,20.77,20.97,20.74,20.84,20.83,0.01,0.048,479502.21,999311.219,0.5,0.5,,,,,
600030.SH,20240321,20.87,21.17,20.8,20.83,20.84,-0.01,-0.048,680561.23,1423455.162,0.5,0.5,,,,,
600030.SH,20240322,20.83,20.87,20.44,20.5,20.83,-0.33,-1.5843,766249.05,1576797.5,0.5,0.5,,,,,
600030.SH,20240325,19.8,19.92,19.5,19.5,20.5,-1.0,-4.878,1799742.02,3533742.867,0.5,0.5,,,,,
600030.SH,20240326,19.41,19.62,19.41,19.6,19.5,0.1,0.5128,763998.35,1490546.285,0.5,0.5,,,,,
600030.SH,20240327,19.52,19.54,19.32,19.35,19.6,-0.25,-1.2755,687822.49,1335178.798,0.5,0.5,,,,,
600030.SH,20240328,19.3,19.53,19.23,19.31,19.35,-0.04,-0.2067,1037014.95,2007001.601,0.5,0.5,,,,,
600030.SH,20240329,19.28,19.28,19.1,19.2,19.31,-0.11,-0.5697,867230.88,1661488.228,0.5,0.5,,,,,
600030.SH,20240401,19.3,19.44,19.3,19.41,19.2,0.21,1.0938,907086.76,1757060.951,0.5,0.5,,,,,
600030.SH,20240402,19.42,19.47,19.28,19.31,19.41,-0.1,-0.5152,688563.39,1331754.403,0.5,0.5,,,,,
600030.SH,20240403,19.28,19.29,19.13,19.16,19.31,-0.15,-0.7768,530948.35,1018810.156,0.5,0.5,,,,,
600030.SH,20240408,19.0,19.07,18.78,18.92,19.16,-0.24,-1.2526,724599.54,1371551.741,0.5,0.5,,,,,
600030.SH,20240409,18.9,19.05,18.88,18.93,18.92,0.01,0.0529,448793.26,850475.059,0.5,0.5,,,,,
600030.SH,20240410,18.89,18.91,18.35,18.41,18.93,-0.52,-2.747,975998.33,1813346.733,0.5,0.5,,,,,
600030.SH,20240411,18.34,18.52,18.29,18.34,18.41,-0.07,-0.3802,612759.15,1126874.595,0.5,0.5,,,,,
600030.SH,20240412,18.35,18.42,17.9,17.94,18.34,-0.4,-2.181,1057567.34,1909255.553,0.5,0.5,,,,,
600030.SH,20240415,17.5,17.92,17.26,17.74,17.94,-0.2,-1.1148,1799116.56,3165646.153,0.5,0.5,,,,,
600030.SH,20240416,17.51,18.0,17.48,17.63,17.74,-0.11,-0.6201,1249251.93,2217573.728,0.5,0.5,,,,,
600030.SH,20240417,17.58,18.11,17.45,18.1,17.63,0.47,2.6659,1205475.41,2145695.272,0.5,0.5,,,,,
600030.SH,20240418,18.01,18.53,17.98,18.21,18.1,0.11,0.6077,1349376.11,2464131.258,0.5,0.5,,,,,
600030.SH,20240419,18.1,18.3,18.06,18.13,18.21,-0.08,-0.4393,782309.86,1420736.104,0.5,0.5,,,,,
600030.SH,20240422,18.13,18.55,18.13,18.28,18.13,0.15,0.8274,779616.23,1429239.753,0.5,0.5,,,,,
600030.SH,20240423,18.32,18.43,18.2,18.27,18.28,-0.01,-0.0547,665688.08,1217707.087,0.5,0.5,,,,,
600030.SH,20240424,18.25,18.33,18.05,18.27,18.27,0.0,0.0,548569.52,998853.309,0.5,0.5,,,,,
600030.SH,20240425,18.25,18.32,18.11,18.18,18.27,-0.09,-0.4926,516678.56,940710.872,0.5,0.5,,,,,
600030.SH,20240426,18.55,19.27,18.37,19.16,18.18,0.98,5.3905,2255741.37,4248412.847,0.5,0.5,,,,,
600030.SH,20240429,19.17,19.52,19.05,19.38,19.16,0.22,1.1482,1886652.03,3638439.646,0.5,0.5,,,,,
600030.SH,20240430,19.25,19.36,18.95,19.01,19.38,-0.37,-1.9092,1022409.96,1955881.347,0.5,0.5,,,,,
600030.SH,20240506,19.25,19.45,19.12,19.21,19.01,0.2,1.0521,1078318.15,2079020.102,0.5,0.5,,,,,
600030.SH,20240507,19.2,19.25,19.07,19.12,19.21,-0.09,-0.4685,659792.47,1262187.135,0.5,0.5,,,,,
600030.SH,20240508,19.03,19.1,18.75,18.78,19.12,-0.34,-1.7782,783102.6,1478924.663,0.5,0.5,,,,,
600030.SH,20240509,18.83,19.02,18.82,18.91,18.78,0.13,0.6922,742667.02,1404596.262,0.5,0.5,,,,,
600030.SH,20240510,18.94,19.14,18.85,19.06,18.91,0.15,0.7932,905793.71,1720456.371,0.5,0.5,,,,,
600030.SH,20240513,19.03,19.13,18.76,18.98,19.06,-0.08,-0.4197,814225.38,1542516.577,0.5,0.5,,,,,
600030.SH,20240514,19.01,19.03,18.83,19.01,18.98,0.03,0.1581,669018.54,1266821.447,0.5,0.5,,,,,
600030.SH,20240515,19.06,19.09,18.74,18.75,19.01,-0.26,-1.3677,774120.96,1459083.366,0.5,0.5,,,,,
600030.SH,20240516,18.8,18.98,18.74,18.78,18.75,0.03,0.16,605089.35,1139557.602,0.5,0.5,,,,,
600030.SH,20240517,18.78,19.22,18.73,19.19,18.78,0.41,2.1832,1010141.01,1918998.124,0.5,0.5,,,,,
600030.SH,20240520,19.19,19.51,19.15,19.29,19.19,0.1,0.5211,1325606.46,2568987.458,0.5,0.5,,,,,
600030.SH,20240521,19.23,19.36,19.15,19.24,19.29,-0.05,-0.2592,565401.33,1088790.431,0.5,0.5,,,,,
600030.SH,20240522,19.2,19.36,19.15,19.31,19.24,0.07,0.3638,644842.19,1243525.648,0.5,0.5,,,,,
600030.SH,20240523,19.21,19.27,18.84,18.87,19.31,-0.44,-2.2786,863178.22,1640457.685,0.5,0.5,,,,,
600030.SH,20240524,18.8,18.92,18.52,18.59,18.87,-0.28,-1.4838,726458.8,1360105.854,0.5,0.5,,,,,
600030.SH,20240527,18.6,18.76,18.54,18.73,18.59,0.14,0.7531,583702.93,1087384.826,0.5,0.5,,,,,
600030.SH,20240528,18.68,18.91,18.6,18.62,18.73,-0.11,-0.5873,470921.7,881360.4,0.5,0.5,,,,,
600030.SH,20240529,18.56,18.8,18.56,18.65,18.62,0.03,0.1611,379777.69,709786.485,0.5,0.5,,,,,
600030.SH,20240530,18.59,18.68,18.45,18.56,18.65,-0.09,-0.4826,475488.69,882503.726,0.5,0.5,,,,,
600030.SH,20240531,18.64,18.84,18.58,18.62,18.56,0.06,0.3233,519552.19,971574.137,0.5,0.5,,,,,
600030.SH,20240603,18.55,18.56,18.35,18.43,18.62,-0.19,-1.0204,585957.07,1079851.03,0.5,0.5,,,,,
600030.SH,20240604,18.43,18.61,18.43,18.56,18.43,0.13,0.7054,486497.49,901981.204,0.5,0.5,,,,,
600030.SH,20240605,18.52,18.67,18.52,18.54,18.56,-0.02,-0.1078,451342.22,838900.165,0.5,0.5,,,,,
600030.SH,20240606,18.58,18.68,18.43,18.49,18.54,-0.05,-0.2697,592332.68,1098537.259,0.5,0.5,,,,,
600030.SH,20240607,18.55,18.6,18.2,18.38,18.49,-0.11,-0.5949,571643.46,1052028.679,0.5,0.5,,,,,
600030.SH,20240611,18.28,18.48,18.28,18.34,18.38,-0.04,-0.2176,452709.74,832296.17,0.5,0.5,,,,,
600030.SH,20240612,18.31,18.38,18.27,18.28,18.34,-0.06,-0.3272,415911.18,761921.767,0.5,0.5,,,,,
600030.SH,20240613,18.3,18.36,18.2,18.26,18.28,-0.02,-0.1094,461595.9,842708.376,0.5,0.5,,,,,
600030.SH,20240614,18.24,18.77,18.2,18.63,18.26,0.37,2.0263,1211654.0,2242525.169,0.5,0.5,,,,,
600030.SH,20240617,18.51,18.67,18.46,18.66,18.63,0.03,0.161,596441.31,1108331.617,0.5,0.5,,,,,
600030.SH,20240618,18.65,18.89,18.6,18.71,18.66,0.05,0.268,574729.66,1077622.166,0.5,0.5,,,,,
600030.SH,20240619,18.74,18.74,18.52,18.53,18.71,-0.18,-0.9621,463448.91,861542.371,0.5,0.5,,,,,
600030.SH,20240620,18.53,18.6,18.36,18.38,18.53,-0.15,-0.8095,423174.17,780553.079,0.5,0.5,,,,,
600030.SH,20240621,18.4,18.59,18.25,18.44,18.38,0.06,0.3264,604170.22,1111691.879,0.5,0.5,,,,,
600030.SH,20240624,18.41,18.57,18.4,18.42,18.44,-0.02,-0.1085,519766.54,960506.542,0.5,0.5,,,,,
600030.SH,20240625,18.43,18.46,18.0,18.12,18.42,-0.3,-1.6287,749159.15,1362945.574,0.5,0.5,,,,,
600030.SH,20240626,18.09,18.45,18.02,18.4,18.12,0.28,1.5453,510173.06,933106.619,0.5,0.5,,,,,
600030.SH,20240627,18.36,18.46,18.25,18.4,18.4,0.0,0.0,541512.68,996013.882,0.5,0.5,,,,,
600030.SH,20240628,18.36,18.6,18.13,18.23,18.4,-0.17,-0.9239,707386.08,1300681.101,0.5,0.5,,,,,
600030.SH,20240701,18.19,18.28,18.0,18.2,18.23,-0.03,-0.1646,466209.88,845784.492,0.5,0.5,,,,,
600030.SH,20240702,18.15,18.39,18.13,18.19,18.2,-0.01,-0.0549,400206.89,730763.53,0.5,0.5,,,,,
600030.SH,20240703,18.19,18.43,18.07,18.38,18.19,0.19,1.0445,434343.63,794590.716,0.5,0.5,,,,,
600030.SH,20240704,18.35,18.45,18.03,18.04,18.38,-0.34,-1.8498,520144.43,946439.321,0.5,0.5,,,,,
600030.SH,20240705,18.1,18.1,17.7,17.81,18.04,-0.23,-1.2749,786783.98,1401453.947,0.5,0.5,,,,,
600030.SH,20240708,17.7,17.78,17.45,17.5,17.81,-0.31,-1.7406,602172.54,1058986.203,0.5,0.5,,,,,
600030.SH,20240709,17.47,17.91,17.35,17.86,17.5,0.36,2.0571,641411.61,1131167.617,0.5,0.5,,,,,
600030.SH,20240710,17.81,18.45,17.76,18.17,17.86,0.31,1.7357,917487.65,1669558.47,0.5,0.5,,,,,
600030.SH,20240711,18.26,18.45,18.18,18.32,18.17,0.15,0.8255,558238.33,1023550.001,0.5,0.5,,,,,
600030.SH,20240712,18.33,18.41,18.23,18.36,18.32,0.04,0.2183,362181.8,664064.595,0.5,0.5,,,,,
600030.SH,20240715,18.36,18.55,18.32,18.46,18.36,0.1,0.5447,534401.39,986784.181,0.5,0.5,,,,,
600030.SH,20240716,18.49,18.85,18.4,18.73,18.46,0.27,1.4626,849411.79,1588630.417,0.5,0.5,,,,,
600030.SH,20240717,18.7,18.91,18.66,18.85,18.73,0.12,0.6407,837771.83,1578637.964,0.5,0.5,,,,,
600030.SH,20240718,18.86,19.0,18.64,18.97,18.85,0.12,0.6366,884103.84,1668453.861,0.5,0.5,,,,,
600030.SH,20240719,18.96,19.44,18.92,19.39,18.97,0.42,2.214,1591096.24,3066945.339,0.5,0.5,,,,,
600030.SH,20240722,19.99,20.24,19.57,20.19,19.39,0.8,4.1258,3704494.92,7364394.033,0.5,0.5,,,,,
600030.SH,20240723,19.85,19.87,19.18,19.2,20.19,-0.99,-4.9034,2571229.46,5022003.95,0.5,0.5,,,,,
600030.SH,20240724,19.07,19.3,18.76,18.88,19.2,-0.32,-1.6667,1687897.15,3198694.067,0.5,0.5,,,,,
600030.SH,20240725,18.84,19.34,18.79,19.02,18.88,0.14,0.7415,1306206.74,2490783.477,0.5,0.5,,,,,
600030.SH,20240726,18.92,19.54,18.87,19.26,19.02,0.24,1.2618,1134245.35,2186433.087,0.5,0.5,,,,,
600030.SH,20240729,19.05,19.19,18.86,18.88,19.26,-0.38,-1.973,959430.51,1821926.953,0.5,0.5,,,,,
600030.SH,20240730,18.82,18.97,18.74,18.92,18.88,0.04,0.2119,700062.92,1320638.61,0.5,0.5,,,,,
600030.SH,20240731,18.92,20.12,18.88,19.8,18.92,0.88,4.6512,2253176.4,4428709.175,0.5,0.5,,,,,
600030.SH,20240801,19.55,19.82,19.51,19.58,19.8,-0.22,-1.1111,1264389.39,2483167.598,0.5,0.5,,,,,
600030.SH,20240802,19.48,19.65,19.15,19.21,19.58,-0.37,-1.8897,977031.87,1890702.077,0.5,0.5,,,,,
600030.SH,20240805,19.12,19.42,19.09,19.12,19.21,-0.09,-0.4685,966170.14,1859377.63,0.5,0.5,,,,,
600030.SH,20240806,19.32,19.37,18.93,19.11,19.12,-0.01,-0.0523,750600.05,1433376.713,0.5,0.5,,,,,
600030.SH,20240807,19.12,19.22,18.93,18.97,19.11,-0.14,-0.7326,572450.73,1088904.006,0.5,0.5,,,,,
600030.SH,20240808,18.93,19.22,18.85,19.07,18.97,0.1,0.5271,647324.98,1233211.162,0.5,0.5,,,,,
600030.SH,20240809,19.14,19.2,18.88,18.89,19.07,-0.18,-0.9439,539984.02,1027402.387,0.5,0.5,,,,,
600030.SH,20240812,18.82,18.92,18.72,18.87,18.89,-0.02,-0.1059,450725.81,848463.355,0.5,0.5,,,,,
600030.SH,20240813,18.85,19.08,18.8,19.06,18.87,0.19,1.0069,474724.46,898005.759,0.5,0.5,,,,,
600030.SH,20240814,18.99,19.07,18.83,18.85,19.06,-0.21,-1.1018,465023.25,879791.557,0.5,0.5,,,,,
600030.SH,20240815,18.84,19.3,18.81,19.15,18.85,0.3,1.5915,835145.0,1597152.698,0.5,0.5,,,,,
600030.SH,20240816,19.1,19.21,19.0,19.1,19.15,-0.05,-0.2611,453321.3,865184.296,0.5,0.5,,,,,
600030.SH,20240819,19.07,19.22,19.01,19.04,19.1,-0.06,-0.3141,433058.42,826900.172,0.5,0.5,,,,,
600030.SH,20240820,19.06,19.08,18.87,18.93,19.04,-0.11,-0.5777,416586.17,788835.154,0.5,0.5,,,,,
600030.SH,20240821,18.9,18.98,18.79,18.92,18.93,-0.01,-0.0528,379241.59,716968.058,0.5,0.5,,,,,
600030.SH,20240822,19.0,19.09,18.64,18.73,18.92,-0.19,-1.0042,502415.48,944929.814,0.5,0.5,,,,,
600030.SH,20240823,18.71,19.2,18.69,19.1,18.73,0.37,1.9754,686558.77,1305618.025,0.5,0.5,,,,,
600030.SH,20240826,18.63,18.72,18.37,18.46,18.63,-0.17,-0.9125,588412.79,1089938.097,0.5,0.5,,,,,
600030.SH,20240827,18.4,18.51,18.26,18.46,18.46,0.0,0.0,402102.54,739365.132,0.5,0.5,,,,,
600030.SH,20240828,18.41,18.53,18.33,18.43,18.46,-0.03,-0.1625,333700.73,614642.147,0.5,0.5,,,,,
600030.SH,20240829,18.5,18.95,18.46,18.79,18.43,0.36,1.9533,866324.08,1629341.686,0.5,0.5,,,,,
600030.SH,20240830,18.75,19.48,18.72,19.29,18.79,0.5,2.661,1421581.43,2735400.7,0.5,0.5,,,,,
600030.SH,20240902,19.19,19.2,18.91,18.92,19.29,-0.37,-1.9181,653954.2,1243771.468,0.5,0.5,,,,,
600030.SH,20240903,18.91,19.25,18.91,19.12,18.92,0.2,1.0571,508718.83,971650.931,0.5,0.5,,,,,
600030.SH,20240904,19.05,19.29,19.05,19.12,19.12,0.0,0.0,467109.3,894498.62,0.5,0.5,,,,,
600030.SH,20240905,19.05,19.18,18.97,19.11,19.12,-0.01,-0.0523,523894.78,999567.984,0.5,0.5,,,,,
600030.SH,20240906,19.44,19.58,19.04,19.06,19.11,-0.05,-0.2616,1176128.17,2270723.933,0.5,0.5,,,,,
600030.SH,20240909,18.79,19.2,18.75,18.98,19.06,-0.08,-0.4197,729014.85,1386724.718,0.5,0.5,,,,,
600030.SH,20240910,19.04,19.06,18.75,18.88,18.98,-0.1,-0.5269,530734.12,1001496.95,0.5,0.5,,,,,
600030.SH,20240911,18.85,19.08,18.82,19.0,18.88,0.12,0.6356,460407.86,874378.09,0.5,0.5,,,,,
600030.SH,20240912,19.02,19.04,18.84,18.88,19.0,-0.12,-0.6316,341255.96,645613.092,0.5,0.5,,,,,
600030.SH,20240913,18.91,19.08,18.84,18.92,18.88,0.04,0.2119,461499.92,876310.76,0.5,0.5,,,,,
600030.SH,20240918,18.8,19.01,18.77,18.94,18.92,0.02,0.1057,379326.07,716767.636,0.5,0.5,,,,,
600030.SH,20240919,19.07,19.5,18.95,19.34,18.94,0.4,2.1119,989388.52,1906649.056,0.5,0.5,,,,,
600030.SH,20240920,19.3,19.36,19.13,19.29,19.34,-0.05,-0.2585,629197.01,1211200.793,0.5,0.5,,,,,
600030.SH,20240923,19.32,19.47,19.17,19.31,19.29,0.02,0.1037,536510.89,1037305.241,0.5,0.5,,,,,
600030.SH,20240924,19.71,20.83,19.4,20.82,19.31,1.51,7.8198,2869163.39,5812378.58,0.5,0.5,,,,,
600030.SH,20240925,21.29,21.78,21.05,21.16,20.82,0.34,1.633,3007318.23,6440028.901,0.5,0.5,,,,,
600030.SH,20240926,21.01,22.49,21.01,22.48,21.16,1.32,6.2382,3093203.12,6741430.788,0.5,0.5,,,,,
600030.SH,20240927,23.4,24.73,22.7,24.73,22.48,2.25,10.0089,2799347.18,6591736.856,0.5,0.5,,,,,
600030.SH,20240930,27.2,27.2,26.44,27.2,24.73,2.47,9.9879,3949174.53,10719669.52,0.5,0.5,,,,,
600030.SH,20241008,29.92,29.92,29.92,29.92,27.2,2.72,10.0,1475213.4,4413838.493,0.5,0.5,,,,,
600030.SH,20241009,31.0,32.89,28.77,30.35,29.92,0.43,1.4372,13514551.4,42197359.701,0.5,0.5,,,,,
600030.SH,20241010,29.1,29.74,27.48,27.75,30.35,-2.6,-8.5667,7746704.12,22003292.806,0.5,0.5,,,,,
600030.SH,20241011,27.2,28.84,26.68,28.17,27.75,0.42,1.5135,4859990.47,13374058.536,0.5,0.5,,,,,
600030.SH,20241014,27.97,27.98,26.07,27.46,28.17,-0.71,-2.5204,4504190.82,12170846.1,0.5,0.5,,,,,
600030.SH,20241015,27.0,27.79,26.66,26.72,27.46,-0.74,-2.6948,2781008.53,7580601.663,0.5,0.5,,,,,
600030.SH,20241016,26.11,27.14,26.07,26.41,26.72,-0.31,-1.1602,2594892.05,6871284.447,0.5,0.5,,,,,
600030.SH,20241017,26.5,26.99,26.14,26.16,26.41,-0.25,-0.9466,2065193.67,5484875.177,0.5,0.5,,,,,
600030.SH,20241018,26.12,28.78,26.1,27.91,26.16,1.75,6.6896,5711829.02,15746269.66,0.5,0.5,,,,,
600030.SH,20241021,27.44,27.9,27.2,27.46,27.91,-0.45,-1.6123,3633976.89,10009390.464,0.5,0.5,,,,,
600030.SH,20241022,27.48,27.91,27.32,27.67,27.46,0.21,0.7647,2238020.73,6179374.32,0.5,0.5,,,,,
600030.SH,20241023,27.68,28.19,27.47,27.57,27.67,-0.1,-0.3614,2793649.6,7763427.776,0.5,0.5,,,,,
600030.SH,20241024,27.4,27.71,27.11,27.28,27.57,-0.29,-1.0519,1629022.54,4461535.778,0.5,0.5,,,,,
600030.SH,20241025,27.28,27.89,27.2,27.5,27.28,0.22,0.8065,1665720.85,4581169.511,0.5,0.5,,,,,
600030.SH,20241028,27.51,27.61,27.34,27.49,27.5,-0.01,-0.0364,1345731.95,3691356.706,0.5,0.5,,,,,
600030.SH,20241029,27.52,27.96,27.2,27.23,27.49,-0.26,-0.9458,1868916.26,5145710.569,0.5,0.5,,,,,
600030.SH,20241030,27.25,27.78,27.17,27.46,27.23,0.23,0.8447,1944753.16,5331028.926,0.5,0.5,,,,,
600030.SH,20241031,27.4,28.8,27.2,28.12,27.46,0.66,2.4035,4095203.52,11535642.433,0.5,0.5,,,,,
600030.SH,20241101,28.12,28.62,27.84,27.95,28.12,-0.17,-0.6046,2721581.67,7672169.096,0.5,0.5,,,,,
600030.SH,20241104,28.01,29.07,28.01,29.06,27.95,1.11,3.9714,2742896.84,7846310.564,0.5,0.5,,,,,
600030.SH,20241105,29.23,30.99,28.69,30.47,29.06,1.41,4.852,4274423.77,12816061.523,0.5,0.5,,,,,
600030.SH,20241106,31.01,33.0,30.59,31.08,30.47,0.61,2.002,5450963.6,17240261.829,0.5,0.5,,,,,
600030.SH,20241107,30.5,34.19,30.5,34.19,31.08,3.11,10.0064,4804505.23,15537735.137,0.5,0.5,,,,,
600030.SH,20241108,36.49,36.49,34.55,34.88,34.19,0.69,2.0181,7454302.53,26491205.205,0.5,0.5,,,,,
600030.SH,20241111,33.55,35.6,33.1,34.88,34.88,0.0,0.0,5133058.43,17642461.682,0.5,0.5,,,,,
600030.SH,20241112,34.89,35.1,33.18,33.93,34.88,-0.95,-2.7236,4145650.34,14166082.324,0.5,0.5,,,,,
600030.SH,20241113,33.0,33.49,32.47,32.92,33.93,-1.01,-2.9767,3647055.39,12011916.259,0.5,0.5,,,,,
600030.SH,20241114,32.93,33.63,32.59,32.67,32.92,-0.25,-0.7594,2554450.67,8452182.996,0.5,0.5,,,,,
600030.SH,20241115,32.67,33.0,31.11,31.13,32.67,-1.54,-4.7138,3022570.08,9658174.454,0.5,0.5,,,,,
600030.SH,20241118,31.05,31.41,30.38,30.67,31.13,-0.46,-1.4777,2450263.83,7563239.7,0.5,0.5,,,,,
600030.SH,20241119,30.7,31.52,30.48,31.3,30.67,0.63,2.0541,2194106.12,6795769.179,0.5,0.5,,,,,
600030.SH,20241120,31.34,32.16,31.01,31.74,31.3,0.44,1.4058,2172904.26,6873427.378,0.5,0.5,,,,,
600030.SH,20241121,31.52,32.12,31.38,31.89,31.74,0.15,0.4726,1904305.9,6042276.754,0.5,0.5,,,,,
600030.SH,20241122,31.89,31.98,30.24,30.33,31.89,-1.56,-4.8918,2305779.43,7164401.757,0.5,0.5,,,,,
600030.SH,20241125,30.33,30.5,29.14,29.66,30.33,-0.67,-2.209,2318101.13,6880269.269,0.5,0.5,,,,,
600030.SH,20241126,29.68,30.25,29.59,29.72,29.66,0.06,0.2023,1365192.65,4077617.099,0.5,0.5,,,,,
600030.SH,20241127,29.69,30.29,29.49,30.28,29.72,0.56,1.8843,1783033.9,5342614.122,0.5,0.5,,,,,
600030.SH,20241128,30.36,30.41,29.81,29.87,30.28,-0.41,-1.354,1281967.4,3858994.298,0.5,0.5,,,,,
600030.SH,20241129,29.88,31.88,29.75,30.75,29.87,0.88,2.9461,2932909.11,9039101.215,0.5,0.5,,,,,
600030.SH,20241202,30.6,31.46,30.49,31.27,30.75,0.52,1.6911,1932380.36,6024240.988,0.5,0.5,,,,,
600030.SH,20241203,31.27,31.46,30.7,31.08,31.27,-0.19,-0.6076,1542309.2,4787944.453,0.5,0.5,,,,,
600030.SH,20241204,31.0,31.2,30.62,30.8,31.08,-0.28,-0.9009,1178785.74,3643248.466,0.5,0.5,,,,,
600030.SH,20241205,30.7,31.25,30.65,30.9,30.8,0.1,0.3247,1158933.31,3584769.689,0.5,0.5,,,,,
600030.SH,20241206,30.9,31.64,30.65,31.24,30.9,0.34,1.1003,2054177.48,6420319.586,0.5,0.5,,,,,
600030.SH,20241209,31.15,31.38,30.75,31.12,31.24,-0.12,-0.3841,1258571.7,3912475.318,0.5,0.5,,,,,
600030.SH,20241210,33.0,33.0,31.39,31.48,31.12,0.36,1.1568,3066783.93,9869463.926,0.5,0.5,,,,,
600030.SH,20241211,31.43,31.72,31.16,31.34,31.48,-0.14,-0.4447,1311479.87,4119760.433,0.5,0.5,,,,,
600030.SH,20241212,31.28,31.98,31.04,31.66,31.34,0.32,1.0211,1694641.17,5331870.964,0.5,0.5,,,,,
600030.SH,20241213,31.34,31.35,30.37,30.42,31.66,-1.24,-3.9166,2013226.45,6204088.515,0.5,0.5,,,,,
600030.SH,20241216,30.3,30.35,29.95,30.03,30.42,-0.39,-1.2821,1263453.31,3801767.876,0.5,0.5,,,,,
600030.SH,20241217,30.01,30.65,29.91,30.23,30.03,0.2,0.666,1197166.03,3621328.203,0.5,0.5,,,,,
600030.SH,20241218,30.4,30.5,30.18,30.29,30.23,0.06,0.1985,698694.46,2116480.629,0.5,0.5,,,,,
600030.SH,20241219,30.0,30.39,29.88,30.33,30.29,0.04,0.1321,921467.87,2782391.123,0.5,0.5,,,,,
600030.SH,20241220,30.09,30.56,30.03,30.34,30.09,0.25,0.8308,977712.48,2964895.28,0.5,0.5,,,,,
600030.SH,20241223,30.1,30.53,29.88,29.92,30.34,-0.42,-1.3843,1045889.07,3149338.369,0.5,0.5,,,,,
600030.SH,20241224,29.92,30.38,29.9,30.32,29.92,0.4,1.3369,1082009.42,3264728.04,0.5,0.5,,,,,
600030.SH,20241225,30.34,30.39,29.9,30.09,30.32,-0.23,-0.7586,940862.26,2833858.815,0.5,0.5,,,,,
600030.SH,20241226,30.09,30.33,29.95,30.15,30.09,0.06,0.1994,811411.98,2447344.066,0.5,0.5,,,,,
600030.SH,20241227,30.16,30.76,29.92,30.22,30.15,0.07,0.2322,1792644.02,5429064.622,0.5,0.5,,,,,
600030.SH,20241230,30.1,30.54,30.0,30.51,30.22,0.29,0.9596,1206691.05,3662919.134,0.5,0.5,,,,,
600030.SH,20241231,30.53,30.57,29.15,29.17,30.51,-1.34,-4.392,1980812.81,5903231.591,0.5,0.5,,,,,
600030.SH,20250102,28.98,29.0,27.17,27.45,29.17,-1.72,-5.8965,2828487.33,7898902.462,0.5,0.5,,,,,
600030.SH,20250103,27.34,27.57,26.84,26.97,27.45,-0.48,-1.7486,1839546.08,4998126.763,0.5,0.5,,,,,
600030.SH,20250106,26.8,27.11,26.52,27.06,26.97,0.09,0.3337,1236877.1,3329164.147,0.5,0.5,,,,,
600030.SH,20250107,27.1,27.32,26.81,27.16,27.06,0.1,0.3695,979724.05,2650426.338,0.5,0.5,,,,,
600030.SH,20250108,27.12,27.28,26.5,26.98,27.16,-0.18,-0.6627,1192336.01,3199334.778,0.5,0.5,,,,,
600030.SH,20250109,26.93,27.12,26.8,26.89,26.98,-0.09,-0.3336,630007.53,1699066.076,0.5,0.5,,,,,
600030.SH,20250110,26.93,27.08,26.46,26.46,26.89,-0.43,-1.5991,800249.77,2145973.115,0.5,0.5,,,,,
600030.SH,20250113,26.16,26.59,26.16,26.51,26.46,0.05,0.189,660663.89,1745282.889,0.5,0.5,,,,,
600030.SH,20250114,26.62,27.76,26.55,27.7,26.51,1.19,4.4889,1666249.23,4556431.362,0.5,0.5,,,,,
600030.SH,20250115,27.49,27.66,27.28,27.37,27.7,-0.33,-1.1913,888639.84,2439628.711,0.5,0.5,,,,,
600030.SH,20250116,27.55,27.79,27.02,27.25,27.37,-0.12,-0.4384,884583.84,2422135.499,0.5,0.5,,,,,
600030.SH,20250117,27.11,27.59,27.11,27.31,27.25,0.06,0.2202,670562.5,1835393.759,0.5,0.5,,,,,
600030.SH,20250120,27.55,27.85,27.32,27.4,27.31,0.09,0.3295,909528.04,2509191.2,0.5,0.5,,,,,
600030.SH,20250121,27.6,27.64,27.25,27.42,27.4,0.02,0.073,729069.52,2001896.776,0.5,0.5,,,,,
600030.SH,20250122,27.35,27.43,27.1,27.23,27.42,-0.19,-0.6929,700670.82,1906375.662,0.5,0.5,,,,,
600030.SH,20250123,27.82,28.5,27.43,27.45,27.23,0.22,0.8079,1624527.67,4530428.409,0.5,0.5,,,,,
600030.SH,20250124,27.43,27.74,27.34,27.54,27.45,0.09,0.3279,969037.22,2672866.999,0.5,0.5,,,,,
600030.SH,20250127,27.63,27.65,26.92,26.93,27.54,-0.61,-2.215,886259.76,2413270.221,0.5,0.5,,,,,
600030.SH,20250205,27.27,27.27,26.84,26.95,26.93,0.02,0.0743,786528.9,2123929.188,0.5,0.5,,,,,
600030.SH,20250206,26.9,27.46,26.84,27.37,26.95,0.42,1.5584,1044841.62,2841760.897,0.5,0.5,,,,,
600030.SH,20250207,27.35,28.67,27.23,28.14,27.37,0.77,2.8133,2157365.65,6040036.146,0.5,0.5,,,,,
600030.SH,20250210,28.16,28.3,27.96,28.15,28.14,0.01,0.0355,1089052.79,3061349.664,0.5,0.5,,,,,
600030.SH,20250211,28.11,28.13,27.83,27.97,28.15,-0.18,-0.6394,890392.31,2488585.227,0.5,0.5,,,,,
600030.SH,20250212,27.97,28.35,27.71,28.27,27.97,0.3,1.0726,1159838.26,3249412.218,0.5,0.5,,,,,
600030.SH,20250213,28.27,28.57,28.0,28.12,28.27,-0.15,-0.5306,1476616.69,4172564.748,0.5,0.5,,,,,
600030.SH,20250214,28.0,28.37,27.96,28.24,28.12,0.12,0.4267,986332.25,2779540.098,0.5,0.5,,,,,
600030.SH,20250217,28.5,28.63,28.1,28.29,28.24,0.05,0.1771,1208648.74,3429274.427,0.5,0.5,,,,,
600030.SH,20250218,28.19,28.23,27.46,27.54,28.29,-0.75,-2.6511,1114981.04,3107292.513,0.5,0.5,,,,,
600030.SH,20250219,27.55,28.16,27.5,27.99,27.54,0.45,1.634,1000718.44,2792111.25,0.5,0.5,,,,,
600030.SH,20250220,27.93,28.06,27.72,27.89,27.99,-0.1,-0.3573,712570.49,1988990.232,0.5,0.5,,,,,
600030.SH,20250221,27.89,28.61,27.71,28.46,27.89,0.57,2.0437,1847404.34,5232423.977,0.5,0.5,,,,,
600030.SH,20250224,28.46,28.68,28.11,28.35,28.46,-0.11,-0.3865,1197933.01,3405197.278,0.5,0.5,,,,,
600030.SH,20250225,28.1,28.22,27.72,27.83,28.35,-0.52,-1.8342,1038603.61,2906055.926,0.5,0.5,,,,,
600030.SH,20250226,27.88,28.45,27.76,28.45,27.83,0.62,2.2278,1393826.74,3916115.612,0.5,0.5,,,,,
600030.SH,20250227,28.23,28.5,27.83,28.24,28.45,-0.21,-0.7381,1444799.96,4062952.243,0.5,0.5,,,,,
600030.SH,20250228,28.16,28.58,27.3,27.33,28.24,-0.91,-3.2224,1594991.12,4442533.958,0.5,0.5,,,,,
600030.SH,20250303,27.43,27.8,27.21,27.36,27.33,0.03,0.1098,1065089.81,2931519.667,0.5,0.5,,,,,
600030.SH,20250304,27.22,27.49,27.16,27.36,27.36,0.0,0.0,641731.2,1755293.975,0.5,0.5,,,,,
600030.SH,20250305,27.36,27.48,27.12,27.34,27.36,-0.02,-0.0731,781856.46,2134914.467,0.5,0.5,,,,,
600030.SH,20250306,27.51,28.1,27.5,28.0,27.34,0.66,2.414,1562844.09,4359222.945,0.5,0.5,,,,,
600030.SH,20250307,27.8,27.89,27.52,27.58,28.0,-0.42,-1.5,957911.93,2653091.475,0.5,0.5,,,,,
600030.SH,20250310,27.5,27.5,27.14,27.24,27.58,-0.34,-1.2328,904437.87,2465622.786,0.5,0.5,,,,,
600030.SH,20250311,27.0,27.31,26.91,27.3,27.24,0.06,0.2203,779485.59,2112824.03,0.5,0.5,,,,,
600030.SH,20250312,27.3,27.72,27.19,27.3,27.3,0.0,0.0,975786.18,2674523.652,0.5,0.5,,,,,
600030.SH,20250313,27.25,27.45,26.98,27.1,27.3,-0.2,-0.7326,860428.62,2338986.157,0.5,0.5,,,,,
600030.SH,20250314,27.23,28.46,27.14,28.07,27.1,0.97,3.5793,2612083.8,7293137.589,0.5,0.5,,,,,
600030.SH,20250317,28.18,28.18,27.83,27.86,28.07,-0.21,-0.7481,1040019.52,2908938.808,0.5,0.5,,,,,
600030.SH,20250318,27.96,28.11,27.84,27.95,27.86,0.09,0.323,684072.27,1912300.538,0.5,0.5,,,,,
600030.SH,20250319,27.93,28.09,27.83,27.93,27.95,-0.02,-0.0716,677622.55,1893145.48,0.5,0.5,,,,,
600030.SH,20250320,27.93,27.95,27.61,27.68,27.93,-0.25,-0.8951,641191.08,1777878.916,0.5,0.5,,,,,
600030.SH,20250321,27.6,27.71,27.05,27.09,27.68,-0.59,-2.1315,977012.64,2668760.589,0.5,0.5,,,,,
600030.SH,20250324,27.09,27.2,27.0,27.19,27.09,0.1,0.3691,668790.05,1812137.629,0.5,0.5,,,,,
600030.SH,20250325,27.2,27.22,27.0,27.02,27.19,-0.17,-0.6252,539050.68,1459856.18,0.5,0.5,,,,,
600030.SH,20250326,27.02,27.11,26.94,26.98,27.02,-0.04,-0.148,564081.01,1523533.196,0.5,0.5,,,,,
600030.SH,20250327,26.94,27.16,26.71,26.9,26.98,-0.08,-0.2965,725472.31,1953678.394,0.5,0.5,,,,,
600030.SH,20250328,26.98,27.03,26.73,26.8,26.9,-0.1,-0.3717,658975.68,1769583.853,0.5,0.5,,,,,
600030.SH,20250331,26.72,26.84,26.3,26.52,26.8,-0.28,-1.0448,797838.7,2115699.502,0.5,0.5,,,,,
600030.SH,20250401,26.52,26.66,26.39,26.44,26.52,-0.08,-0.3017,596397.7,1580113.214,0.5,0.5,,,,,
600030.SH,20250402,26.4,26.61,26.35,26.54,26.44,0.1,0.3782,456718.67,1211260.842,0.5,0.5,,,,,
600030.SH,20250403,26.3,26.72,26.3,26.44,26.54,-0.1,-0.3768,558677.58,1479533.337,0.5,0.5,,,,,
600030.SH,20250407,25.0,25.17,23.8,24.02,26.44,-2.42,-9.1528,2277299.85,5537982.335,0.5,0.5,,,,,
600030.SH,20250408,24.11,24.59,23.88,24.5,24.02,0.48,1.9983,1718956.21,4187725.099,0.5,0.5,,,,,
600030.SH,20250409,24.44,25.12,24.15,24.89,24.5,0.39,1.5918,1423351.72,3510522.52,0.5,0.5,,,,,
600030.SH,20250410,25.25,25.4,24.7,25.14,24.89,0.25,1.0044,1227315.17,3093831.094,0.5,0.5,,,,,
600030.SH,20250411,25.13,25.59,25.03,25.36,25.14,0.22,0.8751,932289.96,2355030.858,0.5,0.5,,,,,
600030.SH,20250414,25.44,25.49,25.21,25.23,25.36,-0.13,-0.5126,635100.14,1608059.45,0.5,0.5,,,,,
600030.SH,20250415,25.19,25.21,24.94,25.11,25.23,-0.12,-0.4756,562515.65,1409537.552,0.5,0.5,,,,,
600030.SH,20250416,25.09,25.25,24.77,25.15,25.11,0.04,0.1593,662043.42,1651630.526,0.5,0.5,,,,,
600030.SH,20250417,25.05,25.25,24.97,25.17,25.15,0.02,0.0795,481694.73,1210732.279,0.5,0.5,,,,,
600030.SH,20250418,25.06,25.25,25.0,25.15,25.17,-0.02,-0.0795,476293.84,1196730.534,0.5,0.5,,,,,
600030.SH,20250421,25.07,25.28,24.99,25.23,25.15,0.08,0.3181,441371.23,1112592.222,0.5,0.5,,,,,
600030.SH,20250422,25.2,25.3,25.08,25.08,25.23,-0.15,-0.5945,459491.14,1157699.163,0.5,0.5,,,,,
600030.SH,20250423,25.23,25.28,25.04,25.13,25.08,0.05,0.1994,483723.79,1216639.786,0.5,0.5,,,,,
600030.SH,20250424,25.12,25.25,24.95,25.0,25.13,-0.13,-0.5173,519160.77,1302315.279,0.5,0.5,,,,,
600030.SH,20250425,25.1,25.33,25.08,25.2,25.0,0.2,0.8,670113.22,1690527.144,0.5,0.5,,,,,
600030.SH,20250428,25.2,25.21,25.0,25.13,25.2,-0.07,-0.2778,440655.97,1106437.411,0.5,0.5,,,,,
600030.SH,20250429,25.14,25.2,24.96,25.01,25.13,-0.12,-0.4775,462586.39,1158492.283,0.5,0.5,,,,,
600030.SH,20250430,25.08,25.28,25.02,25.08,25.01,0.07,0.2799,514514.23,1293711.645,0.5,0.5,,,,,
600030.SH,20250506,25.28,25.68,25.2,25.51,25.08,0.43,1.7145,819029.58,2086441.329,0.5,0.5,,,,,
600030.SH,20250507,26.28,26.42,25.61,25.67,25.51,0.16,0.6272,1173234.26,3040010.228,0.5,0.5,,,,,
600030.SH,20250508,25.64,26.2,25.55,25.86,25.67,0.19,0.7402,836747.44,2170080.322,0.5,0.5,,,,,
600030.SH,20250509,25.8,25.88,25.54,25.55,25.86,-0.31,-1.1988,476958.37,1223488.81,0.5,0.5,,,,,
600030.SH,20250512,25.78,26.38,25.65,26.3,25.55,0.75,2.9354,1314581.56,3436067.273,0.5,0.5,,,,,
600030.SH,20250513,26.5,26.55,26.06,26.09,26.3,-0.21,-0.7985,796426.18,2088033.654,0.5,0.5,,,,,
600030.SH,20250514,26.05,27.74,26.01,27.07,26.09,0.98,3.7562,2739056.37,7367935.399,0.5,0.5,,,,,
600030.SH,20250515,26.8,27.01,26.52,26.58,27.07,-0.49,-1.8101,994564.56,2657150.207,0.5,0.5,,,,,
600030.SH,20250516,26.47,26.68,26.13,26.21,26.58,-0.37,-1.392,714799.98,1878231.801,0.5,0.5,,,,,
600030.SH,20250519,26.18,26.24,26.02,26.11,26.21,-0.1,-0.3815,492746.31,1285903.214,0.5,0.5,,,,,
600030.SH,20250520,26.16,26.28,26.06,26.09,26.11,-0.02,-0.0766,505240.73,1320882.683,0.5,0.5,,,,,
600030.SH,20250521,26.09,26.2,26.03,26.04,26.09,-0.05,-0.1916,536492.25,1400914.012,0.5,0.5,,,,,
600030.SH,20250522,26.0,26.07,25.86,25.99,26.04,-0.05,-0.192,443994.58,1153132.884,0.5,0.5,,,,,
600030.SH,20250523,25.93,26.15,25.66,25.67,25.99,-0.32,-1.2312,664481.83,1720713.753,0.5,0.5,,,,,
600030.SH,20250526,25.65,25.77,25.53,25.62,25.67,-0.05,-0.1948,450698.98,1154448.356,0.5,0.5,,,,,
600030.SH,20250527,25.59,25.63,25.42,25.51,25.62,-0.11,-0.4294,435104.92,1110726.854,0.5,0.5,,,,,
600030.SH,20250528,25.54,25.58,25.36,25.42,25.51,-0.09,-0.3528,354733.27,902758.248,0.5,0.5,,,,,
600030.SH,20250529,25.41,25.79,25.41,25.7,25.42,0.28,1.1015,542716.35,1392291.072,0.5,0.5,,,,,
600030.SH,20250530,25.58,25.65,25.37,25.52,25.7,-0.18,-0.7004,549770.72,1402145.833,0.5,0.5,,,,,
600030.SH,20250603,25.4,25.78,25.36,25.59,25.52,0.07,0.2743,549946.39,1407063.923,0.5,0.5,,,,,
600030.SH,20250604,25.58,26.05,25.56,25.89,25.59,0.3,1.1723,639143.01,1653640.823,0.5,0.5,,,,,
600030.SH,20250605,25.92,26.23,25.86,26.18,25.89,0.29,1.1201,852045.55,2221904.942,0.5,0.5,,,,,
600030.SH,20250606,26.18,26.28,25.95,25.98,26.18,-0.2,-0.7639,504053.65,1313321.249,0.5,0.5,,,,,
600030.SH,20250609,26.08,26.53,26.08,26.43,25.98,0.45,1.7321,908769.94,2399507.281,0.5,0.5,,,,,
600030.SH,20250610,26.43,26.49,25.82,25.95,26.43,-0.48,-1.8161,735343.7,1920532.86,0.5,0.5,,,,,
600030.SH,20250611,26.05,26.7,26.0,26.38,25.95,0.43,1.657,1032665.58,2730197.606,0.5,0.5,,,,,
600030.SH,20250612,26.17,26.68,26.06,26.44,26.38,0.06,0.2274,748015.14,1978379.473,0.5,0.5,,,,,
600030.SH,20250613,26.35,26.44,26.18,26.3,26.44,-0.14,-0.5295,737265.26,1937850.752,0.5,0.5,,,,,
600030.SH,20250616,26.2,26.75,26.17,26.68,26.3,0.38,1.4449,780961.24,2072284.895,0.5,0.5,,,,,
600030.SH,20250617,26.67,26.72,26.52,26.7,26.68,0.02,0.075,514967.64,1371101.918,0.5,0.5,,,,,
600030.SH,20250618,26.7,26.71,26.25,26.38,26.7,-0.32,-1.1985,523047.69,1381128.495,0.5,0.5,,,,,
600030.SH,20250619,26.35,26.42,25.86,25.91,26.38,-0.47,-1.7817,652146.7,1698490.899,0.5,0.5,,,,,
600030.SH,20250620,25.91,26.05,25.88,25.88,25.91,-0.03,-0.1158,419924.36,1089208.101,0.5,0.5,,,,,
600030.SH,20250623,25.78,26.3,25.75,26.23,25.88,0.35,1.3524,552357.75,1439115.622,0.5,0.5,,,,,
600030.SH,20250624,26.28,27.07,26.26,26.91,26.23,0.68,2.5925,1364249.65,3659696.31,0.5,0.5,,,,,
600030.SH,20250625,26.94,28.2,26.85,28.03,26.91,1.12,4.162,2856361.22,7881370.307,0.5,0.5,,,,,
600030.SH,20250626,27.98,28.06,27.55,27.57,28.03,-0.46,-1.6411,1669402.28,4633306.781,0.5,0.5,,,,,
600030.SH,20250627,27.65,28.46,27.5,27.58,27.57,0.01,0.0363,1776584.92,4968291.923,0.5,0.5,,,,,
600030.SH,20250630,27.61,27.85,27.35,27.62,27.58,0.04,0.145,968626.49,2670400.296,0.5,0.5,,,,,
600030.SH,20250701,27.63,27.78,27.31,27.39,27.62,-0.23,-0.8327,707623.48,1940654.049,0.5,0.5,,,,,
600030.SH,20250702,27.4,27.52,27.23,27.28,27.39,-0.11,-0.4016,575250.52,1573744.149,0.5,0.5,,,,,
600030.SH,20250703,27.39,27.75,27.36,27.67,27.28,0.39,1.4296,725989.17,2000459.02,0.5,0.5,,,,,
600030.SH,20250704,27.6,28.05,27.35,27.66,27.67,-0.01,-0.0361,1021393.72,2830151.537,0.5,0.5,,,,,
600030.SH,20250707,27.53,27.91,27.49,27.79,27.66,0.13,0.47,572223.77,1588782.683,0.5,0.5,,,,,
600030.SH,20250708,27.72,28.08,27.71,28.02,27.79,0.23,0.8276,845803.24,2365303.71,0.5,0.5,,,,,
600030.SH,20250709,28.02,28.26,27.76,27.81,28.02,-0.21,-0.7495,807702.1,2261446.228,0.5,0.5,,,,,
600030.SH,20250710,27.78,28.42,27.72,28.23,27.81,0.42,1.5102,1421972.16,4006903.003,0.5,0.5,,,,,
600030.SH,20250711,28.33,29.29,28.16,28.66,28.23,0.43,1.5232,2465015.48,7099768.618,0.5,0.5,,,,,
600030.SH,20250714,28.77,28.82,28.38,28.41,28.66,-0.25,-0.8723,1009297.23,2880998.854,0.5,0.5,,,,,
600030.SH,20250715,28.45,28.62,28.08,28.24,28.41,-0.17,-0.5984,943268.37,2669330.265,0.5,0.5,,,,,
600030.SH,20250716,28.24,28.33,27.9,28.08,28.24,-0.16,-0.5666,761523.58,2140328.874,0.5,0.5,,,,,
600030.SH,20250717,28.07,28.38,28.01,28.25,28.08,0.17,0.6054,639997.06,1801602.017,0.5,0.5,,,,,
600030.SH,20250718,28.3,28.46,28.16,28.34,28.25,0.09,0.3186,666698.3,1886801.282,0.5,0.5,,,,,
600030.SH,20250721,28.45,29.01,28.34,28.9,28.34,0.56,1.976,1329004.64,3827828.697,0.5,0.5,,,,,
600030.SH,20250722,28.9,29.08,28.54,28.93,28.9,0.03,0.1038,1121874.41,3231521.991,0.5,0.5,,,,,
600030.SH,20250723,29.01,30.06,29.0,29.78,28.93,0.85,2.9381,2887813.18,8542345.798,0.5,0.5,,,,,
600030.SH,20250724,29.56,30.28,29.48,30.04,29.78,0.26,0.8731,2097840.96,6293474.532,0.5,0.5,,,,,
600030.SH,20250725,30.09,30.22,29.61,29.7,30.04,-0.34,-1.1318,1213934.84,3625225.12,0.5,0.5,,,,,
600030.SH,20250728,29.73,30.43,29.64,29.96,29.7,0.26,0.8754,1257925.47,3779720.808,0.5,0.5,,,,,
600030.SH,20250729,29.8,29.99,29.45,29.95,29.96,-0.01,-0.0334,1229931.05,3656078.962,0.5,0.5,,,,,
600030.SH,20250730,29.9,30.33,29.45,29.78,29.95,-0.17,-0.5676,1268808.6,3797224.729,0.5,0.5,,,,,
600030.SH,20250731,29.59,29.9,28.85,29.02,29.78,-0.76,-2.552,1413395.21,4146844.446,0.5,0.5,,,,,
600030.SH,20250801,29.0,29.2,28.7,28.75,29.02,-0.27,-0.9304,963890.8,2786733.536,0.5,0.5,,,,,
600030.SH,20250804,28.65,28.99,28.6,28.91,28.75,0.16,0.5565,713717.56,2055044.707,0.5,0.5,,,,,
600030.SH,20250805,28.96,29.28,28.88,29.18,28.91,0.27,0.9339,913588.52,2654420.805,0.5,0.5,,,,,
600030.SH,20250806,29.1,29.26,28.96,29.16,29.18,-0.02,-0.0685,739240.34,2153758.084,0.5,0.5,,,,,
600030.SH,20250807,29.21,29.45,28.94,29.11,29.16,-0.05,-0.1715,880056.36,2566335.297,0.5,0.5,,,,,
600030.SH,20250808,29.1,29.11,28.82,28.88,29.11,-0.23,-0.7901,654561.37,1894690.752,0.5,0.5,,,,,
600030.SH,20250811,28.89,29.65,28.89,29.38,28.88,0.5,1.7313,1267734.99,3724263.635,0.5,0.5,,,,,
600030.SH,20250812,29.44,29.57,29.31,29.48,29.38,0.1,0.3404,820512.6,2415805.698,0.5,0.5,,,,,
600030.SH,20250813,29.65,30.06,29.32,29.62,29.48,0.14,0.4749,2000478.66,5945238.503,0.5,0.5,,,,,
600030.SH,20250814,29.71,30.2,29.57,29.65,29.62,0.03,0.1013,1861877.03,5562185.689,0.5,0.5,,,,,
600030.SH,20250815,29.65,31.51,29.51,31.1,29.65,1.45,4.8904,4008066.1,12313562.406,0.5,0.5,,,,,
600030.SH,20250818,31.19,32.3,30.9,31.7,31.1,0.6,1.9293,3566481.88,11284010.952,0.5,0.5,,,,,
600030.SH,20250819,31.5,31.83,30.94,31.02,31.7,-0.68,-2.1451,1968582.62,6158371.746,0.5,0.5,,,,,
600030.SH,20250820,30.9,31.16,30.35,31.15,31.02,0.13,0.4191,1858230.25,5718792.645,0.5,0.5,,,,,
600030.SH,20250821,31.35,31.42,30.72,30.88,31.15,-0.27,-0.8668,1379012.68,4284970.507,0.5,0.5,,,,,
600030.SH,20250822,30.87,32.22,30.86,32.2,30.88,1.32,4.2746,2704919.8,8561038.378,0.5,0.5,,,,,
600030.SH,20250825,32.5,32.53,31.63,32.14,31.92,0.22,0.6892,2514491.82,8054612.646,0.5,0.5,,,,,
600030.SH,20250826,31.94,32.09,31.63,31.68,32.14,-0.46,-1.4312,1399982.82,4459689.621,0.5,0.5,,,,,
600030.SH,20250827,31.67,32.08,30.87,30.89,31.68,-0.79,-2.4937,2094916.95,6604013.663,0.5,0.5,,,,,
600030.SH,20250828,30.9,31.5,30.69,31.5,30.89,0.61,1.9747,1639483.78,5092858.422,0.5,0.5,,,,,
600030.SH,20250829,31.7,32.08,31.35,31.48,31.5,-0.02,-0.0635,2486871.07,7870324.453,0.5,0.5,,,,,
600030.SH,20250901,31.49,31.55,30.9,31.17,31.48,-0.31,-0.9848,1708743.07,5328087.689,0.5,0.5,,,,,
600030.SH,20250902,31.2,31.33,30.66,30.78,31.17,-0.39,-1.2512,1700845.91,5255366.923,0.5,0.5,,,,,
600030.SH,20250903,30.97,31.07,29.52,29.79,30.78,-0.99,-3.2164,1884760.82,5681134.739,0.5,0.5,,,,,
600030.SH,20250904,29.76,29.91,29.2,29.56,29.79,-0.23,-0.7721,1815806.53,5367895.398,0.5,0.5,,,,,
600030.SH,20250905,29.57,29.85,29.33,29.83,29.56,0.27,0.9134,1333730.6,3946998.043,0.5,0.5,,,,,
600030.SH,20250908,29.8,29.8,29.35,29.45,29.83,-0.38,-1.2739,1551198.17,4576095.541,0.5,0.5,,,,,
600030.SH,20250909,29.45,29.74,29.38,29.52,29.45,0.07,0.2377,1179284.05,3481157.225,0.5,0.5,,,,,
600030.SH,20250910,29.57,29.69,29.34,29.48,29.52,-0.04,-0.1355,884048.43,2609280.738,0.5,0.5,,,,,
600030.SH,20250911,29.39,30.33,29.3,30.33,29.48,0.85,2.8833,1863990.77,5582043.266,0.5,0.5,,,,,
600030.SH,20250912,30.36,30.43,29.7,29.78,30.33,-0.55,-1.8134,1479843.24,4443482.473,0.5,0.5,,,,,
600030.SH,20250915,29.86,30.15,29.42,29.59,29.78,-0.19,-0.638,1724541.02,5134931.803,0.5,0.5,,,,,
600030.SH,20250916,29.6,29.86,29.21,29.28,29.59,-0.31,-1.0477,2083444.21,6137333.282,0.5,0.5,,,,,
600030.SH,20250917,29.29,29.51,28.96,28.99,29.28,-0.29,-0.9904,3024152.62,8823722.234,0.5,0.5,,,,,
600030.SH,20250918,29.01,29.19,28.15,28.35,28.99,-0.64,-2.2077,3729978.84,10712761.661,0.5,0.5,,,,,
600030.SH,20250919,28.25,28.6,28.14,28.31,28.35,-0.04,-0.1411,1662300.32,4717340.586,0.5,0.5,,,,,
600030.SH,20250922,28.45,28.88,28.36,28.78,28.31,0.47,1.6602,1559234.18,4470772.78,0.5,0.5,,,,,
600030.SH,20250923,28.63,28.81,28.25,28.5,28.78,-0.28,-0.9729,1497357.24,4261899.074,0.5,0.5,,,,,
600030.SH,20250924,28.35,28.87,28.34,28.69,28.5,0.19,0.6667,1558198.04,4449992.755,0.5,0.5,,,,,
600030.SH,20250925,28.63,28.84,28.55,28.71,28.69,0.02,0.0697,1328063.22,3815540.272,0.5,0.5,,,,,
600030.SH,20250926,28.67,28.99,28.51,28.72,28.71,0.01,0.0348,1266430.6,3641096.137,0.5,0.5,,,,,
600030.SH,20250929,28.72,31.49,28.62,30.41,28.72,1.69,5.8844,5937714.49,17972866.572,0.5,0.5,,,,,
600030.SH,20250930,30.28,30.6,29.74,29.9,30.41,-0.51,-1.6771,2950387.97,8855514.217,0.5,0.5,,,,,
600030.SH,20251009,29.6,30.25,29.35,29.65,29.9,-0.25,-0.8361,3807984.68,11325172.371,0.5,0.5,,,,,
600030.SH,20251010,29.64,30.27,29.54,29.68,29.65,0.03,0.1012,2675856.28,7995783.962,0.5,0.5,,,,,
600030.SH,20251013,28.9,29.49,28.81,29.2,29.68,-0.48,-1.6173,2110493.26,6135452.947,0.5,0.5,,,,,
600030.SH,20251014,29.2,29.71,28.93,29.03,29.2,-0.17,-0.5822,1955124.52,5727412.73,0.5,0.5,,,,,
600030.SH,20251015,29.14,29.73,29.06,29.69,29.03,0.66,2.2735,1964851.92,5779800.802,0.5,0.5,,,,,
600030.SH,20251016,29.6,29.98,29.5,29.65,29.69,-0.04,-0.1347,1597315.18,4745901.327,0.5,0.5,,,,,
600030.SH,20251017,29.66,29.93,29.05,29.09,29.65,-0.56,-1.8887,1739898.9,5124858.639,0.5,0.5,,,,,
600030.SH,20251020,29.4,29.54,29.12,29.23,29.09,0.14,0.4813,1227306.84,3594768.008,0.5,0.5,,,,,
600030.SH,20251021,29.31,30.11,29.21,29.36,29.23,0.13,0.4447,3068678.2,9070647.644,0.5,0.5,,,,,
600030.SH,20251022,29.22,29.23,29.02,29.19,29.36,-0.17,-0.579,1226948.26,3574148.771,0.5,0.5,,,,,
600030.SH,20251023,29.2,29.58,28.85,29.52,29.19,0.33,1.1305,1403605.35,4096658.104,0.5,0.5,,,,,
600030.SH,20251024,29.55,30.06,29.5,29.87,29.52,0.35,1.1856,2990943.43,8892004.443,0.5,0.5,,,,,
600030.SH,20251027,30.25,30.63,29.83,29.99,29.87,0.12,0.4017,4612142.11,13902244.215,0.5,0.5,,,,,
600030.SH,20251028,29.98,30.34,29.8,30.0,29.99,0.01,0.0333,2263316.03,6798411.079,0.5,0.5,,,,,
600030.SH,20251029,29.95,30.46,29.85,30.3,30.0,0.3,1.0,3136701.98,9477951.609,0.5,0.5,,,,,
600030.SH,20251030,30.19,30.23,29.62,29.68,30.3,-0.62,-2.0462,2452208.42,7339678.554,0.5,0.5,,,,,
600030.SH,20251031,29.72,29.87,29.37,29.38,29.68,-0.3,-1.0108,1671532.29,4938189.521,0.5,0.5,,,,,
600030.SH,20251103,29.35,29.38,28.93,29.22,29.38,-0.16,-0.5446,1393516.93,4059197.676,0.5,0.5,,,,,
600030.SH,20251104,29.18,29.25,28.96,29.08,29.22,-0.14,-0.4791,1197589.45,3482779.128,0.5,0.5,,,,,
600030.SH,20251105,28.93,29.17,28.92,29.06,29.08,-0.02,-0.0688,940558.79,2735028.199,0.5,0.5,,,,,
600030.SH,20251106,29.12,29.43,29.1,29.19,29.06,0.13,0.4474,1625618.07,4753244.677,0.5,0.5,,,,,
600030.SH,20251107,29.09,29.12,28.95,29.0,29.19,-0.19,-0.6509,960721.34,2787864.865,0.5,0.5,,,,,
600030.SH,20251110,29.0,29.46,28.96,29.3,29.0,0.3,1.0345,1621940.18,4737134.777,0.5,0.5,,,,,
600030.SH,20251111,29.34,29.4,29.0,29.06,29.3,-0.24,-0.8191,1042995.4,3038989.818,0.5,0.5,,,,,
600030.SH,20251112,29.07,29.11,28.81,28.9,29.06,-0.16,-0.5506,1086308.12,3144600.711,0.5,0.5,,,,,
600030.SH,20251113,28.88,29.12,28.86,29.08,28.9,0.18,0.6228,1178749.07,3418473.434,0.5,0.5,,,,,
600030.SH,20251114,28.95,28.96,28.62,28.64,29.08,-0.44,-1.5131,1201707.06,3463551.862,0.5,0.5,,,,,
600030.SH,20251117,28.61,28.61,28.26,28.29,28.64,-0.35,-1.2221,1077709.05,3058387.828,0.5,0.5,,,,,
600030.SH,20251118,28.27,28.43,28.17,28.22,28.29,-0.07,-0.2474,915153.89,2589358.392,0.5,0.5,,,,,
600030.SH,20251119,28.22,28.42,28.2,28.3,28.22,0.08,0.2835,844812.74,2392792.474,0.5,0.5,,,,,
600030.SH,20251120,28.85,28.94,28.28,28.3,28.3,0.0,0.0,1528642.85,4380360.233,0.5,0.5,,,,,
600030.SH,20251121,28.01,28.25,27.3,27.3,28.3,-1.0,-3.5336,1695039.16,4693752.816,0.5,0.5,,,,,
600030.SH,20251124,27.4,27.5,27.26,27.39,27.3,0.09,0.3297,891388.79,2441061.829,0.5,0.5,,,,,
600030.SH,20251125,27.47,27.65,27.4,27.47,27.39,0.08,0.2921,802259.05,2207852.49,0.5,0.5,,,,,
600030.SH,20251126,27.52,27.72,27.44,27.6,27.47,0.13,0.4732,681694.52,1881110.589,0.5,0.5,,,,,
600030.SH,20251127,27.53,27.81,27.52,27.58,27.6,-0.02,-0.0725,648647.4,1794367.924,0.5,0.5,,,,,
600030.SH,20251128,27.61,27.64,27.41,27.59,27.58,0.01,0.0363,746598.23,2055903.546,0.5,0.5,,,,,
600030.SH,20251201,27.5,27.73,27.48,27.67,27.59,0.08,0.29,707987.37,1956001.679,0.5,0.5,,,,,
600030.SH,20251202,27.66,27.69,27.35,27.37,27.67,-0.3,-1.0842,652921.52,1793505.908,0.5,0.5,,,,,
600030.SH,20251203,27.45,27.57,27.03,27.15,27.37,-0.22,-0.8038,781105.36,2129256.756,0.5,0.5,,,,,
600030.SH,20251204,27.14,27.38,27.02,27.2,27.15,0.05,0.1842,692375.57,1882466.793,0.5,0.5,,,,,
600030.SH,20251205,27.2,28.09,27.16,27.86,27.2,0.66,2.4265,1637905.21,4536315.644,0.5,0.5,,,,,
600030.SH,20251208,28.38,29.06,28.38,28.7,27.86,0.84,3.0151,3146216.7,9057705.852,0.5,0.5,,,,,
600030.SH,20251209,28.52,28.83,28.38,28.53,28.7,-0.17,-0.5923,1301285.21,3717964.325,0.5,0.5,,,,,
600030.SH,20251210,28.42,28.57,28.16,28.52,28.53,-0.01,-0.0351,992896.87,2815735.192,0.5,0.5,,,,,
600030.SH,20251211,28.55,28.58,28.15,28.29,28.52,-0.23,-0.8065,742250.23,2103229.398,0.5,0.5,,,,,
600030.SH,20251212,28.26,28.56,28.08,28.41,28.29,0.12,0.4242,1067569.84,3023765.536,0.5,0.5,,,,,
600030.SH,20251215,28.26,28.94,28.18,28.55,28.41,0.14,0.4928,1193241.23,3418024.767,0.5,0.5,,,,,
600030.SH,20251216,28.44,28.79,28.28,28.48,28.55,-0.07,-0.2452,1001616.02,2851192.434,0.5,0.5,,,,,
600030.SH,20251217,28.48,29.15,28.4,28.97,28.48,0.49,1.7205,1617037.72,4662507.508,0.5,0.5,,,,,
600030.SH,20251218,28.9,28.9,28.47,28.53,28.97,-0.44,-1.5188,1135938.28,3248014.078,0.5,0.5,,,,,
600030.SH,20251219,28.58,28.94,28.47,28.68,28.53,0.15,0.5258,983481.53,2821714.142,0.5,0.5,,,,,
600030.SH,20251222,28.62,28.79,28.6,28.65,28.68,-0.03,-0.1046,753313.1,2160286.841,0.5,0.5,,,,,
600030.SH,20251223,28.68,28.88,28.59,28.63,28.65,-0.02,-0.0698,940646.57,2702038.44,0.5,0.5,,,,,
600030.SH,20251224,28.61,28.83,28.55,28.74,28.63,0.11,0.3842,789519.22,2266348.143,0.5,0.5,,,,,
600030.SH,20251225,28.75,29.02,28.7,28.96,28.74,0.22,0.7655,1044947.96,3020073.434,0.5,0.5,,,,,
600030.SH,20251226,28.96,29.4,28.9,29.1,28.96,0.14,0.4834,1413525.75,4122805.47,0.5,0.5,,,,,
600030.SH,20251229,29.03,29.14,28.86,28.94,29.1,-0.16,-0.5498,906710.97,2628004.106,0.5,0.5,,,,,
600030.SH,20251230,28.86,29.02,28.75,28.83,28.94,-0.11,-0.3801,854347.93,2463949.229,0.5,0.5,,,,,
600030.SH,20251231,28.8,29.07,28.68,28.71,28.83,-0.12,-0.4162,856347.53,2470416.84,0.5,0.5,,,,,
600030.SH,20260105,28.83,29.36,28.8,29.33,28.71,0.62,2.1595,1851770.13,5402908.222,0.5,0.5,,,,,
600030.SH,20260106,29.36,30.25,29.33,30.19,29.33,0.86,2.9322,3349357.99,10055094.452,0.5,0.5,,,,,
600030.SH,20260107,30.21,30.21,29.4,29.5,30.19,-0.69,-2.2855,2295021.22,6829635.012,0.5,0.5,,,,,
600030.SH,20260108,29.29,29.29,28.45,28.54,29.5,-0.96,-3.2542,3150272.25,9039903.881,0.5,0.5,,,,,
600030.SH,20260109,28.54,28.67,28.35,28.57,28.54,0.03,0.1051,2326771.61,6628564.036,0.5,0.5,,,,,
600030.SH,20260112,28.57,28.85,28.41,28.78,28.57,0.21,0.735,2173083.1,6227140.485,0.5,0.5,,,,,
600030.SH,20260113,28.85,29.15,28.48,28.55,28.78,-0.23,-0.7992,2159691.09,6226326.714,0.5,0.5,,,,,
600030.SH,20260114,28.49,29.13,28.15,28.23,28.55,-0.32,-1.1208,3218823.41,9209655.922,0.5,0.5,,,,,
600030.SH,20260115,28.38,28.8,28.23,28.28,28.23,0.05,0.1771,2078141.42,5904891.817,0.5,0.5,,,,,
600030.SH,20260116,28.5,28.57,27.99,28.08,28.28,-0.2,-0.7072,2095812.79,5914162.078,0.5,0.5,,,,,
600030.SH,20260119,27.74,27.97,27.7,27.91,28.08,-0.17,-0.6054,1594337.64,4437182.144,0.5,0.5,,,,,
600030.SH,20260120,27.93,28.15,27.91,28.05,27.91,0.14,0.5016,1385133.36,3884362.839,0.5,0.5,,,,,
600030.SH,20260121,28.03,28.11,27.79,27.94,28.05,-0.11,-0.3922,1410501.26,3943890.4,0.5,0.5,,,,,
600030.SH,20260122,27.9,28.22,27.82,27.92,27.94,-0.02,-0.0716,1725924.74,4825498.273,0.5,0.5,,,,,
600030.SH,20260123,28.0,28.06,27.7,27.77,27.92,-0.15,-0.5372,1881061.35,5240083.934,0.5,0.5,,,,,
600030.SH,20260126,27.77,28.44,27.71,28.07,27.77,0.3,1.0803,2637511.64,7423210.356,0.5,0.5,,,,,
600030.SH,20260127,28.09,28.14,27.8,27.86,28.07,-0.21,-0.7481,1415238.12,3957139.689,0.5,0.5,,,,,
600030.SH,20260128,27.89,28.18,27.77,27.94,27.86,0.08,0.2872,1718793.81,4805814.919,0.5,0.5,,,,,
600030.SH,20260129,27.9,28.58,27.7,28.56,27.94,0.62,2.219,2977811.77,8387338.386,0.5,0.5,,,,,
600030.SH,20260130,28.5,28.52,28.08,28.08,28.56,-0.48,-1.6807,1907095.29,5390994.67,0.5,0.5,,,,,
600030.SH,20260202,28.09,28.6,27.83,27.86,28.08,-0.22,-0.7835,1818336.06,5128515.409,0.5,0.5,,,,,
600030.SH,20260203,28.07,28.1,27.71,27.97,27.86,0.11,0.3948,1322917.49,3686657.439,0.5,0.5,,,,,
600030.SH,20260204,27.85,28.39,27.84,28.38,27.97,0.41,1.4659,1572192.53,4440800.888,0.5,0.5,,,,,
600030.SH,20260205,28.29,28.49,28.13,28.29,28.38,-0.09,-0.3171,1156841.69,3276268.367,0.5,0.5,,,,,
600030.SH,20260206,28.2,28.36,28.1,28.16,28.29,-0.13,-0.4595,1074026.53,3027616.78,0.5,0.5,,,,,
600030.SH,20260209,28.01,28.1,27.88,28.06,27.87,0.19,0.6817,970534.35,2718596.599,0.5,0.5,,,,,
600030.SH,20260210,28.06,28.18,27.98,28.09,28.06,0.03,0.1069,756298.09,2124582.776,0.5,0.5,,,,,
600030.SH,20260211,28.11,28.15,27.95,28.04,28.09,-0.05,-0.178,836659.8,2346138.81,0.5,0.5,,,,,
600030.SH,20260212,28.03,28.03,27.77,27.87,28.04,-0.17,-0.6063,957854.15,2671181.327,0.5,0.5,,,,,
600030.SH,20260213,27.87,28.0,27.62,27.62,27.87,-0.25,-0.897,1090465.16,3032551.539,0.5,0.5,,,,,
600030.SH,20260224,27.76,27.8,27.61,27.63,27.62,0.01,0.0362,847928.05,2346720.145,0.5,0.5,,,,,
600030.SH,20260225,27.64,27.89,27.61,27.74,27.63,0.11,0.3981,1016230.21,2823641.661,0.5,0.5,,,,,
600030.SH,20260226,27.75,27.78,27.33,27.38,27.74,-0.36,-1.2978,1326288.52,3647542.589,0.5,0.5,,,,,
600030.SH,20260227,27.36,27.49,27.18,27.37,27.38,-0.01,-0.0365,877587.58,2400314.701,0.5,0.5,,,,,
600030.SH,20260302,27.11,27.2,26.86,27.07,27.37,-0.3,-1.0961,1309693.7,3544085.955,0.5,0.5,,,,,
600030.SH,20260303,27.06,27.38,26.75,26.8,27.07,-0.27,-0.9974,1607211.45,4345572.179,0.5,0.5,,,,,
600030.SH,20260304,26.6,26.65,26.05,26.14,26.8,-0.66,-2.4627,1500801.06,3949873.435,0.5,0.5,,,,,
600030.SH,20260305,26.33,26.44,26.1,26.21,26.14,0.07,0.2678,818990.57,2150433.698,0.5,0.5,,,,,
600030.SH,20260306,26.18,26.58,26.11,26.43,26.21,0.22,0.8394,776733.36,2046673.145,0.5,0.5,,,,,
600030.SH,20260309,26.01,26.01,25.63,25.88,26.43,-0.55,-2.081,1269465.26,3279905.456,0.5,0.5,,,,,
600030.SH,20260310,26.1,26.27,26.0,26.13,25.88,0.25,0.966,908377.52,2371463.279,0.5,0.5,,,,,
600030.SH,20260311,26.14,26.2,25.94,26.1,26.13,-0.03,-0.1148,884025.98,2304795.581,0.5,0.5,,,,,
600030.SH,20260312,26.0,26.08,25.8,25.93,26.1,-0.17,-0.6513,918617.5,2381053.286,0.5,0.5,,,,,
600030.SH,20260313,25.73,25.95,25.66,25.75,25.93,-0.18,-0.6942,806477.44,2080610.907,0.5,0.5,,,,,
600030.SH,20260316,25.66,25.69,25.36,25.5,25.75,-0.25,-0.9709,1156698.03,2943468.144,0.5,0.5,,,,,
600030.SH,20260317,25.5,26.55,25.5,25.91,25.5,0.41,1.6078,2211717.82,5770156.338,0.5,0.5,,,,,
600030.SH,20260318,25.9,26.02,25.75,25.97,25.91,0.06,0.2316,859658.52,2224720.654,0.5,0.5,,,,,
600030.SH,20260319,25.75,25.84,25.5,25.61,25.97,-0.36,-1.3862,1071594.37,2749163.31,0.5,0.5,,,,,
600030.SH,20260320,25.62,25.71,25.3,25.3,25.61,-0.31,-1.2105,1008962.57,2571973.337,0.5,0.5,,,,,
600030.SH,20260323,25.0,25.0,24.09,24.29,25.3,-1.01,-3.9921,1992656.33,4887377.31,0.5,0.5,,,,,
600030.SH,20260324,24.5,24.61,24.08,24.36,24.29,0.07,0.2882,1279101.13,3112452.255,0.5,0.5,,,,,
600030.SH,20260325,24.4,24.85,24.36,24.66,24.36,0.3,1.2315,1134772.02,2792003.965,0.5,0.5,,,,,
600030.SH,20260326,24.58,24.62,24.05,24.13,24.66,-0.53,-2.1492,1138389.24,2763937.44,0.5,0.5,,,,,
600030.SH,20260327,24.05,24.37,24.01,24.26,24.13,0.13,0.5387,947720.15,2297623.177,0.5,0.5,,,,,
600030.SH,20260330,23.99,24.17,23.88,24.1,24.26,-0.16,-0.6595,909493.19,2185349.332,0.5,0.5,,,,,
600030.SH,20260331,24.1,24.44,24.03,24.04,24.1,-0.06,-0.249,1022485.5,2478632.393,0.5,0.5,,,,,
600030.SH,20260401,24.43,24.6,24.25,24.51,24.04,0.47,1.9551,1171459.39,2865740.077,0.5,0.5,,,,,
600030.SH,20260402,24.47,24.47,24.08,24.13,24.51,-0.38,-1.5504,788735.7,1911165.159,0.5,0.5,,,,,
600030.SH,20260403,24.22,24.26,23.95,23.98,24.13,-0.15,-0.6216,710233.58,1710796.826,0.5,0.5,,,,,
600030.SH,20260407,23.99,24.08,23.77,23.92,23.98,-0.06,-0.2502,714435.85,1708575.461,0.5,0.5,,,,,
600030.SH,20260408,24.45,24.77,24.33,24.7,23.92,0.78,3.2609,1527459.78,3749420.2,0.5,0.5,,,,,
600030.SH,20260409,24.48,24.48,24.1,24.15,24.7,-0.55,-2.2267,987407.99,2393489.061,0.5,0.5,,,,,
600030.SH,20260410,25.01,26.5,25.01,25.9,24.15,1.75,7.2464,4259328.82,11036902.941,0.5,0.5,,,,,
600030.SH,20260413,25.62,26.28,25.49,26.09,25.9,0.19,0.7336,2151638.68,5591240.528,0.5,0.5,,,,,
600030.SH,20260414,26.3,26.37,25.88,26.19,26.09,0.1,0.3833,1453464.11,3792758.895,0.5,0.5,,,,,
600030.SH,20260415,26.33,26.39,25.97,26.01,26.19,-0.18,-0.6873,1107538.3,2892097.782,0.5,0.5,,,,,
600030.SH,20260416,26.12,26.48,26.04,26.31,26.01,0.3,1.1534,1430035.63,3758618.753,0.5,0.5,,,,,
600030.SH,20260417,26.2,26.34,26.08,26.26,26.31,-0.05,-0.19,1060354.71,2777157.579,0.5,0.5,,,,,
600030.SH,20260420,26.23,26.41,26.15,26.3,26.26,0.04,0.1523,966521.17,2539846.66,0.5,0.5,,,,,
600030.SH,20260421,26.25,26.41,26.15,26.3,26.3,0.0,0.0,813880.79,2136782.191,0.5,0.5,,,,,
600030.SH,20260422,26.16,27.01,26.15,26.71,26.3,0.41,1.5589,1913517.33,5104261.296,0.5,0.5,,,,,
600030.SH,20260423,26.58,26.77,26.35,26.48,26.71,-0.23,-0.8611,1205818.35,3199251.615,0.5,0.5,,,,,
600030.SH,20260424,26.37,26.38,26.05,26.23,26.48,-0.25,-0.9441,1042356.31,2725660.518,0.5,0.5,,,,,
600030.SH,20260427,26.4,27.07,26.4,26.77,26.23,0.54,2.0587,1545964.27,4142580.85,0.5,0.5,,,,,
600030.SH,20260428,26.85,27.65,26.85,27.3,26.77,0.53,1.9798,2607905.25,7136087.373,0.5,0.5,,,,,
600030.SH,20260429,27.15,27.38,27.02,27.32,27.3,0.02,0.0733,1485660.47,4043461.098,0.5,0.5,,,,,
600030.SH,20260430,27.23,27.78,27.07,27.22,27.32,-0.1,-0.366,1730018.13,4730728.021,0.5,0.5,,,,,
600030.SH,20260506,27.29,27.84,27.29,27.49,27.22,0.27,0.9919,1787384.13,4921934.073,0.5,0.5,,,,,
600030.SH,20260507,27.63,27.69,27.07,27.23,27.49,-0.26,-0.9458,1593632.38,4335427.172,0.5,0.5,,,,,
600030.SH,20260508,27.1,27.2,26.83,26.95,27.23,-0.28,-1.0283,1300624.8,3507949.844,0.5,0.5,,,,,
600030.SH,20260511,26.83,27.48,26.75,27.33,26.95,0.38,1.41,1961410.91,5325456.058,0.5,0.5,,,,,
600030.SH,20260512,27.35,27.44,27.13,27.22,27.33,-0.11,-0.4025,1281736.39,3496454.846,0.5,0.5,,,,,
600030.SH,20260513,27.15,27.46,26.96,27.15,27.22,-0.07,-0.2572,1222137.2,3311273.599,0.5,0.5,,,,,
600030.SH,20260514,27.2,27.33,26.66,26.66,27.15,-0.49,-1.8048,1467588.56,3965396.758,0.5,0.5,,,,,
600030.SH,20260515,26.76,26.8,26.18,26.35,26.66,-0.31,-1.1628,1322317.66,3503094.086,0.5,0.5,,,,,
600030.SH,20260518,26.21,26.43,25.98,26.16,26.35,-0.19,-0.7211,1018634.86,2665343.627,0.5,0.5,,,,,
600030.SH,20260519,26.12,26.33,25.88,26.27,26.16,0.11,0.4205,962248.96,2511758.379,0.5,0.5,,,,,
600030.SH,20260520,26.18,26.39,26.0,26.08,26.27,-0.19,-0.7233,959270.98,2507438.048,0.5,0.5,,,,,
600030.SH,20260521,26.28,27.09,26.2,26.22,26.08,0.14,0.5368,2297861.28,6134095.756,0.5,0.5,,,,,
600030.SH,20260522,26.38,26.44,25.81,25.87,26.22,-0.35,-1.3349,1410868.96,3664845.68,0.5,0.5,,,,,
600030.SH,20260525,26.05,26.44,25.91,26.19,25.87,0.32,1.237,1287793.97,3365988.148,0.5,0.5,,,,,
600030.SH,20260526,26.18,26.68,25.89,26.21,26.19,0.02,0.0764,1931765.93,5073749.496,0.5,0.5,,,,,
600030.SH,20260527,26.18,26.41,25.53,25.77,26.21,-0.44,-1.6787,1753603.96,4543590.565,0.5,0.5,,,,,
600030.SH,20260528,25.88,25.96,25.21,25.35,25.77,-0.42,-1.6298,1394504.33,3548082.136,0.5,0.5,,,,,
600030.SH,20260529,25.53,26.75,25.53,26.05,25.35,0.7,2.7613,3282611.31,8616487.026,0.5,0.5,,,,,
600030.SH,20260601,26.01,26.31,25.53,25.67,26.05,-0.38,-1.4587,2214100.2,5715779.763,0.5,0.5,,,,,
600030.SH,20260602,25.6,25.68,25.25,25.58,25.67,-0.09,-0.3506,1781079.57,4532467.327,0.5,0.5,,,,,
600030.SH,20260603,25.5,25.9,25.34,25.6,25.58,0.02,0.0782,1832380.77,4695437.239,0.5,0.5,,,,,
600030.SH,20260604,25.42,25.84,25.41,25.59,25.6,-0.01,-0.0391,1293749.77,3310998.447,0.5,0.5,,,,,
600030.SH,20260605,25.66,26.04,25.59,25.67,25.59,0.08,0.3126,1580961.79,4072685.493,0.5,0.5,,,,,
600030.SH,20260608,25.41,25.83,25.35,25.43,25.67,-0.24,-0.9349,1784321.1,4557027.285,0.5,0.5,,,,,
600030.SH,20260609,25.44,25.57,25.21,25.52,25.43,0.09,0.3539,1046875.57,2657722.624,0.5,0.5,,,,,
600030.SH,20260610,25.06,25.75,24.95,25.66,25.11,0.55,2.1904,1746653.18,4438405.526,0.5,0.5,,,,,
600030.SH,20260611,25.6,26.05,25.22,25.51,25.66,-0.15,-0.5846,1455811.62,3719902.086,0.5,0.5,,,,,
601888.SH,20210615,310.69,310.69,295.5,297.68,311.0,-13.32,-4.283,130587.15,3913995.665,0.5,0.5,,,,,
601888.SH,20210616,300.5,301.0,288.2,289.7,297.68,-7.98,-2.6807,105929.77,3110465.033,0.5,0.5,,,,,
601888.SH,20210617,289.7,293.94,283.68,286.0,289.7,-3.7,-1.2772,120224.46,3449965.534,0.5,0.5,,,,,
601888.SH,20210618,285.0,287.75,276.42,287.48,286.0,1.48,0.5175,129950.6,3671374.728,0.5,0.5,,,,,
601888.SH,20210621,285.0,285.0,274.3,281.98,287.48,-5.5,-1.9132,146046.64,4073868.106,0.5,0.5,,,,,
601888.SH,20210622,283.0,288.0,274.3,286.49,280.98,5.51,1.961,120975.95,3423877.62,0.5,0.5,,,,,
601888.SH,20210623,289.0,300.27,288.98,296.9,286.49,10.41,3.6336,166550.36,4955347.839,0.5,0.5,,,,,
601888.SH,20210624,301.5,302.45,288.51,294.18,296.9,-2.72,-0.9161,102966.68,3008152.024,0.5,0.5,,,,,
601888.SH,20210625,293.9,299.5,290.18,296.7,294.18,2.52,0.8566,99718.96,2954988.454,0.5,0.5,,,,,
601888.SH,20210628,301.0,309.96,301.0,307.83,296.7,11.13,3.7513,100420.96,3085281.132,0.5,0.5,,,,,
601888.SH,20210629,307.93,309.0,299.01,301.75,307.83,-6.08,-1.9751,103453.89,3129803.929,0.5,0.5,,,,,
601888.SH,20210630,298.18,303.98,296.08,300.1,301.75,-1.65,-0.5468,68043.53,2040071.043,0.5,0.5,,,,,
601888.SH,20210701,299.0,300.09,292.6,300.0,300.1,-0.1,-0.0333,88671.75,2627435.713,0.5,0.5,,,,,
601888.SH,20210702,293.3,293.3,279.0,281.09,300.0,-18.91,-6.3033,175888.31,4979170.854,0.5,0.5,,,,,
601888.SH,20210705,277.5,284.98,275.5,279.89,281.09,-1.2,-0.4269,91359.9,2560788.528,0.5,0.5,,,,,
601888.SH,20210706,283.96,289.07,275.0,281.5,279.89,1.61,0.5752,117450.92,3300594.715,0.5,0.5,,,,,
601888.SH,20210707,275.87,279.93,272.01,275.0,281.5,-6.5,-2.3091,137091.81,3781120.212,0.5,0.5,,,,,
601888.SH,20210708,276.99,277.83,268.0,269.39,275.0,-5.61,-2.04,134725.23,3666642.312,0.5,0.5,,,,,
601888.SH,20210709,267.99,271.78,264.4,265.16,269.39,-4.23,-1.5702,107278.15,2859414.841,0.5,0.5,,,,,
601888.SH,20210712,271.0,287.0,264.12,285.7,265.16,20.54,7.7463,203295.83,5691852.395,0.5,0.5,,,,,
601888.SH,20210713,287.46,299.0,286.0,288.79,285.7,3.09,1.0816,150025.09,4390420.301,0.5,0.5,,,,,
601888.SH,20210714,288.69,288.69,280.94,282.3,288.79,-6.49,-2.2473,108534.75,3081845.526,0.5,0.5,,,,,
601888.SH,20210715,281.0,286.66,279.01,284.93,282.3,2.63,0.9316,72365.23,2053258.985,0.5,0.5,,,,,
601888.SH,20210716,285.0,286.35,274.8,275.0,284.93,-9.93,-3.4851,114096.98,3158462.13,0.5,0.5,,,,,
601888.SH,20210719,274.48,290.22,269.0,290.22,275.0,15.22,5.5345,147585.4,4156961.7,0.5,0.5,,,,,
601888.SH,20210720,290.5,296.67,287.88,293.45,290.22,3.23,1.1129,141293.98,4136827.958,0.5,0.5,,,,,
601888.SH,20210721,295.1,297.67,284.58,284.69,293.45,-8.76,-2.9852,131218.62,3782193.591,0.5,0.5,,,,,
601888.SH,20210722,282.09,292.0,279.01,281.96,284.69,-2.73,-0.9589,100762.74,2856338.206,0.5,0.5,,,,,
601888.SH,20210723,281.95,283.0,273.53,277.68,281.96,-4.28,-1.5179,105533.45,2917578.724,0.5,0.5,,,,,
601888.SH,20210726,274.0,274.0,256.0,262.98,277.68,-14.7,-5.2939,193102.64,5086692.598,0.5,0.5,,,,,
601888.SH,20210727,261.2,265.02,252.99,254.0,262.98,-8.98,-3.4147,133906.36,3461482.429,0.5,0.5,,,,,
601888.SH,20210728,250.1,259.67,245.0,250.84,254.0,-3.16,-1.2441,137248.92,3443777.887,0.5,0.5,,,,,
601888.SH,20210729,255.15,265.5,255.02,258.01,250.84,7.17,2.8584,141431.8,3679353.772,0.5,0.5,,,,,
601888.SH,20210730,253.0,254.44,240.5,241.0,258.01,-17.01,-6.5928,186103.42,4555811.38,0.5,0.5,,,,,
601888.SH,20210802,227.9,241.4,224.13,239.35,241.0,-1.65,-0.6846,266968.27,6204401.324,0.5,0.5,,,,,
601888.SH,20210803,236.36,255.36,235.74,253.87,239.35,14.52,6.0664,201578.21,5025146.133,0.5,0.5,,,,,
601888.SH,20210804,254.89,259.0,248.94,255.0,253.87,1.13,0.4451,140808.19,3561130.676,0.5,0.5,,,,,
601888.SH,20210805,255.8,264.0,250.02,255.0,255.0,0.0,0.0,126912.62,3272173.302,0.5,0.5,,,,,
601888.SH,20210806,251.0,255.4,247.67,252.0,255.0,-3.0,-1.1765,93939.11,2358028.39,0.5,0.5,,,,,
601888.SH,20210809,252.02,268.79,252.02,260.4,252.0,8.4,3.3333,160846.98,4239459.42,0.5,0.5,,,,,
601888.SH,20210810,258.0,268.0,251.44,267.35,260.4,6.95,2.669,157151.1,4097919.75,0.5,0.5,,,,,
601888.SH,20210811,267.5,268.57,257.98,259.0,267.35,-8.35,-3.1232,101470.27,2653005.018,0.5,0.5,,,,,
601888.SH,20210812,255.0,258.48,251.51,253.08,259.0,-5.92,-2.2857,86297.27,2189914.306,0.5,0.5,,,,,
601888.SH,20210813,251.51,259.5,251.0,257.65,253.08,4.57,1.8058,78881.55,2021004.845,0.5,0.5,,,,,
601888.SH,20210816,259.0,268.45,257.0,262.84,257.65,5.19,2.0144,135435.53,3590725.702,0.5,0.5,,,,,
601888.SH,20210817,263.33,267.96,243.72,244.98,262.84,-17.86,-6.795,174447.13,4384061.973,0.5,0.5,,,,,
601888.SH,20210818,246.57,247.26,232.99,235.72,244.98,-9.26,-3.7799,186680.73,4407020.289,0.5,0.5,,,,,
601888.SH,20210819,235.74,241.48,229.92,236.09,235.72,0.37,0.157,125658.88,2949792.411,0.5,0.5,,,,,
601888.SH,20210820,235.12,235.12,224.14,228.27,236.09,-7.82,-3.3123,156366.52,3576077.812,0.5,0.5,,,,,
601888.SH,20210823,232.0,236.99,229.03,232.1,228.27,3.83,1.6778,114436.09,2675067.574,0.5,0.5,,,,,
601888.SH,20210824,234.28,241.18,231.58,240.1,232.1,8.0,3.4468,108328.03,2583026.842,0.5,0.5,,,,,
601888.SH,20210825,242.0,253.86,239.64,246.94,240.1,6.84,2.8488,139968.77,3465408.645,0.5,0.5,,,,,
601888.SH,20210826,247.0,247.0,237.0,245.14,246.94,-1.8,-0.7289,93735.1,2258774.444,0.5,0.5,,,,,
601888.SH,20210827,242.0,246.0,238.18,240.23,245.14,-4.91,-2.0029,82938.15,1997464.446,0.5,0.5,,,,,
601888.SH,20210830,242.3,243.2,233.2,239.5,240.23,-0.73,-0.3039,109937.57,2610439.448,0.5,0.5,,,,,
601888.SH,20210831,240.41,240.68,221.0,228.29,239.5,-11.21,-4.6806,207526.51,4721717.632,0.5,0.5,,,,,
601888.SH,20210901,228.79,240.17,224.0,236.29,228.29,8.0,3.5043,154780.59,3626276.605,0.5,0.5,,,,,
601888.SH,20210902,239.0,241.87,227.07,228.05,236.29,-8.24,-3.4872,146890.22,3423609.361,0.5,0.5,,,,,
601888.SH,20210903,226.0,237.0,222.5,236.4,228.05,8.35,3.6615,135673.89,3160015.735,0.5,0.5,,,,,
601888.SH,20210906,236.68,245.7,231.51,243.0,236.4,6.6,2.7919,177210.92,4269376.766,0.5,0.5,,,,,
601888.SH,20210907,243.5,252.1,243.04,249.56,243.0,6.56,2.6996,145450.09,3616523.534,0.5,0.5,,,,,
601888.SH,20210908,249.59,250.98,246.05,249.33,249.56,-0.23,-0.0922,97932.24,2433812.265,0.5,0.5,,,,,
601888.SH,20210909,248.66,250.6,243.1,245.07,249.33,-4.26,-1.7086,73956.01,1818162.344,0.5,0.5,,,,,
601888.SH,20210910,243.18,255.58,243.18,255.0,245.07,9.93,4.0519,129791.1,3280476.142,0.5,0.5,,,,,
601888.SH,20210913,252.18,265.0,250.01,251.25,255.0,-3.75,-1.4706,146510.43,3767335.825,0.5,0.5,,,,,
601888.SH,20210914,251.3,256.66,246.08,246.85,251.25,-4.4,-1.7512,100654.09,2526958.368,0.5,0.5,,,,,
601888.SH,20210915,245.01,245.7,232.4,234.97,246.85,-11.88,-4.8126,119897.11,2850825.08,0.5,0.5,,,,,
601888.SH,20210916,233.0,241.79,228.48,241.36,234.97,6.39,2.7195,128935.98,3051284.128,0.5,0.5,,,,,
601888.SH,20210917,238.03,252.0,233.08,249.5,241.36,8.14,3.3726,119810.46,2922310.88,0.5,0.5,,,,,
601888.SH,20210922,245.0,248.0,236.36,238.12,249.5,-11.38,-4.5611,86427.89,2072753.293,0.5,0.5,,,,,
601888.SH,20210923,234.0,238.97,233.08,234.6,238.12,-3.52,-1.4782,96699.38,2273130.016,0.5,0.5,,,,,
601888.SH,20210924,233.03,250.73,232.0,247.0,234.6,12.4,5.2856,137686.32,3377118.242,0.5,0.5,,,,,
601888.SH,20210927,248.0,262.17,247.6,256.72,247.0,9.72,3.9352,165767.68,4268883.352,0.5,0.5,,,,,
601888.SH,20210928,255.0,256.77,246.6,253.98,256.72,-2.74,-1.0673,91352.49,2308453.397,0.5,0.5,,,,,
601888.SH,20210929,249.87,253.7,244.44,251.28,253.98,-2.7,-1.0631,81017.06,2020772.847,0.5,0.5,,,,,
601888.SH,20210930,262.0,266.0,255.62,260.0,251.28,8.72,3.4702,169627.36,4443265.688,0.5,0.5,,,,,
601888.SH,20211008,272.0,275.4,267.01,270.3,260.0,10.3,3.9615,158293.28,4303197.664,0.5,0.5,,,,,
601888.SH,20211011,270.3,276.19,262.38,263.5,270.3,-6.8,-2.5157,120324.46,3233411.687,0.5,0.5,,,,,
601888.SH,20211012,265.69,269.72,261.69,267.2,263.5,3.7,1.4042,86359.91,2310194.612,0.5,0.5,,,,,
601888.SH,20211013,266.0,278.68,263.02,278.2,267.2,11.0,4.1168,110126.53,3015947.184,0.5,0.5,,,,,
601888.SH,20211014,277.0,279.37,269.23,273.09,278.2,-5.11,-1.8368,92772.06,2535195.39,0.5,0.5,,,,,
601888.SH,20211015,273.0,273.0,263.66,269.55,273.09,-3.54,-1.2963,92446.02,2474570.481,0.5,0.5,,,,,
601888.SH,20211018,268.55,268.55,256.01,259.84,269.55,-9.71,-3.6023,90551.51,2351444.074,0.5,0.5,,,,,
601888.SH,20211019,259.38,264.5,258.0,259.12,259.84,-0.72,-0.2771,62470.65,1629992.558,0.5,0.5,,,,,
601888.SH,20211020,264.35,266.77,256.3,259.5,259.12,0.38,0.1467,72671.57,1888054.323,0.5,0.5,,,,,
601888.SH,20211021,258.0,260.97,254.23,257.0,259.5,-2.5,-0.9634,66800.52,1715329.827,0.5,0.5,,,,,
601888.SH,20211022,258.94,272.56,257.55,269.0,257.0,12.0,4.6693,109698.19,2916982.413,0.5,0.5,,,,,
601888.SH,20211025,266.03,267.93,261.06,264.47,269.0,-4.53,-1.684,74562.03,1960368.611,0.5,0.5,,,,,
601888.SH,20211026,265.0,270.47,263.33,265.0,264.47,0.53,0.2004,51303.1,1362585.753,0.5,0.5,,,,,
601888.SH,20211027,262.0,262.0,257.65,258.0,265.0,-7.0,-2.6415,55549.89,1438538.931,0.5,0.5,,,,,
601888.SH,20211028,257.25,266.6,256.83,264.48,258.0,6.48,2.5116,69057.81,1819180.708,0.5,0.5,,,,,
601888.SH,20211029,262.08,271.5,262.0,268.46,264.48,3.98,1.5048,81576.49,2177786.981,0.5,0.5,,,,,
601888.SH,20211101,246.24,247.0,241.61,241.61,268.46,-26.85,-10.0015,96054.0,2328676.041,0.5,0.5,,,,,
601888.SH,20211102,230.0,233.0,217.95,222.88,241.61,-18.73,-7.7522,477077.25,10732991.966,0.5,0.5,,,,,
601888.SH,20211103,224.88,229.85,222.9,228.3,222.88,5.42,2.4318,180544.46,4103398.471,0.5,0.5,,,,,
601888.SH,20211104,230.85,236.65,230.7,233.66,228.3,5.36,2.3478,116178.74,2717028.805,0.5,0.5,,,,,
601888.SH,20211105,235.15,235.5,230.08,230.78,233.66,-2.88,-1.2326,78071.41,1812521.117,0.5,0.5,,,,,
601888.SH,20211108,230.9,236.6,228.51,229.42,230.78,-1.36,-0.5893,98147.35,2271535.038,0.5,0.5,,,,,
601888.SH,20211109,231.66,231.66,225.4,227.62,229.42,-1.8,-0.7846,68148.99,1551439.347,0.5,0.5,,,,,
601888.SH,20211110,228.61,228.77,222.77,227.11,227.62,-0.51,-0.2241,66938.29,1510850.574,0.5,0.5,,,,,
601888.SH,20211111,226.0,231.18,225.0,228.8,227.11,1.69,0.7441,63296.51,1445539.403,0.5,0.5,,,,,
601888.SH,20211112,233.31,233.48,222.03,223.56,228.8,-5.24,-2.2902,108047.23,2429975.795,0.5,0.5,,,,,
601888.SH,20211115,228.94,230.0,223.0,229.88,223.56,6.32,2.827,103553.77,2359867.477,0.5,0.5,,,,,
601888.SH,20211116,230.0,236.0,228.51,234.0,229.88,4.12,1.7922,93022.4,2170333.568,0.5,0.5,,,,,
601888.SH,20211117,232.3,233.31,229.66,230.44,234.0,-3.56,-1.5214,53471.4,1235433.065,0.5,0.5,,,,,
601888.SH,20211118,228.45,228.5,223.9,224.1,230.44,-6.34,-2.7513,79827.73,1797312.559,0.5,0.5,,,,,
601888.SH,20211119,224.0,226.68,223.38,225.3,224.1,1.2,0.5355,51376.19,1156644.778,0.5,0.5,,,,,
601888.SH,20211122,224.1,226.5,222.5,223.56,225.3,-1.74,-0.7723,97721.99,2184699.165,0.5,0.5,,,,,
601888.SH,20211123,224.0,225.6,218.18,220.5,223.56,-3.06,-1.3688,120740.34,2668308.323,0.5,0.5,,,,,
601888.SH,20211124,220.0,221.69,218.56,220.99,220.5,0.49,0.2222,74742.61,1645521.045,0.5,0.5,,,,,
601888.SH,20211125,220.0,221.1,211.5,211.8,220.99,-9.19,-4.1586,179791.34,3862184.034,0.5,0.5,,,,,
601888.SH,20211126,210.85,213.87,207.0,211.32,211.8,-0.48,-0.2266,91466.24,1926550.114,0.5,0.5,,,,,
601888.SH,20211129,204.98,209.0,201.28,203.3,211.32,-8.02,-3.7952,200975.6,4095370.434,0.5,0.5,,,,,
601888.SH,20211130,204.0,209.89,204.0,205.45,203.3,2.15,1.0576,116322.8,2403797.667,0.5,0.5,,,,,
601888.SH,20211201,204.0,206.0,201.31,202.89,205.45,-2.56,-1.246,94071.3,1906373.031,0.5,0.5,,,,,
601888.SH,20211202,202.5,204.8,201.81,201.82,202.89,-1.07,-0.5274,62781.43,1272913.186,0.5,0.5,,,,,
601888.SH,20211203,202.13,204.38,197.2,204.06,201.82,2.24,1.1099,125997.93,2534763.866,0.5,0.5,,,,,
601888.SH,20211206,209.16,213.6,207.0,211.99,204.06,7.93,3.8861,198125.43,4178501.735,0.5,0.5,,,,,
601888.SH,20211207,211.6,214.57,209.1,213.0,211.99,1.01,0.4764,101720.85,2160458.075,0.5,0.5,,,,,
601888.SH,20211208,212.5,216.23,210.18,215.46,213.0,2.46,1.1549,100937.32,2167111.727,0.5,0.5,,,,,
601888.SH,20211209,215.9,230.04,215.0,228.38,215.46,12.92,5.9965,241829.74,5465319.968,0.5,0.5,,,,,
601888.SH,20211210,226.03,231.5,226.0,229.68,228.38,1.3,0.5692,135796.19,3110904.289,0.5,0.5,,,,,
601888.SH,20211213,231.0,234.8,228.0,229.2,229.68,-0.48,-0.209,105077.01,2430628.557,0.5,0.5,,,,,
601888.SH,20211214,226.9,230.5,226.0,228.0,229.2,-1.2,-0.5236,83378.58,1899538.459,0.5,0.5,,,,,
601888.SH,20211215,227.93,229.5,223.29,223.29,228.0,-4.71,-2.0658,77944.6,1754103.421,0.5,0.5,,,,,
601888.SH,20211216,224.88,225.88,220.2,225.05,223.29,1.76,0.7882,73002.21,1630349.313,0.5,0.5,,,,,
601888.SH,20211217,224.88,224.88,217.01,217.28,225.05,-7.77,-3.4526,95944.92,2103206.98,0.5,0.5,,,,,
601888.SH,20211220,212.0,217.0,211.81,212.5,217.28,-4.78,-2.1999,78118.31,1670160.808,0.5,0.5,,,,,
601888.SH,20211221,214.6,217.14,213.58,215.0,212.5,2.5,1.1765,51188.42,1102044.872,0.5,0.5,,,,,
601888.SH,20211222,217.88,218.99,210.6,212.01,215.0,-2.99,-1.3907,79081.32,1686463.738,0.5,0.5,,,,,
601888.SH,20211223,213.03,213.99,209.07,210.35,212.01,-1.66,-0.783,79259.8,1668350.303,0.5,0.5,,,,,
601888.SH,20211224,210.0,219.47,206.0,217.9,210.35,7.55,3.5893,118301.93,2522862.411,0.5,0.5,,,,,
601888.SH,20211227,217.0,220.99,216.28,220.0,217.9,2.1,0.9637,83927.23,1837323.136,0.5,0.5,,,,,
601888.SH,20211228,220.0,225.86,219.21,222.72,220.0,2.72,1.2364,94466.21,2109087.508,0.5,0.5,,,,,
601888.SH,20211229,222.0,222.79,214.49,215.98,222.72,-6.74,-3.0262,75763.11,1645674.822,0.5,0.5,,,,,
601888.SH,20211230,215.76,220.23,215.48,217.5,215.98,1.52,0.7038,59500.06,1299196.296,0.5,0.5,,,,,
601888.SH,20211231,219.34,221.5,216.66,219.41,217.5,1.91,0.8782,61691.15,1352592.731,0.5,0.5,,,,,
601888.SH,20220104,221.68,222.47,210.59,214.06,219.41,-5.35,-2.4384,111434.43,2383922.19,0.5,0.5,,,,,
601888.SH,20220105,214.1,218.5,211.53,214.2,214.06,0.14,0.0654,94938.75,2036222.831,0.5,0.5,,,,,
601888.SH,20220106,211.12,213.9,207.5,210.11,214.2,-4.09,-1.9094,93276.94,1957378.261,0.5,0.5,,,,,
601888.SH,20220107,209.98,212.6,206.9,207.78,210.11,-2.33,-1.1089,69911.35,1463731.05,0.5,0.5,,,,,
601888.SH,20220110,204.0,207.8,194.28,207.11,207.78,-0.67,-0.3225,139978.1,2813601.81,0.5,0.5,,,,,
601888.SH,20220111,204.03,205.88,200.0,201.21,207.11,-5.9,-2.8487,91606.45,1851608.9,0.5,0.5,,,,,
601888.SH,20220112,201.0,213.79,201.0,212.0,201.21,10.79,5.3626,129775.21,2715587.466,0.5,0.5,,,,,
601888.SH,20220113,212.91,213.66,206.65,207.03,212.0,-4.97,-2.3443,70093.96,1470628.656,0.5,0.5,,,,,
601888.SH,20220114,205.5,205.5,200.2,200.49,207.03,-6.54,-3.159,96970.09,1957433.695,0.5,0.5,,,,,
601888.SH,20220117,190.0,196.04,187.79,190.43,200.49,-10.06,-5.0177,211385.79,4056995.454,0.5,0.5,,,,,
601888.SH,20220118,191.99,192.95,188.0,190.71,190.43,0.28,0.147,98537.26,1880747.425,0.5,0.5,,,,,
601888.SH,20220119,189.2,191.66,185.12,188.62,190.71,-2.09,-1.0959,91895.28,1731091.104,0.5,0.5,,,,,
601888.SH,20220120,188.03,194.77,187.02,193.88,188.62,5.26,2.7887,113686.5,2187758.671,0.5,0.5,,,,,
601888.SH,20220121,197.0,203.0,196.8,200.66,193.88,6.78,3.497,155631.49,3112539.312,0.5,0.5,,,,,
601888.SH,20220124,204.0,209.98,202.2,207.3,200.66,6.64,3.3091,119055.71,2462726.554,0.5,0.5,,,,,
601888.SH,20220125,205.01,210.86,204.7,206.63,207.3,-0.67,-0.3232,103818.17,2162184.652,0.5,0.5,,,,,
601888.SH,20220126,207.35,209.0,203.37,207.35,206.63,0.72,0.3484,71047.69,1462685.453,0.5,0.5,,,,,
601888.SH,20220127,207.0,208.5,201.62,203.7,207.35,-3.65,-1.7603,74415.1,1527117.436,0.5,0.5,,,,,
601888.SH,20220128,206.75,214.48,203.4,206.56,203.7,2.86,1.404,142432.91,2975884.053,0.5,0.5,,,,,
601888.SH,20220207,214.6,217.0,208.37,210.81,206.56,4.25,2.0575,105617.34,2242957.571,0.5,0.5,,,,,
601888.SH,20220208,210.74,212.49,204.96,210.38,210.81,-0.43,-0.204,71435.79,1483621.383,0.5,0.5,,,,,
601888.SH,20220209,209.51,215.1,206.8,212.6,210.38,2.22,1.0552,91399.46,1927562.397,0.5,0.5,,,,,
601888.SH,20220210,212.97,225.18,210.8,224.0,212.6,11.4,5.3622,176478.56,3869996.397,0.5,0.5,,,,,
601888.SH,20220211,221.2,230.5,221.16,225.43,224.0,1.43,0.6384,156914.23,3548097.379,0.5,0.5,,,,,
601888.SH,20220214,229.88,231.88,224.0,227.5,225.43,2.07,0.9182,141552.73,3234608.806,0.5,0.5,,,,,
601888.SH,20220215,225.0,225.0,218.87,222.84,227.5,-4.66,-2.0484,97733.45,2171354.025,0.5,0.5,,,,,
601888.SH,20220216,224.1,228.08,221.0,224.2,222.84,1.36,0.6103,62136.9,1392784.353,0.5,0.5,,,,,
601888.SH,20220217,224.0,225.53,218.7,220.53,224.2,-3.67,-1.6369,68996.15,1525881.863,0.5,0.5,,,,,
601888.SH,20220218,218.5,222.88,218.01,221.35,220.53,0.82,0.3718,41836.3,924054.846,0.5,0.5,,,,,
601888.SH,20220221,219.0,220.0,214.68,215.55,221.35,-5.8,-2.6203,59256.66,1282804.686,0.5,0.5,,,,,
601888.SH,20220222,213.26,213.39,208.0,210.8,215.55,-4.75,-2.2037,77687.52,1635319.722,0.5,0.5,,,,,
601888.SH,20220223,211.08,212.53,206.66,210.89,210.8,0.09,0.0427,65006.23,1361054.329,0.5,0.5,,,,,
601888.SH,20220224,208.5,210.0,201.6,203.99,210.89,-6.9,-3.2718,100871.31,2066748.681,0.5,0.5,,,,,
601888.SH,20220225,206.58,212.89,205.55,210.12,203.99,6.13,3.005,85389.27,1794524.315,0.5,0.5,,,,,
601888.SH,20220228,208.0,210.1,201.58,202.5,210.12,-7.62,-3.6265,107110.33,2183403.22,0.5,0.5,,,,,
601888.SH,20220301,202.05,208.6,200.51,208.25,202.5,5.75,2.8395,100376.12,2063187.599,0.5,0.5,,,,,
601888.SH,20220302,206.2,206.48,201.18,202.5,208.25,-5.75,-2.7611,77692.26,1576069.909,0.5,0.5,,,,,
601888.SH,20220303,204.99,207.99,197.25,198.27,202.5,-4.23,-2.0889,156642.95,3161735.77,0.5,0.5,,,,,
601888.SH,20220304,195.0,203.0,194.0,201.45,198.27,3.18,1.6039,95333.47,1907422.569,0.5,0.5,,,,,
601888.SH,20220307,197.2,198.0,186.41,188.28,201.45,-13.17,-6.5376,187197.71,3555237.097,0.5,0.5,,,,,
601888.SH,20220308,191.1,197.15,188.02,189.5,188.28,1.22,0.648,135307.59,2611402.706,0.5,0.5,,,,,
601888.SH,20220309,192.0,192.5,180.98,187.83,189.5,-1.67,-0.8813,127365.99,2376359.66,0.5,0.5,,,,,
601888.SH,20220310,192.0,192.55,186.22,186.77,187.83,-1.06,-0.5643,108050.72,2035085.641,0.5,0.5,,,,,
601888.SH,20220311,185.0,189.96,179.01,186.6,186.77,-0.17,-0.091,131695.03,2420959.385,0.5,0.5,,,,,
601888.SH,20220314,178.88,179.0,170.6,171.0,186.6,-15.6,-8.3601,236363.27,4127953.314,0.5,0.5,,,,,
601888.SH,20220315,167.58,169.78,159.89,160.0,171.0,-11.0,-6.4327,196120.22,3214909.134,0.5,0.5,,,,,
601888.SH,20220316,163.8,170.58,161.72,170.0,160.0,10.0,6.25,191153.51,3175698.64,0.5,0.5,,,,,
601888.SH,20220317,176.66,180.08,171.5,175.5,170.0,5.5,3.2353,190610.6,3355257.098,0.5,0.5,,,,,
601888.SH,20220318,175.5,177.39,173.1,176.45,175.5,0.95,0.5413,91964.95,1616455.584,0.5,0.5,,,,,
601888.SH,20220321,175.8,175.99,171.11,172.95,176.45,-3.5,-1.9836,81269.63,1407798.593,0.5,0.5,,,,,
601888.SH,20220322,169.95,173.0,168.33,170.15,172.95,-2.8,-1.619,76408.62,1300898.034,0.5,0.5,,,,,
601888.SH,20220323,171.5,171.93,168.22,169.11,170.15,-1.04,-0.6112,74208.57,1259504.204,0.5,0.5,,,,,
601888.SH,20220324,168.0,168.8,165.6,166.62,169.11,-2.49,-1.4724,72253.12,1204626.973,0.5,0.5,,,,,
601888.SH,20220325,167.33,168.9,162.5,162.85,166.62,-3.77,-2.2626,75246.38,1241733.167,0.5,0.5,,,,,
601888.SH,20220328,157.82,161.97,157.08,159.5,162.85,-3.35,-2.0571,98038.36,1562455.94,0.5,0.5,,,,,
601888.SH,20220329,159.81,161.65,155.73,156.1,159.5,-3.4,-2.1317,82671.56,1304886.697,0.5,0.5,,,,,
601888.SH,20220330,159.22,168.39,156.88,167.2,156.1,11.1,7.1108,152291.75,2480408.824,0.5,0.5,,,,,
601888.SH,20220331,164.02,167.1,163.4,164.37,167.2,-2.83,-1.6926,82572.19,1361564.18,0.5,0.5,,,,,
601888.SH,20220401,162.64,177.3,162.22,174.26,164.37,9.89,6.0169,193001.45,3331938.288,0.5,0.5,,,,,
601888.SH,20220406,168.2,168.6,163.0,164.1,174.26,-10.16,-5.8304,206321.82,3419982.041,0.5,0.5,,,,,
601888.SH,20220407,161.8,167.4,161.37,164.95,164.1,0.85,0.518,129956.61,2144947.552,0.5,0.5,,,,,
601888.SH,20220408,163.91,165.7,160.81,164.48,164.95,-0.47,-0.2849,93035.84,1519190.774,0.5,0.5,,,,,
601888.SH,20220411,161.19,161.19,153.59,156.11,164.48,-8.37,-5.0888,168853.84,2644726.616,0.5,0.5,,,,,
601888.SH,20220412,157.8,171.72,157.55,171.72,156.11,15.61,9.9994,191928.13,3168752.228,0.5,0.5,,,,,
601888.SH,20220413,175.8,176.8,169.72,172.0,171.72,0.28,0.1631,231824.03,4015525.249,0.5,0.5,,,,,
601888.SH,20220414,174.76,185.1,174.76,181.58,172.0,9.58,5.5698,234919.15,4253569.857,0.5,0.5,,,,,
601888.SH,20220415,178.3,185.8,177.17,182.24,181.58,0.66,0.3635,143881.67,2626712.041,0.5,0.5,,,,,
601888.SH,20220418,179.02,181.99,177.51,180.88,182.24,-1.36,-0.7463,77923.68,1399944.298,0.5,0.5,,,,,
601888.SH,20220419,178.6,183.67,177.03,178.63,180.88,-2.25,-1.2439,121672.85,2189459.799,0.5,0.5,,,,,
601888.SH,20220420,178.34,186.0,174.76,182.26,178.63,3.63,2.0321,146279.05,2656381.497,0.5,0.5,,,,,
601888.SH,20220421,179.1,181.77,173.5,175.16,182.26,-7.1,-3.8955,123064.25,2175255.751,0.5,0.5,,,,,
601888.SH,20220422,174.0,178.99,171.32,176.98,175.16,1.82,1.0391,104003.05,1825978.803,0.5,0.5,,,,,
601888.SH,20220425,168.38,181.3,166.1,173.49,176.98,-3.49,-1.972,204194.44,3588737.517,0.5,0.5,,,,,
601888.SH,20220426,175.0,185.05,175.0,180.02,173.49,6.53,3.7639,202670.12,3655558.199,0.5,0.5,,,,,
601888.SH,20220427,178.5,185.33,177.0,183.99,180.02,3.97,2.2053,180307.2,3275885.094,0.5,0.5,,,,,
601888.SH,20220428,181.0,187.66,178.0,181.58,183.99,-2.41,-1.3099,159360.45,2909670.521,0.5,0.5,,,,,
601888.SH,20220429,182.8,183.5,174.3,181.99,181.58,0.41,0.2258,162887.71,2917724.187,0.5,0.5,,,,,
601888.SH,20220505,179.0,182.8,175.44,179.74,181.99,-2.25,-1.2363,123012.1,2207277.275,0.5,0.5,,,,,
601888.SH,20220506,174.0,175.23,161.88,163.69,179.74,-16.05,-8.9296,213779.6,3576514.825,0.5,0.5,,,,,
601888.SH,20220509,159.5,163.6,156.22,160.0,163.69,-3.69,-2.2543,135381.76,2157599.611,0.5,0.5,,,,,
601888.SH,20220510,156.0,168.4,155.18,165.95,160.0,5.95,3.7188,151649.64,2477067.809,0.5,0.5,,,,,
601888.SH,20220511,166.95,179.49,166.95,176.65,165.95,10.7,6.4477,213629.44,3720667.846,0.5,0.5,,,,,
601888.SH,20220512,173.55,174.85,170.36,171.95,176.65,-4.7,-2.6606,81890.62,1412509.652,0.5,0.5,,,,,
601888.SH,20220513,173.5,174.0,170.11,173.0,171.95,1.05,0.6106,65170.26,1121364.968,0.5,0.5,,,,,
601888.SH,20220516,174.55,178.0,171.88,174.32,173.0,1.32,0.763,101173.78,1767318.476,0.5,0.5,,,,,
601888.SH,20220517,173.98,176.68,172.58,174.92,174.32,0.6,0.3442,68813.49,1201129.107,0.5,0.5,,,,,
601888.SH,20220518,175.7,175.94,168.15,170.35,174.92,-4.57,-2.6126,94997.3,1625549.294,0.5,0.5,,,,,
601888.SH,20220519,166.0,169.45,165.32,167.8,170.35,-2.55,-1.4969,84778.69,1417758.005,0.5,0.5,,,,,
601888.SH,20220520,169.16,176.0,169.16,175.75,167.8,7.95,4.7378,136996.12,2385927.522,0.5,0.5,,,,,
601888.SH,20220523,176.03,176.5,166.45,166.77,175.75,-8.98,-5.1095,190998.96,3220303.641,0.5,0.5,,,,,
601888.SH,20220524,167.24,168.2,163.98,164.4,166.77,-2.37,-1.4211,92239.57,1531477.193,0.5,0.5,,,,,
601888.SH,20220525,163.05,167.1,162.43,165.65,164.4,1.25,0.7603,95077.26,1565762.793,0.5,0.5,,,,,
601888.SH,20220526,165.69,166.9,161.0,163.05,165.65,-2.6,-1.5696,119889.96,1953119.304,0.5,0.5,,,,,
601888.SH,20220527,165.3,168.6,164.0,164.95,163.05,1.9,1.1653,117747.21,1957997.495,0.5,0.5,,,,,
601888.SH,20220530,169.89,172.52,166.3,172.0,164.95,7.05,4.274,175704.7,2993308.4,0.5,0.5,,,,,
601888.SH,20220531,171.0,177.89,169.6,176.7,172.0,4.7,2.7326,186136.17,3261895.535,0.5,0.5,,,,,
601888.SH,20220601,178.0,179.8,175.33,175.92,176.7,-0.78,-0.4414,126981.66,2254678.701,0.5,0.5,,,,,
601888.SH,20220602,175.0,176.66,174.61,175.39,175.92,-0.53,-0.3013,86565.21,1518497.215,0.5,0.5,,,,,
601888.SH,20220606,177.0,181.53,172.42,180.97,175.39,5.58,3.1815,147917.44,2632981.473,0.5,0.5,,,,,
601888.SH,20220607,181.82,186.99,179.5,184.8,180.97,3.83,2.1164,156648.26,2896471.582,0.5,0.5,,,,,
601888.SH,20220608,188.0,193.0,186.8,191.56,184.8,6.76,3.658,177916.09,3388404.928,0.5,0.5,,,,,
601888.SH,20220609,194.01,194.49,185.29,186.9,191.56,-4.66,-2.4327,121694.35,2295700.221,0.5,0.5,,,,,
601888.SH,20220610,184.08,189.4,184.07,187.75,186.9,0.85,0.4548,117697.96,2201439.757,0.5,0.5,,,,,
601888.SH,20220613,183.0,184.49,175.78,178.31,187.75,-9.44,-5.028,181661.68,3251375.979,0.5,0.5,,,,,
601888.SH,20220614,175.5,181.47,175.01,181.01,178.31,2.7,1.5142,97468.51,1734260.571,0.5,0.5,,,,,
601888.SH,20220615,180.61,186.98,176.7,181.98,181.01,0.97,0.5359,154045.63,2806344.267,0.5,0.5,,,,,
601888.SH,20220616,182.3,185.0,181.36,182.0,181.98,0.02,0.011,76980.5,1409520.311,0.5,0.5,,,,,
601888.SH,20220617,180.0,191.89,179.51,190.39,182.0,8.39,4.6099,183977.37,3455391.185,0.5,0.5,,,,,
601888.SH,20220620,190.9,198.35,190.9,197.0,190.39,6.61,3.4718,160089.91,3122034.134,0.5,0.5,,,,,
601888.SH,20220621,197.01,200.99,194.8,197.43,197.0,0.43,0.2183,146552.7,2900037.662,0.5,0.5,,,,,
601888.SH,20220622,197.0,197.9,192.09,192.3,197.43,-5.13,-2.5984,117421.04,2281754.702,0.5,0.5,,,,,
601888.SH,20220623,194.8,201.02,194.26,199.5,192.3,7.2,3.7441,149207.48,2957993.128,0.5,0.5,,,,,
601888.SH,20220624,198.69,204.23,197.44,201.12,199.5,1.62,0.812,140763.84,2820792.663,0.5,0.5,,,,,
601888.SH,20220627,211.0,221.23,210.0,214.4,201.12,13.28,6.603,307551.04,6646711.907,0.5,0.5,,,,,
601888.SH,20220628,213.39,222.88,211.13,222.88,214.4,8.48,3.9552,227107.25,4939883.15,0.5,0.5,,,,,
601888.SH,20220629,225.0,231.18,218.4,219.05,222.88,-3.83,-1.7184,192759.6,4299565.627,0.5,0.5,,,,,
601888.SH,20220630,224.4,237.8,221.24,232.93,219.05,13.88,6.3365,250130.99,5758900.171,0.5,0.5,,,,,
601888.SH,20220701,229.1,230.63,220.2,225.11,232.93,-7.82,-3.3572,166565.78,3751108.256,0.5,0.5,,,,,
601888.SH,20220704,219.8,229.2,216.98,226.12,225.11,1.01,0.4487,143328.31,3222489.748,0.5,0.5,,,,,
601888.SH,20220705,226.3,229.12,217.96,220.91,226.12,-5.21,-2.3041,154793.55,3418618.058,0.5,0.5,,,,,
601888.SH,20220706,216.49,216.98,207.9,209.49,220.91,-11.42,-5.1695,232459.8,4914514.81,0.5,0.5,,,,,
601888.SH,20220707,208.0,210.99,204.5,209.41,209.49,-0.08,-0.0382,151339.52,3147499.956,0.5,0.5,,,,,
601888.SH,20220708,214.7,218.16,211.56,211.97,209.41,2.56,1.2225,123725.47,2653308.484,0.5,0.5,,,,,
601888.SH,20220711,206.5,208.5,203.56,207.35,211.97,-4.62,-2.1796,113618.5,2342840.274,0.5,0.5,,,,,
601888.SH,20220712,207.33,209.38,200.87,203.54,207.35,-3.81,-1.8375,96803.58,1975673.666,0.5,0.5,,,,,
601888.SH,20220713,204.05,207.51,203.41,205.6,203.54,2.06,1.0121,93699.33,1925390.223,0.5,0.5,,,,,
601888.SH,20220714,203.0,212.0,203.0,209.5,205.6,3.9,1.8969,125267.77,2617031.32,0.5,0.5,,,,,
601888.SH,20220715,206.0,212.89,204.0,204.36,208.0,-3.64,-1.75,109201.5,2276786.892,0.5,0.5,,,,,
601888.SH,20220718,206.0,209.28,201.02,206.58,204.36,2.22,1.0863,83354.0,1715601.81,0.5,0.5,,,,,
601888.SH,20220719,211.0,211.25,205.01,209.0,206.58,2.42,1.1715,94218.48,1962955.883,0.5,0.5,,,,,
601888.SH,20220720,210.33,216.51,208.74,214.95,209.0,5.95,2.8469,115549.16,2471578.688,0.5,0.5,,,,,
601888.SH,20220721,214.56,214.56,208.7,208.95,214.95,-6.0,-2.7913,82428.54,1737955.528,0.5,0.5,,,,,
601888.SH,20220722,208.0,215.05,208.0,214.62,208.95,5.67,2.7136,106617.62,2271975.739,0.5,0.5,,,,,
601888.SH,20220725,214.6,221.28,213.5,219.61,214.62,4.99,2.325,108154.73,2366044.826,0.5,0.5,,,,,
601888.SH,20220726,222.9,226.04,217.8,219.0,219.61,-0.61,-0.2778,104426.71,2316825.772,0.5,0.5,,,,,
601888.SH,20220727,217.05,219.23,214.0,214.83,219.0,-4.17,-1.9041,80367.73,1732717.148,0.5,0.5,,,,,
601888.SH,20220728,222.0,226.66,217.96,219.98,214.83,5.15,2.3972,149652.21,3328966.356,0.5,0.5,,,,,
601888.SH,20220729,214.5,218.6,209.18,209.9,219.98,-10.08,-4.5822,135201.26,2873554.987,0.5,0.5,,,,,
601888.SH,20220801,208.0,213.5,206.33,211.7,209.9,1.8,0.8576,73427.65,1551504.728,0.5,0.5,,,,,
601888.SH,20220802,207.0,210.6,205.55,206.26,211.7,-5.44,-2.5697,112645.47,2337141.939,0.5,0.5,,,,,
601888.SH,20220803,206.26,209.25,199.38,200.05,206.26,-6.21,-3.0108,153780.69,3109713.337,0.5,0.5,,,,,
601888.SH,20220804,201.0,201.76,195.36,200.45,200.05,0.4,0.2,125576.5,2497859.219,0.5,0.5,,,,,
601888.SH,20220805,195.08,200.47,193.08,198.9,200.45,-1.55,-0.7733,132413.9,2603945.733,0.5,0.5,,,,,
601888.SH,20220808,186.0,192.9,184.0,189.59,198.9,-9.31,-4.6807,213799.46,4038401.018,0.5,0.5,,,,,
601888.SH,20220809,190.52,198.0,190.0,197.46,189.59,7.87,4.1511,127646.67,2495761.297,0.5,0.5,,,,,
601888.SH,20220810,196.5,198.03,193.63,196.0,197.46,-1.46,-0.7394,64083.46,1255800.096,0.5,0.5,,,,,
601888.SH,20220811,195.59,202.49,194.91,201.19,196.0,5.19,2.648,88964.29,1776783.903,0.5,0.5,,,,,
601888.SH,20220812,198.0,199.97,194.04,195.66,201.19,-5.53,-2.7486,111859.95,2189587.732,0.5,0.5,,,,,
601888.SH,20220815,194.01,196.49,192.1,194.75,195.66,-0.91,-0.4651,74316.39,1444213.627,0.5,0.5,,,,,
601888.SH,20220816,195.1,195.98,190.09,190.18,194.75,-4.57,-2.3466,110942.06,2123027.16,0.5,0.5,,,,,
601888.SH,20220817,190.26,194.5,188.6,193.16,190.18,2.98,1.5669,81581.08,1566842.264,0.5,0.5,,,,,
601888.SH,20220818,191.64,192.99,188.0,188.62,193.16,-4.54,-2.3504,119483.76,2256266.073,0.5,0.5,,,,,
601888.SH,20220819,188.8,190.78,187.0,188.0,188.62,-0.62,-0.3287,89660.12,1693937.631,0.5,0.5,,,,,
601888.SH,20220822,187.0,194.2,186.66,193.13,188.0,5.13,2.7287,105754.52,2034300.703,0.5,0.5,,,,,
601888.SH,20220823,194.55,195.89,189.7,192.98,193.13,-0.15,-0.0777,87440.18,1684239.536,0.5,0.5,,,,,
601888.SH,20220824,193.0,195.44,189.0,189.8,192.98,-3.18,-1.6478,79007.81,1520581.28,0.5,0.5,,,,,
601888.SH,20220825,189.7,193.7,187.73,192.82,189.8,3.02,1.5911,81607.58,1557189.041,0.5,0.5,,,,,
601888.SH,20220826,194.0,201.18,192.11,192.41,192.82,-0.41,-0.2126,125491.55,2457992.28,0.5,0.5,,,,,
601888.SH,20220829,189.69,193.69,189.01,192.25,192.41,-0.16,-0.0832,56423.71,1081563.417,0.5,0.5,,,,,
601888.SH,20220830,192.25,193.88,187.6,190.4,192.25,-1.85,-0.9623,66467.19,1260054.021,0.5,0.5,,,,,
601888.SH,20220831,188.75,197.77,188.01,195.5,190.4,5.1,2.6786,167077.28,3258767.133,0.5,0.5,,,,,
601888.SH,20220901,194.01,194.96,186.06,186.8,195.5,-8.7,-4.4501,130443.47,2469429.477,0.5,0.5,,,,,
601888.SH,20220902,184.9,186.6,179.46,180.31,186.8,-6.49,-3.4743,123089.49,2235391.806,0.5,0.5,,,,,
601888.SH,20220905,179.0,180.1,175.2,180.1,180.31,-0.21,-0.1165,109364.72,1939802.106,0.5,0.5,,,,,
601888.SH,20220906,180.68,184.84,178.2,182.72,180.1,2.62,1.4547,82406.23,1499029.257,0.5,0.5,,,,,
601888.SH,20220907,179.1,184.39,179.1,183.95,182.72,1.23,0.6732,50143.94,917572.965,0.5,0.5,,,,,
601888.SH,20220908,184.84,189.49,184.5,186.0,183.95,2.05,1.1144,75532.41,1415446.126,0.5,0.5,,,,,
601888.SH,20220909,184.5,191.6,183.55,191.09,186.0,5.09,2.7366,94229.67,1783484.679,0.5,0.5,,,,,
601888.SH,20220913,194.99,195.0,190.55,192.47,191.09,1.38,0.7222,66652.35,1282157.233,0.5,0.5,,,,,
601888.SH,20220914,189.47,193.66,188.91,191.55,192.47,-0.92,-0.478,59068.6,1129763.837,0.5,0.5,,,,,
601888.SH,20220915,192.5,194.18,189.91,191.35,191.55,-0.2,-0.1044,70693.96,1357898.295,0.5,0.5,,,,,
601888.SH,20220916,190.2,193.71,188.0,188.51,191.35,-2.84,-1.4842,76684.01,1461408.876,0.5,0.5,,,,,
601888.SH,20220919,190.0,192.2,186.8,188.45,188.51,-0.06,-0.0318,59168.22,1119993.478,0.5,0.5,,,,,
601888.SH,20220920,190.01,195.0,187.7,194.23,188.45,5.78,3.0671,83216.47,1600419.744,0.5,0.5,,,,,
601888.SH,20220921,193.61,195.55,185.01,185.54,194.23,-8.69,-4.4741,115279.78,2175096.386,0.5,0.5,,,,,
601888.SH,20220922,184.0,188.15,181.05,187.1,185.54,1.56,0.8408,74000.59,1370944.621,0.5,0.5,,,,,
601888.SH,20220923,185.88,188.82,183.38,185.41,187.1,-1.69,-0.9033,55779.61,1039080.99,0.5,0.5,,,,,
601888.SH,20220926,185.33,198.46,185.3,194.51,185.41,9.1,4.908,174269.8,3385505.655,0.5,0.5,,,,,
601888.SH,20220927,194.53,203.58,193.0,202.45,194.51,7.94,4.0821,156715.88,3124713.717,0.5,0.5,,,,,
601888.SH,20220928,200.0,204.45,198.57,202.48,202.45,0.03,0.0148,99917.05,2012978.42,0.5,0.5,,,,,
601888.SH,20220929,203.33,203.5,196.06,197.25,202.48,-5.23,-2.583,95696.93,1900485.778,0.5,0.5,,,,,
601888.SH,20220930,198.24,200.5,195.71,198.25,197.25,1.0,0.507,80998.33,1607802.934,0.5,0.5,,,,,
601888.SH,20221010,197.2,197.65,187.8,187.8,198.25,-10.45,-5.2711,98273.0,1880812.881,0.5,0.5,,,,,
601888.SH,20221011,189.5,189.5,185.0,185.63,187.8,-2.17,-1.1555,47973.7,894272.269,0.5,0.5,,,,,
601888.SH,20221012,185.65,185.98,174.44,181.03,185.63,-4.6,-2.478,128276.31,2286524.967,0.5,0.5,,,,,
601888.SH,20221013,179.06,182.92,178.81,180.15,181.03,-0.88,-0.4861,61732.05,1118653.678,0.5,0.5,,,,,
601888.SH,20221014,181.88,190.2,181.0,185.46,180.15,5.31,2.9475,105580.36,1969901.664,0.5,0.5,,,,,
601888.SH,20221017,184.96,188.2,183.58,186.93,185.46,1.47,0.7926,77149.76,1433788.567,0.5,0.5,,,,,
601888.SH,20221018,190.0,192.5,187.34,189.0,186.93,2.07,1.1074,59529.63,1128654.822,0.5,0.5,,,,,
601888.SH,20221019,188.01,188.88,179.6,179.6,189.0,-9.4,-4.9735,83935.33,1531349.719,0.5,0.5,,,,,
601888.SH,20221020,175.0,183.1,174.15,179.4,179.6,-0.2,-0.1114,141623.45,2517777.962,0.5,0.5,,,,,
601888.SH,20221021,176.61,179.1,174.55,175.57,179.4,-3.83,-2.1349,82615.73,1456487.156,0.5,0.5,,,,,
601888.SH,20221024,174.05,174.3,165.03,167.0,175.57,-8.57,-4.8812,170739.47,2872709.296,0.5,0.5,,,,,
601888.SH,20221025,167.8,173.8,166.23,171.39,167.0,4.39,2.6287,109761.61,1873233.841,0.5,0.5,,,,,
601888.SH,20221026,171.6,175.49,171.3,173.01,171.39,1.62,0.9452,95181.3,1651802.399,0.5,0.5,,,,,
601888.SH,20221027,172.0,178.0,168.48,169.0,173.01,-4.01,-2.3178,118288.43,2047246.517,0.5,0.5,,,,,
601888.SH,20221028,168.53,172.86,167.05,167.45,169.0,-1.55,-0.9172,92119.67,1564496.972,0.5,0.5,,,,,
601888.SH,20221031,164.1,166.5,159.6,160.36,167.45,-7.09,-4.2341,129014.64,2089352.0,0.5,0.5,,,,,
601888.SH,20221101,160.18,176.4,156.51,176.4,160.36,16.04,10.0025,207563.8,3471948.726,0.5,0.5,,,,,
601888.SH,20221102,175.5,190.6,174.03,182.3,176.4,5.9,3.3447,293151.94,5330716.124,0.5,0.5,,,,,
601888.SH,20221103,178.0,184.77,177.15,182.61,182.3,0.31,0.17,133650.91,2431603.029,0.5,0.5,,,,,
601888.SH,20221104,182.5,199.0,182.42,197.09,182.61,14.48,7.9295,230569.38,4466993.24,0.5,0.5,,,,,
601888.SH,20221107,192.0,196.9,189.57,191.3,197.09,-5.79,-2.9377,140401.24,2695898.036,0.5,0.5,,,,,
601888.SH,20221108,191.19,193.87,189.23,191.35,191.3,0.05,0.0261,77052.26,1471508.86,0.5,0.5,,,,,
601888.SH,20221109,191.0,193.18,187.93,189.11,191.35,-2.24,-1.1706,58108.63,1101275.73,0.5,0.5,,,,,
601888.SH,20221110,185.0,191.0,184.1,188.99,189.11,-0.12,-0.0635,92898.99,1744344.476,0.5,0.5,,,,,
601888.SH,20221111,199.0,201.51,190.18,195.88,188.99,6.89,3.6457,262039.27,5133073.288,0.5,0.5,,,,,
601888.SH,20221114,195.88,199.77,186.13,187.5,195.88,-8.38,-4.2781,175578.53,3360435.118,0.5,0.5,,,,,
601888.SH,20221115,188.94,194.5,188.37,191.0,187.5,3.5,1.8667,120024.4,2297702.411,0.5,0.5,,,,,
601888.SH,20221116,195.0,200.87,191.68,194.2,191.0,3.2,1.6754,171743.24,3372811.321,0.5,0.5,,,,,
601888.SH,20221117,192.0,195.14,189.0,192.99,194.2,-1.21,-0.6231,101647.27,1943954.248,0.5,0.5,,,,,
601888.SH,20221118,192.7,194.06,190.51,190.8,192.99,-2.19,-1.1348,61391.65,1178312.367,0.5,0.5,,,,,
601888.SH,20221121,186.5,186.5,180.0,184.52,190.8,-6.28,-3.2914,123197.89,2251973.741,0.5,0.5,,,,,
601888.SH,20221122,184.1,186.99,181.51,183.25,184.52,-1.27,-0.6883,74415.24,1365133.999,0.5,0.5,,,,,
601888.SH,20221123,181.51,182.75,179.85,181.16,183.25,-2.09,-1.1405,66792.01,1208621.647,0.5,0.5,,,,,
601888.SH,20221124,182.76,182.97,178.4,179.1,181.16,-2.06,-1.1371,60525.45,1089599.269,0.5,0.5,,,,,
601888.SH,20221125,179.95,180.5,177.01,178.66,179.1,-0.44,-0.2457,47489.8,849646.185,0.5,0.5,,,,,
601888.SH,20221128,173.98,184.66,172.11,183.86,178.66,5.2,2.9106,129971.88,2323467.933,0.5,0.5,,,,,
601888.SH,20221129,184.01,197.9,183.5,194.97,183.86,11.11,6.0426,204900.63,3920238.617,0.5,0.5,,,,,
601888.SH,20221130,194.8,197.6,192.51,197.48,194.97,2.51,1.2874,157039.11,3075272.281,0.5,0.5,,,,,
601888.SH,20221201,211.0,213.2,200.8,204.0,197.48,6.52,3.3016,241032.86,4952023.694,0.5,0.5,,,,,
601888.SH,20221202,203.84,204.79,199.0,199.4,204.0,-4.6,-2.2549,128844.03,2591707.565,0.5,0.5,,,,,
601888.SH,20221205,205.0,209.82,201.77,204.92,199.4,5.52,2.7683,186829.19,3845613.915,0.5,0.5,,,,,
601888.SH,20221206,205.69,215.11,204.94,210.0,204.92,5.08,2.479,179801.49,3789553.199,0.5,0.5,,,,,
601888.SH,20221207,213.0,218.25,209.95,214.4,210.0,4.4,2.0952,212911.39,4556668.309,0.5,0.5,,,,,
601888.SH,20221208,215.79,216.0,211.01,214.5,214.4,0.1,0.0466,138294.15,2956084.301,0.5,0.5,,,,,
601888.SH,20221209,214.41,214.5,207.3,213.23,214.5,-1.27,-0.5921,150829.05,3180358.584,0.5,0.5,,,,,
601888.SH,20221212,211.0,218.84,210.57,215.77,213.23,2.54,1.1912,139666.37,3021774.48,0.5,0.5,,,,,
601888.SH,20221213,217.0,217.87,212.98,213.74,215.77,-2.03,-0.9408,90772.53,1954930.868,0.5,0.5,,,,,
601888.SH,20221214,214.7,220.6,214.0,218.84,213.74,5.1,2.3861,132262.86,2886867.129,0.5,0.5,,,,,
601888.SH,20221215,222.38,224.02,216.43,219.7,218.84,0.86,0.393,112940.82,2492280.09,0.5,0.5,,,,,
601888.SH,20221216,218.0,222.0,217.5,221.7,219.7,2.0,0.9103,76977.67,1692185.379,0.5,0.5,,,,,
601888.SH,20221219,220.06,222.87,216.8,218.0,221.7,-3.7,-1.6689,82161.53,1795762.258,0.5,0.5,,,,,
601888.SH,20221220,217.05,218.4,212.3,213.2,218.0,-4.8,-2.2018,102273.15,2195068.195,0.5,0.5,,,,,
601888.SH,20221221,215.4,217.0,213.26,215.09,213.2,1.89,0.8865,66037.12,1421589.578,0.5,0.5,,,,,
601888.SH,20221222,217.43,223.91,215.5,221.04,215.09,5.95,2.7663,115472.19,2555154.391,0.5,0.5,,,,,
601888.SH,20221223,220.5,226.78,218.38,223.33,221.04,2.29,1.036,83119.83,1859172.586,0.5,0.5,,,,,
601888.SH,20221226,225.48,229.55,217.05,218.15,223.33,-5.18,-2.3194,155096.12,3463131.632,0.5,0.5,,,,,
601888.SH,20221227,220.5,220.5,214.96,218.21,218.15,0.06,0.0275,108878.6,2379013.731,0.5,0.5,,,,,
601888.SH,20221228,218.0,220.16,216.9,218.8,218.21,0.59,0.2704,76160.85,1665375.526,0.5,0.5,,,,,
601888.SH,20221229,217.0,219.46,215.54,216.15,218.8,-2.65,-1.2112,95850.63,2080115.845,0.5,0.5,,,,,
601888.SH,20221230,217.88,218.72,213.05,216.03,216.15,-0.12,-0.0555,87758.09,1896340.551,0.5,0.5,,,,,
601888.SH,20230103,217.0,218.5,212.18,214.1,216.03,-1.93,-0.8934,88056.56,1887601.443,0.5,0.5,,,,,
601888.SH,20230104,213.8,216.91,212.84,215.11,214.1,1.01,0.4717,69785.37,1498138.373,0.5,0.5,,,,,
601888.SH,20230105,217.8,226.69,214.8,225.9,215.11,10.79,5.016,175531.1,3914000.876,0.5,0.5,,,,,
601888.SH,20230106,225.73,225.84,222.86,224.67,225.9,-1.23,-0.5445,77195.21,1732324.753,0.5,0.5,,,,,
601888.SH,20230109,225.45,226.8,223.3,225.68,224.67,1.01,0.4495,83622.59,1881160.729,0.5,0.5,,,,,
601888.SH,20230110,225.5,233.33,224.45,231.98,225.68,6.3,2.7916,131938.43,3050861.781,0.5,0.5,,,,,
601888.SH,20230111,232.0,232.83,228.5,228.6,231.98,-3.38,-1.457,61821.26,1423463.109,0.5,0.5,,,,,
601888.SH,20230112,229.69,232.68,223.4,225.02,228.6,-3.58,-1.5661,97179.9,2200024.086,0.5,0.5,,,,,
601888.SH,20230113,225.02,228.88,224.11,228.5,225.02,3.48,1.5465,98922.66,2246783.419,0.5,0.5,,,,,
601888.SH,20230116,230.88,236.0,229.58,232.8,228.5,4.3,1.8818,148098.18,3460836.439,0.5,0.5,,,,,
601888.SH,20230117,233.06,233.71,228.14,230.99,232.8,-1.81,-0.7775,65262.34,1506678.398,0.5,0.5,,,,,
601888.SH,20230118,233.0,235.0,229.0,229.3,230.99,-1.69,-0.7316,62110.84,1439472.876,0.5,0.5,,,,,
601888.SH,20230119,230.12,232.85,224.55,231.64,229.3,2.34,1.0205,102438.63,2340350.33,0.5,0.5,,,,,
601888.SH,20230120,233.96,234.2,229.79,230.5,231.64,-1.14,-0.4921,71913.93,1662370.152,0.5,0.5,,,,,
601888.SH,20230130,239.5,239.99,216.4,217.49,230.5,-13.01,-5.6443,300595.8,6730601.758,0.5,0.5,,,,,
601888.SH,20230131,218.2,219.9,210.98,212.3,217.49,-5.19,-2.3863,177606.81,3807148.859,0.5,0.5,,,,,
601888.SH,20230201,213.99,213.99,208.88,212.85,212.3,0.55,0.2591,158388.28,3339232.501,0.5,0.5,,,,,
601888.SH,20230202,213.58,215.57,210.7,215.22,212.85,2.37,1.1135,124110.6,2651656.825,0.5,0.5,,,,,
601888.SH,20230203,213.91,214.0,207.93,210.96,215.22,-4.26,-1.9794,111671.1,2345878.528,0.5,0.5,,,,,
601888.SH,20230206,208.0,209.0,204.03,206.16,210.96,-4.8,-2.2753,135346.77,2787672.279,0.5,0.5,,,,,
601888.SH,20230207,206.01,207.45,204.5,205.56,206.16,-0.6,-0.291,84532.03,1739326.68,0.5,0.5,,,,,
601888.SH,20230208,206.01,206.99,204.04,204.31,205.56,-1.25,-0.6081,62145.98,1276909.165,0.5,0.5,,,,,
601888.SH,20230209,204.0,207.99,203.81,205.69,204.31,1.38,0.6754,111068.37,2283160.768,0.5,0.5,,,,,
601888.SH,20230210,205.0,205.2,202.01,204.42,205.69,-1.27,-0.6174,94317.56,1920875.053,0.5,0.5,,,,,
601888.SH,20230213,203.33,208.68,202.21,208.0,204.42,3.58,1.7513,149740.41,3088843.577,0.5,0.5,,,,,
601888.SH,20230214,207.2,207.8,203.08,205.45,208.0,-2.55,-1.226,138467.68,2828032.692,0.5,0.5,,,,,
601888.SH,20230215,205.0,205.45,200.39,200.5,205.45,-4.95,-2.4093,140555.21,2833275.652,0.5,0.5,,,,,
601888.SH,20230216,200.65,207.0,200.65,204.18,200.5,3.68,1.8354,165110.15,3384291.573,0.5,0.5,,,,,
601888.SH,20230217,203.11,206.8,200.51,200.54,204.18,-3.64,-1.7827,102986.13,2090272.681,0.5,0.5,,,,,
601888.SH,20230220,201.07,206.0,198.77,205.97,200.54,5.43,2.7077,117596.14,2389184.781,0.5,0.5,,,,,
601888.SH,20230221,205.0,205.9,201.3,203.5,205.97,-2.47,-1.1992,96533.74,1957352.283,0.5,0.5,,,,,
601888.SH,20230222,201.57,203.0,200.11,200.54,203.5,-2.96,-1.4545,78749.77,1582361.681,0.5,0.5,,,,,
601888.SH,20230223,200.2,201.88,199.2,199.99,200.54,-0.55,-0.2743,64544.19,1290616.596,0.5,0.5,,,,,
601888.SH,20230224,200.67,200.88,197.01,197.51,199.99,-2.48,-1.2401,86520.75,1713111.187,0.5,0.5,,,,,
601888.SH,20230227,195.7,198.58,194.85,197.31,197.51,-0.2,-0.1013,80008.56,1574683.341,0.5,0.5,,,,,
601888.SH,20230228,198.3,199.29,194.91,197.58,197.31,0.27,0.1368,88489.1,1739191.785,0.5,0.5,,,,,
601888.SH,20230301,197.1,198.7,195.77,196.85,197.58,-0.73,-0.3695,99847.82,1965451.733,0.5,0.5,,,,,
601888.SH,20230302,196.86,197.8,195.1,195.52,196.85,-1.33,-0.6756,73392.23,1439004.758,0.5,0.5,,,,,
601888.SH,20230303,196.29,197.2,194.55,196.06,195.52,0.54,0.2762,76192.96,1493622.545,0.5,0.5,,,,,
601888.SH,20230306,196.96,197.49,189.88,191.93,196.06,-4.13,-2.1065,190254.96,3654944.819,0.5,0.5,,,,,
601888.SH,20230307,191.84,192.7,188.57,188.6,191.93,-3.33,-1.735,115365.39,2196986.702,0.5,0.5,,,,,
601888.SH,20230308,187.42,188.45,186.68,187.65,188.6,-0.95,-0.5037,69297.08,1299084.751,0.5,0.5,,,,,
601888.SH,20230309,187.78,188.33,183.48,184.49,187.65,-3.16,-1.684,123286.94,2281501.632,0.5,0.5,,,,,
601888.SH,20230310,182.0,183.89,181.66,181.73,184.49,-2.76,-1.496,91582.5,1670820.063,0.5,0.5,,,,,
601888.SH,20230313,181.53,188.39,181.5,186.81,181.73,5.08,2.7954,150244.19,2801211.305,0.5,0.5,,,,,
601888.SH,20230314,186.1,186.91,183.72,186.35,186.81,-0.46,-0.2462,80749.72,1499754.067,0.5,0.5,,,,,
601888.SH,20230315,189.61,190.2,182.55,182.95,186.35,-3.4,-1.8245,123775.81,2296215.358,0.5,0.5,,,,,
601888.SH,20230316,181.0,185.99,180.0,184.26,182.95,1.31,0.716,110335.93,2029892.403,0.5,0.5,,,,,
601888.SH,20230317,186.14,188.8,184.5,185.3,184.26,1.04,0.5644,122350.57,2283431.511,0.5,0.5,,,,,
601888.SH,20230320,185.8,185.8,180.5,182.67,185.3,-2.63,-1.4193,90504.09,1652859.005,0.5,0.5,,,,,
601888.SH,20230321,183.5,188.23,183.11,188.0,182.67,5.33,2.9178,115619.56,2155499.241,0.5,0.5,,,,,
601888.SH,20230322,189.0,189.74,184.04,184.69,188.0,-3.31,-1.7606,123594.61,2298382.22,0.5,0.5,,,,,
601888.SH,20230323,183.5,185.1,182.0,184.56,184.69,-0.13,-0.0704,77245.64,1418145.375,0.5,0.5,,,,,
601888.SH,20230324,183.7,187.5,183.61,186.32,184.56,1.76,0.9536,81838.45,1523835.514,0.5,0.5,,,,,
601888.SH,20230327,186.33,186.33,183.8,184.75,186.32,-1.57,-0.8426,70079.79,1293425.255,0.5,0.5,,,,,
601888.SH,20230328,185.6,185.87,181.67,182.61,184.75,-2.14,-1.1583,98442.56,1799425.495,0.5,0.5,,,,,
601888.SH,20230329,183.4,185.49,181.89,182.54,182.61,-0.07,-0.0383,80704.33,1479806.736,0.5,0.5,,,,,
601888.SH,20230330,182.59,187.57,182.57,187.47,182.54,4.93,2.7008,131501.71,2436582.532,0.5,0.5,,,,,
601888.SH,20230331,187.52,187.99,182.78,183.24,187.47,-4.23,-2.2564,143721.98,2654025.68,0.5,0.5,,,,,
601888.SH,20230403,183.0,187.0,181.01,184.39,183.24,1.15,0.6276,157422.23,2899838.015,0.5,0.5,,,,,
601888.SH,20230404,184.1,184.3,175.9,178.04,184.39,-6.35,-3.4438,259280.16,4657942.478,0.5,0.5,,,,,
601888.SH,20230406,175.01,180.48,173.64,176.82,178.04,-1.22,-0.6852,143947.86,2546608.757,0.5,0.5,,,,,
601888.SH,20230407,177.0,183.43,176.87,181.82,176.82,5.0,2.8277,151657.73,2754444.07,0.5,0.5,,,,,
601888.SH,20230410,181.16,181.8,178.69,179.85,181.82,-1.97,-1.0835,88417.22,1591044.642,0.5,0.5,,,,,
601888.SH,20230411,179.87,182.82,178.21,179.27,179.85,-0.58,-0.3225,110630.31,1995413.329,0.5,0.5,,,,,
601888.SH,20230412,179.27,180.0,175.79,176.0,179.27,-3.27,-1.8241,130403.93,2306412.82,0.5,0.5,,,,,
601888.SH,20230413,175.95,177.32,174.46,176.65,176.0,0.65,0.3693,110459.98,1938712.916,0.5,0.5,,,,,
601888.SH,20230414,176.78,177.5,174.34,174.78,176.65,-1.87,-1.0586,111485.32,1957030.927,0.5,0.5,,,,,
601888.SH,20230417,176.06,180.32,175.15,179.81,174.78,5.03,2.8779,182016.43,3255067.34,0.5,0.5,,,,,
601888.SH,20230418,180.32,181.24,178.28,180.3,179.81,0.49,0.2725,99498.32,1787537.931,0.5,0.5,,,,,
601888.SH,20230419,180.4,180.4,175.31,176.96,180.3,-3.34,-1.8525,120753.05,2137285.311,0.5,0.5,,,,,
601888.SH,20230420,176.6,176.96,170.2,171.0,176.96,-5.96,-3.368,183436.36,3170302.235,0.5,0.5,,,,,
601888.SH,20230421,171.0,171.48,166.66,167.17,171.0,-3.83,-2.2398,166861.01,2809562.365,0.5,0.5,,,,,
601888.SH,20230424,167.1,167.11,163.01,163.89,167.17,-3.28,-1.9621,140556.15,2312850.122,0.5,0.5,,,,,
601888.SH,20230425,162.11,162.78,159.12,161.95,163.89,-1.94,-1.1837,147287.85,2372490.208,0.5,0.5,,,,,
601888.SH,20230426,161.67,165.08,161.51,162.0,161.95,0.05,0.0309,120450.04,1959599.371,0.5,0.5,,,,,
601888.SH,20230427,162.1,162.95,160.72,161.6,162.0,-0.4,-0.2469,113458.85,1833217.807,0.5,0.5,,,,,
601888.SH,20230428,164.77,166.38,157.61,160.98,161.6,-0.62,-0.3837,227472.72,3660437.107,0.5,0.5,,,,,
601888.SH,20230504,158.0,158.98,151.8,153.32,160.98,-7.66,-4.7584,309365.99,4768652.388,0.5,0.5,,,,,
601888.SH,20230505,153.25,154.5,150.99,152.88,153.32,-0.44,-0.287,132287.61,2020904.523,0.5,0.5,,,,,
601888.SH,20230508,152.5,152.5,148.11,149.86,152.88,-3.02,-1.9754,188784.29,2823446.696,0.5,0.5,,,,,
601888.SH,20230509,149.0,150.95,147.6,147.61,149.86,-2.25,-1.5014,160126.99,2388177.895,0.5,0.5,,,,,
601888.SH,20230510,146.99,147.75,144.72,144.98,147.61,-2.63,-1.7817,167774.31,2444882.592,0.5,0.5,,,,,
601888.SH,20230511,145.53,146.2,143.8,144.05,144.98,-0.93,-0.6415,120936.75,1755092.126,0.5,0.5,,,,,
601888.SH,20230512,144.35,145.15,139.69,139.7,144.05,-4.35,-3.0198,187286.41,2652235.49,0.5,0.5,,,,,
601888.SH,20230515,139.0,142.14,138.72,142.0,139.7,2.3,1.6464,148401.93,2084065.56,0.5,0.5,,,,,
601888.SH,20230516,142.0,142.0,137.88,138.78,142.0,-3.22,-2.2676,167254.29,2325536.055,0.5,0.5,,,,,
601888.SH,20230517,138.5,139.1,135.67,136.44,138.78,-2.34,-1.6861,135995.72,1861414.183,0.5,0.5,,,,,
601888.SH,20230518,136.0,136.9,133.07,133.88,136.44,-2.56,-1.8763,146812.88,1981037.051,0.5,0.5,,,,,
601888.SH,20230519,134.35,135.82,131.51,135.16,133.88,1.28,0.9561,194958.08,2605367.417,0.5,0.5,,,,,
601888.SH,20230522,134.0,140.57,132.53,138.87,135.16,3.71,2.7449,225064.81,3096653.097,0.5,0.5,,,,,
601888.SH,20230523,137.29,138.8,136.5,136.51,138.87,-2.36,-1.6994,113881.45,1567829.765,0.5,0.5,,,,,
601888.SH,20230524,136.0,136.0,133.51,133.51,136.51,-3.0,-2.1976,104949.67,1412311.803,0.5,0.5,,,,,
601888.SH,20230525,132.23,133.5,130.67,131.4,133.51,-2.11,-1.5804,126885.79,1672087.716,0.5,0.5,,,,,
601888.SH,20230526,131.65,132.25,128.88,130.7,131.4,-0.7,-0.5327,109002.42,1420327.024,0.5,0.5,,,,,
601888.SH,20230529,130.7,131.14,127.39,127.44,130.7,-3.26,-2.4943,134932.51,1733127.345,0.5,0.5,,,,,
601888.SH,20230530,127.87,129.23,125.21,127.8,127.44,0.36,0.2825,121892.11,1551244.055,0.5,0.5,,,,,
601888.SH,20230531,126.0,126.44,122.08,123.1,127.8,-4.7,-3.6776,241034.41,2974548.552,0.5,0.5,,,,,
601888.SH,20230601,123.48,124.02,120.8,120.95,123.1,-2.15,-1.7465,197160.48,2409214.423,0.5,0.5,,,,,
601888.SH,20230602,122.0,123.94,120.86,122.81,120.95,1.86,1.5378,187072.93,2293208.482,0.5,0.5,,,,,
601888.SH,20230605,122.92,122.92,119.54,119.55,122.81,-3.26,-2.6545,145230.15,1747528.323,0.5,0.5,,,,,
601888.SH,20230606,120.19,121.3,116.87,117.71,119.55,-1.84,-1.5391,188701.51,2245338.58,0.5,0.5,,,,,
601888.SH,20230607,118.44,118.97,116.11,116.58,117.71,-1.13,-0.96,152713.5,1790341.312,0.5,0.5,,,,,
601888.SH,20230608,116.78,118.88,115.6,117.58,116.58,1.0,0.8578,155788.98,1821550.978,0.5,0.5,,,,,
601888.SH,20230609,117.99,119.37,115.96,116.8,117.58,-0.78,-0.6634,160627.27,1886286.102,0.5,0.5,,,,,
601888.SH,20230612,116.0,121.8,115.0,120.01,116.8,3.21,2.7483,226284.22,2689565.866,0.5,0.5,,,,,
601888.SH,20230613,119.5,121.2,118.6,120.8,120.01,0.79,0.6583,142710.83,1711753.043,0.5,0.5,,,,,
601888.SH,20230614,121.47,124.31,120.33,121.13,120.8,0.33,0.2732,251451.67,3076538.873,0.5,0.5,,,,,
601888.SH,20230615,121.38,130.9,120.2,130.0,121.13,8.87,7.3227,457500.11,5788862.155,0.5,0.5,,,,,
601888.SH,20230616,130.5,131.0,127.28,130.16,130.0,0.16,0.1231,275685.71,3558988.188,0.5,0.5,,,,,
601888.SH,20230619,129.5,129.73,126.76,127.3,130.16,-2.86,-2.1973,169945.93,2172702.862,0.5,0.5,,,,,
601888.SH,20230620,126.87,128.6,126.02,126.28,127.3,-1.02,-0.8013,126717.87,1607250.339,0.5,0.5,,,,,
601888.SH,20230621,126.01,127.2,122.02,122.15,126.28,-4.13,-3.2705,181529.67,2252640.02,0.5,0.5,,,,,
601888.SH,20230626,120.0,121.66,117.23,117.44,122.15,-4.71,-3.8559,205621.05,2441275.26,0.5,0.5,,,,,
601888.SH,20230627,119.22,119.36,115.81,116.69,117.44,-0.75,-0.6386,190226.51,2226383.502,0.5,0.5,,,,,
601888.SH,20230628,116.7,117.17,115.2,115.79,116.69,-0.9,-0.7713,131689.96,1526198.294,0.5,0.5,,,,,
601888.SH,20230629,115.83,115.94,110.63,110.89,115.79,-4.9,-4.2318,307645.46,3449144.95,0.5,0.5,,,,,
601888.SH,20230630,110.76,111.85,108.91,110.53,110.89,-0.36,-0.3246,218899.22,2420874.708,0.5,0.5,,,,,
601888.SH,20230703,110.48,116.34,109.6,115.23,110.53,4.7,4.2522,288552.99,3290570.459,0.5,0.5,,,,,
601888.SH,20230704,114.9,116.45,113.67,115.29,115.23,0.06,0.0521,163563.1,1883111.749,0.5,0.5,,,,,
601888.SH,20230705,115.45,115.66,112.65,112.82,115.29,-2.47,-2.1424,139190.43,1580213.536,0.5,0.5,,,,,
601888.SH,20230706,112.99,114.5,110.58,111.01,112.82,-1.81,-1.6043,174012.9,1950276.423,0.5,0.5,,,,,
601888.SH,20230707,110.59,111.53,109.6,109.66,111.01,-1.35,-1.2161,122405.01,1349143.6,0.5,0.5,,,,,
601888.SH,20230710,112.99,120.63,112.35,117.56,109.66,7.9,7.2041,511716.35,6025865.927,0.5,0.5,,,,,
601888.SH,20230711,117.16,117.87,115.41,115.87,117.56,-1.69,-1.4376,220779.32,2568927.774,0.5,0.5,,,,,
601888.SH,20230712,116.46,118.53,115.33,116.15,115.87,0.28,0.2417,197203.37,2298415.811,0.5,0.5,,,,,
601888.SH,20230713,118.22,120.48,117.36,119.1,116.15,2.95,2.5398,271470.66,3234590.176,0.5,0.5,,,,,
601888.SH,20230714,120.14,120.14,116.81,117.05,119.1,-2.05,-1.7212,169149.96,1990368.634,0.5,0.5,,,,,
601888.SH,20230717,116.0,116.2,114.6,115.4,117.05,-1.65,-1.4097,101378.23,1167331.212,0.5,0.5,,,,,
601888.SH,20230718,115.96,115.97,113.6,114.51,115.4,-0.89,-0.7712,108047.86,1234838.407,0.5,0.5,,,,,
601888.SH,20230719,113.94,115.3,113.8,114.23,114.51,-0.28,-0.2445,97779.36,1118318.073,0.5,0.5,,,,,
601888.SH,20230720,115.0,116.66,113.0,113.15,114.23,-1.08,-0.9455,148351.46,1699699.076,0.5,0.5,,,,,
601888.SH,20230721,112.13,116.2,111.81,113.72,112.35,1.37,1.2194,182296.89,2079053.658,0.5,0.5,,,,,
601888.SH,20230724,112.02,112.78,110.89,111.27,113.72,-2.45,-2.1544,126501.67,1412564.368,0.5,0.5,,,,,
601888.SH,20230725,115.0,118.45,114.51,118.21,111.27,6.94,6.2371,340821.08,3990373.838,0.5,0.5,,,,,
601888.SH,20230726,118.22,118.9,117.22,118.3,118.21,0.09,0.0761,150788.38,1781658.732,0.5,0.5,,,,,
601888.SH,20230727,118.3,123.39,117.56,120.99,118.3,2.69,2.2739,312979.29,3791316.141,0.5,0.5,,,,,
601888.SH,20230728,120.02,126.57,119.53,125.97,120.99,4.98,4.116,326015.14,4036739.136,0.5,0.5,,,,,
601888.SH,20230731,128.24,130.26,124.47,125.77,125.97,-0.2,-0.1588,383269.72,4873303.043,0.5,0.5,,,,,
601888.SH,20230801,125.15,127.5,122.78,123.64,125.77,-2.13,-1.6936,224924.05,2804134.958,0.5,0.5,,,,,
601888.SH,20230802,122.7,125.5,122.31,122.94,123.64,-0.7,-0.5662,163284.76,2014579.905,0.5,0.5,,,,,
601888.SH,20230803,122.35,124.8,121.0,124.13,122.94,1.19,0.968,165642.06,2037613.788,0.5,0.5,,,,,
601888.SH,20230804,125.5,128.1,125.21,125.86,124.13,1.73,1.3937,279548.68,3537292.931,0.5,0.5,,,,,
601888.SH,20230807,124.7,126.08,123.98,124.96,125.86,-0.9,-0.7151,139568.5,1746704.954,0.5,0.5,,,,,
601888.SH,20230808,124.8,124.96,122.18,123.85,124.96,-1.11,-0.8883,128295.16,1584242.516,0.5,0.5,,,,,
601888.SH,20230809,123.0,125.25,123.0,123.47,123.85,-0.38,-0.3068,90696.45,1125323.965,0.5,0.5,,,,,
601888.SH,20230810,123.55,124.4,121.08,122.62,123.47,-0.85,-0.6884,135773.28,1662367.55,0.5,0.5,,,,,
601888.SH,20230811,122.78,123.66,120.5,120.5,122.62,-2.12,-1.7289,125137.61,1524215.191,0.5,0.5,,,,,
601888.SH,20230814,118.0,119.12,116.78,118.28,120.5,-2.22,-1.8423,146986.98,1734374.476,0.5,0.5,,,,,
601888.SH,20230815,118.28,118.77,114.66,116.1,118.28,-2.18,-1.8431,153002.84,1775147.736,0.5,0.5,,,,,
601888.SH,20230816,115.5,117.44,115.19,116.81,116.1,0.71,0.6115,123744.63,1440469.604,0.5,0.5,,,,,
601888.SH,20230817,115.57,120.32,115.56,120.03,116.81,3.22,2.7566,180042.99,2131408.581,0.5,0.5,,,,,
601888.SH,20230818,119.8,119.96,114.09,114.09,120.03,-5.94,-4.9488,182411.91,2123208.603,0.5,0.5,,,,,
601888.SH,20230821,115.45,118.57,113.76,116.0,114.09,1.91,1.6741,173860.14,2020375.775,0.5,0.5,,,,,
601888.SH,20230822,116.0,116.36,110.66,113.09,116.0,-2.91,-2.5086,199448.53,2240015.976,0.5,0.5,,,,,
601888.SH,20230823,112.95,113.55,110.17,110.34,113.09,-2.75,-2.4317,118305.82,1317694.133,0.5,0.5,,,,,
601888.SH,20230824,111.1,112.81,110.34,111.95,110.34,1.61,1.4591,96061.43,1074431.207,0.5,0.5,,,,,
601888.SH,20230825,110.99,110.99,106.89,107.5,111.95,-4.45,-3.975,177325.75,1921733.498,0.5,0.5,,,,,
601888.SH,20230828,114.48,114.49,109.43,109.78,107.5,2.28,2.1209,200122.03,2241077.495,0.5,0.5,,,,,
601888.SH,20230829,110.76,112.8,109.34,112.15,109.78,2.37,2.1589,151139.53,1684221.054,0.5,0.5,,,,,
601888.SH,20230830,112.18,112.71,111.18,111.4,112.15,-0.75,-0.6687,101110.21,1130826.582,0.5,0.5,,,,,
601888.SH,20230831,111.4,111.66,108.82,108.92,111.4,-2.48,-2.2262,114739.77,1255728.306,0.5,0.5,,,,,
601888.SH,20230901,109.9,111.33,109.08,109.35,108.92,0.43,0.3948,92592.54,1019951.928,0.5,0.5,,,,,
601888.SH,20230904,110.62,115.96,110.11,115.92,109.35,6.57,6.0082,253024.06,2879859.563,0.5,0.5,,,,,
601888.SH,20230905,115.01,116.0,114.21,114.5,115.92,-1.42,-1.225,114721.06,1318657.812,0.5,0.5,,,,,
601888.SH,20230906,113.99,114.0,112.38,113.0,114.5,-1.5,-1.31,90897.7,1026967.044,0.5,0.5,,,,,
601888.SH,20230907,112.9,112.9,110.15,110.24,113.0,-2.76,-2.4425,105646.79,1172375.703,0.5,0.5,,,,,
601888.SH,20230908,109.8,109.8,108.0,108.4,110.24,-1.84,-1.6691,93372.41,1014276.254,0.5,0.5,,,,,
601888.SH,20230911,108.42,111.38,107.13,110.23,108.4,1.83,1.6882,130425.76,1425777.704,0.5,0.5,,,,,
601888.SH,20230912,109.49,110.23,108.52,109.0,110.23,-1.23,-1.1158,84250.28,921106.676,0.5,0.5,,,,,
601888.SH,20230913,108.99,109.96,106.9,107.52,109.0,-1.48,-1.3578,114605.71,1238383.871,0.5,0.5,,,,,
601888.SH,20230914,107.52,107.95,104.85,105.45,107.52,-2.07,-1.9252,141277.55,1493888.854,0.5,0.5,,,,,
601888.SH,20230915,106.05,107.28,104.14,106.06,105.45,0.61,0.5785,135731.02,1437397.752,0.5,0.5,,,,,
601888.SH,20230918,105.9,112.22,105.28,111.78,106.06,5.72,5.3932,277539.07,3065327.298,0.5,0.5,,,,,
601888.SH,20230919,111.35,111.6,109.18,109.68,111.78,-2.1,-1.8787,111377.97,1224812.164,0.5,0.5,,,,,
601888.SH,20230920,109.02,110.26,108.53,109.6,109.68,-0.08,-0.0729,92476.21,1011651.763,0.5,0.5,,,,,
601888.SH,20230921,108.8,108.8,105.8,105.95,109.6,-3.65,-3.3303,149709.4,1595893.317,0.5,0.5,,,,,
601888.SH,20230922,105.5,109.35,104.92,109.3,105.95,3.35,3.1619,162680.57,1751380.061,0.5,0.5,,,,,
601888.SH,20230925,108.7,109.85,107.65,107.72,109.3,-1.58,-1.4456,125130.42,1358306.466,0.5,0.5,,,,,
601888.SH,20230926,107.3,108.48,106.5,106.83,107.72,-0.89,-0.8262,97093.85,1039940.497,0.5,0.5,,,,,
601888.SH,20230927,106.89,109.59,106.28,107.5,106.83,0.67,0.6272,128544.21,1385295.164,0.5,0.5,,,,,
601888.SH,20230928,108.15,108.15,105.51,105.97,107.5,-1.53,-1.4233,164757.44,1749292.49,0.5,0.5,,,,,
601888.SH,20231009,104.31,104.5,100.38,100.4,105.97,-5.57,-5.2562,262579.32,2664824.968,0.5,0.5,,,,,
601888.SH,20231010,101.0,103.39,100.4,100.87,100.4,0.47,0.4681,204996.87,2089652.421,0.5,0.5,,,,,
601888.SH,20231011,101.3,102.0,99.81,100.23,100.87,-0.64,-0.6345,163247.13,1641792.486,0.5,0.5,,,,,
601888.SH,20231012,100.3,102.0,100.0,101.06,100.23,0.83,0.8281,161764.78,1633552.472,0.5,0.5,,,,,
601888.SH,20231013,99.74,99.74,96.77,97.18,101.06,-3.88,-3.8393,235808.64,2304705.804,0.5,0.5,,,,,
601888.SH,20231016,96.3,97.49,94.44,94.88,97.18,-2.3,-2.3667,181628.51,1735716.661,0.5,0.5,,,,,
601888.SH,20231017,94.88,97.3,94.71,95.93,94.88,1.05,1.1067,152966.61,1470314.027,0.5,0.5,,,,,
601888.SH,20231018,95.4,95.57,94.21,94.25,95.93,-1.68,-1.7513,113366.47,1073304.869,0.5,0.5,,,,,
601888.SH,20231019,93.82,94.36,92.78,92.83,94.25,-1.42,-1.5066,136722.72,1276235.952,0.5,0.5,,,,,
601888.SH,20231020,92.19,93.55,92.06,92.36,92.83,-0.47,-0.5063,132413.74,1226649.046,0.5,0.5,,,,,
601888.SH,20231023,91.91,92.65,89.58,90.07,92.36,-2.29,-2.4794,124002.27,1125175.44,0.5,0.5,,,,,
601888.SH,20231024,91.0,91.43,89.51,90.2,90.07,0.13,0.1443,139238.31,1257807.815,0.5,0.5,,,,,
601888.SH,20231025,91.5,92.79,90.14,90.21,90.2,0.01,0.0111,167430.57,1528682.583,0.5,0.5,,,,,
601888.SH,20231026,88.7,89.85,87.61,89.62,90.21,-0.59,-0.654,165286.93,1466893.158,0.5,0.5,,,,,
601888.SH,20231027,89.99,94.7,89.28,93.9,89.62,4.28,4.7757,318634.56,2953637.235,0.5,0.5,,,,,
601888.SH,20231030,93.3,95.88,93.2,95.42,93.9,1.52,1.6187,178321.7,1692941.189,0.5,0.5,,,,,
601888.SH,20231031,94.9,95.3,93.6,94.6,95.42,-0.82,-0.8594,105621.58,996404.953,0.5,0.5,,,,,
601888.SH,20231101,96.0,96.51,93.25,93.84,94.6,-0.76,-0.8034,112716.97,1062515.078,0.5,0.5,,,,,
601888.SH,20231102,94.95,95.24,92.7,92.73,93.84,-1.11,-1.1829,108053.1,1014138.607,0.5,0.5,,,,,
601888.SH,20231103,93.41,95.05,92.9,94.58,92.73,1.85,1.995,108980.8,1027122.763,0.5,0.5,,,,,
601888.SH,20231106,95.5,97.14,95.2,96.19,94.58,1.61,1.7023,142753.65,1372815.546,0.5,0.5,,,,,
601888.SH,20231107,95.58,95.98,94.74,95.61,96.19,-0.58,-0.603,107912.23,1027891.728,0.5,0.5,,,,,
601888.SH,20231108,95.59,97.5,95.11,96.3,95.61,0.69,0.7217,149231.81,1438183.415,0.5,0.5,,,,,
601888.SH,20231109,96.26,96.92,95.68,95.98,96.3,-0.32,-0.3323,93730.25,901424.772,0.5,0.5,,,,,
601888.SH,20231110,95.02,95.5,94.3,94.4,95.98,-1.58,-1.6462,82343.89,779243.275,0.5,0.5,,,,,
601888.SH,20231113,95.18,97.1,94.92,95.12,94.4,0.72,0.7627,126410.55,1208319.745,0.5,0.5,,,,,
601888.SH,20231114,95.32,96.58,94.73,95.24,95.12,0.12,0.1262,86119.6,822097.538,0.5,0.5,,,,,
601888.SH,20231115,96.9,97.22,95.67,96.15,95.24,0.91,0.9555,112182.42,1081021.068,0.5,0.5,,,,,
601888.SH,20231116,96.17,96.2,94.24,94.36,96.15,-1.79,-1.8617,98773.67,936796.341,0.5,0.5,,,,,
601888.SH,20231117,93.9,94.65,92.6,93.58,94.36,-0.78,-0.8266,118336.41,1103349.373,0.5,0.5,,,,,
601888.SH,20231120,94.15,95.32,92.62,94.46,93.58,0.88,0.9404,114647.14,1077679.513,0.5,0.5,,,,,
601888.SH,20231121,95.5,97.0,94.8,95.03,94.46,0.57,0.6034,160044.5,1536015.7,0.5,0.5,,,,,
601888.SH,20231122,94.47,94.88,93.13,93.27,95.03,-1.76,-1.852,100824.48,944309.014,0.5,0.5,,,,,
601888.SH,20231123,93.03,94.0,91.87,93.84,93.27,0.57,0.6111,90056.59,836764.97,0.5,0.5,,,,,
601888.SH,20231124,93.71,93.71,91.8,92.0,93.84,-1.84,-1.9608,89660.72,828948.093,0.5,0.5,,,,,
601888.SH,20231127,92.01,92.5,89.89,90.89,92.0,-1.11,-1.2065,115555.6,1045961.984,0.5,0.5,,,,,
601888.SH,20231128,90.76,91.43,90.35,91.0,90.89,0.11,0.121,63026.4,572676.936,0.5,0.5,,,,,
601888.SH,20231129,90.71,91.13,88.9,89.5,91.0,-1.5,-1.6484,94377.97,846422.296,0.5,0.5,,,,,
601888.SH,20231130,89.66,90.19,88.51,89.15,89.5,-0.35,-0.3911,100150.48,894126.043,0.5,0.5,,,,,
601888.SH,20231201,88.6,88.89,86.52,87.9,89.15,-1.25,-1.4021,148103.6,1296529.512,0.5,0.5,,,,,
601888.SH,20231204,87.9,88.22,86.59,86.6,87.9,-1.3,-1.479,96088.1,837780.457,0.5,0.5,,,,,
601888.SH,20231205,86.24,86.37,83.99,84.0,86.6,-2.6,-3.0023,124631.38,1062860.487,0.5,0.5,,,,,
601888.SH,20231206,83.7,85.53,83.3,84.48,84.0,0.48,0.5714,110214.25,931502.157,0.5,0.5,,,,,
601888.SH,20231207,84.45,84.45,82.42,82.88,84.48,-1.6,-1.8939,128274.97,1065515.847,0.5,0.5,,,,,
601888.SH,20231208,82.88,83.72,81.8,82.3,82.88,-0.58,-0.6998,120549.75,995600.13,0.5,0.5,,,,,
601888.SH,20231211,81.6,82.69,80.5,82.4,82.3,0.1,0.1215,147624.58,1201456.768,0.5,0.5,,,,,
601888.SH,20231212,82.2,83.43,81.85,82.14,82.4,-0.26,-0.3155,102588.39,845941.816,0.5,0.5,,,,,
601888.SH,20231213,81.51,81.76,78.88,78.9,82.14,-3.24,-3.9445,197374.12,1574488.045,0.5,0.5,,,,,
601888.SH,20231214,79.58,80.96,78.32,78.5,78.9,-0.4,-0.507,139602.65,1109577.153,0.5,0.5,,,,,
601888.SH,20231215,78.91,80.3,78.11,78.19,78.5,-0.31,-0.3949,187604.12,1483050.556,0.5,0.5,,,,,
601888.SH,20231218,77.4,78.15,76.0,76.46,78.19,-1.73,-2.2126,154341.98,1186711.138,0.5,0.5,,,,,
601888.SH,20231219,76.25,77.44,76.14,76.89,76.46,0.43,0.5624,122363.19,938028.185,0.5,0.5,,,,,
601888.SH,20231220,76.9,77.15,75.82,75.83,76.89,-1.06,-1.3786,101927.15,778608.091,0.5,0.5,,,,,
601888.SH,20231221,75.42,80.66,75.42,79.75,75.83,3.92,5.1695,345986.13,2728211.819,0.5,0.5,,,,,
601888.SH,20231222,79.08,80.18,77.8,79.1,79.75,-0.65,-0.815,218074.07,1720085.164,0.5,0.5,,,,,
601888.SH,20231225,78.88,79.64,78.28,79.61,79.1,0.51,0.6448,124431.75,982978.679,0.5,0.5,,,,,
601888.SH,20231226,79.61,79.64,78.06,78.85,79.61,-0.76,-0.9547,116201.45,913774.793,0.5,0.5,,,,,
601888.SH,20231227,80.5,80.98,78.07,78.37,78.85,-0.48,-0.6088,205642.13,1624235.329,0.5,0.5,,,,,
601888.SH,20231228,77.42,85.85,77.41,85.02,78.37,6.65,8.4854,446538.54,3690013.364,0.5,0.5,,,,,
601888.SH,20231229,84.25,85.18,83.27,83.69,85.02,-1.33,-1.5643,222714.65,1869988.332,0.5,0.5,,,,,
601888.SH,20240102,83.69,83.88,80.55,80.6,83.69,-3.09,-3.6922,210999.1,1717472.576,0.5,0.5,,,,,
601888.SH,20240103,80.21,81.12,79.96,80.43,80.6,-0.17,-0.2109,133619.12,1073653.607,0.5,0.5,,,,,
601888.SH,20240104,80.43,80.63,77.81,78.6,80.43,-1.83,-2.2753,163430.72,1284656.176,0.5,0.5,,,,,
601888.SH,20240105,78.49,79.28,76.71,77.02,78.6,-1.58,-2.0102,171114.23,1333555.411,0.5,0.5,,,,,
601888.SH,20240108,77.01,77.79,75.12,75.4,77.02,-1.62,-2.1033,153872.19,1171150.703,0.5,0.5,,,,,
601888.SH,20240109,77.18,82.94,76.91,80.22,75.4,4.82,6.3926,549258.75,4428099.196,0.5,0.5,,,,,
601888.SH,20240110,79.25,83.5,78.66,81.7,80.22,1.48,1.8449,405975.13,3314620.869,0.5,0.5,,,,,
601888.SH,20240111,81.27,83.0,80.59,82.07,81.7,0.37,0.4529,276927.42,2262394.464,0.5,0.5,,,,,
601888.SH,20240112,81.49,82.38,80.71,80.81,82.07,-1.26,-1.5353,156960.53,1277274.251,0.5,0.5,,,,,
601888.SH,20240115,80.03,84.9,80.03,82.25,80.81,1.44,1.782,299341.78,2478036.216,0.5,0.5,,,,,
601888.SH,20240116,81.49,82.61,80.6,82.4,82.25,0.15,0.1824,221653.97,1809395.229,0.5,0.5,,,,,
601888.SH,20240117,81.98,82.0,79.0,79.0,82.4,-3.4,-4.1262,209504.86,1681219.92,0.5,0.5,,,,,
601888.SH,20240118,78.38,84.25,78.38,84.0,79.0,5.0,6.3291,440144.49,3607700.176,0.5,0.5,,,,,
601888.SH,20240119,83.4,85.21,83.4,84.01,84.0,0.01,0.0119,295913.87,2493718.296,0.5,0.5,,,,,
601888.SH,20240122,84.0,84.5,81.13,81.97,84.01,-2.04,-2.4283,292601.3,2424025.118,0.5,0.5,,,,,
601888.SH,20240123,82.02,82.68,79.69,81.15,81.97,-0.82,-1.0004,242056.29,1969292.382,0.5,0.5,,,,,
601888.SH,20240124,81.99,82.68,78.72,81.93,81.15,0.78,0.9612,282574.82,2279521.237,0.5,0.5,,,,,
601888.SH,20240125,81.0,87.96,80.39,86.9,81.93,4.97,6.0662,490233.26,4149042.63,0.5,0.5,,,,,
601888.SH,20240126,86.18,87.06,84.8,85.62,86.9,-1.28,-1.473,306419.7,2627853.852,0.5,0.5,,,,,
601888.SH,20240129,85.2,88.98,84.68,84.92,85.62,-0.7,-0.8176,362574.2,3148120.804,0.5,0.5,,,,,
601888.SH,20240130,84.0,84.9,82.03,82.25,84.92,-2.67,-3.1441,237956.25,1980112.123,0.5,0.5,,,,,
601888.SH,20240131,81.52,82.5,79.47,79.81,82.25,-2.44,-2.9666,251206.49,2021930.48,0.5,0.5,,,,,
601888.SH,20240201,79.39,82.3,77.28,80.95,79.81,1.14,1.4284,277325.23,2217138.512,0.5,0.5,,,,,
601888.SH,20240202,80.42,81.15,75.83,78.52,80.95,-2.43,-3.0019,298623.3,2353281.004,0.5,0.5,,,,,
601888.SH,20240205,77.49,79.53,76.23,77.87,78.52,-0.65,-0.8278,268722.37,2098572.272,0.5,0.5,,,,,
601888.SH,20240206,77.8,82.71,77.17,82.7,77.87,4.83,6.2026,278039.2,2247951.198,0.5,0.5,,,,,
601888.SH,20240207,82.9,84.85,82.14,84.0,82.7,1.3,1.5719,277018.25,2318914.487,0.5,0.5,,,,,
601888.SH,20240208,84.93,85.65,83.38,84.45,84.0,0.45,0.5357,256935.64,2168764.194,0.5,0.5,,,,,
601888.SH,20240219,89.68,89.68,84.66,85.29,84.45,0.84,0.9947,380745.09,3296938.367,0.5,0.5,,,,,
601888.SH,20240220,85.5,85.93,83.66,84.53,85.29,-0.76,-0.8911,202820.1,1713284.77,0.5,0.5,,,,,
601888.SH,20240221,83.8,88.44,83.43,86.86,84.53,2.33,2.7564,370389.26,3208821.204,0.5,0.5,,,,,
601888.SH,20240222,86.0,87.59,85.92,87.51,86.86,0.65,0.7483,202994.84,1762153.712,0.5,0.5,,,,,
601888.SH,20240223,87.51,88.13,86.66,87.58,87.51,0.07,0.08,186800.83,1630565.081,0.5,0.5,,,,,
601888.SH,20240226,87.4,87.4,84.9,85.64,87.58,-1.94,-2.2151,231742.48,1987052.749,0.5,0.5,,,,,
601888.SH,20240227,84.75,86.2,84.75,86.19,85.64,0.55,0.6422,203224.47,1734810.695,0.5,0.5,,,,,
601888.SH,20240228,85.8,88.88,85.19,85.23,86.19,-0.96,-1.1138,317961.38,2764692.395,0.5,0.5,,,,,
601888.SH,20240229,84.5,87.1,84.48,87.1,85.23,1.87,2.1941,258074.52,2217392.2,0.5,0.5,,,,,
601888.SH,20240301,86.8,87.05,85.81,86.65,87.1,-0.45,-0.5166,199677.49,1725717.233,0.5,0.5,,,,,
601888.SH,20240304,86.06,86.55,84.83,85.13,86.65,-1.52,-1.7542,200930.28,1714596.86,0.5,0.5,,,,,
601888.SH,20240305,84.9,85.94,84.22,85.0,85.13,-0.13,-0.1527,181838.57,1544729.29,0.5,0.5,,,,,
601888.SH,20240306,84.8,85.59,84.4,84.85,85.0,-0.15,-0.1765,148073.64,1257272.69,0.5,0.5,,,,,
601888.SH,20240307,84.81,85.09,82.2,82.3,84.85,-2.55,-3.0053,233393.13,1947501.487,0.5,0.5,,,,,
601888.SH,20240308,81.7,82.62,80.99,81.37,82.3,-0.93,-1.13,174969.66,1428795.21,0.5,0.5,,,,,
601888.SH,20240311,81.21,84.93,81.13,84.89,81.37,3.52,4.3259,282954.57,2363887.116,0.5,0.5,,,,,
601888.SH,20240312,84.9,87.88,84.41,87.62,84.89,2.73,3.2159,344358.81,2986414.249,0.5,0.5,,,,,
601888.SH,20240313,87.5,88.49,86.4,87.34,87.62,-0.28,-0.3196,241724.64,2116945.125,0.5,0.5,,,,,
601888.SH,20240314,87.04,89.67,87.04,88.05,87.34,0.71,0.8129,252144.4,2228141.481,0.5,0.5,,,,,
601888.SH,20240315,87.89,91.48,87.65,89.35,88.05,1.3,1.4764,302528.15,2722857.788,0.5,0.5,,,,,
601888.SH,20240318,89.0,90.74,88.17,89.68,89.35,0.33,0.3693,217740.93,1950530.102,0.5,0.5,,,,,
601888.SH,20240319,89.3,89.41,87.46,87.5,89.68,-2.18,-2.4309,177072.91,1564031.185,0.5,0.5,,,,,
601888.SH,20240320,87.61,88.13,86.79,87.53,87.5,0.03,0.0343,114277.03,998229.044,0.5,0.5,,,,,
601888.SH,20240321,87.59,88.39,86.51,86.55,87.53,-0.98,-1.1196,142151.03,1240309.496,0.5,0.5,,,,,
601888.SH,20240322,86.01,86.19,83.94,84.31,86.55,-2.24,-2.5881,198039.51,1675848.787,0.5,0.5,,,,,
601888.SH,20240325,84.06,85.99,83.51,84.81,84.31,0.5,0.593,159210.32,1347584.91,0.5,0.5,,,,,
601888.SH,20240326,84.95,85.66,83.96,85.06,84.81,0.25,0.2948,151333.34,1284913.515,0.5,0.5,,,,,
601888.SH,20240327,84.95,84.95,83.18,83.18,85.06,-1.88,-2.2102,144878.18,1213468.826,0.5,0.5,,,,,
601888.SH,20240328,83.6,87.29,83.6,86.18,83.18,3.0,3.6066,282050.12,2423314.68,0.5,0.5,,,,,
601888.SH,20240329,86.28,86.29,84.71,85.42,86.18,-0.76,-0.8819,139512.78,1189844.687,0.5,0.5,,,,,
601888.SH,20240401,85.7,87.5,85.7,87.5,85.42,2.08,2.435,192128.35,1668678.173,0.5,0.5,,,,,
601888.SH,20240402,87.07,87.28,85.36,85.69,87.5,-1.81,-2.0686,189506.36,1631957.819,0.5,0.5,,,,,
601888.SH,20240403,85.1,85.49,84.23,84.5,85.69,-1.19,-1.3887,144068.16,1219085.432,0.5,0.5,,,,,
601888.SH,20240408,84.36,84.36,81.73,81.87,84.5,-2.63,-3.1124,219174.76,1815785.631,0.5,0.5,,,,,
601888.SH,20240409,81.9,84.25,81.86,82.01,81.87,0.14,0.171,200651.6,1656033.199,0.5,0.5,,,,,
601888.SH,20240410,82.0,82.0,78.48,79.03,82.01,-2.98,-3.6337,297911.73,2363692.742,0.5,0.5,,,,,
601888.SH,20240411,78.08,78.69,77.43,78.24,79.03,-0.79,-0.9996,218575.86,1704935.257,0.5,0.5,,,,,
601888.SH,20240412,78.1,78.2,75.82,75.98,78.24,-2.26,-2.8885,246328.56,1884604.864,0.5,0.5,,,,,
601888.SH,20240415,75.54,77.97,75.23,77.33,75.98,1.35,1.7768,254500.11,1958697.761,0.5,0.5,,,,,
601888.SH,20240416,76.68,77.31,75.78,75.85,77.33,-1.48,-1.9139,180759.41,1381812.144,0.5,0.5,,,,,
601888.SH,20240417,75.94,77.2,75.74,77.17,75.85,1.32,1.7403,219102.43,1676257.484,0.5,0.5,,,,,
601888.SH,20240418,76.62,77.24,76.01,76.41,77.17,-0.76,-0.9848,201239.45,1541310.098,0.5,0.5,,,,,
601888.SH,20240419,75.31,75.47,72.16,72.35,76.41,-4.06,-5.3134,403693.34,2951060.397,0.5,0.5,,,,,
601888.SH,20240422,71.39,73.27,71.2,72.54,72.35,0.19,0.2626,211858.18,1533412.742,0.5,0.5,,,,,
601888.SH,20240423,72.02,72.8,70.82,71.72,72.54,-0.82,-1.1304,196810.23,1411177.531,0.5,0.5,,,,,
601888.SH,20240424,72.44,72.66,71.31,72.29,71.72,0.57,0.7948,158103.45,1139113.259,0.5,0.5,,,,,
601888.SH,20240425,71.9,72.69,71.33,71.93,72.29,-0.36,-0.498,170520.42,1226596.973,0.5,0.5,,,,,
601888.SH,20240426,72.1,74.33,71.97,74.26,71.93,2.33,3.2393,285539.37,2096392.449,0.5,0.5,,,,,
601888.SH,20240429,74.27,77.1,73.89,76.42,74.26,2.16,2.9087,302578.94,2294529.785,0.5,0.5,,,,,
601888.SH,20240430,76.18,76.4,74.9,74.9,76.42,-1.52,-1.989,212807.7,1603781.75,0.5,0.5,,,,,
601888.SH,20240506,74.87,77.47,74.7,76.26,74.9,1.36,1.8158,316764.31,2409702.533,0.5,0.5,,,,,
601888.SH,20240507,75.7,75.92,75.22,75.72,76.26,-0.54,-0.7081,177912.39,1344500.582,0.5,0.5,,,,,
601888.SH,20240508,75.4,75.4,73.34,73.36,75.72,-2.36,-3.1167,231939.99,1716995.104,0.5,0.5,,,,,
601888.SH,20240509,73.31,74.87,73.25,74.38,73.36,1.02,1.3904,166375.34,1236270.291,0.5,0.5,,,,,
601888.SH,20240510,74.41,75.14,73.13,74.03,74.38,-0.35,-0.4706,163715.7,1209975.902,0.5,0.5,,,,,
601888.SH,20240513,73.66,73.66,72.58,73.47,74.03,-0.56,-0.7565,143240.01,1047895.032,0.5,0.5,,,,,
601888.SH,20240514,73.55,74.58,73.5,73.68,73.47,0.21,0.2858,134661.76,994592.687,0.5,0.5,,,,,
601888.SH,20240515,73.47,74.3,72.93,73.43,73.68,-0.25,-0.3393,113496.53,834310.777,0.5,0.5,,,,,
601888.SH,20240516,73.48,74.8,72.82,73.79,73.43,0.36,0.4903,205037.57,1517717.606,0.5,0.5,,,,,
601888.SH,20240517,74.21,76.63,73.44,76.49,73.79,2.7,3.659,385082.14,2909867.329,0.5,0.5,,,,,
601888.SH,20240520,77.56,78.95,76.78,78.22,76.49,1.73,2.2617,407856.87,3178601.275,0.5,0.5,,,,,
601888.SH,20240521,77.5,78.4,77.01,77.41,78.22,-0.81,-1.0355,225457.85,1750178.647,0.5,0.5,,,,,
601888.SH,20240522,77.41,78.68,77.07,78.01,77.41,0.6,0.7751,201528.37,1569746.45,0.5,0.5,,,,,
601888.SH,20240523,77.6,77.74,75.74,75.81,78.01,-2.2,-2.8202,199392.09,1523716.417,0.5,0.5,,,,,
601888.SH,20240524,75.5,75.6,73.61,73.66,75.81,-2.15,-2.836,198782.31,1479075.049,0.5,0.5,,,,,
601888.SH,20240527,73.78,74.15,71.91,73.41,73.66,-0.25,-0.3394,196994.88,1432867.383,0.5,0.5,,,,,
601888.SH,20240528,72.89,73.4,72.4,72.48,73.41,-0.93,-1.2669,121792.23,886942.064,0.5,0.5,,,,,
601888.SH,20240529,72.5,73.55,72.33,72.75,72.48,0.27,0.3725,110222.17,802094.148,0.5,0.5,,,,,
601888.SH,20240530,72.33,72.35,71.1,71.39,72.75,-1.36,-1.8694,185279.27,1326586.198,0.5,0.5,,,,,
601888.SH,20240531,71.66,72.09,71.0,71.0,71.39,-0.39,-0.5463,166888.91,1191278.011,0.5,0.5,,,,,
601888.SH,20240603,71.03,71.28,70.0,70.47,71.0,-0.53,-0.7465,154863.55,1091008.205,0.5,0.5,,,,,
601888.SH,20240604,70.3,73.47,70.18,73.41,70.47,2.94,4.172,294864.14,2133527.592,0.5,0.5,,,,,
601888.SH,20240605,73.0,74.38,72.72,73.34,73.41,-0.07,-0.0954,217556.78,1602846.764,0.5,0.5,,,,,
601888.SH,20240606,73.84,74.16,72.41,72.41,73.34,-0.93,-1.2681,187033.67,1369365.849,0.5,0.5,,,,,
601888.SH,20240607,72.89,73.38,72.03,72.6,72.41,0.19,0.2624,154491.2,1121858.532,0.5,0.5,,,,,
601888.SH,20240611,72.15,72.15,70.8,71.05,72.6,-1.55,-2.135,170451.54,1213550.388,0.5,0.5,,,,,
601888.SH,20240612,70.75,71.63,70.3,71.23,71.05,0.18,0.2533,166059.05,1178658.576,0.5,0.5,,,,,
601888.SH,20240613,71.16,71.41,70.64,70.8,71.23,-0.43,-0.6037,117786.0,836203.283,0.5,0.5,,,,,
601888.SH,20240614,69.58,69.58,67.62,69.28,69.15,0.13,0.188,176884.21,1212897.893,0.5,0.5,,,,,
601888.SH,20240617,68.5,69.07,68.38,68.78,69.28,-0.5,-0.7217,113524.69,779581.263,0.5,0.5,,,,,
601888.SH,20240618,68.95,70.51,68.92,69.29,68.78,0.51,0.7415,153381.93,1069120.06,0.5,0.5,,,,,
601888.SH,20240619,69.05,69.16,67.5,67.51,69.29,-1.78,-2.5689,168297.32,1145134.295,0.5,0.5,,,,,
601888.SH,20240620,67.1,67.26,65.05,65.36,67.51,-2.15,-3.1847,236154.63,1551473.922,0.5,0.5,,,,,
601888.SH,20240621,65.0,65.55,64.3,64.66,65.36,-0.7,-1.071,137333.65,889821.62,0.5,0.5,,,,,
601888.SH,20240624,64.06,65.2,63.33,64.48,64.66,-0.18,-0.2784,163641.57,1050105.617,0.5,0.5,,,,,
601888.SH,20240625,64.48,65.38,62.85,63.0,64.48,-1.48,-2.2953,173411.96,1108657.884,0.5,0.5,,,,,
601888.SH,20240626,62.81,64.58,62.53,64.41,63.0,1.41,2.2381,147512.69,939185.257,0.5,0.5,,,,,
601888.SH,20240627,64.0,64.33,62.92,62.95,64.41,-1.46,-2.2667,126939.38,805905.315,0.5,0.5,,,,,
601888.SH,20240628,62.5,63.35,62.13,62.49,62.95,-0.46,-0.7307,145016.7,910629.501,0.5,0.5,,,,,
601888.SH,20240701,62.42,62.75,61.75,62.5,62.49,0.01,0.016,116136.37,721378.444,0.5,0.5,,,,,
601888.SH,20240702,62.48,63.19,61.78,61.81,62.5,-0.69,-1.104,137407.28,856714.134,0.5,0.5,,,,,
601888.SH,20240703,62.03,67.99,62.03,67.98,61.81,6.17,9.9822,663869.23,4405745.036,0.5,0.5,,,,,
601888.SH,20240704,66.32,66.88,64.65,64.75,67.98,-3.23,-4.7514,419762.97,2749103.774,0.5,0.5,,,,,
601888.SH,20240705,64.65,67.8,64.65,65.73,64.75,0.98,1.5135,403324.45,2676115.774,0.5,0.5,,,,,
601888.SH,20240708,65.1,65.88,63.0,63.1,65.73,-2.63,-4.0012,284466.42,1814418.108,0.5,0.5,,,,,
601888.SH,20240709,63.07,63.4,62.02,63.15,63.1,0.05,0.0792,242878.86,1523087.141,0.5,0.5,,,,,
601888.SH,20240710,62.86,64.77,62.27,63.35,63.15,0.2,0.3167,197684.27,1256752.272,0.5,0.5,,,,,
601888.SH,20240711,64.69,67.86,63.83,67.33,63.35,3.98,6.2826,386254.65,2555573.974,0.5,0.5,,,,,
601888.SH,20240712,67.15,69.78,67.0,67.75,67.33,0.42,0.6238,380306.74,2604574.072,0.5,0.5,,,,,
601888.SH,20240715,66.0,67.55,65.97,66.88,67.75,-0.87,-1.2841,194301.1,1298898.75,0.5,0.5,,,,,
601888.SH,20240716,66.9,68.52,66.9,67.47,66.88,0.59,0.8822,252581.85,1711514.32,0.5,0.5,,,,,
601888.SH,20240717,67.0,71.9,66.51,70.51,67.47,3.04,4.5057,452701.39,3153992.436,0.5,0.5,,,,,
601888.SH,20240718,70.3,71.1,69.4,70.17,70.51,-0.34,-0.4822,265445.51,1859823.612,0.5,0.5,,,,,
601888.SH,20240719,69.49,70.03,68.59,69.83,70.17,-0.34,-0.4845,228479.65,1586063.268,0.5,0.5,,,,,
601888.SH,20240722,69.84,69.93,68.18,68.68,69.83,-1.15,-1.6469,209960.03,1444288.274,0.5,0.5,,,,,
601888.SH,20240723,68.7,69.38,66.68,66.73,68.68,-1.95,-2.8393,194946.45,1325071.942,0.5,0.5,,,,,
601888.SH,20240724,66.5,67.38,64.81,65.19,66.73,-1.54,-2.3078,197784.89,1301672.927,0.5,0.5,,,,,
601888.SH,20240725,64.83,67.7,64.75,66.75,65.19,1.56,2.393,232372.11,1553922.974,0.5,0.5,,,,,
601888.SH,20240726,66.77,67.75,66.28,67.12,66.75,0.37,0.5543,143551.9,960700.947,0.5,0.5,,,,,
601888.SH,20240729,67.12,67.12,64.85,64.89,67.12,-2.23,-3.3224,180205.55,1180099.986,0.5,0.5,,,,,
601888.SH,20240730,64.58,65.63,64.36,64.94,64.89,0.05,0.0771,125956.88,817390.982,0.5,0.5,,,,,
601888.SH,20240731,65.12,69.02,65.1,68.61,64.94,3.67,5.6514,311824.42,2104693.57,0.5,0.5,,,,,
601888.SH,20240801,68.37,68.48,67.1,67.2,68.61,-1.41,-2.0551,190981.72,1289705.132,0.5,0.5,,,,,
601888.SH,20240802,66.77,67.93,66.4,66.6,67.2,-0.6,-0.8929,151661.3,1017647.283,0.5,0.5,,,,,
601888.SH,20240805,67.29,68.53,66.42,66.43,66.6,-0.17,-0.2553,218521.16,1473460.126,0.5,0.5,,,,,
601888.SH,20240806,67.2,68.35,66.48,68.04,66.43,1.61,2.4236,205514.58,1385243.418,0.5,0.5,,,,,
601888.SH,20240807,67.6,67.6,66.4,66.63,68.04,-1.41,-2.0723,156113.57,1043856.72,0.5,0.5,,,,,
601888.SH,20240808,66.34,66.83,65.4,66.02,66.63,-0.61,-0.9155,122926.21,811797.026,0.5,0.5,,,,,
601888.SH,20240809,66.35,66.5,64.81,64.83,66.02,-1.19,-1.8025,139341.72,911809.254,0.5,0.5,,,,,
601888.SH,20240812,64.51,64.77,63.54,63.95,64.83,-0.88,-1.3574,108917.77,695732.051,0.5,0.5,,,,,
601888.SH,20240813,64.01,64.18,63.11,64.17,63.95,0.22,0.344,88642.18,563467.154,0.5,0.5,,,,,
601888.SH,20240814,64.3,64.3,63.21,63.24,64.17,-0.93,-1.4493,76236.97,483973.327,0.5,0.5,,,,,
601888.SH,20240815,63.1,64.58,63.01,63.9,63.24,0.66,1.0436,113865.87,726616.046,0.5,0.5,,,,,
601888.SH,20240816,63.64,63.88,63.32,63.49,63.9,-0.41,-0.6416,65714.54,417335.164,0.5,0.5,,,,,
601888.SH,20240819,63.12,64.21,63.02,63.4,63.49,-0.09,-0.1418,75214.03,478270.641,0.5,0.5,,,,,
601888.SH,20240820,63.12,63.22,62.03,62.18,63.4,-1.22,-1.9243,105085.04,655383.701,0.5,0.5,,,,,
601888.SH,20240821,61.99,62.3,61.29,61.34,62.18,-0.84,-1.3509,97516.95,600174.796,0.5,0.5,,,,,
601888.SH,20240822,61.67,61.79,60.17,60.27,61.34,-1.07,-1.7444,110749.26,671672.214,0.5,0.5,,,,,
601888.SH,20240823,60.25,61.44,59.7,60.95,60.27,0.68,1.1283,94441.78,572907.69,0.5,0.5,,,,,
601888.SH,20240826,60.95,61.54,60.35,60.8,60.95,-0.15,-0.2461,72903.75,443520.125,0.5,0.5,,,,,
601888.SH,20240827,60.56,60.6,59.51,59.68,60.8,-1.12,-1.8421,99065.8,593989.166,0.5,0.5,,,,,
601888.SH,20240828,62.0,62.4,60.32,60.41,59.68,0.73,1.2232,187033.72,1145054.393,0.5,0.5,,,,,
601888.SH,20240829,59.23,59.55,58.25,59.48,60.41,-0.93,-1.5395,178679.95,1053738.482,0.5,0.5,,,,,
601888.SH,20240830,59.03,62.0,58.8,61.01,59.48,1.53,2.5723,233159.28,1415121.936,0.5,0.5,,,,,
601888.SH,20240902,60.0,60.31,58.89,58.93,61.01,-2.08,-3.4093,144736.82,860555.625,0.5,0.5,,,,,
601888.SH,20240903,58.92,59.49,58.65,59.14,58.93,0.21,0.3564,87494.18,516957.533,0.5,0.5,,,,,
601888.SH,20240904,58.6,59.39,58.35,58.55,59.14,-0.59,-0.9976,96805.6,567709.232,0.5,0.5,,,,,
601888.SH,20240905,58.55,58.95,58.46,58.73,58.55,0.18,0.3074,102995.91,604128.238,0.5,0.5,,,,,
601888.SH,20240906,58.68,58.68,56.8,56.82,58.73,-1.91,-3.2522,185672.06,1066413.777,0.5,0.5,,,,,
601888.SH,20240909,56.29,56.59,55.43,55.59,56.82,-1.23,-2.1647,148907.77,832706.684,0.5,0.5,,,,,
601888.SH,20240910,55.58,55.71,54.0,55.08,55.59,-0.51,-0.9174,155289.78,849867.415,0.5,0.5,,,,,
601888.SH,20240911,54.58,55.5,54.49,55.18,55.08,0.1,0.1816,87603.51,482374.452,0.5,0.5,,,,,
601888.SH,20240912,55.2,55.8,54.77,54.79,55.18,-0.39,-0.7068,95311.42,526467.084,0.5,0.5,,,,,
601888.SH,20240913,54.7,55.7,54.54,54.84,54.79,0.05,0.0913,127061.09,700952.315,0.5,0.5,,,,,
601888.SH,20240918,54.58,54.73,53.52,53.76,54.84,-1.08,-1.9694,114538.55,617122.404,0.5,0.5,,,,,
601888.SH,20240919,54.17,56.15,54.03,55.14,53.76,1.38,2.567,193205.3,1066497.825,0.5,0.5,,,,,
601888.SH,20240920,54.73,54.9,53.68,54.31,55.14,-0.83,-1.5053,171546.61,930543.87,0.5,0.5,,,,,
601888.SH,20240923,54.28,54.78,53.72,54.3,54.31,-0.01,-0.0184,92687.23,503887.936,0.5,0.5,,,,,
601888.SH,20240924,55.18,57.33,54.66,57.32,54.3,3.02,5.5617,292973.16,1646281.449,0.5,0.5,,,,,
601888.SH,20240925,58.15,59.69,57.9,58.01,57.32,0.69,1.2038,321405.33,1885960.869,0.5,0.5,,,,,
601888.SH,20240926,57.73,63.81,57.55,63.81,58.01,5.8,9.9983,526297.94,3230709.262,0.5,0.5,,,,,
601888.SH,20240927,66.9,70.18,66.5,70.18,63.81,6.37,9.9828,488200.95,3307102.201,0.5,0.5,,,,,
601888.SH,20240930,77.18,77.2,74.41,77.2,70.18,7.02,10.0028,596782.47,4568816.14,0.5,0.5,,,,,
601888.SH,20241008,84.92,84.92,78.01,84.89,77.2,7.69,9.9611,1214001.9,10050112.547,0.5,0.5,,,,,
601888.SH,20241009,80.0,81.19,76.4,76.4,84.89,-8.49,-10.0012,690841.99,5430920.208,0.5,0.5,,,,,
601888.SH,20241010,74.6,78.02,72.42,74.55,76.4,-1.85,-2.4215,488887.61,3684213.372,0.5,0.5,,,,,
601888.SH,20241011,73.39,74.33,70.83,71.63,74.55,-2.92,-3.9168,318771.59,2303430.482,0.5,0.5,,,,,
601888.SH,20241014,71.6,72.51,68.81,71.36,71.63,-0.27,-0.3769,344104.91,2421839.171,0.5,0.5,,,,,
601888.SH,20241015,70.6,71.0,69.0,69.03,71.36,-2.33,-3.2651,253632.5,1776954.663,0.5,0.5,,,,,
601888.SH,20241016,66.81,67.52,65.56,66.1,69.03,-2.93,-4.2445,369805.5,2457505.448,0.5,0.5,,,,,
601888.SH,20241017,66.2,67.32,65.29,65.44,66.1,-0.66,-0.9985,230205.65,1528812.737,0.5,0.5,,,,,
601888.SH,20241018,65.45,70.0,64.89,68.02,65.44,2.58,3.9425,415324.77,2794104.095,0.5,0.5,,,,,
601888.SH,20241021,68.65,68.86,66.88,68.19,68.02,0.17,0.2499,333933.32,2267489.696,0.5,0.5,,,,,
601888.SH,20241022,67.77,69.57,67.6,69.14,68.19,0.95,1.3932,264079.53,1818461.694,0.5,0.5,,,,,
601888.SH,20241023,69.49,70.58,68.5,69.5,69.14,0.36,0.5207,315361.72,2183682.83,0.5,0.5,,,,,
601888.SH,20241024,68.78,69.07,67.57,67.8,69.5,-1.7,-2.446,201787.37,1376512.249,0.5,0.5,,,,,
601888.SH,20241025,67.8,70.0,67.12,68.99,67.8,1.19,1.7552,259065.27,1784728.953,0.5,0.5,,,,,
601888.SH,20241028,69.0,70.52,68.62,70.3,68.99,1.31,1.8988,270781.1,1889784.03,0.5,0.5,,,,,
601888.SH,20241029,70.97,71.02,68.47,68.83,70.3,-1.47,-2.091,286701.72,1991783.632,0.5,0.5,,,,,
601888.SH,20241030,67.8,68.8,67.45,67.9,68.83,-0.93,-1.3512,171193.31,1164114.88,0.5,0.5,,,,,
601888.SH,20241031,67.55,68.83,67.0,67.83,67.9,-0.07,-0.1031,195147.09,1322527.265,0.5,0.5,,,,,
601888.SH,20241101,67.83,69.98,67.3,68.32,67.83,0.49,0.7224,303676.04,2085816.744,0.5,0.5,,,,,
601888.SH,20241104,68.88,70.5,68.33,70.21,68.32,1.89,2.7664,300031.5,2080836.281,0.5,0.5,,,,,
601888.SH,20241105,70.0,73.52,69.27,72.9,70.21,2.69,3.8314,413096.11,2984308.875,0.5,0.5,,,,,
601888.SH,20241106,72.86,73.7,71.66,72.65,72.9,-0.25,-0.3429,358058.27,2601916.823,0.5,0.5,,,,,
601888.SH,20241107,71.71,76.96,71.65,76.92,72.65,4.27,5.8775,551355.6,4152258.228,0.5,0.5,,,,,
601888.SH,20241108,78.0,78.51,75.0,75.8,76.92,-1.12,-1.4561,455753.46,3467246.71,0.5,0.5,,,,,
601888.SH,20241111,74.42,74.58,72.86,74.43,75.8,-1.37,-1.8074,376774.0,2780059.464,0.5,0.5,,,,,
601888.SH,20241112,74.43,76.42,73.77,74.2,74.43,-0.23,-0.309,321487.98,2417154.149,0.5,0.5,,,,,
601888.SH,20241113,73.72,75.96,73.5,74.16,74.2,-0.04,-0.0539,208397.41,1545215.437,0.5,0.5,,,,,
601888.SH,20241114,74.17,74.31,71.89,72.09,74.16,-2.07,-2.7913,196874.9,1436893.793,0.5,0.5,,,,,
601888.SH,20241115,72.02,72.5,70.71,70.72,72.09,-1.37,-1.9004,212900.32,1523964.891,0.5,0.5,,,,,
601888.SH,20241118,70.75,71.53,69.28,69.77,70.72,-0.95,-1.3433,191197.98,1346254.643,0.5,0.5,,,,,
601888.SH,20241119,70.0,70.4,68.47,70.31,69.77,0.54,0.774,168759.59,1175245.646,0.5,0.5,,,,,
601888.SH,20241120,70.19,70.79,69.8,70.4,70.31,0.09,0.128,136588.27,959384.481,0.5,0.5,,,,,
601888.SH,20241121,70.19,70.37,69.54,70.01,70.4,-0.39,-0.554,121053.06,846281.885,0.5,0.5,,,,,
601888.SH,20241122,69.95,70.44,67.4,67.4,70.01,-2.61,-3.728,179078.5,1233493.636,0.5,0.5,,,,,
601888.SH,20241125,67.6,68.65,67.45,68.0,67.4,0.6,0.8902,148716.42,1012194.591,0.5,0.5,,,,,
601888.SH,20241126,67.7,68.75,67.59,67.84,68.0,-0.16,-0.2353,106907.96,727803.248,0.5,0.5,,,,,
601888.SH,20241127,67.6,68.69,67.07,68.68,67.84,0.84,1.2382,125040.21,849260.237,0.5,0.5,,,,,
601888.SH,20241128,68.68,69.2,68.08,68.28,68.68,-0.4,-0.5824,136563.72,936430.44,0.5,0.5,,,,,
601888.SH,20241129,68.25,70.34,68.1,69.55,68.28,1.27,1.86,189113.64,1309933.894,0.5,0.5,,,,,
601888.SH,20241202,69.55,73.17,69.23,72.62,69.55,3.07,4.4141,340463.45,2455608.798,0.5,0.5,,,,,
601888.SH,20241203,72.62,72.63,71.05,71.63,72.62,-0.99,-1.3633,199154.22,1427191.835,0.5,0.5,,,,,
601888.SH,20241204,71.24,71.24,69.82,70.07,71.63,-1.56,-2.1779,148586.63,1048667.595,0.5,0.5,,,,,
601888.SH,20241205,69.83,70.3,69.5,69.9,70.07,-0.17,-0.2426,118095.92,824569.338,0.5,0.5,,,,,
601888.SH,20241206,69.9,70.98,69.5,70.56,69.9,0.66,0.9442,148437.04,1044767.679,0.5,0.5,,,,,
601888.SH,20241209,70.2,70.39,69.0,69.29,70.56,-1.27,-1.7999,140978.57,982222.381,0.5,0.5,,,,,
601888.SH,20241210,73.0,73.5,70.5,70.65,69.29,1.36,1.9628,356830.24,2577118.763,0.5,0.5,,,,,
601888.SH,20241211,70.33,72.65,70.33,71.85,70.65,1.2,1.6985,211614.69,1516908.894,0.5,0.5,,,,,
601888.SH,20241212,71.55,74.17,71.28,73.81,71.85,1.96,2.7279,387375.28,2827569.169,0.5,0.5,,,,,
601888.SH,20241213,72.99,73.0,71.3,71.3,73.81,-2.51,-3.4006,295934.62,2130633.725,0.5,0.5,,,,,
601888.SH,20241216,71.35,73.35,70.5,71.8,71.3,0.5,0.7013,273584.84,1970005.197,0.5,0.5,,,,,
601888.SH,20241217,71.3,71.78,70.05,70.97,71.8,-0.83,-1.156,190884.61,1352470.463,0.5,0.5,,,,,
601888.SH,20241218,71.71,71.86,70.51,70.63,70.97,-0.34,-0.4791,160813.0,1141694.31,0.5,0.5,,,,,
601888.SH,20241219,69.6,70.25,69.14,70.03,70.63,-0.6,-0.8495,168609.69,1173752.657,0.5,0.5,,,,,
601888.SH,20241220,70.0,70.38,69.25,69.42,70.03,-0.61,-0.8711,135880.31,948867.396,0.5,0.5,,,,,
601888.SH,20241223,69.48,69.49,68.69,68.7,69.42,-0.72,-1.0372,134632.89,928452.089,0.5,0.5,,,,,
601888.SH,20241224,68.66,69.53,68.52,69.43,68.7,0.73,1.0626,100336.33,693604.004,0.5,0.5,,,,,
601888.SH,20241225,69.58,69.58,68.53,69.2,69.43,-0.23,-0.3313,95209.6,656942.014,0.5,0.5,,,,,
601888.SH,20241226,69.2,69.4,68.73,69.07,69.2,-0.13,-0.1879,93941.14,648303.294,0.5,0.5,,,,,
601888.SH,20241227,68.91,69.6,68.6,68.88,69.07,-0.19,-0.2751,118695.94,819745.674,0.5,0.5,,,,,
601888.SH,20241230,68.87,68.87,67.58,68.26,68.88,-0.62,-0.9001,154868.56,1055263.837,0.5,0.5,,,,,
601888.SH,20241231,68.0,68.6,67.0,67.01,68.26,-1.25,-1.8312,136900.35,926572.134,0.5,0.5,,,,,
601888.SH,20250102,67.03,67.19,64.33,64.7,67.01,-2.31,-3.4472,186711.66,1227701.233,0.5,0.5,,,,,
601888.SH,20250103,64.99,65.2,62.76,62.83,64.7,-1.87,-2.8903,153837.69,979895.136,0.5,0.5,,,,,
601888.SH,20250106,62.83,63.29,62.15,62.54,62.83,-0.29,-0.4616,95955.63,601081.04,0.5,0.5,,,,,
601888.SH,20250107,62.54,62.71,61.86,62.47,62.54,-0.07,-0.1119,96164.6,599735.313,0.5,0.5,,,,,
601888.SH,20250108,62.47,62.47,60.66,61.79,62.47,-0.68,-1.0885,137648.19,846538.814,0.5,0.5,,,,,
601888.SH,20250109,61.6,61.99,60.82,61.01,61.79,-0.78,-1.2623,128240.21,786838.965,0.5,0.5,,,,,
601888.SH,20250110,60.8,61.0,59.93,59.98,61.01,-1.03,-1.6882,112651.46,680046.801,0.5,0.5,,,,,
601888.SH,20250113,59.5,60.65,59.37,60.17,59.98,0.19,0.3168,91988.64,552403.607,0.5,0.5,,,,,
601888.SH,20250114,60.2,61.98,60.2,61.87,60.17,1.7,2.8253,165425.56,1012419.547,0.5,0.5,,,,,
601888.SH,20250115,61.79,61.79,61.05,61.29,61.87,-0.58,-0.9374,93724.62,574830.485,0.5,0.5,,,,,
601888.SH,20250116,61.37,62.38,61.11,61.6,61.29,0.31,0.5058,103092.58,636356.291,0.5,0.5,,,,,
601888.SH,20250117,60.43,61.38,60.0,61.02,61.6,-0.58,-0.9416,107556.29,654759.281,0.5,0.5,,,,,
601888.SH,20250120,61.28,62.48,61.28,61.88,61.02,0.86,1.4094,132100.14,818951.687,0.5,0.5,,,,,
601888.SH,20250121,62.49,62.6,61.34,61.53,61.88,-0.35,-0.5656,87085.31,537580.744,0.5,0.5,,,,,
601888.SH,20250122,61.22,61.32,60.03,60.38,61.53,-1.15,-1.869,116119.84,701639.134,0.5,0.5,,,,,
601888.SH,20250123,61.2,61.89,60.52,60.52,60.38,0.14,0.2319,113413.0,693548.986,0.5,0.5,,,,,
601888.SH,20250124,60.18,61.26,60.11,61.25,60.52,0.73,1.2062,95980.93,584040.869,0.5,0.5,,,,,
601888.SH,20250127,61.4,62.17,60.68,60.7,61.25,-0.55,-0.898,100538.83,616498.485,0.5,0.5,,,,,
601888.SH,20250205,61.2,61.36,60.18,60.22,60.7,-0.48,-0.7908,110135.99,667079.316,0.5,0.5,,,,,
601888.SH,20250206,60.13,60.96,59.15,60.95,60.22,0.73,1.2122,143384.01,863950.564,0.5,0.5,,,,,
601888.SH,20250207,60.76,62.23,60.61,61.64,60.95,0.69,1.1321,194259.61,1197663.729,0.5,0.5,,,,,
601888.SH,20250210,61.65,62.33,61.32,62.05,61.64,0.41,0.6652,146779.06,907967.172,0.5,0.5,,,,,
601888.SH,20250211,62.1,62.33,60.89,60.97,62.05,-1.08,-1.7405,134303.0,822547.087,0.5,0.5,,,,,
601888.SH,20250212,60.87,61.5,60.4,61.48,60.97,0.51,0.8365,149343.32,908759.842,0.5,0.5,,,,,
601888.SH,20250213,61.2,62.44,61.12,61.99,61.48,0.51,0.8295,215228.03,1332058.052,0.5,0.5,,,,,
601888.SH,20250214,61.8,62.6,61.68,62.09,61.99,0.1,0.1613,156815.26,973622.35,0.5,0.5,,,,,
601888.SH,20250217,62.2,62.99,61.51,61.75,62.09,-0.34,-0.5476,171804.96,1067312.999,0.5,0.5,,,,,
601888.SH,20250218,61.55,61.69,60.27,60.31,61.75,-1.44,-2.332,157672.2,960338.481,0.5,0.5,,,,,
601888.SH,20250219,60.16,60.95,59.91,60.86,60.31,0.55,0.912,122023.34,738797.707,0.5,0.5,,,,,
601888.SH,20250220,60.6,61.24,60.34,60.47,60.86,-0.39,-0.6408,114359.35,693701.504,0.5,0.5,,,,,
601888.SH,20250221,60.57,62.11,60.56,61.05,60.47,0.58,0.9592,209245.17,1282888.638,0.5,0.5,,,,,
601888.SH,20250224,61.05,61.37,60.46,60.72,61.05,-0.33,-0.5405,150984.68,919090.119,0.5,0.5,,,,,
601888.SH,20250225,60.22,60.49,60.0,60.05,60.72,-0.67,-1.1034,133224.19,801946.131,0.5,0.5,,,,,
601888.SH,20250226,60.11,61.08,59.86,61.04,60.05,0.99,1.6486,179755.03,1085365.11,0.5,0.5,,,,,
601888.SH,20250227,61.0,63.5,60.85,62.67,61.04,1.63,2.6704,363561.63,2275773.575,0.5,0.5,,,,,
601888.SH,20250228,62.8,63.8,61.09,61.17,62.67,-1.5,-2.3935,282095.8,1757179.594,0.5,0.5,,,,,
601888.SH,20250303,61.19,62.26,60.68,61.11,61.17,-0.06,-0.0981,161776.81,994564.596,0.5,0.5,,,,,
601888.SH,20250304,60.67,61.15,60.22,61.13,61.11,0.02,0.0327,125724.9,763144.81,0.5,0.5,,,,,
601888.SH,20250305,61.43,61.69,60.59,61.23,61.13,0.1,0.1636,125283.59,765570.437,0.5,0.5,,,,,
601888.SH,20250306,61.58,63.37,61.2,62.34,61.23,1.11,1.8128,241829.92,1503671.005,0.5,0.5,,,,,
601888.SH,20250307,61.85,62.84,61.41,61.92,62.34,-0.42,-0.6737,167346.74,1036325.992,0.5,0.5,,,,,
601888.SH,20250310,61.84,62.03,60.99,61.27,61.92,-0.65,-1.0497,135877.7,833254.751,0.5,0.5,,,,,
601888.SH,20250311,60.5,62.2,60.48,62.2,61.27,0.93,1.5179,163915.08,1007476.012,0.5,0.5,,,,,
601888.SH,20250312,62.4,63.11,61.67,61.72,62.2,-0.48,-0.7717,128955.69,800329.596,0.5,0.5,,,,,
601888.SH,20250313,61.61,63.12,61.52,62.12,61.72,0.4,0.6481,217808.99,1356653.594,0.5,0.5,,,,,
601888.SH,20250314,62.6,64.77,62.44,64.08,62.12,1.96,3.1552,428832.74,2731161.354,0.5,0.5,,,,,
601888.SH,20250317,65.22,65.22,64.05,64.12,64.08,0.04,0.0624,308621.71,1990813.918,0.5,0.5,,,,,
601888.SH,20250318,64.32,64.49,63.42,63.59,64.12,-0.53,-0.8266,176512.06,1124539.453,0.5,0.5,,,,,
601888.SH,20250319,63.39,63.98,63.14,63.34,63.59,-0.25,-0.3931,145120.86,919821.468,0.5,0.5,,,,,
601888.SH,20250320,63.3,63.4,62.65,62.72,63.34,-0.62,-0.9788,124401.28,782607.127,0.5,0.5,,,,,
601888.SH,20250321,62.52,62.98,61.41,61.82,62.72,-0.9,-1.4349,184301.19,1144253.217,0.5,0.5,,,,,
601888.SH,20250324,61.85,62.39,61.46,62.02,61.82,0.2,0.3235,139672.15,865584.964,0.5,0.5,,,,,
601888.SH,20250325,62.03,62.21,61.37,62.15,62.02,0.13,0.2096,100837.63,624126.281,0.5,0.5,,,,,
601888.SH,20250326,62.62,62.7,62.17,62.38,62.15,0.23,0.3701,112857.34,704260.983,0.5,0.5,,,,,
601888.SH,20250327,62.9,63.2,62.33,62.39,62.38,0.01,0.016,119182.47,746208.053,0.5,0.5,,,,,
601888.SH,20250328,62.03,62.25,61.52,61.61,62.39,-0.78,-1.2502,116010.35,717575.515,0.5,0.5,,,,,
601888.SH,20250331,61.0,61.0,60.06,60.2,61.61,-1.41,-2.2886,172803.16,1044687.182,0.5,0.5,,,,,
601888.SH,20250401,60.22,60.69,60.09,60.43,60.2,0.23,0.3821,88132.91,532371.231,0.5,0.5,,,,,
601888.SH,20250402,60.4,60.52,60.18,60.42,60.43,-0.01,-0.0165,56463.77,340993.234,0.5,0.5,,,,,
601888.SH,20250403,60.0,60.81,59.8,60.6,60.42,0.18,0.2979,93645.42,566519.222,0.5,0.5,,,,,
601888.SH,20250407,59.0,59.0,54.75,56.57,60.6,-4.03,-6.6502,313853.64,1784184.603,0.5,0.5,,,,,
601888.SH,20250408,56.57,61.35,56.56,60.79,56.57,4.22,7.4598,344915.73,2029881.148,0.5,0.5,,,,,
601888.SH,20250409,60.8,66.87,59.6,66.87,60.79,6.08,10.0016,687093.17,4408998.942,0.5,0.5,,,,,
601888.SH,20250410,69.0,73.46,67.89,70.21,66.87,3.34,4.9948,1125354.25,7933717.17,0.5,0.5,,,,,
601888.SH,20250411,69.89,70.55,67.39,67.95,70.21,-2.26,-3.2189,648463.65,4433433.706,0.5,0.5,,,,,
601888.SH,20250414,67.61,69.55,67.08,67.98,67.95,0.03,0.0442,464454.64,3178627.985,0.5,0.5,,,,,
601888.SH,20250415,67.21,67.94,65.24,65.68,67.98,-2.3,-3.3833,398238.86,2631925.139,0.5,0.5,,,,,
601888.SH,20250416,65.75,67.89,64.31,67.4,65.68,1.72,2.6188,541631.07,3584633.095,0.5,0.5,,,,,
601888.SH,20250417,66.66,66.77,65.79,66.02,67.4,-1.38,-2.0475,265584.73,1758044.269,0.5,0.5,,,,,
601888.SH,20250418,66.25,66.25,64.35,64.87,66.02,-1.15,-1.7419,207503.8,1347617.338,0.5,0.5,,,,,
601888.SH,20250421,64.45,65.19,64.01,64.65,64.87,-0.22,-0.3391,160191.18,1036625.454,0.5,0.5,,,,,
601888.SH,20250422,64.6,65.17,64.21,64.32,64.65,-0.33,-0.5104,178554.04,1152708.512,0.5,0.5,,,,,
601888.SH,20250423,64.34,64.57,62.89,62.96,64.32,-1.36,-2.1144,267229.89,1693523.275,0.5,0.5,,,,,
601888.SH,20250424,62.97,63.2,62.41,62.66,62.96,-0.3,-0.4765,156170.89,980497.405,0.5,0.5,,,,,
601888.SH,20250425,62.68,63.38,62.68,63.0,62.66,0.34,0.5426,141012.96,889342.366,0.5,0.5,,,,,
601888.SH,20250428,64.9,64.9,63.05,63.05,63.0,0.05,0.0794,224795.33,1436847.764,0.5,0.5,,,,,
601888.SH,20250429,62.87,62.88,62.06,62.32,63.05,-0.73,-1.1578,143798.97,896771.574,0.5,0.5,,,,,
601888.SH,20250430,62.2,63.5,62.2,63.4,62.32,1.08,1.733,157870.94,994341.526,0.5,0.5,,,,,
601888.SH,20250506,63.48,63.6,62.68,63.56,63.4,0.16,0.2524,173323.17,1094066.308,0.5,0.5,,,,,
601888.SH,20250507,64.28,64.36,62.9,63.4,63.56,-0.16,-0.2517,177719.25,1126718.349,0.5,0.5,,,,,
601888.SH,20250508,63.0,63.42,62.78,63.27,63.4,-0.13,-0.205,104946.2,663408.476,0.5,0.5,,,,,
601888.SH,20250509,63.0,63.15,62.63,62.72,63.27,-0.55,-0.8693,99735.27,626272.398,0.5,0.5,,,,,
601888.SH,20250512,62.75,62.9,62.36,62.57,62.72,-0.15,-0.2392,140440.51,879134.853,0.5,0.5,,,,,
601888.SH,20250513,62.9,63.1,62.48,62.51,62.57,-0.06,-0.0959,122420.73,768088.888,0.5,0.5,,,,,
601888.SH,20250514,62.55,62.96,61.44,62.58,62.51,0.07,0.112,196121.82,1217459.892,0.5,0.5,,,,,
601888.SH,20250515,62.34,62.57,61.73,61.73,62.58,-0.85,-1.3583,109478.0,678878.683,0.5,0.5,,,,,
601888.SH,20250516,61.73,63.1,61.5,62.87,61.73,1.14,1.8468,190788.72,1191031.616,0.5,0.5,,,,,
601888.SH,20250519,62.38,62.47,61.84,61.88,62.87,-0.99,-1.5747,110544.82,685087.603,0.5,0.5,,,,,
601888.SH,20250520,61.9,62.12,61.76,61.91,61.88,0.03,0.0485,79795.61,494391.606,0.5,0.5,,,,,
601888.SH,20250521,61.78,62.2,61.7,61.9,61.91,-0.01,-0.0162,84179.82,521574.45,0.5,0.5,,,,,
601888.SH,20250522,61.8,62.0,61.24,61.24,61.9,-0.66,-1.0662,95683.75,588990.595,0.5,0.5,,,,,
601888.SH,20250523,61.24,61.63,60.81,60.88,61.24,-0.36,-0.5879,89850.11,549770.98,0.5,0.5,,,,,
601888.SH,20250526,60.81,61.16,60.74,61.15,60.88,0.27,0.4435,58450.03,356523.147,0.5,0.5,,,,,
601888.SH,20250527,61.0,61.33,60.95,61.18,61.15,0.03,0.0491,47673.86,291629.334,0.5,0.5,,,,,
601888.SH,20250528,61.18,61.45,60.88,61.23,61.18,0.05,0.0817,54217.94,332096.88,0.5,0.5,,,,,
601888.SH,20250529,61.1,61.7,60.95,61.63,61.23,0.4,0.6533,85093.58,522912.038,0.5,0.5,,,,,
601888.SH,20250530,61.56,61.56,60.59,60.59,61.63,-1.04,-1.6875,79052.46,482983.623,0.5,0.5,,,,,
601888.SH,20250603,60.2,61.09,60.2,60.92,60.59,0.33,0.5446,59581.15,361991.878,0.5,0.5,,,,,
601888.SH,20250604,60.93,61.78,60.72,61.64,60.92,0.72,1.1819,95541.18,585971.362,0.5,0.5,,,,,
601888.SH,20250605,61.47,61.62,61.25,61.35,61.64,-0.29,-0.4705,71294.54,437361.854,0.5,0.5,,,,,
601888.SH,20250606,61.3,61.95,61.03,61.61,61.35,0.26,0.4238,88132.67,541589.689,0.5,0.5,,,,,
601888.SH,20250609,61.61,61.88,61.33,61.66,61.61,0.05,0.0812,76527.43,471774.12,0.5,0.5,,,,,
601888.SH,20250610,61.66,61.69,60.65,61.16,61.66,-0.5,-0.8109,98407.96,601824.629,0.5,0.5,,,,,
601888.SH,20250611,61.02,61.77,61.02,61.38,61.16,0.22,0.3597,78556.76,482934.886,0.5,0.5,,,,,
601888.SH,20250612,61.4,61.45,61.06,61.18,61.38,-0.2,-0.3258,60988.29,373093.703,0.5,0.5,,,,,
601888.SH,20250613,61.2,61.44,60.35,60.4,61.18,-0.78,-1.2749,118226.07,717435.497,0.5,0.5,,,,,
601888.SH,20250616,60.23,60.6,60.11,60.45,60.4,0.05,0.0828,60127.87,363209.935,0.5,0.5,,,,,
601888.SH,20250617,60.51,60.95,60.5,60.63,60.45,0.18,0.2978,62496.92,379208.301,0.5,0.5,,,,,
601888.SH,20250618,60.61,60.84,60.35,60.66,60.63,0.03,0.0495,59811.36,362741.588,0.5,0.5,,,,,
601888.SH,20250619,60.46,61.15,60.46,60.81,60.66,0.15,0.2473,105713.09,643408.519,0.5,0.5,,,,,
601888.SH,20250620,59.78,61.09,59.5,60.18,59.76,0.42,0.7028,153923.29,930636.846,0.5,0.5,,,,,
601888.SH,20250623,59.87,59.87,58.79,59.71,60.18,-0.47,-0.781,110365.9,655031.544,0.5,0.5,,,,,
601888.SH,20250624,59.94,60.89,59.93,60.88,59.71,1.17,1.9595,134074.71,812431.769,0.5,0.5,,,,,
601888.SH,20250625,60.9,61.35,60.51,61.3,60.88,0.42,0.6899,131185.9,799601.156,0.5,0.5,,,,,
601888.SH,20250626,61.0,61.62,60.82,61.1,61.3,-0.2,-0.3263,119601.19,731347.893,0.5,0.5,,,,,
601888.SH,20250627,61.02,61.32,60.58,60.59,61.1,-0.51,-0.8347,115395.08,702066.882,0.5,0.5,,,,,
601888.SH,20250630,60.59,61.07,60.57,60.97,60.59,0.38,0.6272,96070.44,584505.776,0.5,0.5,,,,,
601888.SH,20250701,60.96,61.06,60.56,60.61,60.97,-0.36,-0.5905,75046.91,455519.065,0.5,0.5,,,,,
601888.SH,20250702,60.65,60.92,60.4,60.68,60.61,0.07,0.1155,81837.23,496314.172,0.5,0.5,,,,,
601888.SH,20250703,60.63,60.92,60.47,60.73,60.68,0.05,0.0824,78334.04,475569.082,0.5,0.5,,,,,
601888.SH,20250704,60.75,61.55,60.69,61.03,60.73,0.3,0.494,143780.65,879630.874,0.5,0.5,,,,,
601888.SH,20250707,60.86,61.03,60.64,60.8,61.03,-0.23,-0.3769,66826.88,406454.739,0.5,0.5,,,,,
601888.SH,20250708,60.8,61.4,60.66,61.34,60.8,0.54,0.8882,117089.78,715155.313,0.5,0.5,,,,,
601888.SH,20250709,61.25,61.91,61.13,61.18,61.34,-0.16,-0.2608,129181.77,794589.998,0.5,0.5,,,,,
601888.SH,20250710,61.18,62.5,61.1,61.86,61.18,0.68,1.1115,176223.74,1089416.714,0.5,0.5,,,,,
601888.SH,20250711,61.92,62.63,61.74,62.25,61.86,0.39,0.6305,181952.3,1132345.718,0.5,0.5,,,,,
601888.SH,20250714,61.99,62.16,61.6,61.6,62.25,-0.65,-1.0442,113742.91,702827.047,0.5,0.5,,,,,
601888.SH,20250715,61.58,61.66,60.8,61.08,61.6,-0.52,-0.8442,113314.11,693210.364,0.5,0.5,,,,,
601888.SH,20250716,61.1,61.55,61.0,61.15,61.08,0.07,0.1146,71075.54,435452.014,0.5,0.5,,,,,
601888.SH,20250717,61.22,62.14,61.22,61.65,61.15,0.5,0.8177,103850.04,639523.317,0.5,0.5,,,,,
601888.SH,20250718,61.72,63.2,61.71,62.77,61.65,1.12,1.8167,222483.95,1391731.819,0.5,0.5,,,,,
601888.SH,20250721,62.67,64.24,62.41,63.78,62.77,1.01,1.609,219264.36,1387580.611,0.5,0.5,,,,,
601888.SH,20250722,65.0,65.49,63.63,65.43,63.78,1.65,2.587,426484.7,2759863.226,0.5,0.5,,,,,
601888.SH,20250723,66.0,66.68,64.4,64.4,65.43,-1.03,-1.5742,457183.66,2982712.616,0.5,0.5,,,,,
601888.SH,20250724,64.89,70.84,64.89,70.84,64.4,6.44,10.0,714880.95,4932577.448,0.5,0.5,,,,,
601888.SH,20250725,72.22,72.22,67.7,68.05,70.84,-2.79,-3.9385,779902.27,5399088.548,0.5,0.5,,,,,
601888.SH,20250728,67.2,68.45,66.1,66.37,68.05,-1.68,-2.4688,430497.25,2878510.842,0.5,0.5,,,,,
601888.SH,20250729,66.37,67.09,65.75,66.23,66.37,-0.14,-0.2109,242779.69,1606357.041,0.5,0.5,,,,,
601888.SH,20250730,66.18,67.02,65.75,66.28,66.23,0.05,0.0755,267870.39,1779647.052,0.5,0.5,,,,,
601888.SH,20250731,66.19,66.2,64.66,64.96,66.28,-1.32,-1.9916,254869.01,1661247.182,0.5,0.5,,,,,
601888.SH,20250801,64.75,65.4,64.41,64.59,64.96,-0.37,-0.5696,122116.55,791343.898,0.5,0.5,,,,,
601888.SH,20250804,64.43,64.95,64.15,64.63,64.59,0.04,0.0619,138962.76,896943.847,0.5,0.5,,,,,
601888.SH,20250805,64.68,64.97,64.45,64.88,64.63,0.25,0.3868,116788.96,756488.873,0.5,0.5,,,,,
601888.SH,20250806,64.91,64.91,64.42,64.86,64.88,-0.02,-0.0308,113362.11,733128.559,0.5,0.5,,,,,
601888.SH,20250807,64.89,65.3,64.71,64.89,64.86,0.03,0.0463,145375.48,944336.954,0.5,0.5,,,,,
601888.SH,20250808,64.8,65.34,64.36,65.04,64.89,0.15,0.2312,134441.65,871832.543,0.5,0.5,,,,,
601888.SH,20250811,65.04,65.8,64.8,65.64,65.04,0.6,0.9225,186186.83,1218766.748,0.5,0.5,,,,,
601888.SH,20250812,65.54,66.18,65.32,65.65,65.64,0.01,0.0152,158374.66,1039689.518,0.5,0.5,,,,,
601888.SH,20250813,66.15,66.8,65.5,65.63,65.65,-0.02,-0.0305,244827.53,1616940.904,0.5,0.5,,,,,
601888.SH,20250814,65.4,65.84,64.4,64.43,65.63,-1.2,-1.8284,218169.2,1421561.68,0.5,0.5,,,,,
601888.SH,20250815,64.37,64.98,64.02,64.66,64.43,0.23,0.357,194663.78,1258267.546,0.5,0.5,,,,,
601888.SH,20250818,64.66,66.28,64.61,65.41,64.66,0.75,1.1599,325588.76,2139907.844,0.5,0.5,,,,,
601888.SH,20250819,65.68,66.52,65.5,65.73,65.41,0.32,0.4892,226195.29,1491233.416,0.5,0.5,,,,,
601888.SH,20250820,65.73,66.7,65.2,66.65,65.73,0.92,1.3997,277307.96,1836826.646,0.5,0.5,,,,,
601888.SH,20250821,66.68,68.26,66.4,67.13,66.65,0.48,0.7202,333030.8,2240773.743,0.5,0.5,,,,,
601888.SH,20250822,67.0,67.48,66.66,67.48,67.13,0.35,0.5214,253821.43,1701682.86,0.5,0.5,,,,,
601888.SH,20250825,68.0,69.27,67.66,69.24,67.48,1.76,2.6082,390565.44,2681487.066,0.5,0.5,,,,,
601888.SH,20250826,69.01,73.3,68.5,71.41,69.24,2.17,3.134,567004.62,4024706.945,0.5,0.5,,,,,
601888.SH,20250827,70.26,70.92,68.68,68.69,71.41,-2.72,-3.809,491291.96,3433772.43,0.5,0.5,,,,,
601888.SH,20250828,68.66,69.83,67.5,68.92,68.69,0.23,0.3348,368376.68,2527774.162,0.5,0.5,,,,,
601888.SH,20250829,68.92,70.94,68.7,69.29,68.92,0.37,0.5369,401555.16,2806559.421,0.5,0.5,,,,,
601888.SH,20250901,69.0,70.65,68.72,69.31,69.29,0.02,0.0289,359791.29,2504697.264,0.5,0.5,,,,,
601888.SH,20250902,69.12,70.26,68.21,68.79,69.31,-0.52,-0.7503,317689.18,2195143.369,0.5,0.5,,,,,
601888.SH,20250903,69.0,69.5,67.2,67.45,68.79,-1.34,-1.948,271104.74,1841326.755,0.5,0.5,,,,,
601888.SH,20250904,67.2,68.62,66.93,67.75,67.45,0.3,0.4448,299504.31,2030172.773,0.5,0.5,,,,,
601888.SH,20250905,68.0,70.69,67.11,70.49,67.75,2.74,4.0443,486450.67,3377644.271,0.5,0.5,,,,,
601888.SH,20250908,70.45,72.35,70.1,71.5,70.49,1.01,1.4328,430340.07,3072591.425,0.5,0.5,,,,,
601888.SH,20250909,71.2,71.63,70.34,71.02,71.5,-0.48,-0.6713,268787.36,1906281.346,0.5,0.5,,,,,
601888.SH,20250910,70.78,71.58,70.41,70.68,71.02,-0.34,-0.4787,224540.03,1590895.987,0.5,0.5,,,,,
601888.SH,20250911,70.31,71.35,69.63,71.35,70.68,0.67,0.9479,298762.97,2105687.999,0.5,0.5,,,,,
601888.SH,20250912,71.4,73.56,70.24,70.4,71.35,-0.95,-1.3315,456008.97,3258045.016,0.5,0.5,,,,,
601888.SH,20250915,70.28,70.81,69.8,69.94,70.4,-0.46,-0.6534,246307.92,1727584.027,0.5,0.5,,,,,
601888.SH,20250916,70.5,72.0,70.35,71.54,69.94,1.6,2.2877,348700.72,2479170.067,0.5,0.5,,,,,
601888.SH,20250917,72.11,72.11,70.51,71.15,71.54,-0.39,-0.5451,283034.14,2011370.196,0.5,0.5,,,,,
601888.SH,20250918,71.17,74.0,71.17,71.68,71.15,0.53,0.7449,713758.86,5176956.916,0.5,0.5,,,,,
601888.SH,20250919,71.69,74.29,70.29,73.97,71.68,2.29,3.1948,698402.74,5060856.078,0.5,0.5,,,,,
601888.SH,20250922,73.96,73.97,72.52,73.04,73.97,-0.93,-1.2573,399350.91,2916041.302,0.5,0.5,,,,,
601888.SH,20250923,72.52,72.64,69.69,70.01,73.04,-3.03,-4.1484,453109.52,3203215.402,0.5,0.5,,,,,
601888.SH,20250924,69.57,70.37,69.47,70.26,70.01,0.25,0.3571,240758.8,1686083.165,0.5,0.5,,,,,
601888.SH,20250925,70.24,70.58,69.6,70.15,70.26,-0.11,-0.1566,244728.18,1712049.971,0.5,0.5,,,,,
601888.SH,20250926,69.9,71.23,68.94,70.2,70.15,0.05,0.0713,284663.17,1994616.818,0.5,0.5,,,,,
601888.SH,20250929,69.81,70.9,69.18,70.7,70.2,0.5,0.7123,253807.23,1778942.186,0.5,0.5,,,,,
601888.SH,20250930,70.71,71.76,70.4,71.57,70.7,0.87,1.2306,275843.2,1965317.957,0.5,0.5,,,,,
601888.SH,20251009,70.7,70.7,69.55,69.66,71.57,-1.91,-2.6687,355887.06,2486217.64,0.5,0.5,,,,,
601888.SH,20251010,69.51,70.15,68.23,68.6,69.66,-1.06,-1.5217,264183.65,1832211.198,0.5,0.5,,,,,
601888.SH,20251013,66.9,68.17,66.66,68.07,68.6,-0.53,-0.7726,211785.67,1431545.005,0.5,0.5,,,,,
601888.SH,20251014,68.19,69.37,68.17,68.46,68.07,0.39,0.5729,205528.87,1410658.277,0.5,0.5,,,,,
601888.SH,20251015,68.94,70.0,68.8,69.49,68.46,1.03,1.5045,215083.89,1493780.318,0.5,0.5,,,,,
601888.SH,20251016,69.2,71.18,69.1,69.96,69.49,0.47,0.6764,247140.35,1737971.644,0.5,0.5,,,,,
601888.SH,20251017,70.01,71.29,69.39,70.02,69.96,0.06,0.0858,345325.95,2428476.191,0.5,0.5,,,,,
601888.SH,20251020,70.65,71.8,69.98,70.32,70.02,0.3,0.4284,277417.6,1965895.56,0.5,0.5,,,,,
601888.SH,20251021,70.45,70.95,69.11,70.71,70.32,0.39,0.5546,236240.99,1656513.943,0.5,0.5,,,,,
601888.SH,20251022,70.38,70.69,69.5,69.67,70.71,-1.04,-1.4708,173098.48,1209238.976,0.5,0.5,,,,,
601888.SH,20251023,69.29,70.2,69.07,70.1,69.67,0.43,0.6172,147378.59,1026247.098,0.5,0.5,,,,,
601888.SH,20251024,70.02,71.97,69.88,70.52,70.1,0.42,0.5991,243005.83,1719601.382,0.5,0.5,,,,,
601888.SH,20251027,70.53,70.77,69.9,69.93,70.52,-0.59,-0.8366,179070.35,1256065.783,0.5,0.5,,,,,
601888.SH,20251028,69.93,70.33,69.41,69.46,69.93,-0.47,-0.6721,151296.0,1056324.383,0.5,0.5,,,,,
601888.SH,20251029,69.28,72.19,69.27,71.37,69.46,1.91,2.7498,356959.54,2531722.166,0.5,0.5,,,,,
601888.SH,20251030,71.38,75.5,71.17,73.1,71.37,1.73,2.424,663432.48,4906873.593,0.5,0.5,,,,,
601888.SH,20251031,74.9,77.39,73.93,76.07,73.1,2.97,4.0629,827750.74,6265608.029,0.5,0.5,,,,,
601888.SH,20251103,76.0,77.3,75.0,76.67,76.07,0.6,0.7887,480627.56,3657155.214,0.5,0.5,,,,,
601888.SH,20251104,76.1,77.27,74.84,75.45,76.67,-1.22,-1.5912,361127.1,2736932.855,0.5,0.5,,,,,
601888.SH,20251105,74.61,79.94,74.39,77.6,75.45,2.15,2.8496,648011.79,5043849.963,0.5,0.5,,,,,
601888.SH,20251106,77.47,77.54,75.2,75.34,77.6,-2.26,-2.9124,425179.19,3228687.723,0.5,0.5,,,,,
601888.SH,20251107,76.51,80.8,76.13,78.99,75.34,3.65,4.8447,764397.7,6029437.477,0.5,0.5,,,,,
601888.SH,20251110,79.3,86.89,78.98,86.89,78.99,7.9,10.0013,913815.47,7686644.247,0.5,0.5,,,,,
601888.SH,20251111,88.65,93.39,86.5,90.53,86.89,3.64,4.1892,1382663.42,12320088.257,0.5,0.5,,,,,
601888.SH,20251112,89.94,93.8,88.52,89.21,90.53,-1.32,-1.4581,1063881.93,9695093.564,0.5,0.5,,,,,
601888.SH,20251113,88.27,91.44,87.51,90.52,89.21,1.31,1.4684,853961.72,7623732.987,0.5,0.5,,,,,
601888.SH,20251114,90.0,92.27,88.22,88.28,90.52,-2.24,-2.4746,667164.05,5983442.282,0.5,0.5,,,,,
601888.SH,20251117,87.6,90.2,86.61,87.8,88.28,-0.48,-0.5437,552507.38,4854304.393,0.5,0.5,,,,,
601888.SH,20251118,87.4,87.89,84.26,85.04,87.8,-2.76,-3.1435,569997.95,4880233.589,0.5,0.5,,,,,
601888.SH,20251119,84.59,85.82,81.77,82.4,85.04,-2.64,-3.1044,525163.02,4353125.281,0.5,0.5,,,,,
601888.SH,20251120,82.8,83.88,81.66,81.73,82.4,-0.67,-0.8131,405357.45,3346967.149,0.5,0.5,,,,,
601888.SH,20251121,80.54,82.48,79.05,79.05,81.73,-2.68,-3.2791,454088.38,3656913.062,0.5,0.5,,,,,
601888.SH,20251124,79.5,80.08,77.76,78.53,79.05,-0.52,-0.6578,360082.45,2833888.408,0.5,0.5,,,,,
601888.SH,20251125,79.2,80.05,78.9,79.69,78.53,1.16,1.4771,305377.77,2427729.497,0.5,0.5,,,,,
601888.SH,20251126,79.71,80.79,79.18,80.34,79.69,0.65,0.8157,393654.99,3151195.069,0.5,0.5,,,,,
601888.SH,20251127,80.9,80.91,78.42,78.5,80.34,-1.84,-2.2903,367645.33,2914795.673,0.5,0.5,,,,,
601888.SH,20251128,78.52,79.15,77.1,79.03,78.5,0.53,0.6752,316963.71,2475410.981,0.5,0.5,,,,,
601888.SH,20251201,79.02,85.73,78.98,84.46,79.03,5.43,6.8708,736271.67,6093773.779,0.5,0.5,,,,,
601888.SH,20251202,84.0,84.42,82.4,83.42,84.46,-1.04,-1.2314,356769.95,2970633.358,0.5,0.5,,,,,
601888.SH,20251203,83.0,84.3,81.7,81.83,83.42,-1.59,-1.906,298427.78,2468607.684,0.5,0.5,,,,,
601888.SH,20251204,81.15,81.8,80.3,81.22,81.83,-0.61,-0.7454,208121.98,1685400.773,0.5,0.5,,,,,
601888.SH,20251205,81.17,81.77,80.16,81.02,81.22,-0.2,-0.2462,222781.01,1802652.11,0.5,0.5,,,,,
601888.SH,20251208,81.11,82.95,81.11,82.11,81.02,1.09,1.3453,312705.98,2564195.84,0.5,0.5,,,,,
601888.SH,20251209,81.58,82.09,79.91,80.24,82.11,-1.87,-2.2774,288358.12,2329500.128,0.5,0.5,,,,,
601888.SH,20251210,79.9,83.76,79.84,82.83,80.24,2.59,3.2278,517853.15,4249257.303,0.5,0.5,,,,,
601888.SH,20251211,82.6,82.6,79.41,79.48,82.83,-3.35,-4.0444,371499.61,2991723.364,0.5,0.5,,,,,
601888.SH,20251212,79.5,80.06,77.91,79.2,79.48,-0.28,-0.3523,280281.99,2214801.761,0.5,0.5,,,,,
601888.SH,20251215,79.22,80.47,78.44,79.42,79.2,0.22,0.2778,220526.04,1752136.067,0.5,0.5,,,,,
601888.SH,20251216,79.36,80.95,79.0,80.1,79.17,0.93,1.1747,315329.43,2526386.584,0.5,0.5,,,,,
601888.SH,20251217,80.5,80.88,76.92,79.72,80.1,-0.38,-0.4744,334103.95,2623197.704,0.5,0.5,,,,,
601888.SH,20251218,78.8,79.52,76.5,76.5,79.72,-3.22,-4.0391,325155.18,2523786.98,0.5,0.5,,,,,
601888.SH,20251219,76.5,84.15,76.5,82.81,76.5,6.31,8.2484,779560.42,6330492.622,0.5,0.5,,,,,
601888.SH,20251222,84.0,91.09,83.4,91.09,82.81,8.28,9.9988,887457.67,7833995.856,0.5,0.5,,,,,
601888.SH,20251223,92.67,95.64,88.87,88.91,91.09,-2.18,-2.3932,1340300.07,12272912.96,0.5,0.5,,,,,
601888.SH,20251224,87.26,88.66,86.15,87.86,88.91,-1.05,-1.181,714309.91,6244445.892,0.5,0.5,,,,,
601888.SH,20251225,87.0,87.26,85.01,85.21,87.86,-2.65,-3.0162,515235.89,4417559.296,0.5,0.5,,,,,
601888.SH,20251226,84.84,92.88,84.53,92.3,85.21,7.09,8.3206,1008303.49,9084441.27,0.5,0.5,,,,,
601888.SH,20251229,93.0,95.1,90.1,91.48,92.3,-0.82,-0.8884,670859.21,6185787.244,0.5,0.5,,,,,
601888.SH,20251230,91.38,91.38,88.88,90.21,91.48,-1.27,-1.3883,466532.36,4194057.122,0.5,0.5,,,,,
601888.SH,20251231,90.57,95.66,88.88,94.56,90.21,4.35,4.8221,831461.68,7700568.73,0.5,0.5,,,,,
601888.SH,20260105,92.97,93.3,89.5,90.29,94.56,-4.27,-4.5157,784492.95,7105066.803,0.5,0.5,,,,,
601888.SH,20260106,89.97,91.3,89.0,90.59,90.29,0.3,0.3323,578304.93,5208861.277,0.5,0.5,,,,,
601888.SH,20260107,90.6,94.79,90.1,93.41,90.59,2.82,3.1129,692242.8,6453766.913,0.5,0.5,,,,,
601888.SH,20260108,92.46,96.41,92.16,92.95,93.41,-0.46,-0.4925,569293.62,5356620.318,0.5,0.5,,,,,
601888.SH,20260109,93.84,97.48,93.46,95.78,92.95,2.83,3.0446,682049.01,6554581.055,0.5,0.5,,,,,
601888.SH,20260112,95.79,97.5,93.93,95.4,95.78,-0.38,-0.3967,591711.54,5640929.534,0.5,0.5,,,,,
601888.SH,20260113,95.4,95.82,91.81,91.91,95.4,-3.49,-3.6583,558610.16,5219205.396,0.5,0.5,,,,,
601888.SH,20260114,92.0,93.09,89.93,90.05,91.91,-1.86,-2.0237,585990.37,5347525.518,0.5,0.5,,,,,
601888.SH,20260115,89.71,91.75,89.3,89.61,90.05,-0.44,-0.4886,381411.34,3438573.633,0.5,0.5,,,,,
601888.SH,20260116,90.15,90.88,88.0,88.43,89.61,-1.18,-1.3168,410080.15,3643538.196,0.5,0.5,,,,,
601888.SH,20260119,88.77,94.0,88.77,93.4,88.43,4.97,5.6203,715189.03,6578229.139,0.5,0.5,,,,,
601888.SH,20260120,94.9,99.81,94.0,96.09,93.4,2.69,2.8801,848856.43,8238635.53,0.5,0.5,,,,,
601888.SH,20260121,96.09,97.5,94.18,95.09,96.09,-1.0,-1.0407,446801.93,4258496.281,0.5,0.5,,,,,
601888.SH,20260122,97.0,97.45,92.91,93.61,95.09,-1.48,-1.5564,439235.0,4147289.399,0.5,0.5,,,,,
601888.SH,20260123,93.62,97.5,92.81,93.32,93.61,-0.29,-0.3098,736051.61,6998827.502,0.5,0.5,,,,,
601888.SH,20260126,93.14,95.5,92.62,92.66,93.32,-0.66,-0.7072,576726.03,5411887.727,0.5,0.5,,,,,
601888.SH,20260127,92.67,93.16,90.01,90.8,92.66,-1.86,-2.0073,458682.06,4161538.055,0.5,0.5,,,,,
601888.SH,20260128,90.75,91.5,89.8,89.84,90.8,-0.96,-1.0573,451460.62,4075335.008,0.5,0.5,,,,,
601888.SH,20260129,89.13,92.3,87.17,92.3,89.84,2.46,2.7382,662750.41,5986716.274,0.5,0.5,,,,,
601888.SH,20260130,92.39,92.39,89.0,89.37,92.3,-2.93,-3.1744,464445.64,4182028.918,0.5,0.5,,,,,
601888.SH,20260202,88.27,91.79,88.22,88.95,89.37,-0.42,-0.47,331111.55,2980272.482,0.5,0.5,,,,,
601888.SH,20260203,89.0,91.88,89.0,91.6,88.95,2.65,2.9792,459423.49,4163725.342,0.5,0.5,,,,,
601888.SH,20260204,91.1,91.77,90.25,91.49,91.6,-0.11,-0.1201,265322.23,2417532.551,0.5,0.5,,,,,
601888.SH,20260205,90.91,93.3,90.72,92.47,91.49,0.98,1.0712,509814.15,4697761.1,0.5,0.5,,,,,
601888.SH,20260206,91.5,93.45,89.5,92.35,92.47,-0.12,-0.1298,398417.02,3643115.425,0.5,0.5,,,,,
601888.SH,20260209,92.99,97.88,92.99,97.1,92.35,4.75,5.1435,716607.17,6895475.132,0.5,0.5,,,,,
601888.SH,20260210,96.75,96.75,93.71,95.1,97.1,-2.0,-2.0597,435420.5,4122756.712,0.5,0.5,,,,,
601888.SH,20260211,94.45,98.72,94.3,97.0,95.1,1.9,1.9979,501237.52,4854012.113,0.5,0.5,,,,,
601888.SH,20260212,96.78,97.07,93.9,94.17,97.0,-2.83,-2.9175,433027.54,4100219.848,0.5,0.5,,,,,
601888.SH,20260213,94.47,95.59,93.42,94.64,94.17,0.47,0.4991,367145.61,3473124.221,0.5,0.5,,,,,
601888.SH,20260224,88.0,88.96,85.18,85.18,94.64,-9.46,-9.9958,486294.02,4180062.206,0.5,0.5,,,,,
601888.SH,20260225,83.0,83.94,80.61,82.1,85.18,-3.08,-3.6159,682281.59,5605710.67,0.5,0.5,,,,,
601888.SH,20260226,81.22,82.0,80.01,80.1,82.1,-2.0,-2.4361,519616.56,4186762.476,0.5,0.5,,,,,
601888.SH,20260227,79.88,81.34,79.85,80.58,80.1,0.48,0.5993,285875.04,2307044.074,0.5,0.5,,,,,
601888.SH,20260302,77.82,79.41,77.14,78.1,80.58,-2.48,-3.0777,426954.43,3325599.84,0.5,0.5,,,,,
601888.SH,20260303,77.9,78.55,75.45,75.73,78.1,-2.37,-3.0346,465175.28,3559379.459,0.5,0.5,,,,,
601888.SH,20260304,75.06,76.98,75.02,76.76,75.73,1.03,1.3601,326550.22,2484792.515,0.5,0.5,,,,,
601888.SH,20260305,77.5,77.7,76.16,76.45,76.76,-0.31,-0.4039,239067.53,1840674.764,0.5,0.5,,,,,
601888.SH,20260306,75.98,77.1,75.64,76.62,76.45,0.17,0.2224,177147.66,1356833.771,0.5,0.5,,,,,
601888.SH,20260309,75.0,75.5,74.17,75.1,76.62,-1.52,-1.9838,291312.95,2177251.028,0.5,0.5,,,,,
601888.SH,20260310,75.81,76.58,75.08,75.4,75.1,0.3,0.3995,179235.53,1355162.912,0.5,0.5,,,,,
601888.SH,20260311,75.41,75.65,74.06,74.33,75.4,-1.07,-1.4191,219587.78,1636698.127,0.5,0.5,,,,,
601888.SH,20260312,74.21,74.5,73.01,73.74,74.33,-0.59,-0.7938,236704.39,1743452.192,0.5,0.5,,,,,
601888.SH,20260313,73.22,74.2,73.2,73.29,73.74,-0.45,-0.6103,178009.16,1310670.533,0.5,0.5,,,,,
601888.SH,20260316,73.2,75.86,72.9,75.17,73.29,1.88,2.5652,333120.4,2489599.502,0.5,0.5,,,,,
601888.SH,20260317,75.0,76.5,74.63,75.35,75.17,0.18,0.2395,263770.4,2000710.828,0.5,0.5,,,,,
601888.SH,20260318,75.0,75.5,74.27,74.96,75.35,-0.39,-0.5176,144588.72,1081035.668,0.5,0.5,,,,,
601888.SH,20260319,74.0,74.2,72.36,72.56,74.96,-2.4,-3.2017,200313.51,1462559.407,0.5,0.5,,,,,
601888.SH,20260320,73.0,73.86,72.15,72.2,72.56,-0.36,-0.4961,165541.22,1207999.441,0.5,0.5,,,,,
601888.SH,20260323,71.8,72.15,70.2,70.77,72.2,-1.43,-1.9806,244956.71,1743720.249,0.5,0.5,,,,,
601888.SH,20260324,71.51,71.6,69.53,70.82,70.77,0.05,0.0707,194921.4,1370159.646,0.5,0.5,,,,,
601888.SH,20260325,71.13,71.96,70.7,71.82,70.82,1.0,1.412,173568.41,1240622.226,0.5,0.5,,,,,
601888.SH,20260326,71.52,72.12,70.41,70.69,71.82,-1.13,-1.5734,153240.13,1089117.512,0.5,0.5,,,,,
601888.SH,20260327,70.0,71.85,69.9,71.65,70.69,0.96,1.358,144645.27,1031218.721,0.5,0.5,,,,,
601888.SH,20260330,70.51,71.16,70.07,70.86,71.65,-0.79,-1.1026,134391.96,949102.945,0.5,0.5,,,,,
601888.SH,20260331,71.35,73.24,70.38,70.38,70.86,-0.48,-0.6774,212188.19,1522296.67,0.5,0.5,,,,,
601888.SH,20260401,71.58,71.91,70.5,71.4,70.38,1.02,1.4493,184188.58,1311907.596,0.5,0.5,,,,,
601888.SH,20260402,71.1,71.34,69.6,70.0,71.4,-1.4,-1.9608,171262.49,1204523.419,0.5,0.5,,,,,
601888.SH,20260403,70.16,70.33,68.41,68.92,70.0,-1.08,-1.5429,133506.45,921883.048,0.5,0.5,,,,,
601888.SH,20260407,69.03,69.2,67.79,67.98,68.92,-0.94,-1.3639,151496.91,1034648.779,0.5,0.5,,,,,
601888.SH,20260408,69.29,70.33,68.82,69.99,67.98,2.01,2.9568,290832.33,2021409.215,0.5,0.5,,,,,
601888.SH,20260409,69.27,69.28,67.79,67.89,69.99,-2.1,-3.0004,220635.34,1504743.583,0.5,0.5,,,,,
601888.SH,20260410,68.18,69.65,68.01,69.04,67.89,1.15,1.6939,216357.65,1492343.04,0.5,0.5,,,,,
601888.SH,20260413,68.55,68.99,68.01,68.9,69.04,-0.14,-0.2028,157789.35,1081519.482,0.5,0.5,,,,,
601888.SH,20260414,69.6,70.18,67.9,69.08,68.9,0.18,0.2612,263289.64,1808366.282,0.5,0.5,,,,,
601888.SH,20260415,69.32,69.77,68.26,68.38,69.08,-0.7,-1.0133,202364.62,1395859.7,0.5,0.5,,,,,
601888.SH,20260416,68.38,68.8,68.2,68.49,68.38,0.11,0.1609,182711.37,1250392.793,0.5,0.5,,,,,
601888.SH,20260417,68.34,68.34,66.12,66.79,68.49,-1.7,-2.4821,387107.42,2582298.953,0.5,0.5,,,,,
601888.SH,20260420,66.73,68.86,66.01,67.69,66.79,0.9,1.3475,292689.31,1970772.168,0.5,0.5,,,,,
601888.SH,20260421,67.69,68.65,67.01,67.27,67.69,-0.42,-0.6205,192761.49,1302249.072,0.5,0.5,,,,,
601888.SH,20260422,67.12,67.27,66.48,66.63,67.27,-0.64,-0.9514,185559.16,1236673.745,0.5,0.5,,,,,
601888.SH,20260423,66.64,67.27,66.0,66.28,66.63,-0.35,-0.5253,209006.2,1389990.837,0.5,0.5,,,,,
601888.SH,20260424,66.01,66.16,65.41,65.42,66.28,-0.86,-1.2975,186748.54,1226322.168,0.5,0.5,,,,,
601888.SH,20260427,65.3,65.73,64.87,65.62,65.42,0.2,0.3057,171315.58,1118922.904,0.5,0.5,,,,,
601888.SH,20260428,65.42,65.42,64.34,64.56,65.62,-1.06,-1.6154,196991.12,1274921.691,0.5,0.5,,,,,
601888.SH,20260429,64.21,66.1,64.2,65.95,64.56,1.39,2.153,251142.59,1647090.782,0.5,0.5,,,,,
601888.SH,20260430,66.99,67.0,65.0,65.62,65.95,-0.33,-0.5004,339125.31,2231151.173,0.5,0.5,,,,,
601888.SH,20260506,63.7,63.73,62.29,63.03,65.62,-2.59,-3.947,494198.41,3113357.698,0.5,0.5,,,,,
601888.SH,20260507,63.05,63.7,62.78,63.05,63.03,0.02,0.0317,292858.95,1846397.741,0.5,0.5,,,,,
601888.SH,20260508,62.95,63.18,62.65,62.68,63.05,-0.37,-0.5868,221757.17,1393078.788,0.5,0.5,,,,,
601888.SH,20260511,62.48,63.1,61.76,62.69,62.68,0.01,0.016,355909.69,2221639.559,0.5,0.5,,,,,
601888.SH,20260512,62.63,62.68,61.2,61.55,62.69,-1.14,-1.8185,344702.51,2127460.771,0.5,0.5,,,,,
601888.SH,20260513,61.55,61.9,60.7,61.38,61.55,-0.17,-0.2762,312388.1,1911595.426,0.5,0.5,,,,,
601888.SH,20260514,61.39,62.68,60.05,60.8,61.38,-0.58,-0.9449,460434.94,2823191.491,0.5,0.5,,,,,
601888.SH,20260515,60.66,60.7,58.92,59.0,60.8,-1.8,-2.9605,415370.7,2472710.972,0.5,0.5,,,,,
601888.SH,20260518,59.06,59.2,57.88,58.11,59.0,-0.89,-1.5085,284675.59,1660403.242,0.5,0.5,,,,,
601888.SH,20260519,58.09,59.27,57.88,58.36,58.11,0.25,0.4302,290650.67,1702196.59,0.5,0.5,,,,,
601888.SH,20260520,58.04,58.15,57.27,57.81,58.36,-0.55,-0.9424,247750.74,1430260.88,0.5,0.5,,,,,
601888.SH,20260521,57.99,58.98,57.03,57.1,57.81,-0.71,-1.2282,326252.14,1899235.04,0.5,0.5,,,,,
601888.SH,20260522,57.5,57.55,56.33,56.65,57.1,-0.45,-0.7881,256781.91,1454778.417,0.5,0.5,,,,,
601888.SH,20260525,56.53,57.56,56.5,56.8,56.65,0.15,0.2648,249877.39,1423216.272,0.5,0.5,,,,,
601888.SH,20260526,56.55,57.58,55.55,56.53,56.8,-0.27,-0.4754,353263.08,1990873.979,0.5,0.5,,,,,
601888.SH,20260527,56.36,57.4,55.16,56.23,56.53,-0.3,-0.5307,480992.0,2701681.825,0.5,0.5,,,,,
601888.SH,20260528,55.8,56.0,54.56,54.76,56.23,-1.47,-2.6143,359294.16,1979079.976,0.5,0.5,,,,,
601888.SH,20260529,55.2,60.24,54.83,59.58,54.76,4.82,8.802,1280346.51,7531532.802,0.5,0.5,,,,,
601888.SH,20260601,57.0,58.81,56.82,58.68,59.58,-0.9,-1.5106,766335.22,4422905.925,0.5,0.5,,,,,
601888.SH,20260602,58.6,58.6,56.5,56.94,58.68,-1.74,-2.9652,531294.47,3033284.022,0.5,0.5,,,,,
601888.SH,20260603,56.48,57.5,55.58,57.05,56.94,0.11,0.1932,440048.9,2491505.092,0.5,0.5,,,,,
601888.SH,20260604,56.99,57.59,55.2,55.59,57.05,-1.46,-2.5592,403625.4,2259048.824,0.5,0.5,,,,,
601888.SH,20260605,56.46,60.26,56.46,57.2,55.59,1.61,2.8962,690050.44,4011514.181,0.5,0.5,,,,,
601888.SH,20260608,59.0,59.8,57.27,57.45,57.2,0.25,0.4371,747425.6,4370877.265,0.5,0.5,,,,,
601888.SH,20260609,56.88,57.58,55.85,57.38,57.45,-0.07,-0.1218,510771.83,2891153.925,0.5,0.5,,,,,
601888.SH,20260610,57.43,58.85,56.36,58.05,57.38,0.67,1.1677,553761.55,3198451.707,0.5,0.5,,,,,
601888.SH,20260611,57.52,58.67,56.91,57.01,58.05,-1.04,-1.7916,444898.87,2564579.065,0.5,0.5,,,,,
000651.SZ,20210615,54.65,55.38,54.4,55.37,54.62,0.75,1.3731,457886.92,2509517.517,0.5,0.5,,,,,
000651.SZ,20210616,55.39,55.97,55.02,55.18,55.37,-0.19,-0.3431,314229.4,1740250.223,0.5,0.5,,,,,
000651.SZ,20210617,55.2,55.2,54.5,54.7,55.18,-0.48,-0.8699,291670.28,1596470.74,0.5,0.5,,,,,
000651.SZ,20210618,54.7,54.91,53.67,53.68,54.7,-1.02,-1.8647,507550.26,2743124.652,0.5,0.5,,,,,
000651.SZ,20210621,52.48,52.48,51.0,51.11,53.68,-2.57,-4.7876,1112655.88,5716391.191,0.5,0.5,,,,,
000651.SZ,20210622,51.12,51.36,49.5,49.82,51.11,-1.29,-2.524,1078955.88,5412379.262,0.5,0.5,,,,,
000651.SZ,20210623,49.85,51.72,49.83,51.72,49.82,1.9,3.8137,867549.69,4408991.826,0.5,0.5,,,,,
000651.SZ,20210624,51.79,51.86,50.68,51.45,51.72,-0.27,-0.522,474098.64,2432921.994,0.5,0.5,,,,,
000651.SZ,20210625,51.5,52.56,51.16,52.23,51.45,0.78,1.516,478184.55,2491896.253,0.5,0.5,,,,,
000651.SZ,20210628,53.9,54.46,52.36,52.66,52.23,0.43,0.8233,525550.25,2792874.731,0.5,0.5,,,,,
000651.SZ,20210629,52.62,52.62,50.9,51.17,52.66,-1.49,-2.8295,476671.86,2451681.417,0.5,0.5,,,,,
000651.SZ,20210630,51.6,52.29,51.17,52.1,51.17,0.93,1.8175,295132.6,1531980.015,0.5,0.5,,,,,
000651.SZ,20210701,52.12,52.5,51.1,51.86,52.1,-0.24,-0.4607,353772.2,1832127.574,0.5,0.5,,,,,
000651.SZ,20210702,51.2,51.49,50.35,50.99,51.86,-0.87,-1.6776,470884.82,2394366.185,0.5,0.5,,,,,
000651.SZ,20210705,51.0,51.2,49.69,49.89,50.99,-1.1,-2.1573,486468.74,2435008.44,0.5,0.5,,,,,
000651.SZ,20210706,49.55,50.26,49.38,50.11,49.89,0.22,0.441,352957.81,1760384.508,0.5,0.5,,,,,
000651.SZ,20210707,49.83,51.08,49.83,50.19,50.11,0.08,0.1596,364271.3,1837963.482,0.5,0.5,,,,,
000651.SZ,20210708,50.29,50.29,49.0,49.2,50.19,-0.99,-1.9725,565597.95,2785355.813,0.5,0.5,,,,,
000651.SZ,20210709,49.2,49.44,48.2,49.3,49.2,0.1,0.2033,405655.16,1978394.152,0.5,0.5,,,,,
000651.SZ,20210712,49.7,49.8,48.81,48.92,49.3,-0.38,-0.7708,380151.24,1870355.646,0.5,0.5,,,,,
000651.SZ,20210713,49.15,49.67,48.5,49.4,48.92,0.48,0.9812,368842.69,1812638.361,0.5,0.5,,,,,
000651.SZ,20210714,49.3,49.9,48.81,49.6,49.4,0.2,0.4049,455307.53,2242530.211,0.5,0.5,,,,,
000651.SZ,20210715,49.1,49.8,48.99,49.5,49.6,-0.1,-0.2016,380323.97,1880239.607,0.5,0.5,,,,,
000651.SZ,20210716,49.5,50.16,49.2,49.99,49.5,0.49,0.9899,438104.09,2182804.458,0.5,0.5,,,,,
000651.SZ,20210719,50.3,51.73,50.0,51.48,49.99,1.49,2.9806,724002.72,3689072.646,0.5,0.5,,,,,
000651.SZ,20210720,51.35,51.94,50.7,51.2,51.48,-0.28,-0.5439,463385.32,2371160.199,0.5,0.5,,,,,
000651.SZ,20210721,51.2,51.49,49.9,49.95,51.2,-1.25,-2.4414,498844.29,2513927.0,0.5,0.5,,,,,
000651.SZ,20210722,49.8,50.45,49.5,49.95,49.95,0.0,0.0,390263.3,1950632.108,0.5,0.5,,,,,
000651.SZ,20210723,49.9,49.91,48.98,49.02,49.95,-0.93,-1.8619,450421.35,2220467.342,0.5,0.5,,,,,
000651.SZ,20210726,48.8,48.83,47.58,47.63,49.02,-1.39,-2.8356,655755.33,3157734.053,0.5,0.5,,,,,
000651.SZ,20210727,47.98,48.1,46.7,46.76,47.63,-0.87,-1.8266,629825.78,2997870.16,0.5,0.5,,,,,
000651.SZ,20210728,46.5,48.08,46.16,47.5,46.76,0.74,1.5825,562060.51,2636900.476,0.5,0.5,,,,,
000651.SZ,20210729,47.97,48.18,47.41,47.56,47.5,0.06,0.1263,464806.37,2219582.632,0.5,0.5,,,,,
000651.SZ,20210730,47.21,47.68,46.5,47.5,47.56,-0.06,-0.1262,403025.43,1896384.739,0.5,0.5,,,,,
000651.SZ,20210802,47.13,48.9,46.6,48.25,47.5,0.75,1.5789,523145.89,2500117.936,0.5,0.5,,,,,
000651.SZ,20210803,47.9,49.5,47.71,49.21,48.25,0.96,1.9896,586063.5,2852640.166,0.5,0.5,,,,,
000651.SZ,20210804,49.9,49.9,48.28,48.51,49.21,-0.7,-1.4225,524208.01,2553662.733,0.5,0.5,,,,,
000651.SZ,20210805,48.12,49.29,48.05,48.12,48.51,-0.39,-0.804,348445.84,1693076.39,0.5,0.5,,,,,
000651.SZ,20210806,48.2,48.26,47.41,47.74,48.12,-0.38,-0.7897,278493.7,1327766.204,0.5,0.5,,,,,
000651.SZ,20210809,47.5,48.82,47.39,48.47,47.74,0.73,1.5291,415867.77,2015087.858,0.5,0.5,,,,,
000651.SZ,20210810,48.09,48.59,47.6,48.5,48.47,0.03,0.0619,359847.35,1730715.524,0.5,0.5,,,,,
000651.SZ,20210811,48.64,49.23,47.9,48.05,48.5,-0.45,-0.9278,487191.61,2363706.836,0.5,0.5,,,,,
000651.SZ,20210812,48.02,48.24,46.66,46.77,48.05,-1.28,-2.6639,658667.26,3109179.25,0.5,0.5,,,,,
000651.SZ,20210813,46.78,46.95,46.17,46.52,46.77,-0.25,-0.5345,391950.08,1816651.828,0.5,0.5,,,,,
000651.SZ,20210816,46.85,48.18,46.68,47.99,46.52,1.47,3.1599,615368.63,2925127.051,0.5,0.5,,,,,
000651.SZ,20210817,48.09,48.2,47.05,47.12,47.99,-0.87,-1.8129,409459.35,1947513.383,0.5,0.5,,,,,
000651.SZ,20210818,47.18,47.74,46.9,47.64,47.12,0.52,1.1036,328738.79,1554982.46,0.5,0.5,,,,,
000651.SZ,20210819,47.54,47.88,47.01,47.22,47.64,-0.42,-0.8816,343576.48,1623878.779,0.5,0.5,,,,,
000651.SZ,20210820,47.03,47.11,45.45,46.1,47.22,-1.12,-2.3719,728893.42,3357398.159,0.5,0.5,,,,,
000651.SZ,20210823,44.0,45.15,42.78,44.99,43.32,1.67,3.855,942712.39,4189470.026,0.5,0.5,,,,,
000651.SZ,20210824,45.0,45.98,44.11,44.47,44.99,-0.52,-1.1558,619734.16,2783194.075,0.5,0.5,,,,,
000651.SZ,20210825,44.68,44.78,44.27,44.41,44.47,-0.06,-0.1349,373017.21,1659846.775,0.5,0.5,,,,,
000651.SZ,20210826,44.1,44.1,43.0,43.14,44.41,-1.27,-2.8597,549966.25,2383986.208,0.5,0.5,,,,,
000651.SZ,20210827,43.0,43.45,42.81,42.83,43.14,-0.31,-0.7186,337549.69,1450676.875,0.5,0.5,,,,,
000651.SZ,20210830,42.85,42.96,40.82,41.0,42.83,-1.83,-4.2727,825768.78,3409147.876,0.5,0.5,,,,,
000651.SZ,20210831,41.2,41.96,40.3,41.1,41.0,0.1,0.2439,654680.76,2683806.292,0.5,0.5,,,,,
000651.SZ,20210901,41.5,41.88,40.72,41.66,41.1,0.56,1.3625,906217.97,3748449.198,0.5,0.5,,,,,
000651.SZ,20210902,41.66,41.66,40.16,40.47,41.66,-1.19,-2.8565,1043769.28,4239776.817,0.5,0.5,,,,,
000651.SZ,20210903,40.48,40.88,40.2,40.59,40.47,0.12,0.2965,819835.23,3324871.714,0.5,0.5,,,,,
000651.SZ,20210906,40.86,41.57,40.75,41.39,40.59,0.8,1.9709,893791.7,3688053.175,0.5,0.5,,,,,
000651.SZ,20210907,41.29,41.83,40.91,41.75,41.39,0.36,0.8698,701597.54,2911290.153,0.5,0.5,,,,,
000651.SZ,20210908,41.6,41.67,41.27,41.53,41.75,-0.22,-0.5269,710790.5,2947899.924,0.5,0.5,,,,,
000651.SZ,20210909,41.37,41.79,41.26,41.46,41.53,-0.07,-0.1686,480368.06,1993173.008,0.5,0.5,,,,,
000651.SZ,20210910,41.5,41.66,41.13,41.24,41.46,-0.22,-0.5306,590323.22,2438143.161,0.5,0.5,,,,,
000651.SZ,20210913,41.26,41.39,40.61,40.8,41.24,-0.44,-1.0669,594126.07,2426375.285,0.5,0.5,,,,,
000651.SZ,20210914,40.95,41.3,40.17,40.21,40.8,-0.59,-1.4461,639684.09,2590811.97,0.5,0.5,,,,,
000651.SZ,20210915,40.03,40.05,38.69,38.99,40.21,-1.22,-3.0341,1076488.0,4211635.254,0.5,0.5,,,,,
000651.SZ,20210916,38.8,39.09,38.19,38.21,38.99,-0.78,-2.0005,774093.22,2986504.721,0.5,0.5,,,,,
000651.SZ,20210917,38.09,38.38,37.44,38.26,38.21,0.05,0.1309,724545.37,2748770.738,0.5,0.5,,,,,
000651.SZ,20210922,37.57,37.92,37.44,37.79,38.26,-0.47,-1.2284,368043.23,1388108.828,0.5,0.5,,,,,
000651.SZ,20210923,37.96,38.48,37.88,38.11,37.79,0.32,0.8468,517063.66,1970606.853,0.5,0.5,,,,,
000651.SZ,20210924,38.0,38.43,37.75,37.91,38.11,-0.2,-0.5248,436109.21,1661950.917,0.5,0.5,,,,,
000651.SZ,20210927,37.83,39.25,37.55,38.44,37.91,0.53,1.398,740250.28,2851179.999,0.5,0.5,,,,,
000651.SZ,20210928,38.1,38.53,37.72,38.11,38.44,-0.33,-0.8585,466110.34,1778321.08,0.5,0.5,,,,,
000651.SZ,20210929,38.82,39.6,38.46,39.3,38.11,1.19,3.1225,1047373.22,4088950.864,0.5,0.5,,,,,
000651.SZ,20210930,39.29,39.46,38.73,38.75,39.3,-0.55,-1.3995,673325.78,2621148.197,0.5,0.5,,,,,
000651.SZ,20211008,38.88,39.96,38.37,39.81,38.75,1.06,2.7355,826854.5,3257750.459,0.5,0.5,,,,,
000651.SZ,20211011,39.99,40.12,39.54,39.85,39.81,0.04,0.1005,558193.04,2220797.738,0.5,0.5,,,,,
000651.SZ,20211012,39.52,39.88,39.27,39.44,39.85,-0.41,-1.0289,435442.52,1719468.371,0.5,0.5,,,,,
000651.SZ,20211013,39.22,39.43,38.52,39.1,39.44,-0.34,-0.8621,453316.58,1763602.973,0.5,0.5,,,,,
000651.SZ,20211014,39.03,39.32,38.82,38.98,39.1,-0.12,-0.3069,271456.97,1059647.79,0.5,0.5,,,,,
000651.SZ,20211015,38.98,39.49,38.81,39.05,38.98,0.07,0.1796,402257.96,1573665.759,0.5,0.5,,,,,
000651.SZ,20211018,39.05,39.1,38.22,38.36,39.05,-0.69,-1.767,396044.81,1522040.794,0.5,0.5,,,,,
000651.SZ,20211019,38.2,39.26,38.17,39.05,38.36,0.69,1.7987,452123.64,1756961.694,0.5,0.5,,,,,
000651.SZ,20211020,39.1,39.3,38.52,38.58,39.05,-0.47,-1.2036,353146.68,1366357.122,0.5,0.5,,,,,
000651.SZ,20211021,38.58,40.1,38.42,40.08,38.58,1.5,3.888,966087.29,3815529.562,0.5,0.5,,,,,
000651.SZ,20211022,40.1,41.06,40.08,40.67,40.08,0.59,1.4721,1062089.14,4321712.653,0.5,0.5,,,,,
000651.SZ,20211025,40.05,40.21,39.14,39.37,40.67,-1.3,-3.1965,885019.06,3491700.489,0.5,0.5,,,,,
000651.SZ,20211026,39.28,39.56,38.93,38.98,39.37,-0.39,-0.9906,523587.63,2050893.274,0.5,0.5,,,,,
000651.SZ,20211027,38.0,38.01,36.6,36.77,38.98,-2.21,-5.6696,1591210.75,5920209.011,0.5,0.5,,,,,
000651.SZ,20211028,36.47,36.75,35.91,36.5,36.77,-0.27,-0.7343,625269.29,2272474.226,0.5,0.5,,,,,
000651.SZ,20211029,36.49,36.83,36.03,36.65,36.5,0.15,0.411,557770.86,2031501.312,0.5,0.5,,,,,
000651.SZ,20211101,36.32,37.29,35.93,36.97,36.65,0.32,0.8731,632052.79,2326782.405,0.5,0.5,,,,,
000651.SZ,20211102,36.92,37.19,36.12,36.36,36.97,-0.61,-1.65,520889.26,1906431.985,0.5,0.5,,,,,
000651.SZ,20211103,36.36,36.55,35.81,36.28,36.36,-0.08,-0.22,429449.62,1551877.074,0.5,0.5,,,,,
000651.SZ,20211104,36.29,36.43,35.92,36.42,36.28,0.14,0.3859,511861.05,1849404.279,0.5,0.5,,,,,
000651.SZ,20211105,36.3,36.75,36.0,36.36,36.42,-0.06,-0.1647,448898.21,1632362.242,0.5,0.5,,,,,
000651.SZ,20211108,36.01,36.23,35.89,36.01,36.36,-0.35,-0.9626,424178.86,1527015.977,0.5,0.5,,,,,
000651.SZ,20211109,36.01,36.17,35.53,35.6,36.01,-0.41,-1.1386,525954.35,1885207.239,0.5,0.5,,,,,
000651.SZ,20211110,35.5,35.51,34.1,34.67,35.6,-0.93,-2.6124,1123073.1,3886365.706,0.5,0.5,,,,,
000651.SZ,20211111,34.73,36.12,34.61,36.12,34.67,1.45,4.1823,1238538.44,4435844.589,0.5,0.5,,,,,
000651.SZ,20211112,36.23,36.23,35.3,35.43,36.12,-0.69,-1.9103,742524.46,2638480.179,0.5,0.5,,,,,
000651.SZ,20211115,35.58,36.29,35.47,36.09,35.43,0.66,1.8628,578556.16,2076828.091,0.5,0.5,,,,,
000651.SZ,20211116,36.23,36.64,36.1,36.32,36.09,0.23,0.6373,606326.15,2208393.436,0.5,0.5,,,,,
000651.SZ,20211117,36.78,36.99,36.24,36.33,36.32,0.01,0.0275,548348.02,2000372.504,0.5,0.5,,,,,
000651.SZ,20211118,36.23,36.33,35.71,35.75,36.33,-0.58,-1.5965,462280.7,1661634.371,0.5,0.5,,,,,
000651.SZ,20211119,35.69,36.04,35.38,35.91,35.75,0.16,0.4476,482932.62,1721816.274,0.5,0.5,,,,,
000651.SZ,20211122,35.85,36.08,35.61,35.72,35.91,-0.19,-0.5291,380022.68,1356811.554,0.5,0.5,,,,,
000651.SZ,20211123,35.5,35.98,35.11,35.9,35.72,0.18,0.5039,538986.86,1923450.7,0.5,0.5,,,,,
000651.SZ,20211124,35.9,35.96,35.52,35.73,35.9,-0.17,-0.4735,379317.37,1353835.38,0.5,0.5,,,,,
000651.SZ,20211125,35.61,36.08,35.34,35.38,35.73,-0.35,-0.9796,436946.81,1555562.197,0.5,0.5,,,,,
000651.SZ,20211126,35.3,35.32,35.1,35.13,35.38,-0.25,-0.7066,310585.88,1091575.18,0.5,0.5,,,,,
000651.SZ,20211129,34.77,34.83,34.53,34.63,35.13,-0.5,-1.4233,424631.94,1471557.292,0.5,0.5,,,,,
000651.SZ,20211130,34.68,35.08,34.46,34.56,34.63,-0.07,-0.2021,388078.56,1346723.296,0.5,0.5,,,,,
000651.SZ,20211201,34.41,35.19,34.23,35.18,34.56,0.62,1.794,441190.93,1536348.091,0.5,0.5,,,,,
000651.SZ,20211202,35.0,35.28,34.76,35.1,35.18,-0.08,-0.2274,299982.39,1051275.802,0.5,0.5,,,,,
000651.SZ,20211203,35.1,35.25,34.65,34.98,35.1,-0.12,-0.3419,360033.23,1257442.559,0.5,0.5,,,,,
000651.SZ,20211206,34.9,36.0,34.85,35.4,34.98,0.42,1.2007,709541.42,2526480.574,0.5,0.5,,,,,
000651.SZ,20211207,35.63,36.64,35.6,36.63,35.4,1.23,3.4746,1092862.43,3963859.106,0.5,0.5,,,,,
000651.SZ,20211208,36.73,36.78,36.03,36.51,36.63,-0.12,-0.3276,687488.68,2498667.39,0.5,0.5,,,,,
000651.SZ,20211209,36.46,37.42,36.46,36.87,36.51,0.36,0.986,1022008.55,3787536.391,0.5,0.5,,,,,
000651.SZ,20211210,36.6,36.87,36.25,36.6,36.87,-0.27,-0.7323,541644.87,1977834.725,0.5,0.5,,,,,
000651.SZ,20211213,36.6,37.34,36.6,36.67,36.6,0.07,0.1913,657589.77,2429806.898,0.5,0.5,,,,,
000651.SZ,20211214,36.89,36.89,36.11,36.2,36.67,-0.47,-1.2817,516397.32,1875930.139,0.5,0.5,,,,,
000651.SZ,20211215,36.09,36.33,35.85,35.9,36.2,-0.3,-0.8287,412088.97,1484918.555,0.5,0.5,,,,,
000651.SZ,20211216,35.95,36.14,35.67,36.04,35.9,0.14,0.39,379440.55,1361585.506,0.5,0.5,,,,,
000651.SZ,20211217,36.0,36.0,35.46,35.5,36.04,-0.54,-1.4983,423097.05,1506512.966,0.5,0.5,,,,,
000651.SZ,20211220,35.4,35.77,35.23,35.25,35.5,-0.25,-0.7042,379166.78,1345780.778,0.5,0.5,,,,,
000651.SZ,20211221,35.37,36.1,35.35,35.86,35.25,0.61,1.7305,477805.25,1711621.534,0.5,0.5,,,,,
000651.SZ,20211222,35.89,36.12,35.48,35.93,35.86,0.07,0.1952,415704.13,1484335.266,0.5,0.5,,,,,
000651.SZ,20211223,35.75,35.98,35.48,35.71,35.93,-0.22,-0.6123,306519.96,1093506.813,0.5,0.5,,,,,
000651.SZ,20211224,35.72,35.72,35.25,35.6,35.71,-0.11,-0.308,350834.89,1245210.275,0.5,0.5,,,,,
000651.SZ,20211227,35.68,37.6,35.6,37.59,35.6,1.99,5.5899,1398888.58,5146983.752,0.5,0.5,,,,,
000651.SZ,20211228,37.59,38.14,37.13,37.8,37.59,0.21,0.5587,1162189.21,4386736.971,0.5,0.5,,,,,
000651.SZ,20211229,37.6,37.64,36.82,36.82,37.8,-0.98,-2.5926,726745.14,2694219.018,0.5,0.5,,,,,
000651.SZ,20211230,36.9,37.1,36.67,36.83,36.82,0.01,0.0272,458543.81,1691831.376,0.5,0.5,,,,,
000651.SZ,20211231,36.83,37.19,36.62,37.03,36.83,0.2,0.543,417656.21,1542702.566,0.5,0.5,,,,,
000651.SZ,20220104,37.03,37.75,36.84,37.58,37.03,0.55,1.4853,662317.09,2476956.644,0.5,0.5,,,,,
000651.SZ,20220105,37.6,39.75,37.45,39.05,37.58,1.47,3.9117,1822689.02,7096693.59,0.5,0.5,,,,,
000651.SZ,20220106,39.05,39.12,38.38,38.61,39.05,-0.44,-1.1268,868195.0,3361221.998,0.5,0.5,,,,,
000651.SZ,20220107,38.92,40.4,38.66,40.14,38.61,1.53,3.9627,1646656.55,6578247.723,0.5,0.5,,,,,
000651.SZ,20220110,40.14,41.11,39.8,40.27,40.14,0.13,0.3239,1100966.6,4442139.321,0.5,0.5,,,,,
000651.SZ,20220111,40.05,40.75,39.63,39.96,40.27,-0.31,-0.7698,661513.41,2656490.293,0.5,0.5,,,,,
000651.SZ,20220112,39.96,39.99,39.01,39.52,39.96,-0.44,-1.1011,645049.32,2537022.7,0.5,0.5,,,,,
000651.SZ,20220113,39.5,40.0,38.98,39.1,39.52,-0.42,-1.0628,518230.72,2042497.039,0.5,0.5,,,,,
000651.SZ,20220114,39.0,39.09,38.22,38.25,39.1,-0.85,-2.1739,566274.66,2179386.99,0.5,0.5,,,,,
000651.SZ,20220117,38.0,38.6,37.95,38.55,38.25,0.3,0.7843,442997.36,1695237.639,0.5,0.5,,,,,
000651.SZ,20220118,38.5,39.3,38.03,39.21,38.55,0.66,1.7121,670212.34,2592454.499,0.5,0.5,,,,,
000651.SZ,20220119,38.95,39.81,38.83,39.45,39.21,0.24,0.6121,664621.07,2620575.647,0.5,0.5,,,,,
000651.SZ,20220120,39.47,40.47,39.4,40.0,39.45,0.55,1.3942,737767.1,2953297.398,0.5,0.5,,,,,
000651.SZ,20220121,39.97,40.1,39.01,39.1,40.0,-0.9,-2.25,507885.78,2002507.396,0.5,0.5,,,,,
000651.SZ,20220124,39.0,39.39,38.42,38.85,39.1,-0.25,-0.6394,427209.23,1657804.979,0.5,0.5,,,,,
000651.SZ,20220125,39.01,40.09,38.85,38.89,38.85,0.04,0.103,709592.25,2801345.251,0.5,0.5,,,,,
000651.SZ,20220126,38.89,39.68,38.54,39.16,38.89,0.27,0.6943,418620.25,1632888.11,0.5,0.5,,,,,
000651.SZ,20220127,39.03,39.03,37.36,37.4,39.16,-1.76,-4.4944,741023.95,2809008.828,0.5,0.5,,,,,
000651.SZ,20220128,37.5,38.25,37.49,37.83,37.4,0.43,1.1497,476445.11,1804189.417,0.5,0.5,,,,,
000651.SZ,20220207,38.27,38.58,37.7,38.22,37.83,0.39,1.0309,403732.83,1538004.326,0.5,0.5,,,,,
000651.SZ,20220208,38.22,38.52,37.84,38.49,38.22,0.27,0.7064,346408.73,1323905.937,0.5,0.5,,,,,
000651.SZ,20220209,38.44,38.86,38.3,38.58,38.49,0.09,0.2338,411068.73,1585360.859,0.5,0.5,,,,,
000651.SZ,20220210,38.91,39.16,38.61,38.74,38.58,0.16,0.4147,476581.43,1851287.562,0.5,0.5,,,,,
000651.SZ,20220211,38.74,40.15,38.59,39.9,38.74,1.16,2.9943,874831.58,3465777.69,0.5,0.5,,,,,
000651.SZ,20220214,40.28,40.38,39.04,39.76,39.9,-0.14,-0.3509,623387.48,2469766.381,0.5,0.5,,,,,
000651.SZ,20220215,39.43,39.66,38.92,39.14,39.76,-0.62,-1.5594,456549.67,1789899.225,0.5,0.5,,,,,
000651.SZ,20220216,39.02,39.44,38.95,39.22,39.14,0.08,0.2044,307808.87,1205567.439,0.5,0.5,,,,,
000651.SZ,20220217,39.3,39.3,38.52,38.64,39.22,-0.58,-1.4788,427143.67,1655726.8,0.5,0.5,,,,,
000651.SZ,20220218,38.4,39.05,38.3,39.04,38.64,0.4,1.0352,263604.82,1022307.657,0.5,0.5,,,,,
000651.SZ,20220221,38.8,38.98,38.43,38.83,39.04,-0.21,-0.5379,339680.72,1314482.652,0.5,0.5,,,,,
000651.SZ,20220222,38.5,38.64,37.83,37.91,38.83,-0.92,-2.3693,530478.75,2022365.202,0.5,0.5,,,,,
000651.SZ,20220223,38.02,38.29,37.97,38.24,37.91,0.33,0.8705,292465.88,1114454.722,0.5,0.5,,,,,
000651.SZ,20220224,38.15,38.15,36.91,37.2,38.24,-1.04,-2.7197,608240.88,2278471.692,0.5,0.5,,,,,
000651.SZ,20220225,37.24,37.49,36.91,37.17,37.2,-0.03,-0.0806,427126.84,1586835.67,0.5,0.5,,,,,
000651.SZ,20220228,37.18,37.2,36.19,36.77,37.17,-0.4,-1.0761,627305.81,2293619.05,0.5,0.5,,,,,
000651.SZ,20220301,36.7,37.07,36.35,36.83,36.77,0.06,0.1632,429858.4,1575009.083,0.5,0.5,,,,,
000651.SZ,20220302,36.5,36.68,36.38,36.58,36.83,-0.25,-0.6788,245958.01,898150.624,0.5,0.5,,,,,
000651.SZ,20220303,36.72,36.76,36.01,36.1,36.58,-0.48,-1.3122,461738.39,1674074.499,0.5,0.5,,,,,
000651.SZ,20220304,35.86,35.97,35.52,35.83,36.1,-0.27,-0.7479,339625.98,1214431.324,0.5,0.5,,,,,
000651.SZ,20220307,35.6,35.64,34.86,34.89,35.83,-0.94,-2.6235,489133.1,1714476.194,0.5,0.5,,,,,
000651.SZ,20220308,34.88,35.11,33.88,33.93,34.89,-0.96,-2.7515,539167.65,1850600.736,0.5,0.5,,,,,
000651.SZ,20220309,33.93,34.25,31.69,33.34,33.93,-0.59,-1.7389,786803.38,2605457.181,0.5,0.5,,,,,
000651.SZ,20220310,34.48,34.49,33.25,33.5,33.34,0.16,0.4799,474894.5,1602547.379,0.5,0.5,,,,,
000651.SZ,20220311,32.99,33.89,32.53,33.8,33.5,0.3,0.8955,362908.8,1206824.361,0.5,0.5,,,,,
000651.SZ,20220314,33.23,33.62,33.0,33.03,33.8,-0.77,-2.2781,299432.98,995386.031,0.5,0.5,,,,,
000651.SZ,20220315,32.69,32.69,31.19,31.2,33.03,-1.83,-5.5404,622854.47,1987762.081,0.5,0.5,,,,,
000651.SZ,20220316,31.61,31.95,30.65,31.75,31.2,0.55,1.7628,606345.43,1902922.077,0.5,0.5,,,,,
000651.SZ,20220317,32.41,32.78,32.06,32.07,31.75,0.32,1.0079,652062.07,2110302.464,0.5,0.5,,,,,
000651.SZ,20220318,31.8,32.53,31.64,32.26,32.07,0.19,0.5925,533265.22,1710776.512,0.5,0.5,,,,,
000651.SZ,20220321,32.28,32.46,31.93,32.16,32.26,-0.1,-0.31,404035.81,1300188.16,0.5,0.5,,,,,
000651.SZ,20220322,32.14,32.81,32.01,32.45,32.16,0.29,0.9017,394398.07,1281198.111,0.5,0.5,,,,,
000651.SZ,20220323,32.5,32.59,32.11,32.36,32.45,-0.09,-0.2773,299320.41,967387.976,0.5,0.5,,,,,
000651.SZ,20220324,32.2,32.29,31.95,32.07,32.36,-0.29,-0.8962,255952.64,821598.998,0.5,0.5,,,,,
000651.SZ,20220325,32.3,32.3,31.5,31.52,32.07,-0.55,-1.715,406847.58,1294746.061,0.5,0.5,,,,,
000651.SZ,20220328,31.06,31.64,30.75,31.64,31.52,0.12,0.3807,277666.41,866933.961,0.5,0.5,,,,,
000651.SZ,20220329,31.67,31.73,31.24,31.28,31.64,-0.36,-1.1378,204409.05,642365.105,0.5,0.5,,,,,
000651.SZ,20220330,31.38,32.07,31.38,32.07,31.28,0.79,2.5256,331527.66,1053011.607,0.5,0.5,,,,,
000651.SZ,20220331,32.0,32.5,31.88,32.3,32.07,0.23,0.7172,362675.99,1170411.744,0.5,0.5,,,,,
000651.SZ,20220401,32.1,33.08,31.86,33.02,32.3,0.72,2.2291,468240.95,1530723.542,0.5,0.5,,,,,
000651.SZ,20220406,33.02,33.41,32.86,33.19,33.02,0.17,0.5148,398951.55,1320570.218,0.5,0.5,,,,,
000651.SZ,20220407,33.05,33.36,32.75,33.08,33.19,-0.11,-0.3314,372622.85,1232790.405,0.5,0.5,,,,,
000651.SZ,20220408,32.18,32.28,31.79,32.21,32.14,0.07,0.2178,341177.29,1092830.817,0.5,0.5,,,,,
000651.SZ,20220411,32.31,32.32,31.6,31.78,32.21,-0.43,-1.335,335348.98,1069368.557,0.5,0.5,,,,,
000651.SZ,20220412,31.77,32.8,31.43,32.46,31.78,0.68,2.1397,388334.96,1244030.914,0.5,0.5,,,,,
000651.SZ,20220413,32.38,32.43,31.95,31.96,32.46,-0.5,-1.5404,244790.84,787489.468,0.5,0.5,,,,,
000651.SZ,20220414,32.2,32.59,32.06,32.49,31.96,0.53,1.6583,305661.74,991435.644,0.5,0.5,,,,,
000651.SZ,20220415,32.1,32.58,32.1,32.38,32.49,-0.11,-0.3386,218347.34,707716.595,0.5,0.5,,,,,
000651.SZ,20220418,32.38,32.38,31.88,32.0,32.38,-0.38,-1.1736,206309.54,660742.769,0.5,0.5,,,,,
000651.SZ,20220419,32.0,32.18,31.37,31.55,32.0,-0.45,-1.4063,325151.61,1030807.366,0.5,0.5,,,,,
000651.SZ,20220420,31.51,32.33,31.5,31.73,31.55,0.18,0.5705,297306.88,948017.712,0.5,0.5,,,,,
000651.SZ,20220421,31.73,31.99,31.01,31.18,31.73,-0.55,-1.7334,362729.72,1140350.286,0.5,0.5,,,,,
000651.SZ,20220422,30.81,32.17,30.42,31.97,31.18,0.79,2.5337,436429.04,1373756.872,0.5,0.5,,,,,
000651.SZ,20220425,31.61,32.0,30.7,30.71,31.97,-1.26,-3.9412,439331.42,1379618.274,0.5,0.5,,,,,
000651.SZ,20220426,30.97,31.08,29.92,30.0,30.71,-0.71,-2.312,422924.56,1286629.728,0.5,0.5,,,,,
000651.SZ,20220427,29.8,30.47,29.65,30.46,30.0,0.46,1.5333,372646.68,1121297.995,0.5,0.5,,,,,
000651.SZ,20220428,30.4,30.64,29.9,30.31,30.46,-0.15,-0.4924,355267.15,1074045.135,0.5,0.5,,,,,
000651.SZ,20220429,30.36,31.33,30.3,31.21,30.31,0.9,2.9693,420627.22,1299787.915,0.5,0.5,,,,,
000651.SZ,20220505,32.5,34.23,32.38,34.22,31.21,3.01,9.6443,1223182.23,4108444.75,0.5,0.5,,,,,
000651.SZ,20220506,33.74,34.17,33.51,33.96,34.22,-0.26,-0.7598,586930.18,1983418.025,0.5,0.5,,,,,
000651.SZ,20220509,33.72,33.83,33.21,33.37,33.96,-0.59,-1.7373,334368.35,1118136.557,0.5,0.5,,,,,
000651.SZ,20220510,32.99,33.65,32.7,33.55,33.37,0.18,0.5394,489292.0,1627312.761,0.5,0.5,,,,,
000651.SZ,20220511,33.57,33.72,33.04,33.3,33.55,-0.25,-0.7452,492802.12,1644664.202,0.5,0.5,,,,,
000651.SZ,20220512,33.01,33.58,32.83,33.25,33.3,-0.05,-0.1502,303578.03,1009125.197,0.5,0.5,,,,,
000651.SZ,20220513,33.4,33.76,33.27,33.53,33.25,0.28,0.8421,327401.33,1096621.745,0.5,0.5,,,,,
000651.SZ,20220516,33.95,34.14,33.18,33.32,33.53,-0.21,-0.6263,295149.0,990650.826,0.5,0.5,,,,,
000651.SZ,20220517,33.55,33.65,33.08,33.36,33.32,0.04,0.12,238649.45,795004.217,0.5,0.5,,,,,
000651.SZ,20220518,33.4,33.43,32.74,33.0,33.36,-0.36,-1.0791,312874.81,1031801.467,0.5,0.5,,,,,
000651.SZ,20220519,32.68,32.9,32.42,32.72,33.0,-0.28,-0.8485,280650.02,915389.027,0.5,0.5,,,,,
000651.SZ,20220520,32.86,33.33,32.8,33.23,32.72,0.51,1.5587,408342.94,1353042.016,0.5,0.5,,,,,
000651.SZ,20220523,32.95,32.95,32.11,32.38,33.23,-0.85,-2.5579,559286.03,1812451.93,0.5,0.5,,,,,
000651.SZ,20220524,32.22,32.53,31.79,31.79,32.38,-0.59,-1.8221,335080.21,1077204.649,0.5,0.5,,,,,
000651.SZ,20220525,31.77,31.83,31.46,31.77,31.79,-0.02,-0.0629,268487.98,849891.684,0.5,0.5,,,,,
000651.SZ,20220526,31.78,31.99,31.35,31.74,31.77,-0.03,-0.0944,432331.3,1366575.573,0.5,0.5,,,,,
000651.SZ,20220527,31.88,32.16,31.35,31.53,31.74,-0.21,-0.6616,431004.11,1365791.546,0.5,0.5,,,,,
000651.SZ,20220530,31.6,31.86,31.54,31.84,31.53,0.31,0.9832,339786.01,1077260.014,0.5,0.5,,,,,
000651.SZ,20220531,31.86,32.19,31.65,32.17,31.84,0.33,1.0364,428663.32,1370159.292,0.5,0.5,,,,,
000651.SZ,20220601,32.18,32.33,31.6,31.73,32.17,-0.44,-1.3677,496285.59,1582411.061,0.5,0.5,,,,,
000651.SZ,20220602,31.5,31.6,31.01,31.52,31.73,-0.21,-0.6618,467675.68,1462714.37,0.5,0.5,,,,,
000651.SZ,20220606,31.52,31.77,31.14,31.7,31.52,0.18,0.5711,458856.54,1444065.936,0.5,0.5,,,,,
000651.SZ,20220607,31.65,31.94,31.5,31.92,31.7,0.22,0.694,425933.89,1353080.128,0.5,0.5,,,,,
000651.SZ,20220608,32.0,32.16,31.58,31.81,31.92,-0.11,-0.3446,479733.68,1526209.081,0.5,0.5,,,,,
000651.SZ,20220609,31.8,31.86,31.31,31.31,31.81,-0.5,-1.5718,408906.4,1288908.136,0.5,0.5,,,,,
000651.SZ,20220610,31.1,31.63,31.05,31.55,31.31,0.24,0.7665,383281.0,1202385.362,0.5,0.5,,,,,
000651.SZ,20220613,31.3,31.43,31.14,31.32,31.55,-0.23,-0.729,303461.18,949058.341,0.5,0.5,,,,,
000651.SZ,20220614,31.1,31.66,31.04,31.64,31.32,0.32,1.0217,347983.41,1088702.613,0.5,0.5,,,,,
000651.SZ,20220615,31.6,32.66,31.5,32.35,31.64,0.71,2.244,926427.52,2994446.383,0.5,0.5,,,,,
000651.SZ,20220616,32.22,32.44,31.88,32.0,32.35,-0.35,-1.0819,562304.8,1805538.51,0.5,0.5,,,,,
000651.SZ,20220617,31.8,32.94,31.69,32.65,32.0,0.65,2.0313,900589.45,2920885.746,0.5,0.5,,,,,
000651.SZ,20220620,32.85,33.45,32.79,32.96,32.65,0.31,0.9495,761113.32,2516483.455,0.5,0.5,,,,,
000651.SZ,20220621,32.94,33.5,32.7,33.18,32.96,0.22,0.6675,808363.74,2681259.641,0.5,0.5,,,,,
000651.SZ,20220622,33.2,33.25,32.02,32.12,33.18,-1.06,-3.1947,769623.88,2499640.733,0.5,0.5,,,,,
000651.SZ,20220623,32.1,32.26,31.41,32.25,32.12,0.13,0.4047,1051743.27,3335704.822,0.5,0.5,,,,,
000651.SZ,20220624,32.7,35.2,32.4,33.9,32.25,1.65,5.1163,2233273.02,7594767.992,0.5,0.5,,,,,
000651.SZ,20220627,33.7,33.85,33.2,33.25,33.9,-0.65,-1.9174,1618728.25,5414513.55,0.5,0.5,,,,,
000651.SZ,20220628,33.27,33.47,32.76,33.45,33.25,0.2,0.6015,848430.62,2815287.036,0.5,0.5,,,,,
000651.SZ,20220629,33.48,33.94,33.22,33.27,33.45,-0.18,-0.5381,871206.94,2921164.503,0.5,0.5,,,,,
000651.SZ,20220630,33.29,33.75,33.1,33.72,33.27,0.45,1.3526,663594.48,2223982.165,0.5,0.5,,,,,
000651.SZ,20220701,33.68,33.76,33.22,33.45,33.72,-0.27,-0.8007,388145.54,1297691.128,0.5,0.5,,,,,
000651.SZ,20220704,33.46,33.68,33.26,33.64,33.45,0.19,0.568,460226.03,1541616.723,0.5,0.5,,,,,
000651.SZ,20220705,33.67,34.09,32.91,33.17,33.64,-0.47,-1.3971,591443.63,1973024.357,0.5,0.5,,,,,
000651.SZ,20220706,33.33,33.5,32.65,32.81,33.17,-0.36,-1.0853,501621.97,1653307.008,0.5,0.5,,,,,
000651.SZ,20220707,33.1,33.4,32.74,32.89,32.81,0.08,0.2438,510526.63,1685779.53,0.5,0.5,,,,,
000651.SZ,20220708,33.0,33.69,32.78,33.4,32.89,0.51,1.5506,587677.94,1952251.847,0.5,0.5,,,,,
000651.SZ,20220711,33.77,34.35,33.65,33.99,33.4,0.59,1.7665,924939.71,3136823.406,0.5,0.5,,,,,
000651.SZ,20220712,33.9,35.33,33.8,34.93,33.99,0.94,2.7655,1401462.59,4904189.405,0.5,0.5,,,,,
000651.SZ,20220713,35.28,35.83,34.7,34.97,34.93,0.04,0.1145,953749.38,3358734.171,0.5,0.5,,,,,
000651.SZ,20220714,35.4,35.49,33.84,34.18,34.97,-0.79,-2.2591,915976.24,3151980.156,0.5,0.5,,,,,
000651.SZ,20220715,34.2,34.65,33.67,33.7,34.18,-0.48,-1.4043,624133.97,2128248.929,0.5,0.5,,,,,
000651.SZ,20220718,33.6,34.3,33.04,34.3,33.7,0.6,1.7804,518340.48,1742251.761,0.5,0.5,,,,,
000651.SZ,20220719,34.01,34.35,33.82,34.08,34.3,-0.22,-0.6414,336855.26,1146595.568,0.5,0.5,,,,,
000651.SZ,20220720,34.22,34.33,33.93,34.11,34.08,0.03,0.088,308841.57,1054322.223,0.5,0.5,,,,,
000651.SZ,20220721,34.12,34.12,33.72,33.95,34.11,-0.16,-0.4691,286660.92,971806.412,0.5,0.5,,,,,
000651.SZ,20220722,33.88,34.15,33.46,33.94,33.95,-0.01,-0.0295,310445.38,1048212.71,0.5,0.5,,,,,
000651.SZ,20220725,34.0,34.34,33.82,34.23,33.94,0.29,0.8544,432641.33,1477305.073,0.5,0.5,,,,,
000651.SZ,20220726,34.22,34.22,33.85,34.13,34.23,-0.1,-0.2921,377139.94,1282394.805,0.5,0.5,,,,,
000651.SZ,20220727,33.93,34.0,33.36,33.41,34.13,-0.72,-2.1096,437984.55,1469299.5,0.5,0.5,,,,,
000651.SZ,20220728,33.44,33.62,33.28,33.31,33.41,-0.1,-0.2993,312831.71,1044841.874,0.5,0.5,,,,,
000651.SZ,20220729,33.52,33.65,33.2,33.26,33.31,-0.05,-0.1501,390445.97,1304903.276,0.5,0.5,,,,,
000651.SZ,20220801,33.2,33.24,32.82,33.01,33.26,-0.25,-0.7517,337580.18,1112282.967,0.5,0.5,,,,,
000651.SZ,20220802,32.71,32.72,31.68,31.86,33.01,-1.15,-3.4838,568092.36,1817293.081,0.5,0.5,,,,,
000651.SZ,20220803,31.8,32.2,31.7,31.82,31.86,-0.04,-0.1255,359144.31,1147102.189,0.5,0.5,,,,,
000651.SZ,20220804,31.96,32.25,31.7,32.16,31.82,0.34,1.0685,374221.16,1196487.721,0.5,0.5,,,,,
000651.SZ,20220805,30.49,30.73,30.09,30.73,30.19,0.54,1.7887,452305.97,1374951.141,0.5,0.5,,,,,
000651.SZ,20220808,30.6,30.73,30.43,30.55,30.73,-0.18,-0.5857,271424.42,828567.644,0.5,0.5,,,,,
000651.SZ,20220809,30.54,30.85,30.48,30.61,30.55,0.06,0.1964,235961.32,723759.654,0.5,0.5,,,,,
000651.SZ,20220810,30.74,30.77,30.33,30.42,30.61,-0.19,-0.6207,199204.62,606767.034,0.5,0.5,,,,,
000651.SZ,20220811,30.5,30.85,30.48,30.83,30.42,0.41,1.3478,242736.3,745787.216,0.5,0.5,,,,,
000651.SZ,20220812,30.88,30.99,30.72,30.89,30.83,0.06,0.1946,227249.72,701441.077,0.5,0.5,,,,,
000651.SZ,20220815,31.0,31.35,30.75,30.89,30.89,0.0,0.0,316415.13,980684.224,0.5,0.5,,,,,
000651.SZ,20220816,30.95,31.03,30.77,30.86,30.89,-0.03,-0.0971,193407.27,596307.147,0.5,0.5,,,,,
000651.SZ,20220817,30.88,31.02,30.44,30.98,30.86,0.12,0.3889,293996.22,906353.893,0.5,0.5,,,,,
000651.SZ,20220818,30.87,30.88,30.4,30.43,30.98,-0.55,-1.7753,341890.5,1043951.429,0.5,0.5,,,,,
000651.SZ,20220819,30.44,30.75,30.4,30.46,30.43,0.03,0.0986,257700.26,786785.996,0.5,0.5,,,,,
000651.SZ,20220822,30.46,30.75,30.33,30.49,30.46,0.03,0.0985,256306.01,782698.443,0.5,0.5,,,,,
000651.SZ,20220823,30.4,30.41,30.15,30.23,30.49,-0.26,-0.8527,276980.97,836814.097,0.5,0.5,,,,,
000651.SZ,20220824,30.22,30.33,30.01,30.04,30.23,-0.19,-0.6285,272725.9,821529.228,0.5,0.5,,,,,
000651.SZ,20220825,30.13,30.36,29.9,30.36,30.04,0.32,1.0652,290181.3,875049.213,0.5,0.5,,,,,
000651.SZ,20220826,30.5,30.6,30.13,30.15,30.36,-0.21,-0.6917,220313.09,666996.591,0.5,0.5,,,,,
000651.SZ,20220829,29.92,30.37,29.85,30.33,30.15,0.18,0.597,244284.84,736292.833,0.5,0.5,,,,,
000651.SZ,20220830,30.35,30.73,30.34,30.55,30.33,0.22,0.7254,233616.82,712653.757,0.5,0.5,,,,,
000651.SZ,20220831,31.9,32.15,31.52,31.93,30.55,1.38,4.5172,1401502.67,4468837.438,0.5,0.5,,,,,
000651.SZ,20220901,31.9,33.59,31.83,32.85,31.93,0.92,2.8813,1571213.45,5190350.757,0.5,0.5,,,,,
000651.SZ,20220902,33.1,33.23,32.5,33.02,32.85,0.17,0.5175,771269.88,2538961.381,0.5,0.5,,,,,
000651.SZ,20220905,32.99,33.55,32.81,33.36,33.02,0.34,1.0297,591181.17,1964842.055,0.5,0.5,,,,,
000651.SZ,20220906,33.36,33.5,32.75,33.16,33.36,-0.2,-0.5995,486220.91,1606598.227,0.5,0.5,,,,,
000651.SZ,20220907,33.1,33.15,32.75,32.97,33.16,-0.19,-0.573,401412.28,1321992.368,0.5,0.5,,,,,
000651.SZ,20220908,33.05,33.44,32.91,33.18,32.97,0.21,0.6369,316306.24,1048674.101,0.5,0.5,,,,,
000651.SZ,20220909,33.3,34.95,33.26,34.67,33.18,1.49,4.4907,1113249.75,3822477.104,0.5,0.5,,,,,
000651.SZ,20220913,34.67,35.42,34.46,35.15,34.67,0.48,1.3845,813358.64,2851010.739,0.5,0.5,,,,,
000651.SZ,20220914,34.7,35.04,34.56,34.92,35.15,-0.23,-0.6543,417907.1,1456450.318,0.5,0.5,,,,,
000651.SZ,20220915,35.0,35.72,34.8,35.1,34.92,0.18,0.5155,666576.6,2349659.387,0.5,0.5,,,,,
000651.SZ,20220916,35.24,35.64,34.59,34.59,35.1,-0.51,-1.453,578308.71,2020198.264,0.5,0.5,,,,,
000651.SZ,20220919,34.66,34.73,33.8,34.46,34.59,-0.13,-0.3758,423704.19,1456673.522,0.5,0.5,,,,,
000651.SZ,20220920,34.54,34.85,33.68,34.2,34.46,-0.26,-0.7545,421637.78,1436025.188,0.5,0.5,,,,,
000651.SZ,20220921,34.2,34.49,33.74,34.35,34.2,0.15,0.4386,343764.04,1175255.773,0.5,0.5,,,,,
000651.SZ,20220922,34.0,34.04,33.1,33.12,34.35,-1.23,-3.5808,528415.5,1764007.999,0.5,0.5,,,,,
000651.SZ,20220923,33.12,33.45,32.75,33.08,33.12,-0.04,-0.1208,326826.58,1081572.532,0.5,0.5,,,,,
000651.SZ,20220926,32.77,33.45,32.71,32.86,33.08,-0.22,-0.6651,298663.72,986077.975,0.5,0.5,,,,,
000651.SZ,20220927,32.8,33.6,32.61,33.45,32.86,0.59,1.7955,383659.7,1275214.958,0.5,0.5,,,,,
000651.SZ,20220928,33.3,33.45,32.94,33.0,33.45,-0.45,-1.3453,257902.22,853707.05,0.5,0.5,,,,,
000651.SZ,20220929,33.04,33.25,32.5,32.55,33.0,-0.45,-1.3636,276083.38,903331.343,0.5,0.5,,,,,
000651.SZ,20220930,32.45,32.82,32.2,32.43,32.55,-0.12,-0.3687,241120.6,784213.094,0.5,0.5,,,,,
000651.SZ,20221010,32.6,32.82,32.05,32.2,32.43,-0.23,-0.7092,305222.26,990223.538,0.5,0.5,,,,,
000651.SZ,20221011,32.23,32.33,31.8,31.94,32.2,-0.26,-0.8075,237808.7,761317.997,0.5,0.5,,,,,
000651.SZ,20221012,31.94,32.29,31.42,32.28,31.94,0.34,1.0645,285433.69,907639.646,0.5,0.5,,,,,
000651.SZ,20221013,32.11,32.19,31.62,31.69,32.28,-0.59,-1.8278,270164.82,861552.984,0.5,0.5,,,,,
000651.SZ,20221014,31.76,32.49,31.76,32.39,31.69,0.7,2.2089,363450.55,1172578.165,0.5,0.5,,,,,
000651.SZ,20221017,32.34,32.4,32.05,32.27,32.39,-0.12,-0.3705,287652.37,926620.056,0.5,0.5,,,,,
000651.SZ,20221018,32.35,32.54,32.16,32.34,32.27,0.07,0.2169,268111.0,866819.014,0.5,0.5,,,,,
000651.SZ,20221019,32.3,32.3,31.08,31.13,32.34,-1.21,-3.7415,478260.75,1507807.187,0.5,0.5,,,,,
000651.SZ,20221020,31.0,31.06,30.55,30.66,31.13,-0.47,-1.5098,514780.4,1582853.782,0.5,0.5,,,,,
000651.SZ,20221021,30.7,30.9,30.4,30.6,30.66,-0.06,-0.1957,289409.2,887734.974,0.5,0.5,,,,,
000651.SZ,20221024,30.6,30.87,29.94,29.98,30.6,-0.62,-2.0261,511354.5,1543195.834,0.5,0.5,,,,,
000651.SZ,20221025,29.6,30.18,29.6,29.8,29.98,-0.18,-0.6004,332197.39,992196.035,0.5,0.5,,,,,
000651.SZ,20221026,29.8,30.25,29.8,30.02,29.8,0.22,0.7383,359287.51,1078674.13,0.5,0.5,,,,,
000651.SZ,20221027,30.28,30.48,30.09,30.41,30.02,0.39,1.2991,377642.97,1143835.611,0.5,0.5,,,,,
000651.SZ,20221028,30.55,30.69,29.96,30.19,30.41,-0.22,-0.7234,480891.71,1459228.264,0.5,0.5,,,,,
000651.SZ,20221031,29.58,29.92,28.49,28.67,30.19,-1.52,-5.0348,1083032.89,3132805.797,0.5,0.5,,,,,
000651.SZ,20221101,28.75,29.37,28.6,29.37,28.67,0.7,2.4416,646024.96,1874169.161,0.5,0.5,,,,,
000651.SZ,20221102,29.16,30.0,29.05,29.55,29.37,0.18,0.6129,566733.08,1669391.342,0.5,0.5,,,,,
000651.SZ,20221103,29.26,29.6,29.18,29.29,29.55,-0.26,-0.8799,327907.33,962098.061,0.5,0.5,,,,,
000651.SZ,20221104,29.3,30.32,29.3,30.16,29.29,0.87,2.9703,535484.51,1605718.55,0.5,0.5,,,,,
000651.SZ,20221107,30.16,30.49,30.02,30.27,30.16,0.11,0.3647,337480.68,1019600.741,0.5,0.5,,,,,
000651.SZ,20221108,30.3,30.35,29.98,30.14,30.27,-0.13,-0.4295,230927.74,694922.727,0.5,0.5,,,,,
000651.SZ,20221109,30.25,30.6,30.15,30.26,30.14,0.12,0.3981,274566.43,833638.223,0.5,0.5,,,,,
000651.SZ,20221110,30.01,30.26,29.93,30.12,30.26,-0.14,-0.4627,203774.28,613111.63,0.5,0.5,,,,,
000651.SZ,20221111,30.75,31.5,30.46,31.11,30.12,0.99,3.2869,665085.8,2060381.561,0.5,0.5,,,,,
000651.SZ,20221114,31.8,32.41,31.61,31.71,31.11,0.6,1.9286,749636.26,2398336.011,0.5,0.5,,,,,
000651.SZ,20221115,31.8,32.17,31.5,31.99,31.71,0.28,0.883,391991.29,1252336.617,0.5,0.5,,,,,
000651.SZ,20221116,32.02,32.08,31.68,31.73,31.99,-0.26,-0.8128,278931.78,887834.588,0.5,0.5,,,,,
000651.SZ,20221117,31.67,31.92,31.51,31.75,31.73,0.02,0.063,225405.58,714269.173,0.5,0.5,,,,,
000651.SZ,20221118,31.83,32.02,31.69,31.76,31.75,0.01,0.0315,203124.72,646632.937,0.5,0.5,,,,,
000651.SZ,20221121,31.55,31.57,31.0,31.1,31.76,-0.66,-2.0781,282277.61,878476.707,0.5,0.5,,,,,
000651.SZ,20221122,31.2,31.61,31.08,31.29,31.1,0.19,0.6109,219449.45,687275.501,0.5,0.5,,,,,
000651.SZ,20221123,31.32,31.53,31.18,31.2,31.29,-0.09,-0.2876,183435.32,574485.619,0.5,0.5,,,,,
000651.SZ,20221124,31.45,31.61,31.18,31.22,31.2,0.02,0.0641,154163.02,482978.084,0.5,0.5,,,,,
000651.SZ,20221125,31.21,31.96,31.2,31.76,31.22,0.54,1.7297,349981.46,1110462.202,0.5,0.5,,,,,
000651.SZ,20221128,31.25,31.53,30.86,31.5,31.76,-0.26,-0.8186,261702.74,817009.081,0.5,0.5,,,,,
000651.SZ,20221129,32.01,32.61,31.93,32.47,31.5,0.97,3.0794,513730.44,1658978.772,0.5,0.5,,,,,
000651.SZ,20221130,32.43,32.63,31.92,32.17,32.47,-0.3,-0.9239,385710.84,1242142.348,0.5,0.5,,,,,
000651.SZ,20221201,32.5,32.77,32.36,32.42,32.17,0.25,0.7771,365439.26,1187271.477,0.5,0.5,,,,,
000651.SZ,20221202,32.25,32.36,32.09,32.23,32.42,-0.19,-0.5861,259459.95,836470.935,0.5,0.5,,,,,
000651.SZ,20221205,32.49,32.94,32.48,32.88,32.23,0.65,2.0168,370531.47,1215476.571,0.5,0.5,,,,,
000651.SZ,20221206,32.77,33.31,32.55,32.94,32.88,0.06,0.1825,351583.14,1159982.48,0.5,0.5,,,,,
000651.SZ,20221207,32.93,33.35,32.7,33.12,32.94,0.18,0.5464,384985.41,1273056.316,0.5,0.5,,,,,
000651.SZ,20221208,33.15,33.31,32.91,33.01,33.12,-0.11,-0.3321,247185.76,817959.964,0.5,0.5,,,,,
000651.SZ,20221209,33.09,34.1,32.98,33.88,33.01,0.87,2.6356,686804.46,2304109.729,0.5,0.5,,,,,
000651.SZ,20221212,33.79,33.94,33.27,33.28,33.88,-0.6,-1.771,374208.14,1256353.587,0.5,0.5,,,,,
000651.SZ,20221213,33.47,33.6,33.31,33.37,33.28,0.09,0.2704,240632.38,803646.376,0.5,0.5,,,,,
000651.SZ,20221214,33.36,33.66,32.99,33.4,33.37,0.03,0.0899,373874.01,1246848.388,0.5,0.5,,,,,
000651.SZ,20221215,33.36,33.71,32.88,33.01,33.4,-0.39,-1.1677,278523.58,921951.278,0.5,0.5,,,,,
000651.SZ,20221216,32.82,33.26,32.78,33.26,33.01,0.25,0.7573,306233.21,1013812.023,0.5,0.5,,,,,
000651.SZ,20221219,33.22,33.65,32.73,32.82,33.26,-0.44,-1.3229,264172.66,875081.107,0.5,0.5,,,,,
000651.SZ,20221220,32.75,32.9,32.06,32.3,32.82,-0.52,-1.5844,241272.32,781725.23,0.5,0.5,,,,,
000651.SZ,20221221,32.24,32.67,32.24,32.43,32.3,0.13,0.4025,190634.28,618308.607,0.5,0.5,,,,,
000651.SZ,20221222,32.58,33.37,32.58,32.94,32.43,0.51,1.5726,310062.76,1023161.476,0.5,0.5,,,,,
000651.SZ,20221223,32.77,33.09,32.56,32.78,32.94,-0.16,-0.4857,133523.25,438291.964,0.5,0.5,,,,,
000651.SZ,20221226,32.8,32.81,32.31,32.35,32.78,-0.43,-1.3118,190076.66,616557.292,0.5,0.5,,,,,
000651.SZ,20221227,32.47,32.97,32.26,32.63,32.35,0.28,0.8655,226463.98,739779.463,0.5,0.5,,,,,
000651.SZ,20221228,32.44,32.8,32.31,32.57,32.63,-0.06,-0.1839,309397.55,1007976.115,0.5,0.5,,,,,
000651.SZ,20221229,32.5,32.52,32.01,32.16,32.57,-0.41,-1.2588,253493.9,815934.41,0.5,0.5,,,,,
000651.SZ,20221230,32.24,32.49,32.21,32.32,32.16,0.16,0.4975,192641.04,623204.689,0.5,0.5,,,,,
000651.SZ,20230103,32.52,32.78,32.16,32.5,32.32,0.18,0.5569,264449.99,857203.474,0.5,0.5,,,,,
000651.SZ,20230104,32.52,33.34,32.44,33.31,32.5,0.81,2.4923,415943.66,1376299.368,0.5,0.5,,,,,
000651.SZ,20230105,33.61,34.45,33.5,34.2,33.31,0.89,2.6719,508894.43,1733431.275,0.5,0.5,,,,,
000651.SZ,20230106,34.16,34.4,33.91,34.1,34.2,-0.1,-0.2924,309165.72,1053069.733,0.5,0.5,,,,,
000651.SZ,20230109,34.0,34.28,33.97,34.09,34.1,-0.01,-0.0293,243099.43,829238.872,0.5,0.5,,,,,
000651.SZ,20230110,34.1,34.39,33.81,34.12,34.09,0.03,0.088,189743.55,648148.45,0.5,0.5,,,,,
000651.SZ,20230111,34.12,34.5,33.93,34.43,34.12,0.31,0.9086,315975.43,1084532.714,0.5,0.5,,,,,
000651.SZ,20230112,34.31,34.44,34.06,34.12,34.43,-0.31,-0.9004,178706.48,611164.531,0.5,0.5,,,,,
000651.SZ,20230113,34.2,34.5,34.12,34.45,34.12,0.33,0.9672,248451.28,853583.446,0.5,0.5,,,,,
000651.SZ,20230116,34.61,36.0,34.52,35.48,34.45,1.03,2.9898,691189.91,2443086.448,0.5,0.5,,,,,
000651.SZ,20230117,35.44,35.55,35.14,35.45,35.48,-0.03,-0.0846,287752.68,1017964.726,0.5,0.5,,,,,
000651.SZ,20230118,35.4,35.64,34.94,35.21,35.45,-0.24,-0.677,242363.66,853027.494,0.5,0.5,,,,,
000651.SZ,20230119,34.99,35.17,34.72,35.1,35.21,-0.11,-0.3124,198207.77,692956.465,0.5,0.5,,,,,
000651.SZ,20230120,35.16,35.4,34.91,35.05,35.1,-0.05,-0.1425,228960.03,802935.939,0.5,0.5,,,,,
000651.SZ,20230130,35.7,35.75,34.98,35.05,35.05,0.0,0.0,406010.51,1431756.651,0.5,0.5,,,,,
000651.SZ,20230131,35.05,35.27,34.5,34.63,35.05,-0.42,-1.1983,276693.31,963487.23,0.5,0.5,,,,,
000651.SZ,20230201,34.8,35.08,34.64,34.95,34.63,0.32,0.9241,273694.85,954296.68,0.5,0.5,,,,,
000651.SZ,20230202,34.96,35.06,34.75,34.88,34.95,-0.07,-0.2003,300856.71,1049190.456,0.5,0.5,,,,,
000651.SZ,20230203,34.7,34.77,34.45,34.7,34.88,-0.18,-0.5161,227968.29,788485.486,0.5,0.5,,,,,
000651.SZ,20230206,34.51,34.52,33.82,33.84,34.7,-0.86,-2.4784,335208.24,1140037.078,0.5,0.5,,,,,
000651.SZ,20230207,34.04,34.47,33.98,34.42,33.84,0.58,1.7139,228761.51,784539.741,0.5,0.5,,,,,
000651.SZ,20230208,34.49,34.84,34.15,34.29,34.42,-0.13,-0.3777,200065.21,689358.452,0.5,0.5,,,,,
000651.SZ,20230209,34.1,34.44,34.01,34.35,34.29,0.06,0.175,207619.93,711646.332,0.5,0.5,,,,,
000651.SZ,20230210,34.38,34.39,34.1,34.27,34.35,-0.08,-0.2329,152728.33,523507.993,0.5,0.5,,,,,
000651.SZ,20230213,34.31,34.74,34.16,34.71,34.27,0.44,1.2839,286385.56,987660.446,0.5,0.5,,,,,
000651.SZ,20230214,34.78,34.92,34.6,34.87,34.71,0.16,0.461,192681.97,670015.186,0.5,0.5,,,,,
000651.SZ,20230215,34.85,34.9,34.44,34.54,34.87,-0.33,-0.9464,167134.17,577757.678,0.5,0.5,,,,,
000651.SZ,20230216,34.54,34.79,33.93,34.15,34.54,-0.39,-1.1291,281351.21,968714.065,0.5,0.5,,,,,
000651.SZ,20230217,34.15,34.35,33.95,33.97,34.15,-0.18,-0.5271,181937.85,621456.149,0.5,0.5,,,,,
000651.SZ,20230220,33.97,35.2,33.97,35.15,33.97,1.18,3.4737,523420.2,1822339.523,0.5,0.5,,,,,
000651.SZ,20230221,35.4,36.29,35.33,36.14,35.15,0.99,2.8165,813049.77,2920138.338,0.5,0.5,,,,,
000651.SZ,20230222,36.08,36.27,35.76,36.08,36.14,-0.06,-0.166,326660.17,1176963.006,0.5,0.5,,,,,
000651.SZ,20230223,36.22,37.31,36.22,37.03,36.08,0.95,2.633,813705.03,3014292.022,0.5,0.5,,,,,
000651.SZ,20230224,36.87,37.0,36.38,36.56,37.03,-0.47,-1.2692,369260.76,1352140.215,0.5,0.5,,,,,
000651.SZ,20230227,35.24,35.45,34.54,35.21,35.56,-0.35,-0.9843,391829.18,1376848.522,0.5,0.5,,,,,
000651.SZ,20230228,35.35,35.74,34.93,35.52,35.21,0.31,0.8804,349953.89,1237336.464,0.5,0.5,,,,,
000651.SZ,20230301,35.52,36.59,35.41,36.42,35.52,0.9,2.5338,519704.55,1882938.245,0.5,0.5,,,,,
000651.SZ,20230302,36.18,36.9,36.12,36.61,36.42,0.19,0.5217,457584.04,1676275.922,0.5,0.5,,,,,
000651.SZ,20230303,36.9,37.53,36.8,36.97,36.61,0.36,0.9833,455732.2,1690430.395,0.5,0.5,,,,,
000651.SZ,20230306,36.98,37.35,36.48,36.91,36.97,-0.06,-0.1623,421123.78,1556527.309,0.5,0.5,,,,,
000651.SZ,20230307,36.8,37.01,36.16,36.24,36.91,-0.67,-1.8152,414114.72,1512768.971,0.5,0.5,,,,,
000651.SZ,20230308,36.06,36.59,36.0,36.49,36.24,0.25,0.6898,264508.03,962114.237,0.5,0.5,,,,,
000651.SZ,20230309,36.73,36.8,36.3,36.62,36.49,0.13,0.3563,275032.55,1009001.335,0.5,0.5,,,,,
000651.SZ,20230310,36.45,36.55,35.57,35.61,36.62,-1.01,-2.7581,360106.38,1294371.652,0.5,0.5,,,,,
000651.SZ,20230313,35.61,37.12,35.53,37.11,35.61,1.5,4.2123,633485.64,2321045.502,0.5,0.5,,,,,
000651.SZ,20230314,37.0,37.6,36.59,36.94,37.11,-0.17,-0.4581,610731.4,2269712.345,0.5,0.5,,,,,
000651.SZ,20230315,37.01,37.65,36.92,37.45,36.94,0.51,1.3806,369051.41,1378304.181,0.5,0.5,,,,,
000651.SZ,20230316,37.2,37.7,37.0,37.3,37.45,-0.15,-0.4005,375702.12,1406362.39,0.5,0.5,,,,,
000651.SZ,20230317,37.65,37.96,37.31,37.51,37.3,0.21,0.563,388876.48,1463969.892,0.5,0.5,,,,,
000651.SZ,20230320,37.49,37.7,36.83,37.1,37.51,-0.41,-1.093,311753.52,1158701.863,0.5,0.5,,,,,
000651.SZ,20230321,37.03,37.69,36.98,37.62,37.1,0.52,1.4016,315311.12,1183366.151,0.5,0.5,,,,,
000651.SZ,20230322,37.68,37.77,37.06,37.21,37.62,-0.41,-1.0898,263487.8,982422.968,0.5,0.5,,,,,
000651.SZ,20230323,37.19,37.5,36.95,37.14,37.21,-0.07,-0.1881,331012.08,1231631.548,0.5,0.5,,,,,
000651.SZ,20230324,37.01,37.04,36.6,36.86,37.14,-0.28,-0.7539,319513.54,1177943.451,0.5,0.5,,,,,
000651.SZ,20230327,36.87,36.92,36.2,36.38,36.86,-0.48,-1.3022,370440.82,1350143.941,0.5,0.5,,,,,
000651.SZ,20230328,36.41,36.72,36.01,36.4,36.38,0.02,0.055,282252.61,1027278.62,0.5,0.5,,,,,
000651.SZ,20230329,36.43,36.55,36.02,36.15,36.4,-0.25,-0.6868,213238.88,772096.709,0.5,0.5,,,,,
000651.SZ,20230330,36.2,37.54,35.83,37.23,36.15,1.08,2.9876,546578.24,2005354.003,0.5,0.5,,,,,
000651.SZ,20230331,37.03,37.3,36.71,36.75,37.23,-0.48,-1.2893,331765.65,1226454.624,0.5,0.5,,,,,
000651.SZ,20230403,36.85,37.48,36.73,37.26,36.75,0.51,1.3878,296208.67,1101948.26,0.5,0.5,,,,,
000651.SZ,20230404,37.12,37.26,36.8,37.03,37.26,-0.23,-0.6173,241678.75,894596.326,0.5,0.5,,,,,
000651.SZ,20230406,37.04,37.06,36.5,36.75,37.03,-0.28,-0.7561,241196.73,884473.175,0.5,0.5,,,,,
000651.SZ,20230407,36.75,37.56,36.66,37.29,36.75,0.54,1.4694,327832.77,1223357.476,0.5,0.5,,,,,
000651.SZ,20230410,37.29,37.77,37.02,37.75,37.29,0.46,1.2336,317368.39,1193801.199,0.5,0.5,,,,,
000651.SZ,20230411,37.95,39.4,37.88,39.4,37.75,1.65,4.3709,953640.85,3728690.732,0.5,0.5,,,,,
000651.SZ,20230412,39.42,39.7,39.15,39.4,39.4,0.0,0.0,397236.78,1565796.851,0.5,0.5,,,,,
000651.SZ,20230413,39.26,39.26,38.39,38.52,39.4,-0.88,-2.2335,318527.45,1231928.666,0.5,0.5,,,,,
000651.SZ,20230414,38.58,38.7,38.25,38.4,38.52,-0.12,-0.3115,213932.06,822639.04,0.5,0.5,,,,,
000651.SZ,20230417,38.75,40.34,38.7,40.26,38.4,1.86,4.8438,775150.49,3083784.769,0.5,0.5,,,,,
000651.SZ,20230418,40.42,41.18,40.25,40.58,40.26,0.32,0.7948,559068.08,2275236.561,0.5,0.5,,,,,
000651.SZ,20230419,40.58,40.99,39.94,40.02,40.58,-0.56,-1.38,409883.19,1655582.273,0.5,0.5,,,,,
000651.SZ,20230420,40.63,41.9,40.5,41.81,40.02,1.79,4.4728,754387.92,3135979.072,0.5,0.5,,,,,
000651.SZ,20230421,42.0,42.38,40.94,41.02,41.81,-0.79,-1.8895,458349.56,1905363.433,0.5,0.5,,,,,
000651.SZ,20230424,41.59,42.62,41.1,41.29,41.02,0.27,0.6582,657238.76,2745696.782,0.5,0.5,,,,,
000651.SZ,20230425,41.3,41.39,40.06,40.84,41.29,-0.45,-1.0899,585688.65,2380660.539,0.5,0.5,,,,,
000651.SZ,20230426,40.53,40.65,39.53,40.0,40.84,-0.84,-2.0568,468778.17,1869597.261,0.5,0.5,,,,,
000651.SZ,20230427,39.98,40.19,39.49,39.8,40.0,-0.2,-0.5,428930.76,1710418.686,0.5,0.5,,,,,
000651.SZ,20230428,40.2,40.37,39.02,39.34,39.8,-0.46,-1.1558,690283.37,2717033.086,0.5,0.5,,,,,
000651.SZ,20230504,36.0,36.5,35.41,35.42,39.34,-3.92,-9.9644,2129350.23,7577271.736,0.5,0.5,,,,,
000651.SZ,20230505,35.4,35.88,34.77,35.15,35.42,-0.27,-0.7623,1108025.09,3900066.284,0.5,0.5,,,,,
000651.SZ,20230508,35.3,35.44,34.33,34.61,35.15,-0.54,-1.5363,1019334.01,3527983.125,0.5,0.5,,,,,
000651.SZ,20230509,34.59,35.19,34.5,34.67,34.61,0.06,0.1734,697920.07,2429885.987,0.5,0.5,,,,,
000651.SZ,20230510,34.5,34.81,33.88,34.59,34.67,-0.08,-0.2307,491425.88,1692227.823,0.5,0.5,,,,,
000651.SZ,20230511,34.51,34.67,34.0,34.01,34.59,-0.58,-1.6768,533237.62,1822353.715,0.5,0.5,,,,,
000651.SZ,20230512,34.01,34.77,33.97,34.27,34.01,0.26,0.7645,504535.45,1737222.743,0.5,0.5,,,,,
000651.SZ,20230515,34.29,34.62,33.9,34.47,34.27,0.2,0.5836,407476.99,1396326.95,0.5,0.5,,,,,
000651.SZ,20230516,34.4,34.4,33.73,33.86,34.47,-0.61,-1.7697,550401.65,1867813.199,0.5,0.5,,,,,
000651.SZ,20230517,33.94,34.04,33.51,34.02,33.86,0.16,0.4725,383673.8,1296412.012,0.5,0.5,,,,,
000651.SZ,20230518,33.97,34.74,33.88,34.34,34.02,0.32,0.9406,457686.5,1574163.783,0.5,0.5,,,,,
000651.SZ,20230519,34.13,35.12,34.01,34.82,34.34,0.48,1.3978,488818.91,1698208.741,0.5,0.5,,,,,
000651.SZ,20230522,34.7,35.56,34.58,35.2,34.82,0.38,1.0913,498286.35,1754067.939,0.5,0.5,,,,,
000651.SZ,20230523,35.21,35.41,35.03,35.05,35.2,-0.15,-0.4261,287583.77,1012599.415,0.5,0.5,,,,,
000651.SZ,20230524,35.02,35.2,34.4,34.49,35.05,-0.56,-1.5977,267336.0,928735.85,0.5,0.5,,,,,
000651.SZ,20230525,34.42,34.42,33.99,34.34,34.49,-0.15,-0.4349,331930.44,1133263.85,0.5,0.5,,,,,
000651.SZ,20230526,34.28,34.47,33.91,34.4,34.34,0.06,0.1747,185680.31,634553.908,0.5,0.5,,,,,
000651.SZ,20230529,34.39,34.66,33.71,34.03,34.4,-0.37,-1.0756,286432.75,973886.487,0.5,0.5,,,,,
000651.SZ,20230530,34.03,34.03,33.32,33.61,34.03,-0.42,-1.2342,445192.8,1493859.343,0.5,0.5,,,,,
000651.SZ,20230531,33.62,33.67,32.72,32.98,33.61,-0.63,-1.8744,502143.77,1658777.411,0.5,0.5,,,,,
000651.SZ,20230601,32.9,33.01,32.51,32.53,32.98,-0.45,-1.3645,431927.24,1411900.024,0.5,0.5,,,,,
000651.SZ,20230602,32.72,34.25,32.72,34.09,32.53,1.56,4.7956,787532.01,2651395.236,0.5,0.5,,,,,
000651.SZ,20230605,34.09,34.24,33.5,34.17,34.09,0.08,0.2347,307785.54,1043893.176,0.5,0.5,,,,,
000651.SZ,20230606,34.09,34.78,33.86,34.09,34.17,-0.08,-0.2341,389515.51,1338578.01,0.5,0.5,,,,,
000651.SZ,20230607,34.55,34.89,34.15,34.47,34.09,0.38,1.1147,427478.99,1477768.401,0.5,0.5,,,,,
000651.SZ,20230608,34.43,35.63,34.26,35.49,34.47,1.02,2.9591,616881.68,2166445.653,0.5,0.5,,,,,
000651.SZ,20230609,36.5,36.64,35.13,35.2,35.49,-0.29,-0.8171,469561.61,1670930.341,0.5,0.5,,,,,
000651.SZ,20230612,35.22,36.41,35.17,36.08,35.2,0.88,2.5,569983.47,2045844.613,0.5,0.5,,,,,
000651.SZ,20230613,36.08,36.58,35.89,36.07,36.08,-0.01,-0.0277,377053.69,1363381.265,0.5,0.5,,,,,
000651.SZ,20230614,36.21,37.08,36.15,36.62,36.07,0.55,1.5248,538706.17,1979494.645,0.5,0.5,,,,,
000651.SZ,20230615,36.95,37.24,36.66,37.04,36.62,0.42,1.1469,513267.63,1897082.363,0.5,0.5,,,,,
000651.SZ,20230616,37.11,37.28,36.48,37.1,37.04,0.06,0.162,540704.29,1993666.32,0.5,0.5,,,,,
000651.SZ,20230619,36.9,36.93,35.98,36.04,37.1,-1.06,-2.8571,438848.1,1588106.004,0.5,0.5,,,,,
000651.SZ,20230620,36.11,37.3,36.11,36.37,36.04,0.33,0.9156,422340.56,1547661.948,0.5,0.5,,,,,
000651.SZ,20230621,36.3,36.8,36.03,36.16,36.37,-0.21,-0.5774,267246.98,971750.75,0.5,0.5,,,,,
000651.SZ,20230626,36.3,36.73,35.85,35.97,36.16,-0.19,-0.5254,417845.95,1514880.138,0.5,0.5,,,,,
000651.SZ,20230627,35.97,37.1,35.73,36.88,35.97,0.91,2.5299,574057.71,2107543.661,0.5,0.5,,,,,
000651.SZ,20230628,37.0,37.68,37.0,37.3,36.88,0.42,1.1388,528169.12,1974855.56,0.5,0.5,,,,,
000651.SZ,20230629,37.47,37.58,36.75,36.79,37.3,-0.51,-1.3673,255452.93,943486.394,0.5,0.5,,,,,
000651.SZ,20230630,36.94,36.97,36.48,36.51,36.79,-0.28,-0.7611,293173.77,1073991.316,0.5,0.5,,,,,
000651.SZ,20230703,36.52,37.65,36.4,37.4,36.51,0.89,2.4377,423551.32,1578330.1,0.5,0.5,,,,,
000651.SZ,20230704,37.4,37.55,36.63,36.88,37.4,-0.52,-1.3904,341075.41,1260331.737,0.5,0.5,,,,,
000651.SZ,20230705,36.92,37.09,36.55,36.95,36.88,0.07,0.1898,258594.51,951679.818,0.5,0.5,,,,,
000651.SZ,20230706,36.81,37.46,36.64,36.69,36.95,-0.26,-0.7037,219539.51,810400.558,0.5,0.5,,,,,
000651.SZ,20230707,36.65,36.7,36.3,36.48,36.69,-0.21,-0.5724,201280.01,734243.944,0.5,0.5,,,,,
000651.SZ,20230710,36.6,36.9,36.42,36.67,36.48,0.19,0.5208,201832.55,740391.856,0.5,0.5,,,,,
000651.SZ,20230711,36.7,37.2,36.58,37.09,36.67,0.42,1.1454,214229.31,792359.935,0.5,0.5,,,,,
000651.SZ,20230712,37.09,37.55,36.9,37.22,37.09,0.13,0.3505,271781.5,1014181.345,0.5,0.5,,,,,
000651.SZ,20230713,37.25,37.63,37.05,37.22,37.22,0.0,0.0,241596.47,901870.424,0.5,0.5,,,,,
000651.SZ,20230714,37.28,37.3,36.6,36.74,37.22,-0.48,-1.2896,266625.87,980952.841,0.5,0.5,,,,,
000651.SZ,20230717,36.78,37.0,36.52,36.88,36.74,0.14,0.3811,138161.57,508009.882,0.5,0.5,,,,,
000651.SZ,20230718,36.9,37.45,36.66,37.24,36.88,0.36,0.9761,273926.33,1016132.765,0.5,0.5,,,,,
000651.SZ,20230719,37.24,37.58,37.16,37.51,37.24,0.27,0.725,237284.54,888042.928,0.5,0.5,,,,,
000651.SZ,20230720,37.51,37.8,37.25,37.25,37.51,-0.26,-0.6931,190745.3,717042.765,0.5,0.5,,,,,
000651.SZ,20230721,37.53,37.61,36.9,37.03,37.25,-0.22,-0.5906,182040.41,674997.696,0.5,0.5,,,,,
000651.SZ,20230724,36.8,36.99,36.46,36.62,37.03,-0.41,-1.1072,174374.02,638716.695,0.5,0.5,,,,,
000651.SZ,20230725,36.99,38.88,36.99,38.7,36.62,2.08,5.68,754218.16,2874756.554,0.5,0.5,,,,,
000651.SZ,20230726,38.55,39.04,38.51,38.86,38.7,0.16,0.4134,333581.12,1295618.41,0.5,0.5,,,,,
000651.SZ,20230727,38.86,39.0,38.06,38.19,38.86,-0.67,-1.7241,244282.5,939058.908,0.5,0.5,,,,,
000651.SZ,20230728,38.15,39.06,38.15,38.8,38.19,0.61,1.5973,406537.69,1577185.469,0.5,0.5,,,,,
000651.SZ,20230731,39.01,39.5,38.63,38.76,38.8,-0.04,-0.1031,358654.26,1397895.367,0.5,0.5,,,,,
000651.SZ,20230801,38.66,39.05,38.23,38.45,38.76,-0.31,-0.7998,250983.64,967707.195,0.5,0.5,,,,,
000651.SZ,20230802,38.45,38.65,38.18,38.29,38.45,-0.16,-0.4161,204370.95,783937.568,0.5,0.5,,,,,
000651.SZ,20230803,38.1,38.38,38.0,38.22,38.29,-0.07,-0.1828,192608.29,735404.886,0.5,0.5,,,,,
000651.SZ,20230804,38.39,39.08,38.38,38.44,38.22,0.22,0.5756,218254.1,842579.032,0.5,0.5,,,,,
000651.SZ,20230807,38.36,38.53,37.9,38.05,38.44,-0.39,-1.0146,211649.17,805481.628,0.5,0.5,,,,,
000651.SZ,20230808,37.9,38.2,37.76,37.9,38.05,-0.15,-0.3942,191266.57,726274.745,0.5,0.5,,,,,
000651.SZ,20230809,37.15,37.2,36.83,36.96,36.9,0.06,0.1626,223227.47,826115.884,0.5,0.5,,,,,
000651.SZ,20230810,37.02,37.1,35.98,36.55,36.96,-0.41,-1.1093,390135.8,1419756.585,0.5,0.5,,,,,
000651.SZ,20230811,36.55,36.55,35.8,35.91,36.55,-0.64,-1.751,272621.91,983703.165,0.5,0.5,,,,,
000651.SZ,20230814,35.66,35.9,34.96,35.82,35.91,-0.09,-0.2506,329677.4,1167358.686,0.5,0.5,,,,,
000651.SZ,20230815,35.78,36.05,35.52,35.74,35.82,-0.08,-0.2233,187405.47,670578.842,0.5,0.5,,,,,
000651.SZ,20230816,35.67,36.0,35.35,35.82,35.74,0.08,0.2238,155661.53,555995.406,0.5,0.5,,,,,
000651.SZ,20230817,35.53,36.04,35.2,36.02,35.82,0.2,0.5583,153317.82,548346.501,0.5,0.5,,,,,
000651.SZ,20230818,36.02,36.08,35.33,35.48,36.02,-0.54,-1.4992,222487.63,791312.699,0.5,0.5,,,,,
000651.SZ,20230821,35.5,35.59,34.61,34.61,35.48,-0.87,-2.4521,339625.38,1188863.14,0.5,0.5,,,,,
000651.SZ,20230822,34.76,34.99,34.34,34.5,34.61,-0.11,-0.3178,317056.23,1098254.327,0.5,0.5,,,,,
000651.SZ,20230823,34.67,34.82,34.19,34.23,34.5,-0.27,-0.7826,229940.71,791934.928,0.5,0.5,,,,,
000651.SZ,20230824,34.23,34.97,34.15,34.77,34.23,0.54,1.5776,226563.8,784975.994,0.5,0.5,,,,,
000651.SZ,20230825,34.53,34.86,34.37,34.65,34.77,-0.12,-0.3451,165704.66,573151.968,0.5,0.5,,,,,
000651.SZ,20230828,36.09,36.5,34.39,34.53,34.65,-0.12,-0.3463,504452.11,1768290.449,0.5,0.5,,,,,
000651.SZ,20230829,34.46,34.88,34.25,34.79,34.53,0.26,0.753,330157.46,1144798.894,0.5,0.5,,,,,
000651.SZ,20230830,34.94,35.55,34.81,35.12,34.79,0.33,0.9485,401750.69,1412637.414,0.5,0.5,,,,,
000651.SZ,20230831,35.64,36.02,35.43,35.79,35.12,0.67,1.9077,544819.27,1950317.672,0.5,0.5,,,,,
000651.SZ,20230901,35.9,36.78,35.9,36.69,35.79,0.9,2.5147,417004.37,1523440.653,0.5,0.5,,,,,
000651.SZ,20230904,37.0,37.33,36.74,37.21,36.69,0.52,1.4173,368210.04,1365426.563,0.5,0.5,,,,,
000651.SZ,20230905,37.21,37.23,36.83,36.96,37.21,-0.25,-0.6719,218166.99,806515.403,0.5,0.5,,,,,
000651.SZ,20230906,36.9,36.9,36.45,36.73,36.96,-0.23,-0.6223,215784.69,791055.275,0.5,0.5,,,,,
000651.SZ,20230907,36.7,36.83,36.41,36.59,36.73,-0.14,-0.3812,175885.28,643740.413,0.5,0.5,,,,,
000651.SZ,20230908,36.45,36.55,35.92,36.06,36.59,-0.53,-1.4485,161465.67,583225.154,0.5,0.5,,,,,
000651.SZ,20230911,36.17,36.5,35.96,36.22,36.06,0.16,0.4437,224256.36,811897.738,0.5,0.5,,,,,
000651.SZ,20230912,36.22,36.75,36.03,36.55,36.22,0.33,0.9111,196901.54,719438.092,0.5,0.5,,,,,
000651.SZ,20230913,36.45,36.6,36.18,36.27,36.55,-0.28,-0.7661,138152.2,501986.151,0.5,0.5,,,,,
000651.SZ,20230914,36.36,36.4,35.98,36.28,36.27,0.01,0.0276,153925.65,556719.386,0.5,0.5,,,,,
000651.SZ,20230915,36.35,36.46,35.81,35.96,36.28,-0.32,-0.882,258232.3,931018.818,0.5,0.5,,,,,
000651.SZ,20230918,35.84,36.16,35.61,36.15,35.96,0.19,0.5284,150709.74,542834.693,0.5,0.5,,,,,
000651.SZ,20230919,36.1,36.1,35.89,36.1,36.15,-0.05,-0.1383,193348.57,695960.718,0.5,0.5,,,,,
000651.SZ,20230920,36.2,36.75,35.8,36.6,36.1,0.5,1.385,220252.88,802487.567,0.5,0.5,,,,,
000651.SZ,20230921,36.5,36.55,36.11,36.14,36.6,-0.46,-1.2568,165172.78,598805.931,0.5,0.5,,,,,
000651.SZ,20230922,36.33,36.73,36.01,36.71,36.14,0.57,1.5772,205126.65,748274.479,0.5,0.5,,,,,
000651.SZ,20230925,36.83,36.92,36.5,36.65,36.71,-0.06,-0.1634,166674.68,611583.209,0.5,0.5,,,,,
000651.SZ,20230926,36.63,36.89,36.5,36.55,36.65,-0.1,-0.2729,100308.82,367412.189,0.5,0.5,,,,,
000651.SZ,20230927,36.46,36.85,36.43,36.5,36.55,-0.05,-0.1368,169859.09,621843.631,0.5,0.5,,,,,
000651.SZ,20230928,36.53,36.65,36.25,36.3,36.5,-0.2,-0.5479,152029.28,552509.311,0.5,0.5,,,,,
000651.SZ,20231009,36.2,36.77,35.84,36.6,36.3,0.3,0.8264,247567.94,901912.871,0.5,0.5,,,,,
000651.SZ,20231010,36.73,36.85,35.08,35.25,36.6,-1.35,-3.6885,460551.89,1639098.479,0.5,0.5,,,,,
000651.SZ,20231011,35.29,35.81,35.03,35.07,35.25,-0.18,-0.5106,236528.02,834496.789,0.5,0.5,,,,,
000651.SZ,20231012,35.35,35.48,34.95,35.16,35.07,0.09,0.2566,258560.14,908956.457,0.5,0.5,,,,,
000651.SZ,20231013,35.0,35.05,34.63,34.81,35.16,-0.35,-0.9954,210474.84,731449.981,0.5,0.5,,,,,
000651.SZ,20231016,34.8,34.88,34.51,34.58,34.81,-0.23,-0.6607,180946.39,626341.12,0.5,0.5,,,,,
000651.SZ,20231017,34.59,34.85,34.5,34.79,34.58,0.21,0.6073,164409.13,571050.6,0.5,0.5,,,,,
000651.SZ,20231018,34.7,34.7,34.31,34.39,34.79,-0.4,-1.1498,193290.73,666267.01,0.5,0.5,,,,,
000651.SZ,20231019,34.16,34.31,33.69,33.71,34.39,-0.68,-1.9773,307275.41,1041200.499,0.5,0.5,,,,,
000651.SZ,20231020,33.63,33.88,33.48,33.58,33.71,-0.13,-0.3856,211861.97,712895.195,0.5,0.5,,,,,
000651.SZ,20231023,33.58,33.8,33.11,33.45,33.58,-0.13,-0.3871,178962.81,598522.618,0.5,0.5,,,,,
000651.SZ,20231024,33.6,33.68,33.21,33.55,33.45,0.1,0.299,260260.63,870049.2,0.5,0.5,,,,,
000651.SZ,20231025,33.99,34.05,33.42,33.49,33.55,-0.06,-0.1788,264353.66,889649.5,0.5,0.5,,,,,
000651.SZ,20231026,33.4,33.65,33.15,33.39,33.49,-0.1,-0.2986,205711.08,685589.803,0.5,0.5,,,,,
000651.SZ,20231027,33.88,34.42,33.55,34.22,33.39,0.83,2.4858,456032.64,1551851.205,0.5,0.5,,,,,
000651.SZ,20231030,34.1,34.27,33.81,34.05,34.22,-0.17,-0.4968,301713.84,1024941.837,0.5,0.5,,,,,
000651.SZ,20231031,34.28,34.28,33.82,33.93,34.05,-0.12,-0.3524,259423.29,881387.502,0.5,0.5,,,,,
000651.SZ,20231101,33.85,34.05,33.71,33.84,33.93,-0.09,-0.2653,202898.67,686718.881,0.5,0.5,,,,,
000651.SZ,20231102,33.87,34.42,33.85,34.03,33.84,0.19,0.5615,298788.21,1018357.232,0.5,0.5,,,,,
000651.SZ,20231103,34.03,34.16,33.86,34.01,34.03,-0.02,-0.0588,244876.08,833080.838,0.5,0.5,,,,,
000651.SZ,20231106,34.15,34.18,33.84,34.08,34.01,0.07,0.2058,342396.51,1164921.201,0.5,0.5,,,,,
000651.SZ,20231107,34.0,34.02,33.66,33.79,34.08,-0.29,-0.8509,283820.23,959310.694,0.5,0.5,,,,,
000651.SZ,20231108,33.8,33.88,33.5,33.67,33.79,-0.12,-0.3551,315614.6,1063059.458,0.5,0.5,,,,,
000651.SZ,20231109,33.67,33.83,33.58,33.7,33.67,0.03,0.0891,196690.75,662691.151,0.5,0.5,,,,,
000651.SZ,20231110,33.7,33.7,33.37,33.48,33.7,-0.22,-0.6528,220590.27,737889.766,0.5,0.5,,,,,
000651.SZ,20231113,33.33,33.48,32.32,32.57,33.48,-0.91,-2.718,577976.76,1887277.481,0.5,0.5,,,,,
000651.SZ,20231114,32.41,32.84,32.2,32.78,32.57,0.21,0.6448,302182.75,985908.324,0.5,0.5,,,,,
000651.SZ,20231115,32.98,33.02,32.7,32.85,32.78,0.07,0.2135,260260.97,854392.765,0.5,0.5,,,,,
000651.SZ,20231116,32.8,32.85,32.45,32.61,32.85,-0.24,-0.7306,203309.14,662865.371,0.5,0.5,,,,,
000651.SZ,20231117,32.4,32.57,32.26,32.5,32.61,-0.11,-0.3373,221671.57,717893.453,0.5,0.5,,,,,
000651.SZ,20231120,32.5,32.97,32.21,32.79,32.5,0.29,0.8923,292387.57,955070.592,0.5,0.5,,,,,
000651.SZ,20231121,32.86,33.26,32.8,32.87,32.79,0.08,0.244,294220.33,972407.448,0.5,0.5,,,,,
000651.SZ,20231122,32.78,32.92,32.66,32.75,32.87,-0.12,-0.3651,200535.03,657519.523,0.5,0.5,,,,,
000651.SZ,20231123,32.75,33.0,32.53,32.96,32.75,0.21,0.6412,219397.91,718352.202,0.5,0.5,,,,,
000651.SZ,20231124,32.96,33.13,32.8,33.0,32.96,0.04,0.1214,209526.67,691097.916,0.5,0.5,,,,,
000651.SZ,20231127,33.0,33.0,32.58,32.77,33.0,-0.23,-0.697,231488.58,757426.392,0.5,0.5,,,,,
000651.SZ,20231128,32.75,32.96,32.65,32.89,32.77,0.12,0.3662,160681.2,527270.629,0.5,0.5,,,,,
000651.SZ,20231129,32.85,32.93,32.63,32.88,32.89,-0.01,-0.0304,179579.92,588995.772,0.5,0.5,,,,,
000651.SZ,20231130,32.77,33.08,32.77,32.95,32.88,0.07,0.2129,197209.96,649914.618,0.5,0.5,,,,,
000651.SZ,20231201,32.98,33.0,32.23,32.5,32.95,-0.45,-1.3657,347276.91,1127729.8,0.5,0.5,,,,,
000651.SZ,20231204,32.46,32.93,32.38,32.8,32.5,0.3,0.9231,248305.64,813234.427,0.5,0.5,,,,,
000651.SZ,20231205,32.73,32.96,32.47,32.47,32.8,-0.33,-1.0061,228865.77,749468.14,0.5,0.5,,,,,
000651.SZ,20231206,32.43,32.69,32.34,32.42,32.47,-0.05,-0.154,213776.81,694729.36,0.5,0.5,,,,,
000651.SZ,20231207,32.5,33.08,32.45,32.82,32.42,0.4,1.2338,306856.64,1006689.049,0.5,0.5,,,,,
000651.SZ,20231208,32.8,33.03,32.71,32.88,32.82,0.06,0.1828,217174.35,714933.425,0.5,0.5,,,,,
000651.SZ,20231211,32.71,32.97,32.36,32.84,32.88,-0.04,-0.1217,281105.9,918210.493,0.5,0.5,,,,,
000651.SZ,20231212,32.78,33.37,32.72,33.28,32.84,0.44,1.3398,301160.29,998459.136,0.5,0.5,,,,,
000651.SZ,20231213,33.3,33.3,32.82,32.96,33.28,-0.32,-0.9615,233943.85,771494.328,0.5,0.5,,,,,
000651.SZ,20231214,33.0,33.4,33.0,33.14,32.96,0.18,0.5461,284163.66,943744.169,0.5,0.5,,,,,
000651.SZ,20231215,33.25,33.35,33.06,33.1,33.14,-0.04,-0.1207,261698.23,868127.074,0.5,0.5,,,,,
000651.SZ,20231218,32.95,33.38,32.64,33.17,33.1,0.07,0.2115,210996.55,698998.873,0.5,0.5,,,,,
000651.SZ,20231219,33.16,33.18,32.91,33.15,33.17,-0.02,-0.0603,161784.53,534402.795,0.5,0.5,,,,,
000651.SZ,20231220,32.78,32.8,30.78,30.8,33.15,-2.35,-7.089,1241105.79,3884586.023,0.5,0.5,,,,,
000651.SZ,20231221,31.1,31.86,31.06,31.49,30.8,0.69,2.2403,913251.09,2869808.381,0.5,0.5,,,,,
000651.SZ,20231222,31.32,32.32,31.29,32.04,31.49,0.55,1.7466,581119.66,1855875.805,0.5,0.5,,,,,
000651.SZ,20231225,32.07,32.24,31.85,31.95,32.04,-0.09,-0.2809,281842.92,902465.456,0.5,0.5,,,,,
000651.SZ,20231226,31.95,32.34,31.68,31.77,31.95,-0.18,-0.5634,230865.23,736632.434,0.5,0.5,,,,,
000651.SZ,20231227,31.81,32.1,31.68,32.05,31.77,0.28,0.8813,276425.33,882879.714,0.5,0.5,,,,,
000651.SZ,20231228,32.2,32.44,31.98,32.31,32.05,0.26,0.8112,380343.01,1226246.306,0.5,0.5,,,,,
000651.SZ,20231229,32.21,32.34,31.92,32.17,32.31,-0.14,-0.4333,329146.91,1055454.739,0.5,0.5,,,,,
000651.SZ,20240102,32.17,32.2,31.96,32.03,32.17,-0.14,-0.4352,253797.3,814257.175,0.5,0.5,,,,,
000651.SZ,20240103,32.0,32.08,31.7,31.8,32.03,-0.23,-0.7181,254468.92,810315.013,0.5,0.5,,,,,
000651.SZ,20240104,31.9,32.01,31.45,31.95,31.8,0.15,0.4717,333398.05,1057458.411,0.5,0.5,,,,,
000651.SZ,20240105,32.05,33.29,31.62,32.98,31.95,1.03,3.2238,832156.75,2738167.636,0.5,0.5,,,,,
000651.SZ,20240108,33.12,33.21,32.85,32.9,32.98,-0.08,-0.2426,415911.34,1372722.05,0.5,0.5,,,,,
000651.SZ,20240109,32.81,33.55,32.65,33.49,32.9,0.59,1.7933,438207.66,1454959.637,0.5,0.5,,,,,
000651.SZ,20240110,33.35,33.84,33.28,33.67,33.49,0.18,0.5375,366485.52,1233441.572,0.5,0.5,,,,,
000651.SZ,20240111,33.66,33.82,33.42,33.59,33.67,-0.08,-0.2376,284088.74,955075.1,0.5,0.5,,,,,
000651.SZ,20240112,33.5,33.83,33.42,33.62,33.59,0.03,0.0893,224012.73,753931.821,0.5,0.5,,,,,
000651.SZ,20240115,33.45,33.95,33.42,33.84,33.62,0.22,0.6544,295681.34,996815.725,0.5,0.5,,,,,
000651.SZ,20240116,33.74,34.24,33.61,34.11,33.84,0.27,0.7979,288816.65,981985.13,0.5,0.5,,,,,
000651.SZ,20240117,33.98,34.17,33.66,33.67,34.11,-0.44,-1.2899,254043.59,862978.615,0.5,0.5,,,,,
000651.SZ,20240118,33.45,33.8,32.83,33.64,33.67,-0.03,-0.0891,425998.97,1415827.046,0.5,0.5,,,,,
000651.SZ,20240119,33.5,33.75,33.36,33.55,33.64,-0.09,-0.2675,221193.09,742171.249,0.5,0.5,,,,,
000651.SZ,20240122,33.51,33.73,32.8,33.0,33.55,-0.55,-1.6393,374867.69,1252130.523,0.5,0.5,,,,,
000651.SZ,20240123,33.01,33.15,32.73,32.95,33.0,-0.05,-0.1515,342016.23,1126417.759,0.5,0.5,,,,,
000651.SZ,20240124,33.16,33.7,32.96,33.65,32.95,0.7,2.1244,324248.07,1081791.12,0.5,0.5,,,,,
000651.SZ,20240125,33.65,33.81,33.41,33.66,33.65,0.01,0.0297,343032.15,1153568.899,0.5,0.5,,,,,
000651.SZ,20240126,33.61,33.77,33.2,33.66,33.66,0.0,0.0,402428.78,1348398.856,0.5,0.5,,,,,
000651.SZ,20240129,34.97,35.25,34.41,35.06,33.66,1.4,4.1592,825997.47,2881709.947,0.5,0.5,,,,,
000651.SZ,20240130,34.8,35.57,34.67,35.15,35.06,0.09,0.2567,595593.02,2096921.936,0.5,0.5,,,,,
000651.SZ,20240131,34.98,35.67,34.91,35.25,35.15,0.1,0.2845,572176.32,2026993.048,0.5,0.5,,,,,
000651.SZ,20240201,35.18,35.49,35.01,35.28,35.25,0.03,0.0851,396451.55,1399336.815,0.5,0.5,,,,,
000651.SZ,20240202,35.2,35.84,34.63,35.6,35.28,0.32,0.907,572033.01,2029392.736,0.5,0.5,,,,,
000651.SZ,20240205,35.35,36.16,35.13,36.08,35.6,0.48,1.3483,680969.47,2434258.295,0.5,0.5,,,,,
000651.SZ,20240206,35.9,36.8,35.55,35.9,36.08,-0.18,-0.4989,771545.88,2786260.236,0.5,0.5,,,,,
000651.SZ,20240207,35.91,36.88,35.47,36.8,35.9,0.9,2.507,770418.44,2793901.513,0.5,0.5,,,,,
000651.SZ,20240208,36.8,36.94,35.96,36.14,36.8,-0.66,-1.7935,570544.23,2075374.688,0.5,0.5,,,,,
000651.SZ,20240219,36.48,37.0,36.16,36.98,36.14,0.84,2.3243,496453.67,1822315.595,0.5,0.5,,,,,
000651.SZ,20240220,37.0,38.0,36.94,37.96,36.98,0.98,2.6501,512566.8,1932836.783,0.5,0.5,,,,,
000651.SZ,20240221,37.9,38.35,37.61,37.87,37.96,-0.09,-0.2371,476225.51,1811420.029,0.5,0.5,,,,,
000651.SZ,20240222,37.7,38.3,37.6,38.28,37.87,0.41,1.0827,314745.65,1199293.233,0.5,0.5,,,,,
000651.SZ,20240223,38.35,38.41,37.9,38.12,38.28,-0.16,-0.418,341737.98,1304163.891,0.5,0.5,,,,,
000651.SZ,20240226,38.66,39.34,38.61,38.88,38.12,0.76,1.9937,487606.94,1898772.035,0.5,0.5,,,,,
000651.SZ,20240227,38.76,39.0,38.52,38.88,38.88,0.0,0.0,351050.44,1361036.932,0.5,0.5,,,,,
000651.SZ,20240228,38.87,39.19,38.55,38.8,38.88,-0.08,-0.2058,351334.09,1366592.263,0.5,0.5,,,,,
000651.SZ,20240229,38.8,39.19,38.7,39.05,38.8,0.25,0.6443,339440.25,1323366.862,0.5,0.5,,,,,
000651.SZ,20240301,39.08,40.02,38.94,40.01,39.05,0.96,2.4584,492351.27,1959057.808,0.5,0.5,,,,,
000651.SZ,20240304,40.4,41.0,39.84,40.07,40.01,0.06,0.15,512992.13,2069842.377,0.5,0.5,,,,,
000651.SZ,20240305,39.99,40.26,39.54,40.2,40.07,0.13,0.3244,415341.96,1656369.54,0.5,0.5,,,,,
000651.SZ,20240306,40.18,40.58,40.05,40.12,40.2,-0.08,-0.199,279656.89,1127135.012,0.5,0.5,,,,,
000651.SZ,20240307,40.44,41.17,40.31,40.95,40.12,0.83,2.0688,442306.25,1809719.828,0.5,0.5,,,,,
000651.SZ,20240308,40.96,41.16,40.57,40.97,40.95,0.02,0.0488,262473.77,1074163.112,0.5,0.5,,,,,
000651.SZ,20240311,40.97,41.25,40.05,40.47,40.97,-0.5,-1.2204,444827.91,1797670.198,0.5,0.5,,,,,
000651.SZ,20240312,40.46,40.46,38.9,39.26,40.47,-1.21,-2.9899,834672.51,3279867.072,0.5,0.5,,,,,
000651.SZ,20240313,39.19,39.56,38.93,39.48,39.26,0.22,0.5604,419753.2,1649612.351,0.5,0.5,,,,,
000651.SZ,20240314,39.33,40.03,39.31,39.55,39.48,0.07,0.1773,348136.02,1383580.809,0.5,0.5,,,,,
000651.SZ,20240315,39.59,39.61,38.51,38.82,39.55,-0.73,-1.8458,485508.54,1885101.524,0.5,0.5,,,,,
000651.SZ,20240318,38.84,38.89,38.02,38.3,38.82,-0.52,-1.3395,523705.2,2005747.362,0.5,0.5,,,,,
000651.SZ,20240319,38.25,38.57,38.1,38.28,38.3,-0.02,-0.0522,308843.65,1185571.317,0.5,0.5,,,,,
000651.SZ,20240320,38.26,38.46,37.75,38.25,38.28,-0.03,-0.0784,316232.68,1206997.723,0.5,0.5,,,,,
000651.SZ,20240321,38.3,38.39,37.8,37.92,38.25,-0.33,-0.8627,311924.03,1185099.232,0.5,0.5,,,,,
000651.SZ,20240322,37.9,38.25,37.77,38.14,37.92,0.22,0.5802,294905.23,1122536.772,0.5,0.5,,,,,
000651.SZ,20240325,38.01,38.62,37.85,38.16,38.14,0.02,0.0524,336787.92,1288353.422,0.5,0.5,,,,,
000651.SZ,20240326,38.14,38.33,37.8,38.1,38.16,-0.06,-0.1572,335208.6,1274359.378,0.5,0.5,,,,,
000651.SZ,20240327,38.02,39.08,38.02,38.67,38.1,0.57,1.4961,458119.59,1776774.056,0.5,0.5,,,,,
000651.SZ,20240328,38.95,39.5,38.38,39.2,38.67,0.53,1.3706,460440.61,1799386.683,0.5,0.5,,,,,
000651.SZ,20240329,39.1,39.45,38.88,39.31,39.2,0.11,0.2806,235858.11,926421.71,0.5,0.5,,,,,
000651.SZ,20240401,39.5,40.28,39.46,40.12,39.31,0.81,2.0605,385075.59,1540677.172,0.5,0.5,,,,,
000651.SZ,20240402,40.0,40.39,39.81,39.99,40.12,-0.13,-0.324,309174.71,1240313.64,0.5,0.5,,,,,
000651.SZ,20240403,39.96,40.48,39.86,40.37,39.99,0.38,0.9502,255374.49,1025866.808,0.5,0.5,,,,,
000651.SZ,20240408,40.36,40.36,39.4,39.57,40.37,-0.8,-1.9817,367134.06,1458182.186,0.5,0.5,,,,,
000651.SZ,20240409,39.5,39.6,38.05,38.1,39.57,-1.47,-3.7149,587518.4,2267107.752,0.5,0.5,,,,,
000651.SZ,20240410,38.08,38.65,37.8,37.92,38.1,-0.18,-0.4724,374312.09,1425725.31,0.5,0.5,,,,,
000651.SZ,20240411,37.79,38.0,37.45,37.9,37.92,-0.02,-0.0527,288704.77,1090571.254,0.5,0.5,,,,,
000651.SZ,20240412,37.95,38.55,37.77,38.18,37.9,0.28,0.7388,328348.98,1255809.587,0.5,0.5,,,,,
000651.SZ,20240415,38.33,39.43,38.19,39.4,38.18,1.22,3.1954,466934.06,1819645.631,0.5,0.5,,,,,
000651.SZ,20240416,39.26,39.76,38.87,39.38,39.4,-0.02,-0.0508,432950.32,1704342.327,0.5,0.5,,,,,
000651.SZ,20240417,39.13,39.58,38.4,39.57,39.38,0.19,0.4825,373531.34,1459215.248,0.5,0.5,,,,,
000651.SZ,20240418,39.45,40.6,39.31,40.0,39.57,0.43,1.0867,498592.08,1999878.417,0.5,0.5,,,,,
000651.SZ,20240419,39.71,40.13,39.64,39.94,40.0,-0.06,-0.15,273686.45,1090933.254,0.5,0.5,,,,,
000651.SZ,20240422,39.92,40.47,39.39,39.57,39.94,-0.37,-0.9264,312518.54,1246349.957,0.5,0.5,,,,,
000651.SZ,20240423,39.38,39.55,38.67,39.15,39.57,-0.42,-1.0614,286776.87,1119334.124,0.5,0.5,,,,,
000651.SZ,20240424,39.01,39.2,38.5,38.87,39.15,-0.28,-0.7152,235063.39,910431.122,0.5,0.5,,,,,
000651.SZ,20240425,38.8,39.17,38.7,38.95,38.87,0.08,0.2058,161404.47,628726.438,0.5,0.5,,,,,
000651.SZ,20240426,39.09,39.55,38.91,39.5,38.95,0.55,1.4121,296995.21,1167130.289,0.5,0.5,,,,,
000651.SZ,20240429,39.56,40.96,39.1,40.51,39.5,1.01,2.557,525006.37,2114122.81,0.5,0.5,,,,,
000651.SZ,20240430,41.0,42.75,40.55,42.12,40.51,1.61,3.9743,980635.69,4110016.582,0.5,0.5,,,,,
000651.SZ,20240506,42.6,43.73,42.31,43.41,42.12,1.29,3.0627,754278.59,3246585.021,0.5,0.5,,,,,
000651.SZ,20240507,43.09,43.31,42.65,42.67,43.41,-0.74,-1.7047,421694.08,1806835.842,0.5,0.5,,,,,
000651.SZ,20240508,42.63,42.84,42.15,42.2,42.67,-0.47,-1.1015,301917.61,1280662.524,0.5,0.5,,,,,
000651.SZ,20240509,42.31,42.75,42.1,42.68,42.2,0.48,1.1374,293784.31,1248872.224,0.5,0.5,,,,,
000651.SZ,20240510,42.7,43.36,42.67,43.22,42.68,0.54,1.2652,396755.59,1710119.175,0.5,0.5,,,,,
000651.SZ,20240513,43.38,43.83,42.85,43.58,43.22,0.36,0.8329,341802.58,1485770.427,0.5,0.5,,,,,
000651.SZ,20240514,43.55,43.57,42.24,42.64,43.58,-0.94,-2.157,395549.21,1689021.333,0.5,0.5,,,,,
000651.SZ,20240515,42.4,43.21,42.38,42.76,42.64,0.12,0.2814,249568.29,1069075.62,0.5,0.5,,,,,
000651.SZ,20240516,42.7,42.74,42.16,42.34,42.76,-0.42,-0.9822,316832.74,1343345.297,0.5,0.5,,,,,
000651.SZ,20240517,42.3,42.45,41.52,42.25,42.34,-0.09,-0.2126,425707.92,1784032.262,0.5,0.5,,,,,
000651.SZ,20240520,42.33,42.71,41.72,41.88,42.25,-0.37,-0.8757,375277.2,1574083.946,0.5,0.5,,,,,
000651.SZ,20240521,41.8,42.01,41.5,41.8,41.88,-0.08,-0.191,351660.64,1469636.042,0.5,0.5,,,,,
000651.SZ,20240522,41.85,41.86,41.41,41.56,41.8,-0.24,-0.5742,256623.09,1068081.497,0.5,0.5,,,,,
000651.SZ,20240523,41.56,41.57,40.95,41.22,41.56,-0.34,-0.8181,345157.04,1420892.784,0.5,0.5,,,,,
000651.SZ,20240524,41.0,41.48,40.9,41.17,41.22,-0.05,-0.1213,230409.92,950667.756,0.5,0.5,,,,,
000651.SZ,20240527,41.13,42.13,41.06,41.92,41.17,0.75,1.8217,397295.93,1659208.522,0.5,0.5,,,,,
000651.SZ,20240528,41.92,42.04,41.36,41.56,41.92,-0.36,-0.8588,256026.67,1064316.982,0.5,0.5,,,,,
000651.SZ,20240529,41.5,41.74,41.18,41.18,41.56,-0.38,-0.9143,256846.27,1061813.315,0.5,0.5,,,,,
000651.SZ,20240530,41.1,41.5,40.95,41.1,41.18,-0.08,-0.1943,201415.57,830258.145,0.5,0.5,,,,,
000651.SZ,20240531,41.35,41.46,40.7,40.7,41.1,-0.4,-0.9732,269972.77,1106477.953,0.5,0.5,,,,,
000651.SZ,20240603,40.73,41.7,40.62,41.48,40.7,0.78,1.9165,313902.59,1298433.922,0.5,0.5,,,,,
000651.SZ,20240604,41.35,41.71,40.88,41.58,41.48,0.1,0.2411,240685.85,996117.848,0.5,0.5,,,,,
000651.SZ,20240605,41.59,41.89,40.85,40.9,41.58,-0.68,-1.6354,259017.02,1065750.791,0.5,0.5,,,,,
000651.SZ,20240606,40.78,41.85,40.76,41.51,40.9,0.61,1.4914,401030.84,1661926.702,0.5,0.5,,,,,
000651.SZ,20240607,41.35,41.62,40.78,41.1,41.51,-0.41,-0.9877,319126.92,1310109.909,0.5,0.5,,,,,
000651.SZ,20240611,40.95,41.29,40.08,40.57,41.1,-0.53,-1.2895,375883.07,1523082.825,0.5,0.5,,,,,
000651.SZ,20240612,40.44,40.88,39.98,40.71,40.57,0.14,0.3451,233906.51,946880.583,0.5,0.5,,,,,
000651.SZ,20240613,40.71,41.02,40.2,40.23,40.71,-0.48,-1.1791,264387.55,1070999.925,0.5,0.5,,,,,
000651.SZ,20240614,40.24,40.95,40.09,40.93,40.23,0.7,1.74,316202.15,1285798.635,0.5,0.5,,,,,
000651.SZ,20240617,40.7,41.12,40.22,40.36,40.93,-0.57,-1.3926,301088.74,1221575.956,0.5,0.5,,,,,
000651.SZ,20240618,40.25,40.5,40.0,40.41,40.36,0.05,0.1239,189857.1,764353.399,0.5,0.5,,,,,
000651.SZ,20240619,40.31,40.35,39.47,39.98,40.41,-0.43,-1.0641,291053.36,1162166.295,0.5,0.5,,,,,
000651.SZ,20240620,39.95,40.16,39.56,39.77,39.98,-0.21,-0.5253,235287.97,937216.435,0.5,0.5,,,,,
000651.SZ,20240621,39.7,39.94,39.33,39.71,39.77,-0.06,-0.1509,247594.84,981032.643,0.5,0.5,,,,,
000651.SZ,20240624,39.55,40.23,39.5,40.05,39.71,0.34,0.8562,291103.76,1163397.988,0.5,0.5,,,,,
000651.SZ,20240625,39.95,40.86,39.82,40.43,40.05,0.38,0.9488,284572.57,1148476.815,0.5,0.5,,,,,
000651.SZ,20240626,40.43,40.6,39.81,39.91,40.43,-0.52,-1.2862,253622.01,1014654.828,0.5,0.5,,,,,
000651.SZ,20240627,39.77,39.91,38.91,39.48,39.91,-0.43,-1.0774,373420.73,1467359.87,0.5,0.5,,,,,
000651.SZ,20240628,39.23,39.7,39.05,39.22,39.48,-0.26,-0.6586,278754.95,1096024.977,0.5,0.5,,,,,
000651.SZ,20240701,39.02,39.5,38.75,38.9,39.22,-0.32,-0.8159,275960.71,1075062.388,0.5,0.5,,,,,
000651.SZ,20240702,38.8,38.89,38.05,38.26,38.9,-0.64,-1.6452,398884.09,1530319.496,0.5,0.5,,,,,
000651.SZ,20240703,38.23,38.46,38.02,38.13,38.26,-0.13,-0.3398,244245.34,932290.181,0.5,0.5,,,,,
000651.SZ,20240704,38.15,38.7,37.82,38.02,38.13,-0.11,-0.2885,370593.72,1415892.843,0.5,0.5,,,,,
000651.SZ,20240705,38.01,38.24,37.2,37.7,38.02,-0.32,-0.8417,390273.22,1466749.486,0.5,0.5,,,,,
000651.SZ,20240708,37.67,38.0,37.43,37.95,37.7,0.25,0.6631,272603.02,1031477.102,0.5,0.5,,,,,
000651.SZ,20240709,37.98,38.46,37.73,38.38,37.95,0.43,1.1331,301847.04,1151948.246,0.5,0.5,,,,,
000651.SZ,20240710,38.38,38.55,37.66,37.88,38.38,-0.5,-1.3028,295700.72,1123625.132,0.5,0.5,,,,,
000651.SZ,20240711,38.18,38.78,38.02,38.68,37.88,0.8,2.1119,333476.4,1283249.678,0.5,0.5,,,,,
000651.SZ,20240712,38.5,39.05,38.38,38.87,38.68,0.19,0.4912,336148.13,1302936.694,0.5,0.5,,,,,
000651.SZ,20240715,38.86,38.99,38.41,38.63,38.87,-0.24,-0.6174,211501.75,818208.13,0.5,0.5,,,,,
000651.SZ,20240716,38.65,38.75,38.13,38.48,38.63,-0.15,-0.3883,252866.18,970876.292,0.5,0.5,,,,,
000651.SZ,20240717,38.3,38.54,37.8,38.41,38.48,-0.07,-0.1819,323609.37,1233750.585,0.5,0.5,,,,,
000651.SZ,20240718,38.23,39.41,38.11,39.36,38.41,0.95,2.4733,424681.18,1654793.0,0.5,0.5,,,,,
000651.SZ,20240719,39.27,39.3,38.8,39.25,39.36,-0.11,-0.2795,254267.35,994455.938,0.5,0.5,,,,,
000651.SZ,20240722,39.2,39.4,38.71,38.86,39.25,-0.39,-0.9936,242171.9,942196.727,0.5,0.5,,,,,
000651.SZ,20240723,38.83,38.91,38.1,38.1,38.86,-0.76,-1.9557,234762.83,899514.232,0.5,0.5,,,,,
000651.SZ,20240724,38.07,38.1,37.0,37.16,38.1,-0.94,-2.4672,370312.59,1384293.75,0.5,0.5,,,,,
000651.SZ,20240725,37.08,37.57,36.74,37.39,37.16,0.23,0.6189,265089.3,988651.087,0.5,0.5,,,,,
000651.SZ,20240726,38.99,39.93,38.9,39.83,37.39,2.44,6.5258,938741.15,3707523.769,0.5,0.5,,,,,
000651.SZ,20240729,40.07,40.35,39.5,39.83,39.83,0.0,0.0,354713.68,1412188.704,0.5,0.5,,,,,
000651.SZ,20240730,39.7,39.72,38.66,38.99,39.83,-0.84,-2.109,374062.17,1458120.881,0.5,0.5,,,,,
000651.SZ,20240731,38.86,40.21,38.69,40.02,38.99,1.03,2.6417,435184.91,1730900.043,0.5,0.5,,,,,
000651.SZ,20240801,39.82,40.97,39.82,40.62,40.02,0.6,1.4993,426966.38,1734176.628,0.5,0.5,,,,,
000651.SZ,20240802,40.49,41.03,40.09,40.65,40.62,0.03,0.0739,305268.84,1241507.672,0.5,0.5,,,,,
000651.SZ,20240805,40.6,41.79,40.55,41.11,40.65,0.46,1.1316,614862.16,2544711.758,0.5,0.5,,,,,
000651.SZ,20240806,41.11,41.49,40.29,40.68,41.11,-0.43,-1.046,356467.53,1448654.365,0.5,0.5,,,,,
000651.SZ,20240807,40.58,40.7,40.06,40.47,40.68,-0.21,-0.5162,261813.38,1058640.608,0.5,0.5,,,,,
000651.SZ,20240808,40.46,40.75,40.26,40.48,40.47,0.01,0.0247,226215.81,917057.128,0.5,0.5,,,,,
000651.SZ,20240809,40.48,40.72,40.22,40.3,40.48,-0.18,-0.4447,189368.7,765911.251,0.5,0.5,,,,,
000651.SZ,20240812,40.11,40.75,40.07,40.33,40.3,0.03,0.0744,174851.02,706857.997,0.5,0.5,,,,,
000651.SZ,20240813,40.38,40.45,39.73,40.23,40.33,-0.1,-0.248,194762.07,779962.115,0.5,0.5,,,,,
000651.SZ,20240814,40.23,40.32,39.82,40.12,40.23,-0.11,-0.2734,129686.26,520578.96,0.5,0.5,,,,,
000651.SZ,20240815,40.06,40.84,39.85,40.52,40.12,0.4,0.997,260144.63,1053634.918,0.5,0.5,,,,,
000651.SZ,20240816,40.65,41.15,40.45,41.02,40.52,0.5,1.234,235086.01,961449.833,0.5,0.5,,,,,
000651.SZ,20240819,40.82,41.39,40.41,40.74,41.02,-0.28,-0.6826,249512.65,1016628.361,0.5,0.5,,,,,
000651.SZ,20240820,40.74,41.06,40.31,40.96,40.74,0.22,0.54,236225.93,964487.997,0.5,0.5,,,,,
000651.SZ,20240821,40.8,41.18,40.51,40.83,40.96,-0.13,-0.3174,187462.5,765399.524,0.5,0.5,,,,,
000651.SZ,20240822,41.0,41.39,40.79,41.26,40.83,0.43,1.0531,324860.61,1336132.089,0.5,0.5,,,,,
000651.SZ,20240823,41.27,42.18,41.12,42.04,41.26,0.78,1.8905,457704.54,1916764.127,0.5,0.5,,,,,
000651.SZ,20240826,42.18,42.3,41.68,42.07,42.04,0.03,0.0714,347870.16,1461531.75,0.5,0.5,,,,,
000651.SZ,20240827,42.03,42.03,41.63,41.77,42.07,-0.3,-0.7131,314714.38,1314722.788,0.5,0.5,,,,,
000651.SZ,20240828,39.45,39.5,38.36,38.8,39.44,-0.64,-1.6227,405556.6,1572103.895,0.5,0.5,,,,,
000651.SZ,20240829,38.79,39.45,38.78,38.81,38.8,0.01,0.0258,277056.33,1081762.732,0.5,0.5,,,,,
000651.SZ,20240830,38.66,40.38,38.36,39.7,38.81,0.89,2.2932,470827.58,1860482.981,0.5,0.5,,,,,
000651.SZ,20240902,39.8,40.58,39.61,40.05,39.7,0.35,0.8816,432073.52,1734116.87,0.5,0.5,,,,,
000651.SZ,20240903,40.01,40.83,40.01,40.63,40.05,0.58,1.4482,297734.64,1206841.622,0.5,0.5,,,,,
000651.SZ,20240904,40.52,40.9,40.23,40.53,40.63,-0.1,-0.2461,251925.26,1022771.81,0.5,0.5,,,,,
000651.SZ,20240905,40.53,40.88,39.95,40.34,40.53,-0.19,-0.4688,233587.53,940340.085,0.5,0.5,,,,,
000651.SZ,20240906,40.33,40.53,39.94,39.96,40.34,-0.38,-0.942,167399.43,673025.196,0.5,0.5,,,,,
000651.SZ,20240909,39.95,39.95,38.83,38.9,39.96,-1.06,-2.6527,305815.66,1196141.65,0.5,0.5,,,,,
000651.SZ,20240910,38.9,39.28,38.82,39.0,38.9,0.1,0.2571,169145.0,660565.387,0.5,0.5,,,,,
000651.SZ,20240911,38.86,39.58,38.56,39.09,39.0,0.09,0.2308,234141.41,918150.009,0.5,0.5,,,,,
000651.SZ,20240912,39.02,39.24,38.28,38.66,39.09,-0.43,-1.1,288480.26,1115446.812,0.5,0.5,,,,,
000651.SZ,20240913,38.67,39.57,38.61,39.24,38.66,0.58,1.5003,263328.92,1035043.052,0.5,0.5,,,,,
000651.SZ,20240918,39.27,40.57,39.19,40.52,39.24,1.28,3.262,351813.61,1416195.925,0.5,0.5,,,,,
000651.SZ,20240919,40.0,40.71,39.61,40.65,40.52,0.13,0.3208,325758.68,1317774.229,0.5,0.5,,,,,
000651.SZ,20240920,40.7,41.2,40.52,41.07,40.65,0.42,1.0332,318397.92,1302790.831,0.5,0.5,,,,,
000651.SZ,20240923,41.07,41.63,40.94,41.43,41.07,0.36,0.8766,266905.13,1106013.412,0.5,0.5,,,,,
000651.SZ,20240924,41.85,41.85,40.6,41.48,41.43,0.05,0.1207,526593.25,2169296.117,0.5,0.5,,,,,
000651.SZ,20240925,41.99,43.08,41.95,42.48,41.48,1.0,2.4108,647684.43,2762994.159,0.5,0.5,,,,,
000651.SZ,20240926,42.7,44.4,42.45,44.38,42.48,1.9,4.4727,601929.88,2616721.644,0.5,0.5,,,,,
000651.SZ,20240927,45.12,45.5,43.55,44.4,44.38,0.02,0.0451,912501.93,4050941.074,0.5,0.5,,,,,
000651.SZ,20240930,45.51,48.12,45.5,47.94,44.4,3.54,7.973,1386868.63,6506594.536,0.5,0.5,,,,,
000651.SZ,20241008,52.73,52.73,49.21,51.5,47.94,3.56,7.4259,1294674.17,6643599.313,0.5,0.5,,,,,
000651.SZ,20241009,50.45,50.45,46.85,47.93,51.5,-3.57,-6.932,1105212.04,5375039.059,0.5,0.5,,,,,
000651.SZ,20241010,48.17,50.43,48.17,49.65,47.93,1.72,3.5886,735228.19,3643807.844,0.5,0.5,,,,,
000651.SZ,20241011,49.66,49.87,48.22,48.59,49.65,-1.06,-2.1349,427100.01,2093846.033,0.5,0.5,,,,,
000651.SZ,20241014,48.66,50.38,48.66,49.84,48.59,1.25,2.5725,538686.15,2675835.906,0.5,0.5,,,,,
000651.SZ,20241015,49.78,49.99,48.53,48.57,49.84,-1.27,-2.5482,356012.69,1751669.431,0.5,0.5,,,,,
000651.SZ,20241016,47.98,48.06,46.88,47.47,48.57,-1.1,-2.2648,454360.87,2159666.388,0.5,0.5,,,,,
000651.SZ,20241017,47.68,48.27,46.57,46.61,47.47,-0.86,-1.8117,386123.32,1827620.325,0.5,0.5,,,,,
000651.SZ,20241018,46.49,47.98,46.24,47.3,46.61,0.69,1.4804,470059.03,2210219.452,0.5,0.5,,,,,
000651.SZ,20241021,47.3,47.37,46.24,47.0,47.3,-0.3,-0.6342,474466.57,2221273.466,0.5,0.5,,,,,
000651.SZ,20241022,46.98,48.44,46.8,47.78,47.0,0.78,1.6596,422341.03,2016156.144,0.5,0.5,,,,,
000651.SZ,20241023,47.88,48.43,47.58,47.93,47.78,0.15,0.3139,326938.68,1570175.153,0.5,0.5,,,,,
000651.SZ,20241024,47.66,47.93,47.21,47.38,47.93,-0.55,-1.1475,194600.97,924132.755,0.5,0.5,,,,,
000651.SZ,20241025,47.3,47.38,46.8,46.99,47.38,-0.39,-0.8231,261745.34,1230949.49,0.5,0.5,,,,,
000651.SZ,20241028,46.99,47.33,46.37,46.76,46.99,-0.23,-0.4895,279106.88,1305473.347,0.5,0.5,,,,,
000651.SZ,20241029,46.81,47.34,46.51,46.59,46.76,-0.17,-0.3636,282159.45,1320107.682,0.5,0.5,,,,,
000651.SZ,20241030,46.59,47.03,45.41,45.78,46.59,-0.81,-1.7386,408390.78,1875972.876,0.5,0.5,,,,,
000651.SZ,20241031,44.5,44.7,43.08,43.5,45.78,-2.28,-4.9803,1049915.27,4576391.089,0.5,0.5,,,,,
000651.SZ,20241101,43.5,43.95,43.2,43.52,43.5,0.02,0.046,542050.23,2362698.224,0.5,0.5,,,,,
000651.SZ,20241104,43.6,43.66,42.86,43.3,43.52,-0.22,-0.5055,545477.38,2353259.445,0.5,0.5,,,,,
000651.SZ,20241105,43.3,43.97,42.82,43.9,43.3,0.6,1.3857,631993.76,2749383.595,0.5,0.5,,,,,
000651.SZ,20241106,43.8,43.81,42.67,42.84,43.9,-1.06,-2.4146,799864.76,3453068.249,0.5,0.5,,,,,
000651.SZ,20241107,42.66,44.26,42.53,44.26,42.84,1.42,3.3147,799967.91,3479303.735,0.5,0.5,,,,,
000651.SZ,20241108,44.6,45.12,43.8,44.25,44.26,-0.01,-0.0226,813827.28,3611196.091,0.5,0.5,,,,,
000651.SZ,20241111,43.92,43.94,43.17,43.75,44.25,-0.5,-1.1299,566057.47,2461615.709,0.5,0.5,,,,,
000651.SZ,20241112,43.75,44.95,43.53,43.7,43.75,-0.05,-0.1143,660717.76,2921160.426,0.5,0.5,,,,,
000651.SZ,20241113,43.57,44.22,43.5,43.92,43.7,0.22,0.5034,453491.79,1989134.113,0.5,0.5,,,,,
000651.SZ,20241114,43.6,44.44,43.29,43.72,43.92,-0.2,-0.4554,459934.05,2023483.639,0.5,0.5,,,,,
000651.SZ,20241115,43.65,43.86,42.89,43.12,43.72,-0.6,-1.3724,424107.52,1839025.066,0.5,0.5,,,,,
000651.SZ,20241118,43.16,43.5,42.7,42.87,43.12,-0.25,-0.5798,340396.82,1467672.249,0.5,0.5,,,,,
000651.SZ,20241119,42.87,43.06,42.51,42.93,42.87,0.06,0.14,291527.92,1248385.921,0.5,0.5,,,,,
000651.SZ,20241120,42.85,42.85,42.56,42.73,42.93,-0.2,-0.4659,295771.44,1262410.434,0.5,0.5,,,,,
000651.SZ,20241121,42.66,42.69,42.0,42.31,42.73,-0.42,-0.9829,396281.21,1672811.222,0.5,0.5,,,,,
000651.SZ,20241122,42.26,42.66,41.25,41.3,42.31,-1.01,-2.3871,508145.45,2130305.592,0.5,0.5,,,,,
000651.SZ,20241125,41.3,41.77,40.8,40.97,41.3,-0.33,-0.799,423571.3,1743305.567,0.5,0.5,,,,,
000651.SZ,20241126,40.84,41.42,40.51,41.18,40.97,0.21,0.5126,394505.73,1620126.631,0.5,0.5,,,,,
000651.SZ,20241127,41.29,42.09,41.16,42.09,41.18,0.91,2.2098,432240.23,1803907.214,0.5,0.5,,,,,
000651.SZ,20241128,42.06,42.19,41.5,41.6,42.09,-0.49,-1.1642,263824.98,1101489.347,0.5,0.5,,,,,
000651.SZ,20241129,41.61,42.21,41.51,42.08,41.6,0.48,1.1538,346380.77,1455893.214,0.5,0.5,,,,,
000651.SZ,20241202,42.08,42.15,41.4,42.04,42.08,-0.04,-0.0951,391867.83,1639135.592,0.5,0.5,,,,,
000651.SZ,20241203,41.92,42.4,41.85,42.35,42.04,0.31,0.7374,348411.61,1469976.471,0.5,0.5,,,,,
000651.SZ,20241204,42.38,43.39,42.07,42.63,42.35,0.28,0.6612,536984.26,2297996.487,0.5,0.5,,,,,
000651.SZ,20241205,42.65,43.05,42.23,42.32,42.63,-0.31,-0.7272,304190.83,1292423.428,0.5,0.5,,,,,
000651.SZ,20241206,42.3,42.66,42.11,42.27,42.32,-0.05,-0.1181,384860.14,1632092.918,0.5,0.5,,,,,
000651.SZ,20241209,42.28,42.63,41.61,42.35,42.27,0.08,0.1893,353740.06,1494133.323,0.5,0.5,,,,,
000651.SZ,20241210,43.52,44.19,42.92,42.98,42.35,0.63,1.4876,759260.81,3306086.992,0.5,0.5,,,,,
000651.SZ,20241211,42.92,43.6,42.81,43.31,42.98,0.33,0.7678,326086.85,1413448.883,0.5,0.5,,,,,
000651.SZ,20241212,43.21,43.55,43.05,43.46,43.31,0.15,0.3463,323959.62,1403211.433,0.5,0.5,,,,,
000651.SZ,20241213,43.31,43.4,42.75,43.0,43.46,-0.46,-1.0584,435001.58,1872578.613,0.5,0.5,,,,,
000651.SZ,20241216,42.86,43.44,42.71,42.88,43.0,-0.12,-0.2791,309203.71,1328674.019,0.5,0.5,,,,,
000651.SZ,20241217,42.86,43.53,42.76,43.0,42.88,0.12,0.2799,334838.68,1447104.376,0.5,0.5,,,,,
000651.SZ,20241218,43.19,43.56,43.13,43.45,43.0,0.45,1.0465,297198.28,1290565.469,0.5,0.5,,,,,
000651.SZ,20241219,43.3,43.99,43.17,43.65,43.45,0.2,0.4603,434386.85,1898655.823,0.5,0.5,,,,,
000651.SZ,20241220,43.65,43.95,43.2,43.26,43.65,-0.39,-0.8935,350966.49,1530168.147,0.5,0.5,,,,,
000651.SZ,20241223,43.32,44.7,43.31,44.49,43.26,1.23,2.8433,693206.39,3069252.491,0.5,0.5,,,,,
000651.SZ,20241224,44.52,46.11,44.52,45.58,44.49,1.09,2.45,700826.13,3192368.933,0.5,0.5,,,,,
000651.SZ,20241225,45.75,45.99,45.21,45.44,45.58,-0.14,-0.3072,400877.81,1828234.471,0.5,0.5,,,,,
000651.SZ,20241226,45.45,45.63,45.0,45.44,45.44,0.0,0.0,324527.39,1470693.813,0.5,0.5,,,,,
000651.SZ,20241227,45.44,45.62,44.61,45.06,45.44,-0.38,-0.8363,379156.43,1704866.922,0.5,0.5,,,,,
000651.SZ,20241230,45.06,45.96,45.06,45.57,45.06,0.51,1.1318,388821.67,1775014.142,0.5,0.5,,,,,
000651.SZ,20241231,45.6,45.95,45.23,45.45,45.57,-0.12,-0.2633,424767.0,1937415.746,0.5,0.5,,,,,
000651.SZ,20250102,46.48,47.48,46.0,46.34,45.45,0.89,1.9582,952532.45,4449784.976,0.5,0.5,,,,,
000651.SZ,20250103,46.38,47.32,45.6,45.74,46.34,-0.6,-1.2948,527086.18,2436435.046,0.5,0.5,,,,,
000651.SZ,20250106,45.94,46.52,45.28,46.02,45.74,0.28,0.6122,542128.13,2489906.993,0.5,0.5,,,,,
000651.SZ,20250107,45.81,46.36,45.1,45.65,46.02,-0.37,-0.804,444060.77,2032272.815,0.5,0.5,,,,,
000651.SZ,20250108,45.6,47.38,45.45,47.24,45.65,1.59,3.483,778213.29,3639432.912,0.5,0.5,,,,,
000651.SZ,20250109,47.3,47.65,46.71,47.5,47.24,0.26,0.5504,454126.44,2148119.227,0.5,0.5,,,,,
000651.SZ,20250110,47.34,47.76,46.25,46.4,47.5,-1.1,-2.3158,371612.52,1734493.429,0.5,0.5,,,,,
000651.SZ,20250113,45.8,45.97,44.69,44.9,46.4,-1.5,-3.2328,421112.41,1903557.019,0.5,0.5,,,,,
000651.SZ,20250114,44.86,45.87,44.79,45.64,44.9,0.74,1.6481,315821.75,1434156.901,0.5,0.5,,,,,
000651.SZ,20250115,45.52,46.84,45.46,46.09,45.64,0.45,0.986,328817.41,1521038.271,0.5,0.5,,,,,
000651.SZ,20250116,46.3,47.14,46.12,46.3,46.09,0.21,0.4556,297938.35,1386882.882,0.5,0.5,,,,,
000651.SZ,20250117,46.15,46.39,45.54,46.0,46.3,-0.3,-0.6479,245895.47,1131875.332,0.5,0.5,,,,,
000651.SZ,20250120,46.02,46.38,44.7,45.08,46.0,-0.92,-2.0,618773.41,2797125.718,0.5,0.5,,,,,
000651.SZ,20250121,45.38,45.4,44.62,44.76,45.08,-0.32,-0.7098,300010.69,1345248.908,0.5,0.5,,,,,
000651.SZ,20250122,44.66,44.74,43.55,44.06,44.76,-0.7,-1.5639,396855.82,1746974.884,0.5,0.5,,,,,
000651.SZ,20250123,44.25,44.82,44.1,44.27,44.06,0.21,0.4766,375097.78,1667303.257,0.5,0.5,,,,,
000651.SZ,20250124,44.27,44.88,43.93,44.46,44.27,0.19,0.4292,331517.45,1475277.19,0.5,0.5,,,,,
000651.SZ,20250127,44.47,45.27,44.47,44.89,44.46,0.43,0.9672,283539.72,1274083.766,0.5,0.5,,,,,
000651.SZ,20250205,44.54,44.8,43.74,43.83,44.89,-1.06,-2.3613,344664.86,1514802.179,0.5,0.5,,,,,
000651.SZ,20250206,43.87,44.04,43.33,43.64,43.83,-0.19,-0.4335,343096.83,1495055.072,0.5,0.5,,,,,
000651.SZ,20250207,43.68,44.27,43.31,44.12,43.64,0.48,1.0999,401399.29,1763199.894,0.5,0.5,,,,,
000651.SZ,20250210,44.12,44.24,43.65,43.88,44.12,-0.24,-0.544,305897.85,1341233.006,0.5,0.5,,,,,
000651.SZ,20250211,43.97,44.14,43.45,43.66,43.88,-0.22,-0.5014,291796.56,1275546.262,0.5,0.5,,,,,
000651.SZ,20250212,43.65,43.88,43.33,43.76,43.66,0.1,0.229,270727.84,1178412.799,0.5,0.5,,,,,
000651.SZ,20250213,43.7,44.05,43.56,43.82,43.76,0.06,0.1371,338050.98,1483436.136,0.5,0.5,,,,,
000651.SZ,20250214,43.7,44.27,43.7,43.99,43.82,0.17,0.388,281228.53,1238280.267,0.5,0.5,,,,,
000651.SZ,20250217,43.81,43.99,43.28,43.67,43.99,-0.32,-0.7274,371430.79,1615024.282,0.5,0.5,,,,,
000651.SZ,20250218,43.5,43.59,42.93,43.03,43.67,-0.64,-1.4655,430421.78,1859047.194,0.5,0.5,,,,,
000651.SZ,20250219,43.04,43.09,41.76,41.94,43.03,-1.09,-2.5331,950387.14,3997869.747,0.5,0.5,,,,,
000651.SZ,20250220,41.85,41.98,41.33,41.85,41.94,-0.09,-0.2146,624175.02,2599789.536,0.5,0.5,,,,,
000651.SZ,20250221,41.84,41.84,40.84,41.36,41.85,-0.49,-1.1708,819511.22,3373474.394,0.5,0.5,,,,,
000651.SZ,20250224,41.16,41.58,40.9,41.27,41.36,-0.09,-0.2176,537525.98,2218449.805,0.5,0.5,,,,,
000651.SZ,20250225,41.18,41.19,40.4,40.5,41.27,-0.77,-1.8658,666441.55,2712820.413,0.5,0.5,,,,,
000651.SZ,20250226,40.5,41.06,40.5,40.92,40.5,0.42,1.037,489297.1,1995742.497,0.5,0.5,,,,,
000651.SZ,20250227,40.95,41.61,40.94,41.43,40.92,0.51,1.2463,737997.39,3052301.705,0.5,0.5,,,,,
000651.SZ,20250228,41.38,41.87,40.81,40.85,41.43,-0.58,-1.4,613728.4,2531151.571,0.5,0.5,,,,,
000651.SZ,20250303,40.84,41.02,40.45,40.56,40.85,-0.29,-0.7099,419938.96,1709210.135,0.5,0.5,,,,,
000651.SZ,20250304,41.95,42.45,41.58,41.69,40.56,1.13,2.786,1100128.39,4626447.416,0.5,0.5,,,,,
000651.SZ,20250305,41.73,42.2,41.44,42.06,41.69,0.37,0.8875,519028.43,2176708.623,0.5,0.5,,,,,
000651.SZ,20250306,42.15,42.2,41.69,42.11,42.06,0.05,0.1189,453774.05,1906837.452,0.5,0.5,,,,,
000651.SZ,20250307,41.99,42.22,41.74,41.86,42.11,-0.25,-0.5937,314474.8,1317345.208,0.5,0.5,,,,,
000651.SZ,20250310,41.86,42.25,41.55,42.25,41.86,0.39,0.9317,365830.74,1535238.479,0.5,0.5,,,,,
000651.SZ,20250311,41.9,42.51,41.86,42.35,42.25,0.1,0.2367,348545.28,1469626.138,0.5,0.5,,,,,
000651.SZ,20250312,42.36,42.4,41.93,42.12,42.35,-0.23,-0.5431,329319.6,1388249.58,0.5,0.5,,,,,
000651.SZ,20250313,42.1,42.92,42.02,42.53,42.12,0.41,0.9734,507057.52,2161809.155,0.5,0.5,,,,,
000651.SZ,20250314,42.54,43.4,42.54,43.2,42.53,0.67,1.5754,516621.57,2227574.499,0.5,0.5,,,,,
000651.SZ,20250317,43.3,43.57,43.08,43.3,43.2,0.1,0.2315,355248.07,1537736.633,0.5,0.5,,,,,
000651.SZ,20250318,43.46,44.16,43.22,43.77,43.3,0.47,1.0855,431629.2,1885623.888,0.5,0.5,,,,,
000651.SZ,20250319,43.85,43.9,43.33,43.61,43.77,-0.16,-0.3655,293418.58,1278430.689,0.5,0.5,,,,,
000651.SZ,20250320,43.57,43.66,42.69,42.71,43.61,-0.9,-2.0637,439161.5,1889067.247,0.5,0.5,,,,,
000651.SZ,20250321,42.79,43.86,42.79,43.74,42.71,1.03,2.4116,708548.32,3087674.416,0.5,0.5,,,,,
000651.SZ,20250324,44.47,45.29,44.17,44.98,43.74,1.24,2.8349,848866.42,3814449.608,0.5,0.5,,,,,
000651.SZ,20250325,44.96,45.6,44.9,45.16,44.98,0.18,0.4002,536152.34,2424960.663,0.5,0.5,,,,,
000651.SZ,20250326,45.0,45.36,44.55,44.95,45.16,-0.21,-0.465,368421.14,1652034.765,0.5,0.5,,,,,
000651.SZ,20250327,44.99,45.42,44.8,45.19,44.95,0.24,0.5339,297438.97,1342752.243,0.5,0.5,,,,,
000651.SZ,20250328,45.19,45.54,44.97,45.28,45.19,0.09,0.1992,312833.69,1417042.006,0.5,0.5,,,,,
000651.SZ,20250331,45.35,46.23,45.2,45.46,45.28,0.18,0.3975,438528.63,2009314.133,0.5,0.5,,,,,
000651.SZ,20250401,45.33,45.5,44.8,45.13,45.46,-0.33,-0.7259,357328.94,1614126.073,0.5,0.5,,,,,
000651.SZ,20250402,45.13,46.0,45.0,45.17,45.13,0.04,0.0886,316119.56,1435118.537,0.5,0.5,,,,,
000651.SZ,20250403,44.75,45.4,44.55,45.35,45.17,0.18,0.3985,401416.06,1808260.636,0.5,0.5,,,,,
000651.SZ,20250407,43.2,44.68,42.2,43.3,45.35,-2.05,-4.5204,927197.76,4030308.608,0.5,0.5,,,,,
000651.SZ,20250408,43.28,44.69,42.91,44.62,43.3,1.32,3.0485,755973.37,3327610.338,0.5,0.5,,,,,
000651.SZ,20250409,44.17,45.2,43.83,44.87,44.62,0.25,0.5603,551324.82,2462959.792,0.5,0.5,,,,,
000651.SZ,20250410,44.71,44.95,44.25,44.81,44.87,-0.06,-0.1337,436561.85,1949505.012,0.5,0.5,,,,,
000651.SZ,20250411,44.6,45.12,44.13,45.1,44.81,0.29,0.6472,304088.72,1361064.693,0.5,0.5,,,,,
000651.SZ,20250414,45.1,45.15,43.6,43.89,45.1,-1.21,-2.6829,669545.66,2954928.33,0.5,0.5,,,,,
000651.SZ,20250415,43.89,44.97,43.56,44.86,43.89,0.97,2.2101,517243.0,2304662.178,0.5,0.5,,,,,
000651.SZ,20250416,44.68,45.37,44.48,45.28,44.86,0.42,0.9362,340480.85,1530820.445,0.5,0.5,,,,,
000651.SZ,20250417,45.13,45.13,44.62,44.98,45.28,-0.3,-0.6625,202413.45,909520.81,0.5,0.5,,,,,
000651.SZ,20250418,44.87,45.5,44.73,45.3,44.98,0.32,0.7114,225437.61,1019872.405,0.5,0.5,,,,,
000651.SZ,20250421,45.25,45.4,44.91,45.19,45.3,-0.11,-0.2428,206954.49,934991.606,0.5,0.5,,,,,
000651.SZ,20250422,45.17,45.99,45.03,45.55,45.19,0.36,0.7966,216664.59,986446.708,0.5,0.5,,,,,
000651.SZ,20250423,45.7,45.75,45.15,45.29,45.55,-0.26,-0.5708,221351.89,1006597.596,0.5,0.5,,,,,
000651.SZ,20250424,45.29,45.54,45.0,45.4,45.29,0.11,0.2429,204351.41,925443.213,0.5,0.5,,,,,
000651.SZ,20250425,45.31,45.53,45.09,45.22,45.4,-0.18,-0.3965,233137.06,1054750.38,0.5,0.5,,,,,
000651.SZ,20250428,46.81,47.3,46.25,46.55,45.22,1.33,2.9412,863703.64,4046000.946,0.5,0.5,,,,,
000651.SZ,20250429,46.73,46.85,45.85,46.27,46.55,-0.28,-0.6015,337778.6,1560746.362,0.5,0.5,,,,,
000651.SZ,20250430,46.35,46.4,45.52,45.56,46.27,-0.71,-1.5345,330522.85,1514036.455,0.5,0.5,,,,,
000651.SZ,20250506,45.89,46.06,45.31,45.47,45.56,-0.09,-0.1975,391608.45,1783798.632,0.5,0.5,,,,,
000651.SZ,20250507,45.98,46.35,45.8,46.1,45.47,0.63,1.3855,406180.4,1872997.541,0.5,0.5,,,,,
000651.SZ,20250508,46.19,46.65,46.11,46.52,46.1,0.42,0.9111,267159.83,1241304.185,0.5,0.5,,,,,
000651.SZ,20250509,46.68,47.18,46.53,47.0,46.52,0.48,1.0318,317423.61,1492819.464,0.5,0.5,,,,,
000651.SZ,20250512,47.18,47.3,46.78,46.9,47.0,-0.1,-0.2128,335058.72,1572471.336,0.5,0.5,,,,,
000651.SZ,20250513,47.0,47.14,46.81,46.98,46.9,0.08,0.1706,248680.39,1167331.549,0.5,0.5,,,,,
000651.SZ,20250514,47.0,47.22,46.64,46.9,46.98,-0.08,-0.1703,331513.76,1555756.47,0.5,0.5,,,,,
000651.SZ,20250515,46.07,46.27,45.75,46.2,45.9,0.3,0.6536,288515.08,1328591.252,0.5,0.5,,,,,
000651.SZ,20250516,46.21,46.31,45.45,45.58,46.2,-0.62,-1.342,310925.2,1419612.106,0.5,0.5,,,,,
000651.SZ,20250519,45.7,45.88,45.48,45.71,45.58,0.13,0.2852,220714.91,1008131.234,0.5,0.5,,,,,
000651.SZ,20250520,45.75,47.0,45.68,47.0,45.71,1.29,2.8221,470336.8,2189829.257,0.5,0.5,,,,,
000651.SZ,20250521,46.9,47.27,46.75,46.87,47.0,-0.13,-0.2766,211477.26,993620.021,0.5,0.5,,,,,
000651.SZ,20250522,46.88,47.31,46.88,47.08,46.87,0.21,0.448,228984.44,1077781.758,0.5,0.5,,,,,
000651.SZ,20250523,47.01,47.43,46.45,46.56,47.08,-0.52,-1.1045,327488.85,1536083.93,0.5,0.5,,,,,
000651.SZ,20250526,46.57,46.7,45.88,46.04,46.56,-0.52,-1.1168,257220.9,1186480.284,0.5,0.5,,,,,
000651.SZ,20250527,46.05,46.5,46.05,46.18,46.04,0.14,0.3041,178542.91,826245.233,0.5,0.5,,,,,
000651.SZ,20250528,46.36,46.76,45.93,46.68,46.18,0.5,1.0827,231386.83,1075443.86,0.5,0.5,,,,,
000651.SZ,20250529,46.6,46.79,46.0,46.06,46.68,-0.62,-1.3282,352636.69,1628706.117,0.5,0.5,,,,,
000651.SZ,20250530,46.07,46.54,45.86,46.42,46.06,0.36,0.7816,318706.76,1474547.579,0.5,0.5,,,,,
000651.SZ,20250603,46.23,46.34,44.8,44.98,46.42,-1.44,-3.1021,733643.23,3314112.394,0.5,0.5,,,,,
000651.SZ,20250604,45.05,45.59,44.99,45.32,44.98,0.34,0.7559,305372.64,1382826.2,0.5,0.5,,,,,
000651.SZ,20250605,45.38,45.5,44.83,44.94,45.32,-0.38,-0.8385,356488.52,1603307.536,0.5,0.5,,,,,
000651.SZ,20250606,45.03,45.08,44.85,44.87,44.94,-0.07,-0.1558,222151.71,998633.301,0.5,0.5,,,,,
000651.SZ,20250609,45.0,45.15,44.65,44.82,44.87,-0.05,-0.1114,274460.34,1229052.587,0.5,0.5,,,,,
000651.SZ,20250610,44.82,45.07,44.56,44.65,44.82,-0.17,-0.3793,339236.02,1518074.753,0.5,0.5,,,,,
000651.SZ,20250611,44.62,44.94,44.55,44.77,44.65,0.12,0.2688,226642.17,1014722.777,0.5,0.5,,,,,
000651.SZ,20250612,44.89,44.99,44.54,44.86,44.77,0.09,0.201,270084.11,1208650.694,0.5,0.5,,,,,
000651.SZ,20250613,44.71,45.04,44.65,44.92,44.86,0.06,0.1337,352204.51,1579504.549,0.5,0.5,,,,,
000651.SZ,20250616,44.92,45.15,44.58,44.6,44.92,-0.32,-0.7124,304698.16,1363049.192,0.5,0.5,,,,,
000651.SZ,20250617,44.61,44.72,44.34,44.45,44.6,-0.15,-0.3363,256592.89,1142203.684,0.5,0.5,,,,,
000651.SZ,20250618,44.49,44.85,44.4,44.48,44.45,0.03,0.0675,212106.06,945371.392,0.5,0.5,,,,,
000651.SZ,20250619,44.46,44.54,44.04,44.08,44.48,-0.4,-0.8993,275096.48,1216983.698,0.5,0.5,,,,,
000651.SZ,20250620,44.08,44.66,44.03,44.64,44.08,0.56,1.2704,248254.48,1104057.156,0.5,0.5,,,,,
000651.SZ,20250623,44.6,44.72,44.2,44.42,44.64,-0.22,-0.4928,290723.5,1290335.717,0.5,0.5,,,,,
000651.SZ,20250624,44.49,45.0,44.49,44.9,44.42,0.48,1.0806,298953.86,1341941.177,0.5,0.5,,,,,
000651.SZ,20250625,44.93,45.49,44.77,45.37,44.9,0.47,1.0468,303185.49,1369156.252,0.5,0.5,,,,,
000651.SZ,20250626,45.52,45.79,45.37,45.5,45.37,0.13,0.2865,252526.54,1151071.482,0.5,0.5,,,,,
000651.SZ,20250627,45.57,45.92,45.13,45.22,45.5,-0.28,-0.6154,323096.76,1471819.552,0.5,0.5,,,,,
000651.SZ,20250630,45.23,45.54,44.87,44.92,45.22,-0.3,-0.6634,321622.11,1448606.965,0.5,0.5,,,,,
000651.SZ,20250701,45.05,45.48,44.85,45.45,44.92,0.53,1.1799,242453.77,1096683.969,0.5,0.5,,,,,
000651.SZ,20250702,45.55,46.72,45.49,46.41,45.45,0.96,2.1122,542095.94,2510495.844,0.5,0.5,,,,,
000651.SZ,20250703,46.6,46.67,46.25,46.53,46.41,0.12,0.2586,217129.82,1009129.138,0.5,0.5,,,,,
000651.SZ,20250704,46.53,46.84,46.3,46.74,46.53,0.21,0.4513,196169.92,915277.878,0.5,0.5,,,,,
000651.SZ,20250707,46.9,46.94,46.38,46.49,46.74,-0.25,-0.5349,189802.32,883494.027,0.5,0.5,,,,,
000651.SZ,20250708,46.49,46.92,46.38,46.6,46.49,0.11,0.2366,256017.61,1195231.043,0.5,0.5,,,,,
000651.SZ,20250709,46.62,46.68,46.11,46.2,46.6,-0.4,-0.8584,274919.0,1275124.561,0.5,0.5,,,,,
000651.SZ,20250710,46.2,46.52,45.95,46.34,46.2,0.14,0.303,209382.69,968829.196,0.5,0.5,,,,,
000651.SZ,20250711,46.5,47.15,46.45,46.95,46.34,0.61,1.3164,318347.59,1494825.589,0.5,0.5,,,,,
000651.SZ,20250714,47.14,47.68,47.02,47.25,46.95,0.3,0.639,305755.44,1449274.849,0.5,0.5,,,,,
000651.SZ,20250715,47.37,48.09,47.15,47.95,47.25,0.7,1.4815,397740.68,1899605.093,0.5,0.5,,,,,
000651.SZ,20250716,48.09,48.09,47.34,47.48,47.95,-0.47,-0.9802,279248.58,1328279.572,0.5,0.5,,,,,
000651.SZ,20250717,47.48,48.05,47.4,47.56,47.48,0.08,0.1685,225690.1,1076853.664,0.5,0.5,,,,,
000651.SZ,20250718,47.8,47.9,47.54,47.88,47.56,0.32,0.6728,210739.24,1005963.291,0.5,0.5,,,,,
000651.SZ,20250721,47.89,48.08,47.39,47.55,47.88,-0.33,-0.6892,269500.47,1283868.234,0.5,0.5,,,,,
000651.SZ,20250722,47.53,47.92,47.44,47.89,47.55,0.34,0.715,299742.24,1429157.496,0.5,0.5,,,,,
000651.SZ,20250723,47.94,48.47,47.92,48.15,47.89,0.26,0.5429,263582.98,1271321.139,0.5,0.5,,,,,
000651.SZ,20250724,48.18,48.24,47.63,47.79,48.15,-0.36,-0.7477,316142.5,1511025.339,0.5,0.5,,,,,
000651.SZ,20250725,46.5,47.59,46.5,46.8,47.79,-0.99,-2.0716,621993.16,2915516.402,0.5,0.5,,,,,
000651.SZ,20250728,46.94,47.1,46.59,46.63,46.8,-0.17,-0.3632,382200.7,1787484.712,0.5,0.5,,,,,
000651.SZ,20250729,46.65,46.78,46.01,46.12,46.63,-0.51,-1.0937,427600.76,1977627.238,0.5,0.5,,,,,
000651.SZ,20250730,46.14,46.66,46.04,46.37,46.12,0.25,0.5421,320217.29,1485063.024,0.5,0.5,,,,,
000651.SZ,20250731,46.38,46.4,45.5,45.62,46.37,-0.75,-1.6174,447716.5,2048763.765,0.5,0.5,,,,,
000651.SZ,20250801,45.72,46.05,45.63,45.89,45.62,0.27,0.5918,234001.38,1072991.265,0.5,0.5,,,,,
000651.SZ,20250804,45.88,46.25,45.75,46.12,45.89,0.23,0.5012,210785.95,970597.561,0.5,0.5,,,,,
000651.SZ,20250805,46.15,46.79,45.93,46.72,46.12,0.6,1.301,277893.51,1292384.737,0.5,0.5,,,,,
000651.SZ,20250806,46.82,46.98,46.61,46.9,46.72,0.18,0.3853,255528.41,1195891.319,0.5,0.5,,,,,
000651.SZ,20250807,46.8,47.15,46.67,47.0,46.9,0.1,0.2132,264710.71,1242505.459,0.5,0.5,,,,,
000651.SZ,20250808,47.04,47.61,46.9,47.44,47.0,0.44,0.9362,280780.04,1330702.728,0.5,0.5,,,,,
000651.SZ,20250811,47.44,47.55,47.06,47.23,47.44,-0.21,-0.4427,244308.92,1153959.694,0.5,0.5,,,,,
000651.SZ,20250812,47.3,48.3,47.19,47.88,47.23,0.65,1.3762,450653.37,2161625.922,0.5,0.5,,,,,
000651.SZ,20250813,48.0,48.12,47.64,47.73,47.88,-0.15,-0.3133,272881.91,1304027.2,0.5,0.5,,,,,
000651.SZ,20250814,47.79,48.24,47.7,47.7,47.73,-0.03,-0.0629,302763.25,1452267.997,0.5,0.5,,,,,
000651.SZ,20250815,47.67,47.82,47.23,47.79,47.7,0.09,0.1887,351231.43,1670821.115,0.5,0.5,,,,,
000651.SZ,20250818,47.79,48.25,47.51,47.65,47.79,-0.14,-0.2929,370441.66,1768894.378,0.5,0.5,,,,,
000651.SZ,20250819,47.78,48.15,46.85,47.06,47.65,-0.59,-1.2382,634121.26,2990236.717,0.5,0.5,,,,,
000651.SZ,20250820,46.8,47.19,46.58,47.18,47.06,0.12,0.255,469445.6,2203682.931,0.5,0.5,,,,,
000651.SZ,20250821,46.91,47.05,46.06,46.64,47.18,-0.54,-1.1446,765657.52,3568330.417,0.5,0.5,,,,,
000651.SZ,20250822,46.98,47.19,46.53,47.11,46.64,0.47,1.0077,816582.59,3829295.315,0.5,0.5,,,,,
000651.SZ,20250825,47.25,48.1,47.1,48.1,47.11,0.99,2.1015,762382.38,3634953.484,0.5,0.5,,,,,
000651.SZ,20250826,48.0,48.23,47.72,48.04,48.1,-0.06,-0.1247,508961.29,2443015.425,0.5,0.5,,,,,
000651.SZ,20250827,48.06,48.35,47.23,47.24,48.04,-0.8,-1.6653,693531.56,3313272.438,0.5,0.5,,,,,
000651.SZ,20250828,47.24,47.7,46.94,47.25,47.24,0.01,0.0212,697027.99,3292087.079,0.5,0.5,,,,,
000651.SZ,20250829,43.38,43.38,42.11,42.6,45.26,-2.66,-5.8772,2541970.17,10860336.787,0.5,0.5,,,,,
000651.SZ,20250901,42.59,42.59,41.35,41.41,42.6,-1.19,-2.7934,1615704.65,6741851.464,0.5,0.5,,,,,
000651.SZ,20250902,41.25,41.85,41.11,41.52,41.41,0.11,0.2656,855870.58,3550285.585,0.5,0.5,,,,,
000651.SZ,20250903,42.25,42.46,41.5,41.54,41.52,0.02,0.0482,822525.98,3434722.12,0.5,0.5,,,,,
000651.SZ,20250904,41.5,41.55,41.0,41.19,41.54,-0.35,-0.8426,703629.67,2900310.236,0.5,0.5,,,,,
000651.SZ,20250905,41.15,41.4,41.01,41.36,41.19,0.17,0.4127,643464.92,2650536.771,0.5,0.5,,,,,
000651.SZ,20250908,41.5,41.72,41.27,41.42,41.36,0.06,0.1451,627318.0,2600069.326,0.5,0.5,,,,,
000651.SZ,20250909,41.44,41.67,41.26,41.34,41.42,-0.08,-0.1931,666713.52,2763193.803,0.5,0.5,,,,,
000651.SZ,20250910,41.32,41.37,41.11,41.16,41.34,-0.18,-0.4354,491111.92,2023251.595,0.5,0.5,,,,,
000651.SZ,20250911,41.17,41.39,41.01,41.37,41.16,0.21,0.5102,528172.46,2173796.449,0.5,0.5,,,,,
000651.SZ,20250912,41.38,41.45,41.02,41.05,41.37,-0.32,-0.7735,660883.69,2722505.542,0.5,0.5,,,,,
000651.SZ,20250915,41.04,41.05,40.68,40.94,41.05,-0.11,-0.268,492795.18,2012642.286,0.5,0.5,,,,,
000651.SZ,20250916,40.89,40.89,40.5,40.5,40.94,-0.44,-1.0747,555724.98,2256583.688,0.5,0.5,,,,,
000651.SZ,20250917,40.46,40.83,40.37,40.79,40.5,0.29,0.716,525926.42,2136326.5,0.5,0.5,,,,,
000651.SZ,20250918,40.7,40.87,40.08,40.21,40.79,-0.58,-1.4219,580312.18,2346320.116,0.5,0.5,,,,,
000651.SZ,20250919,40.11,40.46,40.01,40.44,40.21,0.23,0.572,393408.52,1583195.857,0.5,0.5,,,,,
000651.SZ,20250922,40.3,40.33,39.7,39.83,40.44,-0.61,-1.5084,582026.71,2322154.503,0.5,0.5,,,,,
000651.SZ,20250923,39.8,40.03,39.46,39.64,39.83,-0.19,-0.477,434243.66,1723357.528,0.5,0.5,,,,,
000651.SZ,20250924,39.65,40.04,39.43,39.99,39.64,0.35,0.8829,363780.47,1448981.726,0.5,0.5,,,,,
000651.SZ,20250925,39.88,39.9,39.45,39.5,39.99,-0.49,-1.2253,468990.83,1857372.586,0.5,0.5,,,,,
000651.SZ,20250926,39.51,40.05,39.3,39.85,39.5,0.35,0.8861,450107.54,1788343.094,0.5,0.5,,,,,
000651.SZ,20250929,39.85,40.05,39.45,39.94,39.85,0.09,0.2258,410191.4,1628579.198,0.5,0.5,,,,,
000651.SZ,20250930,39.96,40.0,39.66,39.72,39.94,-0.22,-0.5508,395376.15,1572376.371,0.5,0.5,,,,,
000651.SZ,20251009,39.73,40.38,39.4,40.38,39.72,0.66,1.6616,638098.38,2543021.33,0.5,0.5,,,,,
000651.SZ,20251010,40.18,40.84,40.03,40.41,40.38,0.03,0.0743,609576.28,2469698.375,0.5,0.5,,,,,
000651.SZ,20251013,39.8,40.6,39.59,40.45,40.41,0.04,0.099,565692.97,2268779.182,0.5,0.5,,,,,
000651.SZ,20251014,40.45,40.79,40.1,40.58,40.45,0.13,0.3214,557710.99,2261968.772,0.5,0.5,,,,,
000651.SZ,20251015,40.65,40.95,40.45,40.82,40.58,0.24,0.5914,438869.95,1790310.725,0.5,0.5,,,,,
000651.SZ,20251016,40.82,40.94,40.6,40.77,40.82,-0.05,-0.1225,397468.59,1618938.798,0.5,0.5,,,,,
000651.SZ,20251017,40.73,41.05,40.17,40.22,40.77,-0.55,-1.349,451803.83,1833060.233,0.5,0.5,,,,,
000651.SZ,20251020,40.36,40.78,40.23,40.77,40.22,0.55,1.3675,394715.11,1600009.494,0.5,0.5,,,,,
000651.SZ,20251021,40.77,40.86,40.45,40.69,40.77,-0.08,-0.1962,354371.67,1442346.029,0.5,0.5,,,,,
000651.SZ,20251022,40.58,40.81,40.52,40.57,40.69,-0.12,-0.2949,307742.74,1250401.263,0.5,0.5,,,,,
000651.SZ,20251023,40.55,40.64,40.21,40.53,40.57,-0.04,-0.0986,331124.15,1338043.368,0.5,0.5,,,,,
000651.SZ,20251024,40.53,40.75,40.44,40.5,40.53,-0.03,-0.074,292379.85,1185827.907,0.5,0.5,,,,,
000651.SZ,20251027,40.53,41.14,40.51,40.97,40.5,0.47,1.1605,616525.29,2522404.578,0.5,0.5,,,,,
000651.SZ,20251028,40.97,41.15,40.67,40.72,40.97,-0.25,-0.6102,338061.25,1378729.084,0.5,0.5,,,,,
000651.SZ,20251029,40.72,40.72,40.52,40.69,40.72,-0.03,-0.0737,287433.19,1167340.75,0.5,0.5,,,,,
000651.SZ,20251030,40.61,40.79,40.41,40.47,40.69,-0.22,-0.5407,439595.53,1782629.301,0.5,0.5,,,,,
000651.SZ,20251031,39.79,40.03,39.52,39.75,40.47,-0.72,-1.7791,921555.79,3666645.834,0.5,0.5,,,,,
000651.SZ,20251103,39.65,39.84,39.2,39.52,39.75,-0.23,-0.5786,613443.9,2416098.282,0.5,0.5,,,,,
000651.SZ,20251104,39.5,39.92,39.41,39.71,39.52,0.19,0.4808,398198.16,1581033.855,0.5,0.5,,,,,
000651.SZ,20251105,39.55,39.88,39.45,39.72,39.71,0.01,0.0252,281069.83,1116210.036,0.5,0.5,,,,,
000651.SZ,20251106,39.71,40.05,39.65,39.99,39.72,0.27,0.6798,347530.78,1387911.304,0.5,0.5,,,,,
000651.SZ,20251107,39.95,40.08,39.88,40.02,39.99,0.03,0.075,244832.24,979334.368,0.5,0.5,,,,,
000651.SZ,20251110,40.1,40.88,40.09,40.86,40.02,0.84,2.099,640991.07,2605209.45,0.5,0.5,,,,,
000651.SZ,20251111,40.9,41.09,40.75,40.92,40.86,0.06,0.1468,468452.73,1916064.154,0.5,0.5,,,,,
000651.SZ,20251112,40.93,41.35,40.93,41.15,40.92,0.23,0.5621,580158.18,2389716.804,0.5,0.5,,,,,
000651.SZ,20251113,41.15,41.32,40.75,41.0,41.15,-0.15,-0.3645,441638.42,1807279.175,0.5,0.5,,,,,
000651.SZ,20251114,40.87,41.13,40.61,40.62,41.0,-0.38,-0.9268,351223.41,1433919.235,0.5,0.5,,,,,
000651.SZ,20251117,40.62,40.62,40.06,40.19,40.62,-0.43,-1.0586,366439.71,1474977.099,0.5,0.5,,,,,
000651.SZ,20251118,40.19,40.46,40.05,40.11,40.19,-0.08,-0.1991,265683.19,1069136.102,0.5,0.5,,,,,
000651.SZ,20251119,40.1,40.29,40.0,40.16,40.11,0.05,0.1247,218006.37,875626.45,0.5,0.5,,,,,
000651.SZ,20251120,40.18,40.64,40.06,40.35,40.16,0.19,0.4731,332902.13,1345880.532,0.5,0.5,,,,,
000651.SZ,20251121,40.18,40.72,39.97,40.25,40.35,-0.1,-0.2478,550948.77,2218464.826,0.5,0.5,,,,,
000651.SZ,20251124,40.26,40.42,40.01,40.11,40.25,-0.14,-0.3478,355300.91,1427143.469,0.5,0.5,,,,,
000651.SZ,20251125,40.16,40.2,39.72,40.07,40.11,-0.04,-0.0997,413435.01,1650903.64,0.5,0.5,,,,,
000651.SZ,20251126,40.07,40.38,40.02,40.33,40.07,0.26,0.6489,319654.63,1285253.244,0.5,0.5,,,,,
000651.SZ,20251127,40.25,40.48,40.04,40.33,40.33,0.0,0.0,295930.24,1191840.275,0.5,0.5,,,,,
000651.SZ,20251128,40.28,40.39,40.11,40.36,40.33,0.03,0.0744,204371.45,823012.374,0.5,0.5,,,,,
000651.SZ,20251201,40.42,40.85,40.32,40.85,40.36,0.49,1.2141,408827.55,1662495.213,0.5,0.5,,,,,
000651.SZ,20251202,40.85,41.06,40.66,40.9,40.85,0.05,0.1224,320497.57,1309293.683,0.5,0.5,,,,,
000651.SZ,20251203,40.85,41.15,40.76,40.81,40.9,-0.09,-0.22,371872.97,1524469.883,0.5,0.5,,,,,
000651.SZ,20251204,40.78,41.17,40.7,40.94,40.81,0.13,0.3185,264627.07,1084266.565,0.5,0.5,,,,,
000651.SZ,20251205,40.94,41.09,40.65,40.87,40.94,-0.07,-0.171,274382.29,1120758.571,0.5,0.5,,,,,
000651.SZ,20251208,40.88,41.05,40.62,40.68,40.87,-0.19,-0.4649,328105.13,1338254.293,0.5,0.5,,,,,
000651.SZ,20251209,40.72,40.84,40.3,40.35,40.68,-0.33,-0.8112,292292.9,1183740.573,0.5,0.5,,,,,
000651.SZ,20251210,40.3,40.51,40.15,40.37,40.35,0.02,0.0496,258695.1,1043151.124,0.5,0.5,,,,,
000651.SZ,20251211,40.51,41.08,40.48,40.65,40.37,0.28,0.6936,455941.36,1859381.215,0.5,0.5,,,,,
000651.SZ,20251212,40.72,40.95,40.58,40.75,40.65,0.1,0.246,487137.16,1988362.913,0.5,0.5,,,,,
000651.SZ,20251215,40.91,41.06,40.83,40.87,40.75,0.12,0.2945,360059.41,1475417.478,0.5,0.5,,,,,
000651.SZ,20251216,40.78,40.91,40.7,40.85,40.87,-0.02,-0.0489,251553.36,1026692.914,0.5,0.5,,,,,
000651.SZ,20251217,40.84,41.2,40.64,41.1,40.85,0.25,0.612,424249.73,1740260.247,0.5,0.5,,,,,
000651.SZ,20251218,41.1,41.1,40.83,40.96,41.1,-0.14,-0.3406,247356.33,1012493.591,0.5,0.5,,,,,
000651.SZ,20251219,40.99,41.15,40.86,41.14,40.96,0.18,0.4395,307976.4,1263638.45,0.5,0.5,,,,,
000651.SZ,20251222,41.14,41.16,40.85,40.88,41.14,-0.26,-0.632,345820.29,1414848.052,0.5,0.5,,,,,
000651.SZ,20251223,40.87,41.15,40.77,40.9,40.88,0.02,0.0489,330872.33,1355000.138,0.5,0.5,,,,,
000651.SZ,20251224,40.81,40.92,40.65,40.76,40.9,-0.14,-0.3423,286646.7,1167661.551,0.5,0.5,,,,,
000651.SZ,20251225,40.73,41.04,40.66,40.91,40.76,0.15,0.368,264079.37,1079985.129,0.5,0.5,,,,,
000651.SZ,20251226,40.88,40.94,40.71,40.76,40.91,-0.15,-0.3667,259172.99,1057441.482,0.5,0.5,,,,,
000651.SZ,20251229,40.76,41.12,40.64,40.72,40.76,-0.04,-0.0981,392741.0,1605652.379,0.5,0.5,,,,,
000651.SZ,20251230,40.66,40.76,40.37,40.53,40.72,-0.19,-0.4666,383899.44,1555084.605,0.5,0.5,,,,,
000651.SZ,20251231,40.56,40.81,40.15,40.22,40.53,-0.31,-0.7649,502972.68,2027975.877,0.5,0.5,,,,,
000651.SZ,20260105,40.34,40.8,40.22,40.76,40.22,0.54,1.3426,496728.62,2013848.01,0.5,0.5,,,,,
000651.SZ,20260106,40.77,40.86,40.65,40.82,40.76,0.06,0.1472,395447.34,1612142.949,0.5,0.5,,,,,
000651.SZ,20260107,40.82,40.82,40.42,40.44,40.82,-0.38,-0.9309,423631.99,1716288.75,0.5,0.5,,,,,
000651.SZ,20260108,40.43,40.48,40.28,40.44,40.44,0.0,0.0,270930.4,1094487.854,0.5,0.5,,,,,
000651.SZ,20260109,40.43,40.53,40.36,40.48,40.44,0.04,0.0989,292909.16,1184787.574,0.5,0.5,,,,,
000651.SZ,20260112,40.47,40.58,40.26,40.53,40.48,0.05,0.1235,393084.1,1588322.792,0.5,0.5,,,,,
000651.SZ,20260113,40.6,40.65,40.25,40.33,40.53,-0.2,-0.4935,461470.14,1865582.634,0.5,0.5,,,,,
000651.SZ,20260114,40.31,40.39,40.16,40.2,40.33,-0.13,-0.3223,454446.21,1829561.992,0.5,0.5,,,,,
000651.SZ,20260115,40.2,40.33,40.1,40.12,40.2,-0.08,-0.199,324846.65,1304905.55,0.5,0.5,,,,,
000651.SZ,20260116,40.22,40.48,40.22,40.35,40.12,0.23,0.5733,459310.38,1851791.291,0.5,0.5,,,,,
000651.SZ,20260119,40.36,40.64,40.36,40.53,40.35,0.18,0.4461,414366.14,1678735.459,0.5,0.5,,,,,
000651.SZ,20260120,40.54,41.35,40.46,41.28,40.53,0.75,1.8505,906361.28,3720424.859,0.5,0.5,,,,,
000651.SZ,20260121,41.3,41.34,40.65,40.77,41.28,-0.51,-1.2355,662524.89,2709673.028,0.5,0.5,,,,,
000651.SZ,20260122,40.79,41.05,40.58,40.85,40.77,0.08,0.1962,471743.2,1928287.009,0.5,0.5,,,,,
000651.SZ,20260123,39.97,39.97,39.4,39.43,39.85,-0.42,-1.054,685534.98,2710525.41,0.5,0.5,,,,,
000651.SZ,20260126,39.43,39.58,39.02,39.07,39.43,-0.36,-0.913,628566.64,2463838.287,0.5,0.5,,,,,
000651.SZ,20260127,39.1,39.3,38.89,38.91,39.07,-0.16,-0.4095,461231.09,1802727.726,0.5,0.5,,,,,
000651.SZ,20260128,38.91,38.91,38.28,38.33,38.91,-0.58,-1.4906,722084.28,2775619.624,0.5,0.5,,,,,
000651.SZ,20260129,38.27,38.97,37.99,38.88,38.33,0.55,1.4349,747271.79,2868814.687,0.5,0.5,,,,,
000651.SZ,20260130,38.85,39.19,38.63,38.7,38.88,-0.18,-0.463,449104.24,1747213.866,0.5,0.5,,,,,
000651.SZ,20260202,38.6,39.08,38.5,38.54,38.7,-0.16,-0.4134,367219.73,1424235.221,0.5,0.5,,,,,
000651.SZ,20260203,38.53,38.79,38.18,38.36,38.54,-0.18,-0.467,376331.16,1442955.438,0.5,0.5,,,,,
000651.SZ,20260204,38.26,38.88,38.18,38.88,38.36,0.52,1.3556,379663.78,1466888.422,0.5,0.5,,,,,
000651.SZ,20260205,38.75,39.0,38.63,38.92,38.88,0.04,0.1029,346114.83,1343643.649,0.5,0.5,,,,,
000651.SZ,20260206,38.8,38.99,38.52,38.56,38.92,-0.36,-0.925,298606.26,1153263.734,0.5,0.5,,,,,
000651.SZ,20260209,38.61,38.7,38.54,38.62,38.56,0.06,0.1556,238335.17,919641.403,0.5,0.5,,,,,
000651.SZ,20260210,38.62,38.83,38.54,38.8,38.62,0.18,0.4661,232274.6,898718.548,0.5,0.5,,,,,
000651.SZ,20260211,38.78,38.86,38.69,38.72,38.8,-0.08,-0.2062,182239.07,706297.155,0.5,0.5,,,,,
000651.SZ,20260212,38.64,38.7,38.39,38.43,38.72,-0.29,-0.749,271633.35,1044139.633,0.5,0.5,,,,,
000651.SZ,20260213,38.43,38.52,38.26,38.37,38.43,-0.06,-0.1561,197194.14,757267.269,0.5,0.5,,,,,
000651.SZ,20260224,38.6,38.65,38.38,38.43,38.37,0.06,0.1564,252061.42,968711.848,0.5,0.5,,,,,
000651.SZ,20260225,38.48,38.78,38.42,38.49,38.43,0.06,0.1561,338464.63,1306946.252,0.5,0.5,,,,,
000651.SZ,20260226,37.5,37.94,37.5,37.59,38.49,-0.9,-2.3383,843413.74,3175378.983,0.5,0.5,,,,,
000651.SZ,20260227,37.58,37.67,37.22,37.45,37.59,-0.14,-0.3724,472217.95,1767400.434,0.5,0.5,,,,,
000651.SZ,20260302,37.3,37.36,37.01,37.2,37.45,-0.25,-0.6676,452751.45,1682670.708,0.5,0.5,,,,,
000651.SZ,20260303,37.19,37.45,37.01,37.09,37.2,-0.11,-0.2957,457098.25,1699063.588,0.5,0.5,,,,,
000651.SZ,20260304,37.0,37.03,36.6,36.89,37.09,-0.2,-0.5392,429858.82,1580902.095,0.5,0.5,,,,,
000651.SZ,20260305,36.93,37.12,36.93,37.04,36.89,0.15,0.4066,241402.81,893557.062,0.5,0.5,,,,,
000651.SZ,20260306,37.0,37.43,36.85,37.4,37.04,0.36,0.9719,266635.01,991301.857,0.5,0.5,,,,,
000651.SZ,20260309,37.2,37.48,37.03,37.33,37.4,-0.07,-0.1872,300943.11,1120759.414,0.5,0.5,,,,,
000651.SZ,20260310,37.37,37.74,37.34,37.74,37.33,0.41,1.0983,285653.86,1072450.803,0.5,0.5,,,,,
000651.SZ,20260311,37.75,37.87,37.54,37.8,37.74,0.06,0.159,276145.05,1041527.499,0.5,0.5,,,,,
000651.SZ,20260312,37.7,37.92,37.58,37.88,37.8,0.08,0.2116,239997.21,905740.993,0.5,0.5,,,,,
000651.SZ,20260313,37.88,38.66,37.8,38.6,37.88,0.72,1.9007,593264.49,2277902.663,0.5,0.5,,,,,
000651.SZ,20260316,38.5,38.9,38.39,38.78,38.6,0.18,0.4663,422740.02,1637781.202,0.5,0.5,,,,,
000651.SZ,20260317,38.9,39.2,38.83,38.94,38.78,0.16,0.4126,438065.23,1710460.04,0.5,0.5,,,,,
000651.SZ,20260318,38.94,39.05,38.71,39.02,38.94,0.08,0.2054,353549.59,1374608.874,0.5,0.5,,,,,
000651.SZ,20260319,38.8,38.98,38.44,38.56,39.02,-0.46,-1.1789,312052.38,1207171.579,0.5,0.5,,,,,
000651.SZ,20260320,38.55,38.77,38.13,38.22,38.56,-0.34,-0.8817,447599.99,1717253.687,0.5,0.5,,,,,
000651.SZ,20260323,37.72,37.75,36.83,36.94,38.22,-1.28,-3.349,553679.38,2058913.575,0.5,0.5,,,,,
000651.SZ,20260324,37.15,37.69,37.02,37.6,36.94,0.66,1.7867,333400.47,1245504.74,0.5,0.5,,,,,
000651.SZ,20260325,37.68,38.15,37.55,38.13,37.6,0.53,1.4096,261141.92,990516.783,0.5,0.5,,,,,
000651.SZ,20260326,38.16,38.35,37.9,37.94,38.13,-0.19,-0.4983,192844.13,734511.604,0.5,0.5,,,,,
000651.SZ,20260327,37.61,38.01,37.48,37.88,37.94,-0.06,-0.1581,191946.82,726440.92,0.5,0.5,,,,,
000651.SZ,20260330,37.51,37.76,37.4,37.65,37.88,-0.23,-0.6072,213031.66,800867.964,0.5,0.5,,,,,
000651.SZ,20260331,37.65,38.37,37.65,37.82,37.65,0.17,0.4515,306434.46,1165908.094,0.5,0.5,,,,,
000651.SZ,20260401,38.07,38.13,37.83,38.02,37.82,0.2,0.5288,192769.33,732243.27,0.5,0.5,,,,,
000651.SZ,20260402,38.0,38.01,37.7,37.85,38.02,-0.17,-0.4471,196462.35,743233.958,0.5,0.5,,,,,
000651.SZ,20260403,37.81,37.91,37.38,37.47,37.85,-0.38,-1.004,172135.19,646629.952,0.5,0.5,,,,,
000651.SZ,20260407,37.48,37.51,37.07,37.33,37.47,-0.14,-0.3736,208340.69,775656.492,0.5,0.5,,,,,
000651.SZ,20260408,37.64,37.86,37.6,37.8,37.33,0.47,1.259,285020.74,1075869.149,0.5,0.5,,,,,
000651.SZ,20260409,37.6,37.78,37.21,37.32,37.8,-0.48,-1.2698,254751.96,952135.812,0.5,0.5,,,,,
000651.SZ,20260410,37.29,37.44,37.15,37.34,37.32,0.02,0.0536,171311.85,639939.705,0.5,0.5,,,,,
000651.SZ,20260413,37.28,37.28,37.04,37.16,37.34,-0.18,-0.4821,184075.16,683305.358,0.5,0.5,,,,,
000651.SZ,20260414,37.2,37.35,37.1,37.28,37.16,0.12,0.3229,201059.0,747700.876,0.5,0.5,,,,,
000651.SZ,20260415,37.33,37.46,37.21,37.39,37.28,0.11,0.2951,223351.68,834462.048,0.5,0.5,,,,,
000651.SZ,20260416,37.4,37.52,37.23,37.32,37.39,-0.07,-0.1872,219375.31,818475.411,0.5,0.5,,,,,
000651.SZ,20260417,37.25,37.25,36.93,36.95,37.32,-0.37,-0.9914,389503.5,1440862.486,0.5,0.5,,,,,
000651.SZ,20260420,36.93,37.01,36.8,36.94,36.95,-0.01,-0.0271,269786.43,995994.349,0.5,0.5,,,,,
000651.SZ,20260421,36.98,37.2,36.88,36.91,36.94,-0.03,-0.0812,276516.61,1023172.301,0.5,0.5,,,,,
000651.SZ,20260422,36.91,36.95,36.61,36.94,36.91,0.03,0.0813,227738.63,838683.088,0.5,0.5,,,,,
000651.SZ,20260423,36.95,37.08,36.78,36.96,36.94,0.02,0.0541,225089.45,830889.313,0.5,0.5,,,,,
000651.SZ,20260424,36.81,37.16,36.71,37.11,36.96,0.15,0.4058,308383.24,1141101.913,0.5,0.5,,,,,
000651.SZ,20260427,37.01,37.85,36.98,37.51,37.11,0.4,1.0779,451723.56,1694388.405,0.5,0.5,,,,,
000651.SZ,20260428,37.41,38.47,37.36,38.44,37.51,0.93,2.4793,725042.86,2755183.336,0.5,0.5,,,,,
000651.SZ,20260429,39.99,40.88,39.6,40.47,38.44,2.03,5.281,2007040.92,8098172.738,0.5,0.5,,,,,
000651.SZ,20260430,40.49,40.86,40.05,40.05,40.47,-0.42,-1.0378,764381.86,3084996.599,0.5,0.5,,,,,
000651.SZ,20260506,40.0,40.15,39.51,39.95,40.05,-0.1,-0.2497,617800.35,2456659.973,0.5,0.5,,,,,
000651.SZ,20260507,39.9,40.27,39.75,39.89,39.95,-0.06,-0.1502,437507.65,1747721.64,0.5,0.5,,,,,
000651.SZ,20260508,39.85,40.19,39.77,39.91,39.89,0.02,0.0501,387755.61,1550905.021,0.5,0.5,,,,,
000651.SZ,20260511,39.85,40.7,39.6,40.46,39.91,0.55,1.3781,679353.85,2746551.242,0.5,0.5,,,,,
000651.SZ,20260512,40.45,40.85,40.22,40.34,40.46,-0.12,-0.2966,464724.6,1882458.841,0.5,0.5,,,,,
000651.SZ,20260513,40.29,40.56,40.08,40.3,40.34,-0.04,-0.0992,337820.1,1360917.808,0.5,0.5,,,,,
000651.SZ,20260514,40.25,40.59,40.12,40.22,40.3,-0.08,-0.1985,373002.35,1505627.121,0.5,0.5,,,,,
000651.SZ,20260515,40.09,40.68,39.92,40.28,40.22,0.06,0.1492,489795.73,1981438.233,0.5,0.5,,,,,
000651.SZ,20260518,40.24,40.6,39.61,39.71,40.28,-0.57,-1.4151,402090.61,1607481.15,0.5,0.5,,,,,
000651.SZ,20260519,39.7,39.9,39.45,39.56,39.71,-0.15,-0.3777,400945.9,1587822.667,0.5,0.5,,,,,
000651.SZ,20260520,39.56,39.72,39.16,39.51,39.56,-0.05,-0.1264,342672.26,1353385.816,0.5,0.5,,,,,
000651.SZ,20260521,39.51,39.6,38.82,38.86,39.51,-0.65,-1.6452,362240.13,1420574.383,0.5,0.5,,,,,
000651.SZ,20260522,38.9,38.99,38.42,38.74,38.86,-0.12,-0.3088,386699.56,1495945.911,0.5,0.5,,,,,
000651.SZ,20260525,38.74,39.12,38.4,38.63,38.74,-0.11,-0.2839,325132.83,1261335.417,0.5,0.5,,,,,
000651.SZ,20260526,38.6,39.0,38.47,38.88,38.63,0.25,0.6472,336833.54,1302961.286,0.5,0.5,,,,,
000651.SZ,20260527,38.8,39.08,38.24,38.61,38.88,-0.27,-0.6944,384819.74,1483103.981,0.5,0.5,,,,,
000651.SZ,20260528,38.4,38.49,37.8,37.88,38.61,-0.73,-1.8907,376928.67,1432603.892,0.5,0.5,,,,,
000651.SZ,20260529,38.0,39.38,38.0,39.17,37.88,1.29,3.4055,694772.3,2713373.141,0.5,0.5,,,,,
000651.SZ,20260601,38.9,39.29,38.63,39.09,39.17,-0.08,-0.2042,486477.35,1898417.139,0.5,0.5,,,,,
000651.SZ,20260602,39.09,39.73,39.0,39.52,39.09,0.43,1.1,462827.66,1826653.783,0.5,0.5,,,,,
000651.SZ,20260603,39.52,39.68,39.33,39.5,39.52,-0.02,-0.0506,298355.48,1178242.326,0.5,0.5,,,,,
000651.SZ,20260604,39.5,39.86,38.8,38.88,39.5,-0.62,-1.5696,390448.05,1531421.75,0.5,0.5,,,,,
000651.SZ,20260605,38.7,39.27,38.42,38.46,38.88,-0.42,-1.0802,367640.69,1424485.747,0.5,0.5,,,,,
000651.SZ,20260608,38.21,38.59,37.93,38.11,38.46,-0.35,-0.91,342635.27,1310397.168,0.5,0.5,,,,,
000651.SZ,20260609,38.02,38.08,37.59,37.88,38.11,-0.23,-0.6035,397146.11,1501129.04825,0.5,0.5,,,,,
000651.SZ,20260610,37.86,38.39,37.62,38.2,37.88,0.32,0.8448,347449.86,1323611.74457,0.5,0.5,,,,,
000651.SZ,20260611,38.13,38.65,37.99,38.5,38.2,0.3,0.7853,384456.16,1474382.44729,0.5,0.5,,,,,
601012.SH,20210615,109.5,111.0,105.1,106.01,109.5,-3.49,-3.1872,776046.0,8323894.281,0.5,0.5,,,,,
601012.SH,20210616,104.76,106.0,99.1,100.63,106.01,-5.38,-5.075,782990.3,7959864.213,0.5,0.5,,,,,
601012.SH,20210617,101.65,103.16,100.4,102.62,100.63,1.99,1.9775,499868.66,5100039.304,0.5,0.5,,,,,
601012.SH,20210618,103.16,108.59,102.2,106.53,102.62,3.91,3.8102,662764.07,7032931.926,0.5,0.5,,,,,
601012.SH,20210621,106.2,111.0,103.98,109.05,106.53,2.52,2.3655,604883.67,6565352.165,0.5,0.5,,,,,
601012.SH,20210622,110.4,110.95,106.49,109.7,109.05,0.65,0.5961,469052.97,5092806.482,0.5,0.5,,,,,
601012.SH,20210623,79.28,82.41,78.8,79.78,78.18,1.6,2.0466,899358.44,7269308.582,0.5,0.5,,,,,
601012.SH,20210624,81.6,85.38,79.62,84.15,79.78,4.37,5.4776,1244492.48,10301049.89,0.5,0.5,,,,,
601012.SH,20210625,84.15,88.3,83.33,86.16,84.15,2.01,2.3886,1059874.16,9172484.221,0.5,0.5,,,,,
601012.SH,20210628,86.2,87.99,85.18,85.7,86.16,-0.46,-0.5339,867290.84,7484516.048,0.5,0.5,,,,,
601012.SH,20210629,86.08,90.15,86.08,88.8,85.7,3.1,3.6173,1247146.29,11073919.843,0.5,0.5,,,,,
601012.SH,20210630,87.54,89.89,86.77,88.84,88.8,0.04,0.045,707115.85,6236438.217,0.5,0.5,,,,,
601012.SH,20210701,88.88,89.49,85.0,85.12,88.84,-3.72,-4.1873,991660.54,8542296.904,0.5,0.5,,,,,
601012.SH,20210702,83.49,85.47,81.6,82.66,85.12,-2.46,-2.89,1086764.18,9032383.081,0.5,0.5,,,,,
601012.SH,20210705,82.65,84.81,82.5,84.06,82.66,1.4,1.6937,715234.53,5972121.444,0.5,0.5,,,,,
601012.SH,20210706,84.14,85.24,80.91,82.77,84.06,-1.29,-1.5346,949821.62,7858809.845,0.5,0.5,,,,,
601012.SH,20210707,81.4,89.88,80.67,89.88,82.77,7.11,8.5901,1477927.35,12778774.86,0.5,0.5,,,,,
601012.SH,20210708,90.0,93.0,89.0,90.7,89.88,0.82,0.9123,1247019.19,11369312.638,0.5,0.5,,,,,
601012.SH,20210709,89.36,92.99,87.15,91.93,90.7,1.23,1.3561,1164085.75,10494977.357,0.5,0.5,,,,,
601012.SH,20210712,92.05,94.28,90.66,91.37,91.93,-0.56,-0.6092,1066938.27,9849152.814,0.5,0.5,,,,,
601012.SH,20210713,90.5,92.8,89.02,89.36,91.37,-2.01,-2.1998,980265.98,8843854.205,0.5,0.5,,,,,
601012.SH,20210714,89.24,90.15,86.68,87.5,89.36,-1.86,-2.0815,876998.84,7727611.558,0.5,0.5,,,,,
601012.SH,20210715,86.5,93.35,86.28,93.13,87.5,5.63,6.4343,1274373.72,11590975.162,0.5,0.5,,,,,
601012.SH,20210716,93.0,93.45,88.88,89.0,93.13,-4.13,-4.4347,980786.34,8926463.82,0.5,0.5,,,,,
601012.SH,20210719,88.5,90.8,86.8,88.12,89.0,-0.88,-0.9888,823849.13,7284720.05,0.5,0.5,,,,,
601012.SH,20210720,87.15,90.6,86.86,89.55,88.12,1.43,1.6228,638204.36,5701557.03,0.5,0.5,,,,,
601012.SH,20210721,90.98,94.5,90.06,93.23,89.55,3.68,4.1094,1094846.36,10150943.843,0.5,0.5,,,,,
601012.SH,20210722,94.0,94.69,91.6,92.98,93.23,-0.25,-0.2682,801304.13,7439512.377,0.5,0.5,,,,,
601012.SH,20210723,92.55,95.45,92.0,92.29,92.98,-0.69,-0.7421,803540.63,7511485.544,0.5,0.5,,,,,
601012.SH,20210726,91.35,91.68,84.21,88.45,92.29,-3.84,-4.1608,1390852.84,12280092.219,0.5,0.5,,,,,
601012.SH,20210727,88.0,89.98,83.61,83.69,88.45,-4.76,-5.3816,1080943.86,9393704.697,0.5,0.5,,,,,
601012.SH,20210728,82.0,86.43,80.33,85.47,83.69,1.78,2.1269,1120521.52,9416049.095,0.5,0.5,,,,,
601012.SH,20210729,88.0,90.43,85.9,89.7,85.47,4.23,4.9491,1095809.77,9672878.658,0.5,0.5,,,,,
601012.SH,20210730,89.38,89.38,85.36,85.92,89.7,-3.78,-4.214,1046093.62,9115571.578,0.5,0.5,,,,,
601012.SH,20210802,84.85,89.0,83.62,86.62,85.92,0.7,0.8147,880488.08,7621433.71,0.5,0.5,,,,,
601012.SH,20210803,87.8,88.18,83.85,85.17,86.62,-1.45,-1.674,752269.79,6457124.46,0.5,0.5,,,,,
601012.SH,20210804,85.17,92.58,85.02,91.98,85.17,6.81,7.9958,1710555.01,15460749.539,0.5,0.5,,,,,
601012.SH,20210805,91.68,95.15,90.01,93.17,91.98,1.19,1.2938,1224974.29,11373091.051,0.5,0.5,,,,,
601012.SH,20210806,93.18,95.32,91.4,91.9,93.17,-1.27,-1.3631,804946.15,7491539.097,0.5,0.5,,,,,
601012.SH,20210809,91.79,91.79,86.6,88.03,91.9,-3.87,-4.2111,1019556.64,8965651.868,0.5,0.5,,,,,
601012.SH,20210810,88.5,89.08,85.88,87.28,88.03,-0.75,-0.852,861531.89,7492294.317,0.5,0.5,,,,,
601012.SH,20210811,87.3,87.39,85.0,86.12,87.28,-1.16,-1.3291,748326.77,6423120.943,0.5,0.5,,,,,
601012.SH,20210812,86.0,87.09,83.8,86.64,86.12,0.52,0.6038,870289.16,7433154.632,0.5,0.5,,,,,
601012.SH,20210813,85.0,86.0,83.94,84.16,86.64,-2.48,-2.8624,804451.99,6800290.559,0.5,0.5,,,,,
601012.SH,20210816,83.13,85.49,82.6,84.77,84.16,0.61,0.7248,600712.6,5073982.578,0.5,0.5,,,,,
601012.SH,20210817,85.2,86.68,83.98,85.0,84.77,0.23,0.2713,741639.94,6350971.129,0.5,0.5,,,,,
601012.SH,20210818,84.14,85.5,80.58,81.98,85.0,-3.02,-3.5529,973817.93,8050117.083,0.5,0.5,,,,,
601012.SH,20210819,81.9,82.8,77.11,80.39,81.98,-1.59,-1.9395,1242399.96,9902694.459,0.5,0.5,,,,,
601012.SH,20210820,79.59,81.4,78.28,79.12,80.39,-1.27,-1.5798,704668.82,5607786.097,0.5,0.5,,,,,
601012.SH,20210823,79.55,81.2,77.5,80.75,79.12,1.63,2.0602,830602.39,6605005.82,0.5,0.5,,,,,
601012.SH,20210824,81.55,86.0,80.66,84.14,80.75,3.39,4.1981,1196427.34,10048701.932,0.5,0.5,,,,,
601012.SH,20210825,85.01,88.88,84.29,88.13,84.14,3.99,4.7421,1294191.33,11228242.129,0.5,0.5,,,,,
601012.SH,20210826,88.7,89.8,85.98,86.0,88.13,-2.13,-2.4169,906196.9,7949342.292,0.5,0.5,,,,,
601012.SH,20210827,86.0,91.32,86.0,90.81,86.0,4.81,5.593,1365770.33,12300172.718,0.5,0.5,,,,,
601012.SH,20210830,92.75,98.58,91.5,97.3,90.81,6.49,7.1468,1819453.39,17373353.033,0.5,0.5,,,,,
601012.SH,20210831,94.88,94.88,88.18,89.46,97.3,-7.84,-8.0576,1787543.84,16270744.09,0.5,0.5,,,,,
601012.SH,20210901,87.6,88.6,83.28,85.03,89.46,-4.43,-4.9519,1305172.19,11191296.413,0.5,0.5,,,,,
601012.SH,20210902,85.68,88.88,85.68,88.14,85.03,3.11,3.6575,844706.1,7404629.66,0.5,0.5,,,,,
601012.SH,20210903,89.4,91.3,84.96,85.59,88.14,-2.55,-2.8931,948805.63,8352280.944,0.5,0.5,,,,,
601012.SH,20210906,87.0,87.54,83.19,86.03,85.59,0.44,0.5141,756985.31,6448861.515,0.5,0.5,,,,,
601012.SH,20210907,86.5,87.51,84.58,87.51,86.03,1.48,1.7203,650985.48,5626859.215,0.5,0.5,,,,,
601012.SH,20210908,87.89,88.8,84.0,84.68,87.51,-2.83,-3.2339,883826.87,7571000.404,0.5,0.5,,,,,
601012.SH,20210909,84.0,84.5,81.0,82.79,84.68,-1.89,-2.2319,1094680.59,9005172.54,0.5,0.5,,,,,
601012.SH,20210910,82.0,84.34,81.21,83.81,82.79,1.02,1.232,701638.92,5823971.111,0.5,0.5,,,,,
601012.SH,20210913,83.83,83.83,80.57,81.4,83.81,-2.41,-2.8756,868883.06,7087003.428,0.5,0.5,,,,,
601012.SH,20210914,81.16,83.47,80.62,81.91,81.4,0.51,0.6265,800552.55,6562793.676,0.5,0.5,,,,,
601012.SH,20210915,83.2,84.7,82.69,84.1,81.91,2.19,2.6737,865061.97,7249086.737,0.5,0.5,,,,,
601012.SH,20210916,85.0,85.01,81.01,81.01,84.1,-3.09,-3.6742,802577.31,6573777.93,0.5,0.5,,,,,
601012.SH,20210917,80.65,81.68,79.0,80.2,81.01,-0.81,-0.9999,684169.51,5469904.506,0.5,0.5,,,,,
601012.SH,20210922,78.78,81.5,78.52,80.35,80.2,0.15,0.187,414371.25,3329593.451,0.5,0.5,,,,,
601012.SH,20210923,81.05,81.34,79.71,80.19,80.35,-0.16,-0.1991,517373.88,4147301.497,0.5,0.5,,,,,
601012.SH,20210924,80.25,83.16,78.62,81.81,80.19,1.62,2.0202,776357.62,6315356.336,0.5,0.5,,,,,
601012.SH,20210927,82.79,83.49,80.51,82.98,81.81,1.17,1.4301,809012.32,6669234.399,0.5,0.5,,,,,
601012.SH,20210928,82.95,83.65,81.06,81.56,82.98,-1.42,-1.7113,483319.03,3970659.443,0.5,0.5,,,,,
601012.SH,20210929,80.1,82.5,79.35,81.07,81.56,-0.49,-0.6008,556547.75,4524582.855,0.5,0.5,,,,,
601012.SH,20210930,81.1,83.2,81.1,82.48,81.07,1.41,1.7392,491998.78,4061710.412,0.5,0.5,,,,,
601012.SH,20211008,83.2,83.35,78.76,79.55,82.48,-2.93,-3.5524,814869.54,6559348.626,0.5,0.5,,,,,
601012.SH,20211011,79.65,80.37,77.44,78.45,79.55,-1.1,-1.3828,645778.48,5090438.826,0.5,0.5,,,,,
601012.SH,20211012,78.51,79.24,77.26,78.15,78.45,-0.3,-0.3824,495737.4,3875041.4,0.5,0.5,,,,,
601012.SH,20211013,78.88,83.37,78.88,83.21,78.15,5.06,6.4747,1041915.61,8514613.645,0.5,0.5,,,,,
601012.SH,20211014,83.03,83.63,81.62,82.05,83.21,-1.16,-1.3941,530644.01,4381512.07,0.5,0.5,,,,,
601012.SH,20211015,82.0,85.5,81.32,85.0,82.05,2.95,3.5954,984941.16,8300943.441,0.5,0.5,,,,,
601012.SH,20211018,86.8,88.0,84.0,86.03,85.0,1.03,1.2118,705853.59,6052956.799,0.5,0.5,,,,,
601012.SH,20211019,87.32,87.35,84.68,84.99,86.03,-1.04,-1.2089,490066.64,4189600.311,0.5,0.5,,,,,
601012.SH,20211020,84.8,89.99,84.65,87.86,84.99,2.87,3.3769,1068797.79,9453783.713,0.5,0.5,,,,,
601012.SH,20211021,87.01,87.32,83.6,84.42,87.86,-3.44,-3.9153,850080.15,7224332.995,0.5,0.5,,,,,
601012.SH,20211022,83.88,85.55,82.99,84.62,84.42,0.2,0.2369,560814.87,4733585.769,0.5,0.5,,,,,
601012.SH,20211025,84.62,89.22,84.5,88.0,84.62,3.38,3.9943,983623.06,8657123.837,0.5,0.5,,,,,
601012.SH,20211026,88.7,89.43,86.38,86.4,88.0,-1.6,-1.8182,603432.09,5276105.072,0.5,0.5,,,,,
601012.SH,20211027,86.5,89.6,86.0,88.41,86.4,2.01,2.3264,919677.86,8130554.23,0.5,0.5,,,,,
601012.SH,20211028,88.87,90.1,87.87,89.12,88.41,0.71,0.8031,912002.05,8152928.25,0.5,0.5,,,,,
601012.SH,20211029,89.3,97.88,87.31,97.69,89.12,8.57,9.6162,2243625.46,20935018.521,0.5,0.5,,,,,
601012.SH,20211101,97.49,103.3,96.61,100.2,97.69,2.51,2.5694,1944072.46,19424256.083,0.5,0.5,,,,,
601012.SH,20211102,100.0,102.77,98.74,99.98,100.2,-0.22,-0.2196,1225231.8,12328218.343,0.5,0.5,,,,,
601012.SH,20211103,98.0,99.02,90.18,91.0,99.98,-8.98,-8.9818,1993184.53,18736269.021,0.5,0.5,,,,,
601012.SH,20211104,93.0,95.18,91.38,92.5,91.0,1.5,1.6484,1297883.17,12132851.485,0.5,0.5,,,,,
601012.SH,20211105,89.01,92.1,86.22,90.0,92.5,-2.5,-2.7027,1202335.89,10722588.125,0.5,0.5,,,,,
601012.SH,20211108,88.98,92.21,88.5,91.7,90.0,1.7,1.8889,700955.95,6370719.745,0.5,0.5,,,,,
601012.SH,20211109,94.45,94.9,92.31,93.13,91.7,1.43,1.5594,715354.16,6693126.099,0.5,0.5,,,,,
601012.SH,20211110,92.1,96.45,91.8,94.8,93.13,1.67,1.7932,791830.55,7439220.804,0.5,0.5,,,,,
601012.SH,20211111,96.99,98.0,93.45,95.79,94.8,0.99,1.0443,759114.72,7281845.505,0.5,0.5,,,,,
601012.SH,20211112,97.11,97.85,94.5,94.77,95.79,-1.02,-1.0648,627620.62,6029396.184,0.5,0.5,,,,,
601012.SH,20211115,93.89,93.89,90.9,92.29,94.77,-2.48,-2.6169,640533.94,5898307.672,0.5,0.5,,,,,
601012.SH,20211116,92.3,92.81,89.75,89.98,92.29,-2.31,-2.503,533498.9,4844123.957,0.5,0.5,,,,,
601012.SH,20211117,90.7,93.18,88.94,91.29,89.98,1.31,1.4559,854881.54,7779495.324,0.5,0.5,,,,,
601012.SH,20211118,91.2,91.2,87.66,89.72,91.29,-1.57,-1.7198,724481.59,6466310.692,0.5,0.5,,,,,
601012.SH,20211119,89.59,92.63,88.03,91.89,89.72,2.17,2.4186,878592.09,7934764.925,0.5,0.5,,,,,
601012.SH,20211122,92.8,93.27,90.36,92.18,91.89,0.29,0.3156,899454.39,8255305.045,0.5,0.5,,,,,
601012.SH,20211123,91.48,95.25,91.23,92.78,92.18,0.6,0.6509,817411.51,7654805.876,0.5,0.5,,,,,
601012.SH,20211124,93.61,93.7,89.67,90.77,92.78,-2.01,-2.1664,750539.01,6839301.494,0.5,0.5,,,,,
601012.SH,20211125,90.0,90.0,86.65,87.44,90.77,-3.33,-3.6686,1067463.05,9373395.937,0.5,0.5,,,,,
601012.SH,20211126,87.0,88.15,86.26,87.35,87.44,-0.09,-0.1029,563558.57,4907340.358,0.5,0.5,,,,,
601012.SH,20211129,86.0,88.16,85.42,87.99,87.35,0.64,0.7327,541898.43,4720275.017,0.5,0.5,,,,,
601012.SH,20211130,88.19,88.58,86.44,87.42,87.99,-0.57,-0.6478,430959.19,3772926.278,0.5,0.5,,,,,
601012.SH,20211201,85.77,86.21,83.02,84.06,87.42,-3.36,-3.8435,1195721.52,10072294.774,0.5,0.5,,,,,
601012.SH,20211202,83.3,84.3,82.76,83.13,84.06,-0.93,-1.1064,635100.64,5291846.726,0.5,0.5,,,,,
601012.SH,20211203,82.8,82.81,80.05,82.24,83.13,-0.89,-1.0706,1021424.77,8287662.74,0.5,0.5,,,,,
601012.SH,20211206,82.0,83.49,81.55,81.89,82.24,-0.35,-0.4256,629615.14,5185917.704,0.5,0.5,,,,,
601012.SH,20211207,82.6,83.98,81.05,83.97,81.89,2.08,2.54,748803.32,6160668.492,0.5,0.5,,,,,
601012.SH,20211208,84.5,84.69,82.59,84.16,83.97,0.19,0.2263,730796.8,6125878.363,0.5,0.5,,,,,
601012.SH,20211209,83.68,85.6,83.43,85.0,84.16,0.84,0.9981,617135.02,5237739.072,0.5,0.5,,,,,
601012.SH,20211210,84.52,87.5,83.99,86.81,85.0,1.81,2.1294,752874.19,6483385.137,0.5,0.5,,,,,
601012.SH,20211213,86.81,89.23,86.1,87.68,86.81,0.87,1.0022,801774.05,7064169.374,0.5,0.5,,,,,
601012.SH,20211214,87.8,88.32,86.01,86.54,87.68,-1.14,-1.3002,484982.25,4216633.69,0.5,0.5,,,,,
601012.SH,20211215,85.98,87.3,85.0,85.3,86.54,-1.24,-1.4329,495054.07,4245867.01,0.5,0.5,,,,,
601012.SH,20211216,85.05,86.14,84.81,85.48,85.3,0.18,0.211,381490.1,3254688.183,0.5,0.5,,,,,
601012.SH,20211217,83.5,84.33,81.5,81.9,85.48,-3.58,-4.1881,821855.8,6786065.372,0.5,0.5,,,,,
601012.SH,20211220,81.03,81.7,79.17,80.49,81.9,-1.41,-1.7216,657109.68,5268908.782,0.5,0.5,,,,,
601012.SH,20211221,80.32,81.0,79.22,80.98,80.49,0.49,0.6088,485882.11,3890425.826,0.5,0.5,,,,,
601012.SH,20211222,81.8,81.8,79.97,80.11,80.98,-0.87,-1.0743,402722.35,3234249.928,0.5,0.5,,,,,
601012.SH,20211223,79.56,81.0,79.3,80.2,80.11,0.09,0.1123,440369.98,3531361.326,0.5,0.5,,,,,
601012.SH,20211224,80.01,80.18,77.8,77.88,80.2,-2.32,-2.8928,675514.77,5289874.96,0.5,0.5,,,,,
601012.SH,20211227,77.7,79.25,77.26,78.14,77.88,0.26,0.3338,407901.72,3192025.306,0.5,0.5,,,,,
601012.SH,20211228,78.0,81.9,77.6,81.55,78.14,3.41,4.364,686944.14,5504813.491,0.5,0.5,,,,,
601012.SH,20211229,81.18,82.95,80.8,82.01,81.55,0.46,0.5641,528763.7,4344087.235,0.5,0.5,,,,,
601012.SH,20211230,82.3,83.99,80.51,81.23,82.01,-0.78,-0.9511,632874.37,5210227.414,0.5,0.5,,,,,
601012.SH,20211231,84.0,87.33,84.0,86.2,81.23,4.97,6.1184,1213771.67,10420525.923,0.5,0.5,,,,,
601012.SH,20220104,86.48,88.02,82.62,84.86,86.2,-1.34,-1.5545,881243.34,7463050.368,0.5,0.5,,,,,
601012.SH,20220105,84.8,84.8,81.19,81.47,84.86,-3.39,-3.9948,631038.44,5206534.639,0.5,0.5,,,,,
601012.SH,20220106,80.0,81.8,79.36,80.55,81.47,-0.92,-1.1293,436892.83,3520049.198,0.5,0.5,,,,,
601012.SH,20220107,80.71,81.97,79.66,80.27,80.55,-0.28,-0.3476,481170.45,3880542.651,0.5,0.5,,,,,
601012.SH,20220110,80.4,81.27,79.18,79.7,80.27,-0.57,-0.7101,405478.53,3236932.099,0.5,0.5,,,,,
601012.SH,20220111,79.4,79.97,77.6,77.98,79.7,-1.72,-2.1581,534768.14,4183417.242,0.5,0.5,,,,,
601012.SH,20220112,78.79,80.66,78.1,80.2,77.98,2.22,2.8469,497164.04,3960998.763,0.5,0.5,,,,,
601012.SH,20220113,80.5,80.6,78.5,79.25,80.2,-0.95,-1.1845,348843.75,2766337.478,0.5,0.5,,,,,
601012.SH,20220114,78.9,80.49,78.29,79.25,79.25,0.0,0.0,350270.29,2776847.736,0.5,0.5,,,,,
601012.SH,20220117,80.88,82.41,80.1,81.01,79.25,1.76,2.2208,499007.21,4056716.936,0.5,0.5,,,,,
601012.SH,20220118,80.63,81.3,78.99,79.51,81.01,-1.5,-1.8516,432470.28,3461272.634,0.5,0.5,,,,,
601012.SH,20220119,79.19,79.3,77.89,78.51,79.51,-1.0,-1.2577,345669.22,2707394.711,0.5,0.5,,,,,
601012.SH,20220120,78.0,78.58,77.58,78.2,78.51,-0.31,-0.3949,283250.86,2210017.372,0.5,0.5,,,,,
601012.SH,20220121,78.0,78.0,75.62,76.0,78.2,-2.2,-2.8133,582371.98,4448835.188,0.5,0.5,,,,,
601012.SH,20220124,75.5,77.7,73.83,76.54,76.0,0.54,0.7105,508964.41,3867749.416,0.5,0.5,,,,,
601012.SH,20220125,75.4,77.0,74.31,74.45,76.54,-2.09,-2.7306,441927.85,3340132.478,0.5,0.5,,,,,
601012.SH,20220126,75.21,77.7,74.81,77.31,74.45,2.86,3.8415,566340.09,4329721.561,0.5,0.5,,,,,
601012.SH,20220127,76.9,77.0,74.3,74.43,77.31,-2.88,-3.7253,525137.01,3960290.547,0.5,0.5,,,,,
601012.SH,20220128,75.05,75.52,67.2,70.11,74.43,-4.32,-5.8041,1040467.97,7340734.965,0.5,0.5,,,,,
601012.SH,20220207,71.6,74.33,70.91,73.22,70.11,3.11,4.4359,658894.67,4810433.612,0.5,0.5,,,,,
601012.SH,20220208,73.2,73.21,69.8,71.86,73.22,-1.36,-1.8574,486661.45,3466510.961,0.5,0.5,,,,,
601012.SH,20220209,72.08,72.43,70.28,71.18,71.86,-0.68,-0.9463,462379.59,3289853.745,0.5,0.5,,,,,
601012.SH,20220210,71.5,71.52,67.52,68.5,71.18,-2.68,-3.7651,795412.36,5474501.841,0.5,0.5,,,,,
601012.SH,20220211,67.0,68.14,64.8,65.15,68.5,-3.35,-4.8905,1020831.18,6757660.08,0.5,0.5,,,,,
601012.SH,20220214,64.74,66.24,63.54,65.33,65.15,0.18,0.2763,561971.79,3668216.729,0.5,0.5,,,,,
601012.SH,20220215,65.96,68.81,65.53,68.57,65.33,3.24,4.9594,715621.38,4824525.032,0.5,0.5,,,,,
601012.SH,20220216,69.4,69.4,67.7,68.07,68.57,-0.5,-0.7292,420373.44,2871941.998,0.5,0.5,,,,,
601012.SH,20220217,67.6,70.34,67.36,69.5,68.07,1.43,2.1008,622477.8,4334748.98,0.5,0.5,,,,,
601012.SH,20220218,69.0,69.3,67.72,68.55,69.5,-0.95,-1.3669,424514.77,2907300.629,0.5,0.5,,,,,
601012.SH,20220221,68.48,68.88,67.35,68.3,68.55,-0.25,-0.3647,326034.44,2218727.04,0.5,0.5,,,,,
601012.SH,20220222,67.57,70.18,66.6,69.09,68.3,0.79,1.1567,633489.67,4358814.443,0.5,0.5,,,,,
601012.SH,20220223,70.21,72.27,70.03,72.0,69.09,2.91,4.2119,790909.98,5649033.257,0.5,0.5,,,,,
601012.SH,20220224,71.65,75.3,71.07,73.05,72.0,1.05,1.4583,1082287.22,7934986.683,0.5,0.5,,,,,
601012.SH,20220225,75.0,76.25,73.5,74.56,73.05,1.51,2.0671,744178.64,5582305.873,0.5,0.5,,,,,
601012.SH,20220228,74.56,77.85,74.15,77.67,74.56,3.11,4.1711,869304.2,6647010.934,0.5,0.5,,,,,
601012.SH,20220301,80.5,81.86,79.32,80.05,77.67,2.38,3.0642,1077073.74,8664020.971,0.5,0.5,,,,,
601012.SH,20220302,80.02,80.48,77.27,80.05,80.05,0.0,0.0,674373.41,5331833.376,0.5,0.5,,,,,
601012.SH,20220303,80.35,80.63,78.19,78.49,80.05,-1.56,-1.9488,428574.02,3389613.931,0.5,0.5,,,,,
601012.SH,20220304,76.94,79.4,76.44,77.8,78.49,-0.69,-0.8791,411257.59,3209014.195,0.5,0.5,,,,,
601012.SH,20220307,76.96,78.77,75.49,76.8,77.8,-1.0,-1.2853,541834.96,4167608.872,0.5,0.5,,,,,
601012.SH,20220308,76.1,79.88,76.1,77.74,76.8,0.94,1.224,869178.16,6821768.626,0.5,0.5,,,,,
601012.SH,20220309,79.99,80.9,74.0,78.15,77.74,0.41,0.5274,933538.87,7257176.498,0.5,0.5,,,,,
601012.SH,20220310,81.6,82.83,81.2,81.74,78.15,3.59,4.5937,1167538.23,9573904.982,0.5,0.5,,,,,
601012.SH,20220311,80.12,82.3,78.66,80.51,81.74,-1.23,-1.5048,767911.9,6184126.516,0.5,0.5,,,,,
601012.SH,20220314,80.62,82.78,79.26,79.68,80.51,-0.83,-1.0309,640850.28,5199609.882,0.5,0.5,,,,,
601012.SH,20220315,78.38,80.76,76.66,77.4,79.68,-2.28,-2.8614,761873.07,5967391.277,0.5,0.5,,,,,
601012.SH,20220316,79.3,81.2,75.88,81.0,77.4,3.6,4.6512,977037.16,7729154.526,0.5,0.5,,,,,
601012.SH,20220317,83.0,83.59,80.35,80.72,81.0,-0.28,-0.3457,938953.39,7686029.331,0.5,0.5,,,,,
601012.SH,20220318,80.4,81.18,78.7,80.68,80.72,-0.04,-0.0496,442802.87,3539321.731,0.5,0.5,,,,,
601012.SH,20220321,80.79,83.0,80.5,82.59,80.68,1.91,2.3674,669539.56,5494079.065,0.5,0.5,,,,,
601012.SH,20220322,83.01,83.38,79.2,80.49,82.59,-2.1,-2.5427,508037.58,4122897.547,0.5,0.5,,,,,
601012.SH,20220323,81.01,81.99,79.43,80.5,80.49,0.01,0.0124,399804.53,3233477.34,0.5,0.5,,,,,
601012.SH,20220324,79.8,79.8,77.06,78.81,80.5,-1.69,-2.0994,522168.89,4086884.976,0.5,0.5,,,,,
601012.SH,20220325,78.8,78.8,75.8,75.9,78.81,-2.91,-3.6924,488688.67,3755647.628,0.5,0.5,,,,,
601012.SH,20220328,74.97,77.28,74.51,75.85,75.9,-0.05,-0.0659,472078.69,3591873.83,0.5,0.5,,,,,
601012.SH,20220329,76.48,77.68,73.4,74.34,75.85,-1.51,-1.9908,545709.14,4105629.836,0.5,0.5,,,,,
601012.SH,20220330,74.68,75.39,73.07,75.39,74.34,1.05,1.4124,645522.01,4819761.039,0.5,0.5,,,,,
601012.SH,20220331,75.3,75.3,71.63,72.19,75.39,-3.2,-4.2446,649706.01,4718237.571,0.5,0.5,,,,,
601012.SH,20220401,71.0,74.33,70.0,72.6,72.19,0.41,0.5679,505231.41,3661966.027,0.5,0.5,,,,,
601012.SH,20220406,70.0,70.08,68.0,68.6,72.6,-4.0,-5.5096,865522.35,5951088.531,0.5,0.5,,,,,
601012.SH,20220407,68.55,69.32,67.25,68.83,68.6,0.23,0.3353,497375.4,3406152.306,0.5,0.5,,,,,
601012.SH,20220408,68.83,69.66,66.84,67.9,68.83,-0.93,-1.3512,449961.01,3067662.338,0.5,0.5,,,,,
601012.SH,20220411,67.4,67.5,65.01,65.82,67.9,-2.08,-3.0633,565606.48,3736122.338,0.5,0.5,,,,,
601012.SH,20220412,66.98,67.26,65.5,66.86,65.82,1.04,1.5801,421667.29,2804527.742,0.5,0.5,,,,,
601012.SH,20220413,66.7,67.39,65.59,66.69,66.86,-0.17,-0.2543,369886.79,2468088.457,0.5,0.5,,,,,
601012.SH,20220414,67.5,67.88,65.8,67.03,66.69,0.34,0.5098,402115.12,2679158.353,0.5,0.5,,,,,
601012.SH,20220415,66.0,66.87,65.0,66.4,67.03,-0.63,-0.9399,449691.69,2962970.249,0.5,0.5,,,,,
601012.SH,20220418,65.93,69.72,65.34,69.2,66.4,2.8,4.2169,636219.96,4352382.946,0.5,0.5,,,,,
601012.SH,20220419,69.0,70.65,68.77,69.1,69.2,-0.1,-0.1445,467311.28,3252055.445,0.5,0.5,,,,,
601012.SH,20220420,67.2,68.45,66.66,66.8,69.1,-2.3,-3.3285,492728.43,3308356.457,0.5,0.5,,,,,
601012.SH,20220421,66.25,67.05,62.0,62.58,66.8,-4.22,-6.3174,850586.16,5436471.738,0.5,0.5,,,,,
601012.SH,20220422,61.0,62.4,60.8,62.0,62.58,-0.58,-0.9268,573135.98,3535533.385,0.5,0.5,,,,,
601012.SH,20220425,60.0,60.49,56.5,56.61,62.0,-5.39,-8.6935,700466.81,4085597.518,0.5,0.5,,,,,
601012.SH,20220426,56.61,58.87,56.2,57.17,56.61,0.56,0.9892,580948.19,3339825.278,0.5,0.5,,,,,
601012.SH,20220427,56.56,61.45,56.54,61.3,57.17,4.13,7.2241,761615.12,4523392.247,0.5,0.5,,,,,
601012.SH,20220428,60.0,66.0,57.04,64.58,61.3,3.28,5.3507,1069988.05,6788961.42,0.5,0.5,,,,,
601012.SH,20220429,64.99,68.7,64.08,67.96,64.58,3.38,5.2338,828603.16,5518580.028,0.5,0.5,,,,,
601012.SH,20220505,68.32,70.91,67.96,69.08,67.96,1.12,1.648,657867.42,4565492.426,0.5,0.5,,,,,
601012.SH,20220506,67.39,68.49,67.0,67.03,69.08,-2.05,-2.9676,390392.12,2637870.701,0.5,0.5,,,,,
601012.SH,20220509,66.69,70.0,66.4,69.33,67.03,2.3,3.4313,463673.27,3189375.422,0.5,0.5,,,,,
601012.SH,20220510,66.36,71.33,66.36,68.42,69.33,-0.91,-1.3126,606858.38,4199569.357,0.5,0.5,,,,,
601012.SH,20220511,68.9,73.0,68.87,71.4,68.42,2.98,4.3555,808779.61,5796750.859,0.5,0.5,,,,,
601012.SH,20220512,71.3,71.3,69.25,69.78,71.4,-1.62,-2.2689,526911.1,3687166.181,0.5,0.5,,,,,
601012.SH,20220513,70.87,71.03,69.22,69.76,69.78,-0.02,-0.0287,302237.55,2112679.235,0.5,0.5,,,,,
601012.SH,20220516,69.95,70.98,68.0,68.0,69.76,-1.76,-2.5229,422430.09,2907133.788,0.5,0.5,,,,,
601012.SH,20220517,68.5,71.0,68.2,70.31,68.0,2.31,3.3971,566168.43,3950175.784,0.5,0.5,,,,,
601012.SH,20220518,70.96,71.49,69.8,70.77,70.31,0.46,0.6542,493975.68,3488765.919,0.5,0.5,,,,,
601012.SH,20220519,70.2,75.91,69.8,75.17,70.77,4.4,6.2173,1058987.76,7795093.262,0.5,0.5,,,,,
601012.SH,20220520,75.6,77.44,75.29,76.68,75.17,1.51,2.0088,661734.81,5051233.566,0.5,0.5,,,,,
601012.SH,20220523,76.68,77.0,74.58,75.9,76.68,-0.78,-1.0172,422164.3,3195763.289,0.5,0.5,,,,,
601012.SH,20220524,75.92,76.4,73.36,73.43,75.9,-2.47,-3.2543,409643.88,3063350.429,0.5,0.5,,,,,
601012.SH,20220525,73.17,74.63,72.73,73.98,73.43,0.55,0.749,340880.6,2514086.153,0.5,0.5,,,,,
601012.SH,20220526,74.0,75.5,72.6,75.1,73.98,1.12,1.5139,439478.22,3272632.653,0.5,0.5,,,,,
601012.SH,20220527,76.01,77.48,74.68,75.12,75.1,0.02,0.0266,328856.22,2500213.779,0.5,0.5,,,,,
601012.SH,20220530,75.46,76.88,75.0,76.31,75.12,1.19,1.5841,417538.81,3185049.753,0.5,0.5,,,,,
601012.SH,20220531,78.17,79.29,77.17,79.2,76.31,2.89,3.7872,578347.44,4545943.82,0.5,0.5,,,,,
601012.SH,20220601,79.2,79.48,77.6,78.7,79.2,-0.5,-0.6313,335015.35,2632366.586,0.5,0.5,,,,,
601012.SH,20220602,79.0,80.17,78.0,79.98,78.7,1.28,1.6264,377225.29,3003191.42,0.5,0.5,,,,,
601012.SH,20220606,57.72,62.3,57.0,60.62,56.94,3.68,6.4629,1068502.03,6382247.895,0.5,0.5,,,,,
601012.SH,20220607,62.7,63.56,60.6,60.63,60.62,0.01,0.0165,1467264.39,9075963.991,0.5,0.5,,,,,
601012.SH,20220608,61.08,61.3,59.01,60.21,60.63,-0.42,-0.6927,974318.52,5842896.395,0.5,0.5,,,,,
601012.SH,20220609,60.21,61.59,59.9,60.98,60.21,0.77,1.2789,794660.6,4828508.525,0.5,0.5,,,,,
601012.SH,20220610,60.0,61.49,57.98,61.06,60.98,0.08,0.1312,941228.09,5680432.226,0.5,0.5,,,,,
601012.SH,20220613,60.01,61.54,59.9,60.74,61.06,-0.32,-0.5241,578385.24,3502771.215,0.5,0.5,,,,,
601012.SH,20220614,60.12,60.2,57.6,59.33,60.74,-1.41,-2.3214,973315.85,5729026.686,0.5,0.5,,,,,
601012.SH,20220615,59.33,59.97,57.5,58.5,59.33,-0.83,-1.399,981143.94,5740287.899,0.5,0.5,,,,,
601012.SH,20220616,58.49,60.54,58.4,59.95,58.5,1.45,2.4786,752996.62,4512323.107,0.5,0.5,,,,,
601012.SH,20220617,59.28,61.1,59.01,60.85,59.95,0.9,1.5013,795614.42,4821308.216,0.5,0.5,,,,,
601012.SH,20220620,61.46,61.6,60.05,60.77,60.85,-0.08,-0.1315,812626.93,4952559.763,0.5,0.5,,,,,
601012.SH,20220621,60.8,63.25,59.7,60.95,60.77,0.18,0.2962,945432.95,5784532.703,0.5,0.5,,,,,
601012.SH,20220622,60.95,62.86,60.5,61.35,60.95,0.4,0.6563,783960.99,4842506.223,0.5,0.5,,,,,
601012.SH,20220623,61.55,62.14,60.58,61.8,61.35,0.45,0.7335,630823.32,3877894.445,0.5,0.5,,,,,
601012.SH,20220624,62.95,64.5,62.51,64.35,61.8,2.55,4.1262,1220965.97,7805779.997,0.5,0.5,,,,,
601012.SH,20220627,65.48,65.5,63.88,64.58,64.35,0.23,0.3574,862732.76,5579044.599,0.5,0.5,,,,,
601012.SH,20220628,64.64,67.82,63.5,67.6,64.58,3.02,4.6764,1214056.19,7984170.241,0.5,0.5,,,,,
601012.SH,20220629,66.9,67.95,63.98,64.16,67.6,-3.44,-5.0888,1014553.38,6694290.261,0.5,0.5,,,,,
601012.SH,20220630,64.1,67.6,63.18,66.63,64.16,2.47,3.8498,1082376.92,7087642.427,0.5,0.5,,,,,
601012.SH,20220701,67.48,68.0,64.1,64.89,66.63,-1.74,-2.6114,964942.22,6383687.588,0.5,0.5,,,,,
601012.SH,20220704,62.7,65.49,62.68,64.37,64.89,-0.52,-0.8014,909954.9,5835528.469,0.5,0.5,,,,,
601012.SH,20220705,64.5,64.99,63.1,64.15,64.37,-0.22,-0.3418,756245.4,4829987.096,0.5,0.5,,,,,
601012.SH,20220706,64.15,64.91,62.68,63.5,64.15,-0.65,-1.0133,644829.93,4104494.368,0.5,0.5,,,,,
601012.SH,20220707,63.43,64.7,62.12,64.3,63.5,0.8,1.2598,831723.08,5292281.99,0.5,0.5,,,,,
601012.SH,20220708,65.12,65.39,62.08,62.18,64.3,-2.12,-3.297,823119.98,5200413.615,0.5,0.5,,,,,
601012.SH,20220711,61.3,61.48,59.48,60.24,62.18,-1.94,-3.12,841873.62,5065270.866,0.5,0.5,,,,,
601012.SH,20220712,60.56,60.94,58.63,58.93,60.24,-1.31,-2.1746,708078.36,4204998.3,0.5,0.5,,,,,
601012.SH,20220713,58.93,62.18,58.74,61.57,58.93,2.64,4.4799,934186.26,5684181.899,0.5,0.5,,,,,
601012.SH,20220714,61.57,62.99,60.95,61.91,61.57,0.34,0.5522,800665.19,4969889.431,0.5,0.5,,,,,
601012.SH,20220715,61.67,64.48,61.51,62.04,61.91,0.13,0.21,894543.3,5650569.124,0.5,0.5,,,,,
601012.SH,20220718,62.69,62.88,60.8,62.1,62.04,0.06,0.0967,581429.48,3594079.18,0.5,0.5,,,,,
601012.SH,20220719,62.11,62.29,59.7,60.15,62.1,-1.95,-3.1401,770319.34,4654383.895,0.5,0.5,,,,,
601012.SH,20220720,60.88,60.99,59.51,59.82,60.15,-0.33,-0.5486,529616.04,3177985.545,0.5,0.5,,,,,
601012.SH,20220721,59.78,60.28,59.01,59.13,59.82,-0.69,-1.1535,500101.58,2981266.274,0.5,0.5,,,,,
601012.SH,20220722,59.97,61.23,59.5,60.14,59.13,1.01,1.7081,793038.37,4778758.043,0.5,0.5,,,,,
601012.SH,20220725,60.5,60.62,58.6,58.81,60.14,-1.33,-2.2115,503600.16,2974756.362,0.5,0.5,,,,,
601012.SH,20220726,59.0,60.49,58.68,59.65,58.81,0.84,1.4283,532191.5,3179138.216,0.5,0.5,,,,,
601012.SH,20220727,59.7,61.75,59.46,61.26,59.65,1.61,2.6991,805225.67,4904723.492,0.5,0.5,,,,,
601012.SH,20220728,61.5,62.6,60.51,61.18,61.26,-0.08,-0.1306,732775.63,4527758.669,0.5,0.5,,,,,
601012.SH,20220729,61.38,62.88,61.21,61.5,61.18,0.32,0.523,723449.73,4485751.569,0.5,0.5,,,,,
601012.SH,20220801,61.7,61.8,59.5,61.21,61.5,-0.29,-0.4715,652370.86,3952084.411,0.5,0.5,,,,,
601012.SH,20220802,60.1,60.47,58.46,59.59,61.21,-1.62,-2.6466,878740.31,5216848.666,0.5,0.5,,,,,
601012.SH,20220803,59.59,60.6,56.2,56.86,59.59,-2.73,-4.5813,1150704.31,6661195.326,0.5,0.5,,,,,
601012.SH,20220804,56.86,57.2,54.7,55.76,56.86,-1.1,-1.9346,1094066.74,6095707.092,0.5,0.5,,,,,
601012.SH,20220805,56.19,56.79,55.32,56.73,55.76,0.97,1.7396,602352.9,3378928.661,0.5,0.5,,,,,
601012.SH,20220808,56.79,56.99,55.01,56.55,56.73,-0.18,-0.3173,666098.98,3740454.585,0.5,0.5,,,,,
601012.SH,20220809,56.55,58.86,55.81,58.08,56.55,1.53,2.7056,905645.17,5240197.68,0.5,0.5,,,,,
601012.SH,20220810,58.08,58.8,57.4,57.74,58.08,-0.34,-0.5854,521058.37,3015462.561,0.5,0.5,,,,,
601012.SH,20220811,58.35,58.49,56.5,58.0,57.74,0.26,0.4503,614884.7,3542737.515,0.5,0.5,,,,,
601012.SH,20220812,58.26,59.07,57.97,58.58,58.0,0.58,1.0,553616.83,3243473.875,0.5,0.5,,,,,
601012.SH,20220815,59.0,60.88,58.59,60.06,58.58,1.48,2.5265,644508.12,3873562.073,0.5,0.5,,,,,
601012.SH,20220816,60.06,61.32,59.79,60.39,60.06,0.33,0.5495,666592.74,4044248.292,0.5,0.5,,,,,
601012.SH,20220817,60.11,61.23,59.76,60.61,60.39,0.22,0.3643,568322.42,3451521.773,0.5,0.5,,,,,
601012.SH,20220818,61.1,61.74,60.63,60.93,60.61,0.32,0.528,597908.95,3653974.634,0.5,0.5,,,,,
601012.SH,20220819,60.88,60.88,55.92,56.12,60.93,-4.81,-7.8943,2060662.11,11805893.746,0.5,0.5,,,,,
601012.SH,20220822,54.89,54.9,52.09,53.41,56.12,-2.71,-4.8289,2157948.5,11499256.648,0.5,0.5,,,,,
601012.SH,20220823,53.42,55.55,53.42,54.2,53.41,0.79,1.4791,1216969.1,6618376.678,0.5,0.5,,,,,
601012.SH,20220824,54.19,54.19,52.38,52.68,54.2,-1.52,-2.8044,801353.82,4252953.111,0.5,0.5,,,,,
601012.SH,20220825,53.21,53.7,52.0,52.85,52.68,0.17,0.3227,848502.1,4488515.436,0.5,0.5,,,,,
601012.SH,20220826,53.13,53.8,52.84,53.06,52.85,0.21,0.3974,667885.75,3556473.102,0.5,0.5,,,,,
601012.SH,20220829,52.17,53.98,51.87,53.41,53.06,0.35,0.6596,627255.78,3341097.965,0.5,0.5,,,,,
601012.SH,20220830,53.45,53.78,52.3,52.8,53.41,-0.61,-1.1421,565857.32,2988106.431,0.5,0.5,,,,,
601012.SH,20220831,52.45,53.07,50.83,51.2,52.8,-1.6,-3.0303,892494.89,4602954.293,0.5,0.5,,,,,
601012.SH,20220901,51.3,52.17,51.22,51.65,51.2,0.45,0.8789,533745.86,2763635.597,0.5,0.5,,,,,
601012.SH,20220902,51.63,51.9,50.5,50.95,51.65,-0.7,-1.3553,502147.0,2563631.969,0.5,0.5,,,,,
601012.SH,20220905,50.78,51.29,49.8,50.49,50.95,-0.46,-0.9028,577163.95,2910545.446,0.5,0.5,,,,,
601012.SH,20220906,50.88,53.3,50.06,53.16,50.49,2.67,5.2882,1014903.25,5304717.802,0.5,0.5,,,,,
601012.SH,20220907,53.0,54.28,52.71,53.46,53.16,0.3,0.5643,713985.67,3842027.239,0.5,0.5,,,,,
601012.SH,20220908,53.56,54.28,53.0,53.39,53.46,-0.07,-0.1309,433170.52,2318732.972,0.5,0.5,,,,,
601012.SH,20220909,53.75,53.78,52.39,53.18,53.39,-0.21,-0.3933,440942.99,2332712.62,0.5,0.5,,,,,
601012.SH,20220913,53.62,53.8,52.28,53.27,53.18,0.09,0.1692,490469.02,2596031.517,0.5,0.5,,,,,
601012.SH,20220914,52.55,53.52,52.47,52.55,53.27,-0.72,-1.3516,378897.62,2001975.75,0.5,0.5,,,,,
601012.SH,20220915,52.7,53.02,48.5,48.66,52.55,-3.89,-7.4025,1227741.67,6114269.592,0.5,0.5,,,,,
601012.SH,20220916,48.66,49.3,48.3,48.3,48.66,-0.36,-0.7398,592732.57,2894756.037,0.5,0.5,,,,,
601012.SH,20220919,48.29,49.0,47.47,48.12,48.3,-0.18,-0.3727,601664.34,2885633.078,0.5,0.5,,,,,
601012.SH,20220920,48.85,50.65,48.85,50.04,48.12,1.92,3.99,650143.55,3251547.769,0.5,0.5,,,,,
601012.SH,20220921,49.92,50.4,49.13,49.19,50.04,-0.85,-1.6986,426385.94,2117558.887,0.5,0.5,,,,,
601012.SH,20220922,48.7,49.77,47.95,49.18,49.19,-0.01,-0.0203,347408.44,1704428.786,0.5,0.5,,,,,
601012.SH,20220923,48.8,49.78,48.28,48.54,49.18,-0.64,-1.3013,364645.79,1780360.928,0.5,0.5,,,,,
601012.SH,20220926,48.05,49.79,47.9,48.8,48.54,0.26,0.5356,508411.55,2489454.332,0.5,0.5,,,,,
601012.SH,20220927,48.72,49.6,48.3,48.99,48.8,0.19,0.3893,409249.03,1998378.065,0.5,0.5,,,,,
601012.SH,20220928,49.05,50.05,47.9,47.9,48.99,-1.09,-2.2249,505130.78,2470768.789,0.5,0.5,,,,,
601012.SH,20220929,48.56,50.3,48.3,50.08,47.9,2.18,4.5511,1006288.6,4998200.449,0.5,0.5,,,,,
601012.SH,20220930,49.78,50.15,47.8,47.91,50.08,-2.17,-4.3331,682745.27,3323563.189,0.5,0.5,,,,,
601012.SH,20221010,48.25,48.4,45.76,45.89,47.91,-2.02,-4.2162,576218.63,2679649.512,0.5,0.5,,,,,
601012.SH,20221011,45.85,46.96,45.45,46.51,45.89,0.62,1.3511,453283.97,2100616.386,0.5,0.5,,,,,
601012.SH,20221012,46.79,48.75,45.08,48.38,46.51,1.87,4.0206,747352.17,3497421.394,0.5,0.5,,,,,
601012.SH,20221013,48.22,48.66,46.89,47.0,48.38,-1.38,-2.8524,586109.9,2790192.907,0.5,0.5,,,,,
601012.SH,20221014,48.77,51.7,48.02,51.22,47.0,4.22,8.9787,1509223.1,7588160.635,0.5,0.5,,,,,
601012.SH,20221017,50.5,50.75,49.11,50.45,51.22,-0.77,-1.5033,862329.3,4313162.734,0.5,0.5,,,,,
601012.SH,20221018,50.5,51.28,49.7,50.05,50.45,-0.4,-0.7929,640500.13,3224643.601,0.5,0.5,,,,,
601012.SH,20221019,49.6,50.26,48.88,49.13,50.05,-0.92,-1.8382,507675.61,2508901.791,0.5,0.5,,,,,
601012.SH,20221020,48.3,48.44,46.85,47.18,49.13,-1.95,-3.9691,728716.0,3454094.001,0.5,0.5,,,,,
601012.SH,20221021,46.95,47.7,46.27,47.5,47.18,0.32,0.6783,628504.7,2957506.854,0.5,0.5,,,,,
601012.SH,20221024,46.99,47.61,45.18,45.88,47.5,-1.62,-3.4105,775946.91,3590767.689,0.5,0.5,,,,,
601012.SH,20221025,46.1,49.1,46.09,48.7,45.88,2.82,6.1465,1152769.48,5528064.606,0.5,0.5,,,,,
601012.SH,20221026,48.9,50.3,48.29,49.93,48.7,1.23,2.5257,815214.6,4040059.324,0.5,0.5,,,,,
601012.SH,20221027,50.99,52.18,50.35,50.35,49.93,0.42,0.8412,902624.57,4625099.787,0.5,0.5,,,,,
601012.SH,20221028,50.25,50.87,48.9,49.25,50.35,-1.1,-2.1847,578297.28,2876476.339,0.5,0.5,,,,,
601012.SH,20221031,49.0,49.55,47.62,47.98,49.25,-1.27,-2.5787,643908.95,3121113.105,0.5,0.5,,,,,
601012.SH,20221101,48.51,51.1,48.48,51.05,47.98,3.07,6.3985,963913.07,4836044.679,0.5,0.5,,,,,
601012.SH,20221102,50.49,52.36,50.25,51.56,51.05,0.51,0.999,839329.64,4319704.412,0.5,0.5,,,,,
601012.SH,20221103,51.8,53.36,49.91,50.12,51.56,-1.44,-2.7929,1114930.2,5718115.317,0.5,0.5,,,,,
601012.SH,20221104,50.42,52.63,50.04,52.4,50.12,2.28,4.5491,1032293.37,5355406.928,0.5,0.5,,,,,
601012.SH,20221107,51.98,52.5,51.45,52.11,52.4,-0.29,-0.5534,706372.0,3675547.85,0.5,0.5,,,,,
601012.SH,20221108,52.11,52.23,50.89,51.32,52.11,-0.79,-1.516,488579.38,2506862.868,0.5,0.5,,,,,
601012.SH,20221109,51.33,51.33,49.6,49.96,51.32,-1.36,-2.65,610636.67,3059615.401,0.5,0.5,,,,,
601012.SH,20221110,49.01,49.31,48.02,48.36,49.96,-1.6,-3.2026,760251.38,3686003.571,0.5,0.5,,,,,
601012.SH,20221111,50.18,50.37,47.8,48.34,48.36,-0.02,-0.0414,1198304.48,5836039.549,0.5,0.5,,,,,
601012.SH,20221114,48.34,48.58,47.0,47.35,48.34,-0.99,-2.048,932591.58,4435893.602,0.5,0.5,,,,,
601012.SH,20221115,47.43,48.25,47.16,47.97,47.35,0.62,1.3094,1053630.39,5026287.057,0.5,0.5,,,,,
601012.SH,20221116,47.85,47.85,46.5,46.65,47.97,-1.32,-2.7517,1091583.42,5132416.171,0.5,0.5,,,,,
601012.SH,20221117,46.66,46.72,45.72,46.47,46.65,-0.18,-0.3859,831643.09,3828332.588,0.5,0.5,,,,,
601012.SH,20221118,46.9,47.9,46.12,47.0,46.47,0.53,1.1405,915013.42,4330786.523,0.5,0.5,,,,,
601012.SH,20221121,47.58,47.94,47.0,47.75,47.0,0.75,1.5957,718739.87,3419607.83,0.5,0.5,,,,,
601012.SH,20221122,47.75,47.75,46.4,46.56,47.75,-1.19,-2.4921,707472.7,3313857.129,0.5,0.5,,,,,
601012.SH,20221123,46.39,47.8,46.04,47.59,46.56,1.03,2.2122,843600.67,3980504.855,0.5,0.5,,,,,
601012.SH,20221124,47.8,47.8,47.1,47.15,47.59,-0.44,-0.9246,467791.47,2215107.178,0.5,0.5,,,,,
601012.SH,20221125,47.0,47.0,45.66,45.73,47.15,-1.42,-3.0117,752849.57,3456733.207,0.5,0.5,,,,,
601012.SH,20221128,44.3,44.97,44.03,44.59,45.73,-1.14,-2.4929,678616.83,3016934.257,0.5,0.5,,,,,
601012.SH,20221129,44.59,45.45,44.37,44.96,44.59,0.37,0.8298,647975.44,2910527.222,0.5,0.5,,,,,
601012.SH,20221130,44.96,45.78,44.68,45.78,44.96,0.82,1.8238,666445.91,3025002.653,0.5,0.5,,,,,
601012.SH,20221201,46.51,47.5,46.51,47.01,45.78,1.23,2.6868,965437.87,4543057.814,0.5,0.5,,,,,
601012.SH,20221202,46.9,48.4,46.69,47.98,47.01,0.97,2.0634,996173.46,4774896.836,0.5,0.5,,,,,
601012.SH,20221205,47.9,47.93,46.0,46.36,47.98,-1.62,-3.3764,1243509.52,5786696.452,0.5,0.5,,,,,
601012.SH,20221206,46.0,46.55,45.49,45.86,46.36,-0.5,-1.0785,849680.07,3897823.765,0.5,0.5,,,,,
601012.SH,20221207,45.52,46.44,45.28,45.93,45.86,0.07,0.1526,588114.68,2710572.713,0.5,0.5,,,,,
601012.SH,20221208,45.98,47.17,45.88,46.5,45.93,0.57,1.241,689254.31,3214286.025,0.5,0.5,,,,,
601012.SH,20221209,46.22,46.65,46.01,46.3,46.5,-0.2,-0.4301,705759.11,3260858.385,0.5,0.5,,,,,
601012.SH,20221212,46.0,46.18,45.36,45.49,46.3,-0.81,-1.7495,506670.57,2312372.333,0.5,0.5,,,,,
601012.SH,20221213,45.4,45.72,44.8,44.9,45.49,-0.59,-1.297,550343.18,2480051.237,0.5,0.5,,,,,
601012.SH,20221214,44.78,45.28,44.25,44.63,44.9,-0.27,-0.6013,589626.18,2628313.251,0.5,0.5,,,,,
601012.SH,20221215,44.4,45.19,44.3,45.18,44.63,0.55,1.2324,508112.41,2275752.113,0.5,0.5,,,,,
601012.SH,20221216,45.0,45.06,44.3,44.63,45.18,-0.55,-1.2174,485311.24,2162305.373,0.5,0.5,,,,,
601012.SH,20221219,44.5,45.27,44.36,44.6,44.63,-0.03,-0.0672,454994.56,2038604.701,0.5,0.5,,,,,
601012.SH,20221220,44.55,44.88,44.04,44.8,44.6,0.2,0.4484,512263.48,2276086.652,0.5,0.5,,,,,
601012.SH,20221221,44.6,44.69,43.55,43.61,44.8,-1.19,-2.6563,514995.34,2266710.525,0.5,0.5,,,,,
601012.SH,20221222,43.55,43.6,40.48,40.86,43.61,-2.75,-6.3059,1483831.37,6146677.326,0.5,0.5,,,,,
601012.SH,20221223,40.2,41.09,39.88,40.54,40.86,-0.32,-0.7832,706319.87,2845628.393,0.5,0.5,,,,,
601012.SH,20221226,40.21,42.23,39.5,42.0,40.54,1.46,3.6014,841834.58,3480750.587,0.5,0.5,,,,,
601012.SH,20221227,42.0,42.75,41.77,42.39,42.0,0.39,0.9286,627866.89,2656951.174,0.5,0.5,,,,,
601012.SH,20221228,42.03,43.1,41.71,42.8,42.39,0.41,0.9672,682583.22,2904246.278,0.5,0.5,,,,,
601012.SH,20221229,42.6,43.38,42.41,42.62,42.8,-0.18,-0.4206,415419.43,1778084.67,0.5,0.5,,,,,
601012.SH,20221230,42.85,43.29,42.05,42.26,42.62,-0.36,-0.8447,533642.59,2269837.811,0.5,0.5,,,,,
601012.SH,20230103,42.06,42.38,40.95,42.03,42.26,-0.23,-0.5442,735040.32,3067024.452,0.5,0.5,,,,,
601012.SH,20230104,42.12,42.19,40.43,40.65,42.03,-1.38,-3.2834,920431.69,3770403.422,0.5,0.5,,,,,
601012.SH,20230105,40.88,41.65,40.61,41.07,40.65,0.42,1.0332,883682.11,3629623.858,0.5,0.5,,,,,
601012.SH,20230106,41.15,43.58,41.15,42.67,41.07,1.6,3.8958,1586925.69,6808257.111,0.5,0.5,,,,,
601012.SH,20230109,42.9,43.08,42.11,42.27,42.67,-0.4,-0.9374,789350.81,3356704.065,0.5,0.5,,,,,
601012.SH,20230110,42.88,43.4,42.26,42.57,42.27,0.3,0.7097,959537.38,4105434.896,0.5,0.5,,,,,
601012.SH,20230111,42.96,43.16,42.3,42.4,42.57,-0.17,-0.3993,764341.76,3264290.15,0.5,0.5,,,,,
601012.SH,20230112,42.59,43.93,42.48,43.39,42.4,0.99,2.3349,1208813.61,5251753.058,0.5,0.5,,,,,
601012.SH,20230113,44.25,44.3,42.81,43.4,43.39,0.01,0.023,855408.6,3710122.294,0.5,0.5,,,,,
601012.SH,20230116,43.4,44.45,42.86,44.0,43.4,0.6,1.3825,962581.96,4221534.374,0.5,0.5,,,,,
601012.SH,20230117,44.1,44.55,43.7,44.28,44.0,0.28,0.6364,660656.7,2917159.096,0.5,0.5,,,,,
601012.SH,20230118,44.7,45.5,44.23,44.73,44.28,0.45,1.0163,855963.77,3840111.057,0.5,0.5,,,,,
601012.SH,20230119,44.31,44.99,44.22,44.73,44.73,0.0,0.0,622342.61,2778735.209,0.5,0.5,,,,,
601012.SH,20230120,45.15,47.15,45.13,47.15,44.73,2.42,5.4102,1452328.76,6748289.962,0.5,0.5,,,,,
601012.SH,20230130,48.35,48.56,47.5,48.0,47.15,0.85,1.8028,1424248.36,6859257.403,0.5,0.5,,,,,
601012.SH,20230131,48.1,48.82,47.98,48.15,48.0,0.15,0.3125,924162.6,4465740.315,0.5,0.5,,,,,
601012.SH,20230201,48.48,48.78,47.83,48.69,48.15,0.54,1.1215,870383.64,4203974.416,0.5,0.5,,,,,
601012.SH,20230202,48.7,49.48,48.32,48.65,48.69,-0.04,-0.0822,855059.62,4180582.235,0.5,0.5,,,,,
601012.SH,20230203,48.37,48.37,46.2,47.01,48.65,-1.64,-3.371,1122504.52,5278838.432,0.5,0.5,,,,,
601012.SH,20230206,46.58,46.85,45.8,46.4,47.01,-0.61,-1.2976,654827.39,3022893.579,0.5,0.5,,,,,
601012.SH,20230207,46.72,46.79,45.81,46.04,46.4,-0.36,-0.7759,518158.95,2392084.765,0.5,0.5,,,,,
601012.SH,20230208,46.06,46.44,45.81,45.88,46.04,-0.16,-0.3475,397545.3,1829622.546,0.5,0.5,,,,,
601012.SH,20230209,45.4,46.33,45.3,46.24,45.88,0.36,0.7847,564882.86,2597848.804,0.5,0.5,,,,,
601012.SH,20230210,46.24,46.24,45.15,45.38,46.24,-0.86,-1.8599,587482.78,2673747.825,0.5,0.5,,,,,
601012.SH,20230213,45.4,45.8,45.1,45.62,45.38,0.24,0.5289,476689.45,2170518.46,0.5,0.5,,,,,
601012.SH,20230214,45.8,45.85,44.92,45.44,45.62,-0.18,-0.3946,578539.49,2615525.826,0.5,0.5,,,,,
601012.SH,20230215,45.62,46.3,45.08,45.24,45.44,-0.2,-0.4401,566250.95,2581315.291,0.5,0.5,,,,,
601012.SH,20230216,45.1,45.6,44.15,44.44,45.24,-0.8,-1.7683,689097.7,3099747.92,0.5,0.5,,,,,
601012.SH,20230217,44.3,44.68,43.31,43.37,44.44,-1.07,-2.4077,713725.88,3127003.785,0.5,0.5,,,,,
601012.SH,20230220,43.38,44.29,42.9,44.12,43.37,0.75,1.7293,664807.07,2893884.679,0.5,0.5,,,,,
601012.SH,20230221,44.2,45.56,44.0,45.19,44.12,1.07,2.4252,733576.81,3288794.928,0.5,0.5,,,,,
601012.SH,20230222,44.88,45.27,44.3,44.37,45.19,-0.82,-1.8146,513846.86,2294479.33,0.5,0.5,,,,,
601012.SH,20230223,44.62,46.1,44.56,45.79,44.37,1.42,3.2004,1032691.22,4707853.471,0.5,0.5,,,,,
601012.SH,20230224,45.85,45.85,44.63,44.71,45.79,-1.08,-2.3586,627645.91,2824730.568,0.5,0.5,,,,,
601012.SH,20230227,44.3,45.1,44.0,44.2,44.71,-0.51,-1.1407,460658.86,2047017.354,0.5,0.5,,,,,
601012.SH,20230228,44.22,44.55,43.54,44.24,44.2,0.04,0.0905,485976.58,2137203.053,0.5,0.5,,,,,
601012.SH,20230301,44.24,44.44,43.88,44.14,44.24,-0.1,-0.226,481804.19,2126098.694,0.5,0.5,,,,,
601012.SH,20230302,44.31,44.44,43.36,43.4,44.14,-0.74,-1.6765,554786.04,2426053.947,0.5,0.5,,,,,
601012.SH,20230303,43.41,43.83,43.26,43.36,43.4,-0.04,-0.0922,368384.92,1600723.964,0.5,0.5,,,,,
601012.SH,20230306,43.52,45.34,43.1,45.02,43.36,1.66,3.8284,1086459.26,4823252.432,0.5,0.5,,,,,
601012.SH,20230307,44.9,45.28,44.23,44.44,45.02,-0.58,-1.2883,638597.3,2848335.436,0.5,0.5,,,,,
601012.SH,20230308,44.25,45.13,43.53,43.86,44.44,-0.58,-1.3051,580596.1,2562340.116,0.5,0.5,,,,,
601012.SH,20230309,43.99,44.1,43.0,43.02,43.86,-0.84,-1.9152,552414.72,2389827.792,0.5,0.5,,,,,
601012.SH,20230310,42.28,42.55,41.95,42.12,43.02,-0.9,-2.0921,576166.74,2430854.168,0.5,0.5,,,,,
601012.SH,20230313,41.92,42.78,41.71,41.99,42.12,-0.13,-0.3086,548397.11,2311789.028,0.5,0.5,,,,,
601012.SH,20230314,42.22,42.25,40.88,41.88,41.99,-0.11,-0.262,727826.09,3023175.646,0.5,0.5,,,,,
601012.SH,20230315,42.23,43.35,41.96,42.24,41.88,0.36,0.8596,586538.05,2492932.721,0.5,0.5,,,,,
601012.SH,20230316,41.8,41.95,39.87,40.0,42.24,-2.24,-5.303,1147344.54,4655310.119,0.5,0.5,,,,,
601012.SH,20230317,40.44,40.68,39.18,39.33,40.0,-0.67,-1.675,953802.66,3792663.098,0.5,0.5,,,,,
601012.SH,20230320,39.08,39.73,38.4,39.21,39.33,-0.12,-0.3051,805148.2,3148980.826,0.5,0.5,,,,,
601012.SH,20230321,39.04,39.5,38.62,39.45,39.21,0.24,0.6121,714590.04,2788823.424,0.5,0.5,,,,,
601012.SH,20230322,39.8,39.97,39.05,39.38,39.45,-0.07,-0.1774,710497.25,2805450.003,0.5,0.5,,,,,
601012.SH,20230323,39.01,39.52,39.01,39.51,39.38,0.13,0.3301,419816.81,1649362.093,0.5,0.5,,,,,
601012.SH,20230324,39.59,40.29,39.21,40.05,39.51,0.54,1.3667,701578.45,2801708.515,0.5,0.5,,,,,
601012.SH,20230327,40.2,40.7,39.74,40.29,40.05,0.24,0.5993,656189.57,2639927.513,0.5,0.5,,,,,
601012.SH,20230328,40.59,40.59,39.85,39.85,40.29,-0.44,-1.0921,426592.42,1707068.071,0.5,0.5,,,,,
601012.SH,20230329,40.11,40.74,39.93,40.03,39.85,0.18,0.4517,460434.44,1851672.596,0.5,0.5,,,,,
601012.SH,20230330,40.01,40.58,39.7,40.51,40.03,0.48,1.1991,697912.1,2813220.439,0.5,0.5,,,,,
601012.SH,20230331,40.55,40.97,40.35,40.41,40.51,-0.1,-0.2469,559306.41,2270277.549,0.5,0.5,,,,,
601012.SH,20230403,40.75,41.12,40.12,40.63,40.41,0.22,0.5444,619963.98,2518115.664,0.5,0.5,,,,,
601012.SH,20230404,40.69,40.69,39.75,40.19,40.63,-0.44,-1.0829,669443.4,2678956.498,0.5,0.5,,,,,
601012.SH,20230406,40.0,40.47,39.88,40.29,40.19,0.1,0.2488,442386.9,1774400.429,0.5,0.5,,,,,
601012.SH,20230407,40.28,40.98,40.08,40.47,40.29,0.18,0.4468,471161.42,1912241.528,0.5,0.5,,,,,
601012.SH,20230410,40.72,41.26,40.48,41.23,40.47,0.76,1.8779,635904.94,2604302.777,0.5,0.5,,,,,
601012.SH,20230411,41.49,41.5,40.38,40.46,41.23,-0.77,-1.8676,770474.63,3134487.79,0.5,0.5,,,,,
601012.SH,20230412,40.4,40.4,39.5,39.61,40.46,-0.85,-2.1008,703166.76,2794776.31,0.5,0.5,,,,,
601012.SH,20230413,39.71,40.09,39.28,39.38,39.61,-0.23,-0.5807,503230.92,1993140.281,0.5,0.5,,,,,
601012.SH,20230414,39.12,39.8,38.52,39.26,39.38,-0.12,-0.3047,659555.44,2587382.887,0.5,0.5,,,,,
601012.SH,20230417,39.18,39.75,39.02,39.62,39.26,0.36,0.917,536459.67,2118102.885,0.5,0.5,,,,,
601012.SH,20230418,39.87,40.35,39.69,40.01,39.62,0.39,0.9844,632502.95,2532040.966,0.5,0.5,,,,,
601012.SH,20230419,40.07,40.13,38.87,38.93,40.01,-1.08,-2.6993,847150.89,3316621.785,0.5,0.5,,,,,
601012.SH,20230420,38.8,38.85,37.3,37.61,38.93,-1.32,-3.3907,1201775.54,4547548.371,0.5,0.5,,,,,
601012.SH,20230421,37.56,38.31,37.05,37.44,37.61,-0.17,-0.452,938917.53,3534855.794,0.5,0.5,,,,,
601012.SH,20230424,37.27,37.3,36.0,36.23,37.44,-1.21,-3.2318,895487.37,3258702.229,0.5,0.5,,,,,
601012.SH,20230425,36.14,36.49,34.87,35.01,36.23,-1.22,-3.3674,963181.69,3400448.225,0.5,0.5,,,,,
601012.SH,20230426,34.98,37.25,34.7,36.26,35.01,1.25,3.5704,1171708.89,4241878.374,0.5,0.5,,,,,
601012.SH,20230427,36.28,36.39,35.2,35.97,36.26,-0.29,-0.7998,792084.02,2825318.697,0.5,0.5,,,,,
601012.SH,20230428,35.5,35.73,34.45,34.87,35.97,-1.1,-3.0581,1505959.43,5256435.706,0.5,0.5,,,,,
601012.SH,20230504,34.59,35.04,34.03,34.09,34.87,-0.78,-2.2369,1037905.46,3566181.762,0.5,0.5,,,,,
601012.SH,20230505,33.9,33.9,32.87,33.16,34.09,-0.93,-2.7281,1243025.29,4134979.218,0.5,0.5,,,,,
601012.SH,20230508,33.22,33.8,32.9,33.53,33.16,0.37,1.1158,824771.57,2752822.163,0.5,0.5,,,,,
601012.SH,20230509,33.7,33.74,32.98,33.03,33.53,-0.5,-1.4912,742794.5,2467768.797,0.5,0.5,,,,,
601012.SH,20230510,32.9,33.58,32.72,33.41,33.03,0.38,1.1505,756436.4,2511216.032,0.5,0.5,,,,,
601012.SH,20230511,33.64,34.19,33.2,33.75,33.41,0.34,1.0177,827172.89,2794777.595,0.5,0.5,,,,,
601012.SH,20230512,33.7,33.85,32.75,32.8,33.75,-0.95,-2.8148,795790.43,2632738.662,0.5,0.5,,,,,
601012.SH,20230515,32.8,33.83,32.8,33.83,32.8,1.03,3.1402,920956.66,3088262.127,0.5,0.5,,,,,
601012.SH,20230516,33.85,34.2,33.48,33.64,33.83,-0.19,-0.5616,689477.21,2329331.018,0.5,0.5,,,,,
601012.SH,20230517,34.01,34.35,33.45,33.65,33.64,0.01,0.0297,644930.86,2177000.579,0.5,0.5,,,,,
601012.SH,20230518,33.53,33.61,32.9,33.08,33.65,-0.57,-1.6939,645586.93,2139815.414,0.5,0.5,,,,,
601012.SH,20230519,32.99,33.0,32.62,32.96,33.08,-0.12,-0.3628,604209.35,1982730.804,0.5,0.5,,,,,
601012.SH,20230522,32.82,33.55,32.75,33.35,32.96,0.39,1.1833,665845.25,2210809.614,0.5,0.5,,,,,
601012.SH,20230523,33.2,33.69,32.86,32.9,33.35,-0.45,-1.3493,610427.61,2024011.562,0.5,0.5,,,,,
601012.SH,20230524,32.77,33.74,32.45,33.11,32.9,0.21,0.6383,1153224.45,3820680.994,0.5,0.5,,,,,
601012.SH,20230525,32.71,33.14,32.15,32.44,33.11,-0.67,-2.0236,1394120.88,4544351.658,0.5,0.5,,,,,
601012.SH,20230526,32.13,32.13,30.88,31.49,32.44,-0.95,-2.9285,1433732.75,4489110.018,0.5,0.5,,,,,
601012.SH,20230529,31.74,31.74,30.02,30.25,31.49,-1.24,-3.9378,1575556.75,4791851.635,0.5,0.5,,,,,
601012.SH,20230530,30.0,30.25,29.01,29.5,30.25,-0.75,-2.4793,1656124.89,4881820.766,0.5,0.5,,,,,
601012.SH,20230531,29.4,29.57,28.78,28.82,29.5,-0.68,-2.3051,1143334.17,3313375.499,0.5,0.5,,,,,
601012.SH,20230601,28.82,29.08,28.6,28.63,28.82,-0.19,-0.6593,948460.19,2733247.894,0.5,0.5,,,,,
601012.SH,20230602,28.8,29.44,28.55,29.24,28.63,0.61,2.1306,1075962.79,3136148.389,0.5,0.5,,,,,
601012.SH,20230605,29.2,29.31,28.34,28.41,29.24,-0.83,-2.8386,1080632.13,3095760.29,0.5,0.5,,,,,
601012.SH,20230606,28.39,28.39,27.64,27.66,28.41,-0.75,-2.6399,1142121.62,3185390.666,0.5,0.5,,,,,
601012.SH,20230607,28.06,28.28,27.28,27.5,27.66,-0.16,-0.5785,937724.34,2591066.173,0.5,0.5,,,,,
601012.SH,20230608,27.5,27.84,27.32,27.34,27.5,-0.16,-0.5818,922438.8,2541337.212,0.5,0.5,,,,,
601012.SH,20230609,27.3,27.77,27.01,27.6,27.34,0.26,0.951,1161069.07,3196323.205,0.5,0.5,,,,,
601012.SH,20230612,27.54,28.08,27.18,27.82,27.6,0.22,0.7971,1000098.02,2771123.739,0.5,0.5,,,,,
601012.SH,20230613,27.7,27.96,27.48,27.75,27.82,-0.07,-0.2516,751986.93,2080492.205,0.5,0.5,,,,,
601012.SH,20230614,27.76,27.88,27.32,27.32,27.75,-0.43,-1.5495,943960.45,2600302.02,0.5,0.5,,,,,
601012.SH,20230615,27.32,29.27,27.23,29.18,27.32,1.86,6.8082,2690277.27,7642940.566,0.5,0.5,,,,,
601012.SH,20230616,29.24,29.75,29.0,29.63,29.18,0.45,1.5422,2113631.22,6219801.113,0.5,0.5,,,,,
601012.SH,20230619,29.33,29.33,28.55,28.98,29.23,-0.25,-0.8553,1198557.68,3462429.94,0.5,0.5,,,,,
601012.SH,20230620,28.81,29.15,28.56,28.73,28.98,-0.25,-0.8627,879685.53,2533980.105,0.5,0.5,,,,,
601012.SH,20230621,28.65,29.06,27.97,27.99,28.73,-0.74,-2.5757,1153691.86,3281017.932,0.5,0.5,,,,,
601012.SH,20230626,27.69,28.55,27.36,28.01,27.99,0.02,0.0715,1065610.09,2969480.797,0.5,0.5,,,,,
601012.SH,20230627,28.05,28.75,27.65,28.18,28.01,0.17,0.6069,1000901.04,2823086.142,0.5,0.5,,,,,
601012.SH,20230628,28.13,29.42,27.91,29.32,28.18,1.14,4.0454,2176751.94,6310237.819,0.5,0.5,,,,,
601012.SH,20230629,29.35,29.88,28.82,28.85,29.32,-0.47,-1.603,1673195.78,4897457.037,0.5,0.5,,,,,
601012.SH,20230630,28.77,29.18,28.43,28.67,28.85,-0.18,-0.6239,1395801.13,4017050.293,0.5,0.5,,,,,
601012.SH,20230703,28.67,29.3,28.57,28.88,28.67,0.21,0.7325,1150346.2,3329319.984,0.5,0.5,,,,,
601012.SH,20230704,28.89,29.05,28.6,28.82,28.88,-0.06,-0.2078,867536.23,2497224.482,0.5,0.5,,,,,
601012.SH,20230705,28.82,28.82,28.1,28.15,28.82,-0.67,-2.3248,970809.42,2753408.96,0.5,0.5,,,,,
601012.SH,20230706,28.02,28.18,27.7,27.89,28.15,-0.26,-0.9236,684205.11,1910525.414,0.5,0.5,,,,,
601012.SH,20230707,27.75,27.83,27.32,27.36,27.89,-0.53,-1.9003,759087.87,2087565.631,0.5,0.5,,,,,
601012.SH,20230710,27.58,29.74,27.5,29.69,27.36,2.33,8.5161,2877001.64,8392411.402,0.5,0.5,,,,,
601012.SH,20230711,29.65,29.65,28.89,29.24,29.69,-0.45,-1.5157,1321399.51,3853372.34,0.5,0.5,,,,,
601012.SH,20230712,29.23,30.98,28.71,30.55,29.24,1.31,4.4802,2847734.78,8599331.681,0.5,0.5,,,,,
601012.SH,20230713,30.58,31.31,30.4,30.67,30.55,0.12,0.3928,1872847.15,5750139.118,0.5,0.5,,,,,
601012.SH,20230714,30.48,30.85,29.99,30.04,30.67,-0.63,-2.0541,1488010.28,4501547.319,0.5,0.5,,,,,
601012.SH,20230717,29.76,30.19,29.56,29.79,30.04,-0.25,-0.8322,820016.42,2442225.177,0.5,0.5,,,,,
601012.SH,20230718,30.0,30.08,29.26,29.5,29.79,-0.29,-0.9735,882321.7,2600239.433,0.5,0.5,,,,,
601012.SH,20230719,29.5,29.52,29.06,29.24,29.5,-0.26,-0.8814,645722.33,1886337.313,0.5,0.5,,,,,
601012.SH,20230720,29.35,30.27,29.09,29.56,29.24,0.32,1.0944,1529136.18,4533131.818,0.5,0.5,,,,,
601012.SH,20230721,29.3,29.45,28.6,28.69,29.56,-0.87,-2.9432,1419514.42,4108657.0,0.5,0.5,,,,,
601012.SH,20230724,28.47,28.79,28.19,28.34,28.69,-0.35,-1.2199,647688.18,1841754.22,0.5,0.5,,,,,
601012.SH,20230725,28.78,29.47,28.65,29.22,28.34,0.88,3.1052,1262073.17,3680517.625,0.5,0.5,,,,,
601012.SH,20230726,29.13,29.67,28.99,29.29,29.22,0.07,0.2396,1006553.87,2952125.389,0.5,0.5,,,,,
601012.SH,20230727,29.18,29.38,28.57,28.65,29.29,-0.64,-2.185,1116832.88,3232654.92,0.5,0.5,,,,,
601012.SH,20230728,28.51,29.65,28.32,29.5,28.65,0.85,2.9668,1375671.29,4011861.437,0.5,0.5,,,,,
601012.SH,20230731,29.8,30.49,29.7,29.85,29.5,0.35,1.1864,1427263.46,4284580.271,0.5,0.5,,,,,
601012.SH,20230801,29.85,30.04,29.13,29.3,29.85,-0.55,-1.8425,1180557.01,3477943.851,0.5,0.5,,,,,
601012.SH,20230802,29.31,29.47,29.0,29.09,29.3,-0.21,-0.7167,732257.52,2134347.186,0.5,0.5,,,,,
601012.SH,20230803,29.88,30.88,29.79,30.85,29.09,1.76,6.0502,2945021.47,8985302.113,0.5,0.5,,,,,
601012.SH,20230804,31.17,31.2,30.46,30.76,30.85,-0.09,-0.2917,1879514.66,5793661.287,0.5,0.5,,,,,
601012.SH,20230807,30.77,30.88,30.3,30.51,30.76,-0.25,-0.8127,946483.1,2879540.93,0.5,0.5,,,,,
601012.SH,20230808,30.81,30.9,29.88,30.23,30.51,-0.28,-0.9177,1150000.12,3475408.734,0.5,0.5,,,,,
601012.SH,20230809,30.02,30.41,29.99,30.11,30.23,-0.12,-0.397,838303.92,2528543.708,0.5,0.5,,,,,
601012.SH,20230810,30.02,30.48,30.02,30.21,30.11,0.1,0.3321,816089.64,2467101.833,0.5,0.5,,,,,
601012.SH,20230811,30.15,30.15,29.4,29.42,30.21,-0.79,-2.615,1013199.8,3011237.243,0.5,0.5,,,,,
601012.SH,20230814,29.02,29.32,28.77,29.31,29.42,-0.11,-0.3739,876982.75,2548216.659,0.5,0.5,,,,,
601012.SH,20230815,29.21,29.28,28.27,28.39,29.31,-0.92,-3.1389,1252729.91,3581741.597,0.5,0.5,,,,,
601012.SH,20230816,28.2,28.57,27.91,27.94,28.39,-0.45,-1.5851,893105.3,2513336.043,0.5,0.5,,,,,
601012.SH,20230817,27.71,28.27,27.52,28.18,27.94,0.24,0.859,751079.4,2097194.77,0.5,0.5,,,,,
601012.SH,20230818,28.1,28.48,27.9,27.91,28.18,-0.27,-0.9581,893520.82,2519992.054,0.5,0.5,,,,,
601012.SH,20230821,27.59,27.71,27.01,27.01,27.91,-0.9,-3.2247,1106150.4,3020626.559,0.5,0.5,,,,,
601012.SH,20230822,27.15,27.25,25.39,25.84,27.01,-1.17,-4.3317,2449604.34,6357169.944,0.5,0.5,,,,,
601012.SH,20230823,25.55,25.66,24.79,24.81,25.84,-1.03,-3.9861,1334327.2,3364687.283,0.5,0.5,,,,,
601012.SH,20230824,24.81,26.09,24.81,25.76,24.81,0.95,3.8291,1535240.18,3932404.569,0.5,0.5,,,,,
601012.SH,20230825,25.56,25.9,25.31,25.53,25.76,-0.23,-0.8929,764178.12,1954007.718,0.5,0.5,,,,,
601012.SH,20230828,27.5,27.55,26.28,26.48,25.53,0.95,3.7211,1881839.85,5057315.453,0.5,0.5,,,,,
601012.SH,20230829,26.48,27.26,26.42,27.1,26.48,0.62,2.3414,1241332.79,3348455.115,0.5,0.5,,,,,
601012.SH,20230830,27.13,27.44,26.75,26.85,27.1,-0.25,-0.9225,1012261.57,2734086.791,0.5,0.5,,,,,
601012.SH,20230831,26.81,26.96,26.42,26.55,26.85,-0.3,-1.1173,726658.62,1935398.295,0.5,0.5,,,,,
601012.SH,20230901,26.71,26.8,26.43,26.58,26.55,0.03,0.113,486866.46,1292837.165,0.5,0.5,,,,,
601012.SH,20230904,26.8,27.08,26.34,27.04,26.58,0.46,1.7306,995681.16,2673181.359,0.5,0.5,,,,,
601012.SH,20230905,26.88,28.45,26.68,28.1,27.04,1.06,3.9201,2203438.26,6101814.324,0.5,0.5,,,,,
601012.SH,20230906,27.73,28.38,27.6,27.87,28.1,-0.23,-0.8185,1537742.86,4290199.689,0.5,0.5,,,,,
601012.SH,20230907,27.65,27.65,26.74,26.74,27.87,-1.13,-4.0545,1182367.3,3206173.54,0.5,0.5,,,,,
601012.SH,20230908,26.6,26.81,26.2,26.32,26.74,-0.42,-1.5707,760728.36,2009039.339,0.5,0.5,,,,,
601012.SH,20230911,26.15,26.87,26.0,26.66,26.32,0.34,1.2918,938102.77,2484803.883,0.5,0.5,,,,,
601012.SH,20230912,26.48,27.15,26.3,26.85,26.66,0.19,0.7127,953258.5,2549099.537,0.5,0.5,,,,,
601012.SH,20230913,26.71,26.99,26.31,26.41,26.85,-0.44,-1.6387,595155.09,1581734.077,0.5,0.5,,,,,
601012.SH,20230914,26.41,26.48,26.02,26.13,26.41,-0.28,-1.0602,574964.01,1506241.855,0.5,0.5,,,,,
601012.SH,20230915,26.29,26.7,26.07,26.26,26.13,0.13,0.4975,849232.98,2238194.451,0.5,0.5,,,,,
601012.SH,20230918,26.09,26.73,25.78,26.32,26.26,0.06,0.2285,719635.25,1895927.723,0.5,0.5,,,,,
601012.SH,20230919,26.24,26.27,25.85,25.95,26.32,-0.37,-1.4058,628648.9,1633045.26,0.5,0.5,,,,,
601012.SH,20230920,26.03,26.12,25.65,25.74,25.95,-0.21,-0.8092,496993.53,1283810.819,0.5,0.5,,,,,
601012.SH,20230921,25.59,25.79,25.38,25.38,25.74,-0.36,-1.3986,616571.92,1573694.066,0.5,0.5,,,,,
601012.SH,20230922,25.2,25.98,25.18,25.95,25.38,0.57,2.2459,948142.99,2430765.787,0.5,0.5,,,,,
601012.SH,20230925,25.8,26.35,25.72,26.18,25.95,0.23,0.8863,859497.5,2240496.531,0.5,0.5,,,,,
601012.SH,20230926,26.1,26.43,26.06,26.14,26.18,-0.04,-0.1528,629863.17,1651556.553,0.5,0.5,,,,,
601012.SH,20230927,26.14,27.98,26.11,27.74,26.14,1.6,6.1209,2397488.43,6569522.908,0.5,0.5,,,,,
601012.SH,20230928,27.72,27.94,27.25,27.28,27.74,-0.46,-1.6583,1333713.2,3669438.036,0.5,0.5,,,,,
601012.SH,20231009,27.15,27.36,26.78,27.1,27.28,-0.18,-0.6598,923187.67,2499365.827,0.5,0.5,,,,,
601012.SH,20231010,27.1,27.24,26.69,26.71,27.1,-0.39,-1.4391,751150.36,2018932.509,0.5,0.5,,,,,
601012.SH,20231011,26.98,27.6,26.85,26.96,26.71,0.25,0.936,979007.04,2659249.558,0.5,0.5,,,,,
601012.SH,20231012,27.16,27.42,26.85,27.32,26.96,0.36,1.3353,1021259.38,2775269.446,0.5,0.5,,,,,
601012.SH,20231013,26.98,26.98,26.57,26.8,27.32,-0.52,-1.9034,847958.92,2264826.037,0.5,0.5,,,,,
601012.SH,20231016,26.64,27.08,26.17,26.33,26.8,-0.47,-1.7537,795213.31,2109172.218,0.5,0.5,,,,,
601012.SH,20231017,26.45,26.52,26.07,26.22,26.33,-0.11,-0.4178,556290.4,1461519.893,0.5,0.5,,,,,
601012.SH,20231018,26.21,26.21,25.81,25.87,26.22,-0.35,-1.3349,525816.28,1362958.248,0.5,0.5,,,,,
601012.SH,20231019,25.61,25.96,25.4,25.46,25.87,-0.41,-1.5848,768497.3,1967808.636,0.5,0.5,,,,,
601012.SH,20231020,25.27,25.76,25.17,25.55,25.46,0.09,0.3535,918720.01,2344863.075,0.5,0.5,,,,,
601012.SH,20231023,25.3,25.34,24.47,24.7,25.55,-0.85,-3.3268,984355.73,2443261.753,0.5,0.5,,,,,
601012.SH,20231024,24.7,24.88,24.24,24.7,24.7,0.0,0.0,822169.49,2019425.714,0.5,0.5,,,,,
601012.SH,20231025,24.91,25.1,24.54,24.65,24.7,-0.05,-0.2024,816099.32,2025264.429,0.5,0.5,,,,,
601012.SH,20231026,24.06,24.18,23.36,23.9,24.65,-0.75,-3.0426,1325663.02,3144111.382,0.5,0.5,,,,,
601012.SH,20231027,23.58,25.07,23.55,24.98,23.9,1.08,4.5188,1338117.22,3272042.799,0.5,0.5,,,,,
601012.SH,20231030,24.72,25.38,24.65,25.16,24.98,0.18,0.7206,960138.73,2406053.716,0.5,0.5,,,,,
601012.SH,20231031,23.97,24.53,23.94,24.13,25.16,-1.03,-4.0938,1554971.07,3760351.672,0.5,0.5,,,,,
601012.SH,20231101,23.95,24.08,23.23,23.33,24.13,-0.8,-3.3154,1552873.98,3653692.188,0.5,0.5,,,,,
601012.SH,20231102,23.25,23.39,22.4,22.41,23.33,-0.92,-3.9434,1768631.56,4032721.244,0.5,0.5,,,,,
601012.SH,20231103,22.4,23.03,22.38,22.87,22.41,0.46,2.0527,1285267.26,2933232.088,0.5,0.5,,,,,
601012.SH,20231106,23.04,23.76,23.02,23.45,22.87,0.58,2.5361,1422177.48,3334656.164,0.5,0.5,,,,,
601012.SH,20231107,23.46,23.5,23.07,23.43,23.45,-0.02,-0.0853,963845.47,2241677.535,0.5,0.5,,,,,
601012.SH,20231108,23.35,23.73,23.21,23.42,23.43,-0.01,-0.0427,990709.12,2323813.301,0.5,0.5,,,,,
601012.SH,20231109,23.28,24.56,23.2,24.24,23.42,0.82,3.5013,2343944.5,5675198.292,0.5,0.5,,,,,
601012.SH,20231110,24.02,24.04,23.53,23.53,24.24,-0.71,-2.929,1247917.28,2954913.312,0.5,0.5,,,,,
601012.SH,20231113,23.7,24.07,23.56,23.84,23.53,0.31,1.3175,893798.97,2125224.008,0.5,0.5,,,,,
601012.SH,20231114,23.92,24.14,23.58,23.73,23.84,-0.11,-0.4614,1063104.23,2528189.498,0.5,0.5,,,,,
601012.SH,20231115,24.18,24.64,23.98,24.39,23.73,0.66,2.7813,1802202.63,4388281.024,0.5,0.5,,,,,
601012.SH,20231116,24.21,24.24,23.7,23.71,24.39,-0.68,-2.788,1223516.54,2919005.575,0.5,0.5,,,,,
601012.SH,20231117,23.51,23.6,23.35,23.59,23.71,-0.12,-0.5061,815408.78,1913708.561,0.5,0.5,,,,,
601012.SH,20231120,23.58,23.68,23.2,23.49,23.59,-0.1,-0.4239,767486.22,1796891.969,0.5,0.5,,,,,
601012.SH,20231121,23.57,23.74,23.26,23.29,23.49,-0.2,-0.8514,886263.97,2083796.038,0.5,0.5,,,,,
601012.SH,20231122,23.16,23.26,22.79,22.79,23.29,-0.5,-2.1468,822507.99,1889651.351,0.5,0.5,,,,,
601012.SH,20231123,22.78,22.94,22.6,22.88,22.79,0.09,0.3949,705213.3,1605082.333,0.5,0.5,,,,,
601012.SH,20231124,22.84,22.84,22.5,22.52,22.88,-0.36,-1.5734,711019.43,1606269.172,0.5,0.5,,,,,
601012.SH,20231127,22.5,22.5,21.82,21.87,22.52,-0.65,-2.8863,1053338.1,2314160.457,0.5,0.5,,,,,
601012.SH,20231128,21.77,21.97,21.6,21.9,21.87,0.03,0.1372,695858.55,1516713.166,0.5,0.5,,,,,
601012.SH,20231129,21.9,21.95,21.4,21.46,21.9,-0.44,-2.0091,833084.08,1795537.037,0.5,0.5,,,,,
601012.SH,20231130,21.41,21.62,21.19,21.23,21.46,-0.23,-1.0718,758319.39,1619503.172,0.5,0.5,,,,,
601012.SH,20231201,21.1,21.29,20.88,21.21,21.23,-0.02,-0.0942,942753.18,1987593.611,0.5,0.5,,,,,
601012.SH,20231204,21.22,21.37,21.06,21.06,21.21,-0.15,-0.7072,639287.04,1352736.166,0.5,0.5,,,,,
601012.SH,20231205,21.01,21.28,20.59,20.61,21.06,-0.45,-2.1368,935813.49,1960918.832,0.5,0.5,,,,,
601012.SH,20231206,20.5,21.3,20.46,21.1,20.61,0.49,2.3775,1128598.04,2375564.526,0.5,0.5,,,,,
601012.SH,20231207,20.95,21.0,20.63,20.78,21.1,-0.32,-1.5166,841148.82,1747690.036,0.5,0.5,,,,,
601012.SH,20231208,20.96,21.0,20.6,20.73,20.78,-0.05,-0.2406,703116.89,1462786.866,0.5,0.5,,,,,
601012.SH,20231211,20.49,20.84,20.21,20.8,20.73,0.07,0.3377,960102.47,1964585.569,0.5,0.5,,,,,
601012.SH,20231212,20.75,21.04,20.69,20.82,20.8,0.02,0.0962,710170.43,1479629.37,0.5,0.5,,,,,
601012.SH,20231213,20.6,20.77,20.28,20.29,20.82,-0.53,-2.5456,725730.79,1486211.33,0.5,0.5,,,,,
601012.SH,20231214,20.5,20.83,20.31,20.33,20.29,0.04,0.1971,652686.13,1338634.084,0.5,0.5,,,,,
601012.SH,20231215,20.48,21.08,20.48,20.68,20.33,0.35,1.7216,1580292.21,3286300.138,0.5,0.5,,,,,
601012.SH,20231218,20.53,20.68,20.15,20.19,20.68,-0.49,-2.3694,790444.9,1607566.044,0.5,0.5,,,,,
601012.SH,20231219,20.13,20.6,20.01,20.37,20.19,0.18,0.8915,880685.07,1791144.879,0.5,0.5,,,,,
601012.SH,20231220,20.46,20.57,20.27,20.28,20.37,-0.09,-0.4418,723128.93,1474750.757,0.5,0.5,,,,,
601012.SH,20231221,20.13,21.45,20.08,21.28,20.28,1.0,4.931,2466194.81,5202143.498,0.5,0.5,,,,,
601012.SH,20231222,21.15,21.54,20.91,21.22,21.28,-0.06,-0.282,1478760.15,3135909.898,0.5,0.5,,,,,
601012.SH,20231225,21.24,21.36,21.04,21.28,21.22,0.06,0.2828,692298.58,1466873.184,0.5,0.5,,,,,
601012.SH,20231226,21.22,21.22,20.86,20.98,21.28,-0.3,-1.4098,727846.18,1529795.804,0.5,0.5,,,,,
601012.SH,20231227,20.98,21.06,20.48,20.68,20.98,-0.3,-1.4299,812304.65,1676695.27,0.5,0.5,,,,,
601012.SH,20231228,20.61,22.75,20.51,22.75,20.68,2.07,10.0097,3118578.93,6888607.315,0.5,0.5,,,,,
601012.SH,20231229,23.2,23.2,22.72,22.9,22.75,0.15,0.6593,2651051.03,6085166.247,0.5,0.5,,,,,
601012.SH,20240102,22.61,22.89,22.2,22.2,22.9,-0.7,-3.0568,1588620.23,3561320.754,0.5,0.5,,,,,
601012.SH,20240103,22.2,22.58,22.09,22.39,22.2,0.19,0.8559,1292435.42,2882721.82,0.5,0.5,,,,,
601012.SH,20240104,22.28,22.3,21.75,21.98,22.39,-0.41,-1.8312,1113381.46,2444688.691,0.5,0.5,,,,,
601012.SH,20240105,21.86,22.25,21.37,21.58,21.98,-0.4,-1.8198,1134271.61,2472077.498,0.5,0.5,,,,,
601012.SH,20240108,21.41,22.18,21.36,21.61,21.58,0.03,0.139,1181356.78,2572504.539,0.5,0.5,,,,,
601012.SH,20240109,21.62,22.87,21.44,22.24,21.61,0.63,2.9153,2073670.24,4612609.293,0.5,0.5,,,,,
601012.SH,20240110,22.0,22.8,21.86,22.23,22.24,-0.01,-0.045,1677314.54,3755500.025,0.5,0.5,,,,,
601012.SH,20240111,22.02,22.5,21.92,22.36,22.23,0.13,0.5848,1577210.01,3504532.528,0.5,0.5,,,,,
601012.SH,20240112,22.2,22.8,22.03,22.11,22.36,-0.25,-1.1181,1566501.59,3505886.714,0.5,0.5,,,,,
601012.SH,20240115,21.9,22.28,21.76,21.84,22.11,-0.27,-1.2212,1074905.17,2358263.661,0.5,0.5,,,,,
601012.SH,20240116,21.7,22.33,21.58,22.12,21.84,0.28,1.2821,1334890.43,2938793.848,0.5,0.5,,,,,
601012.SH,20240117,22.0,22.0,21.28,21.3,22.12,-0.82,-3.7071,1160138.02,2507187.825,0.5,0.5,,,,,
601012.SH,20240118,21.06,22.82,21.01,22.8,21.3,1.5,7.0423,3176699.51,7033198.433,0.5,0.5,,,,,
601012.SH,20240119,22.64,22.78,22.1,22.1,22.8,-0.7,-3.0702,1772037.28,3958954.246,0.5,0.5,,,,,
601012.SH,20240122,22.0,22.2,21.41,21.72,22.1,-0.38,-1.7195,1565631.45,3418198.049,0.5,0.5,,,,,
601012.SH,20240123,21.69,22.55,21.46,22.06,21.72,0.34,1.5654,1591780.81,3518887.773,0.5,0.5,,,,,
601012.SH,20240124,22.09,22.19,21.11,21.78,22.06,-0.28,-1.2693,1663237.71,3595040.079,0.5,0.5,,,,,
601012.SH,20240125,21.66,22.3,21.36,22.3,21.78,0.52,2.3875,1566291.39,3424201.706,0.5,0.5,,,,,
601012.SH,20240126,22.05,22.42,21.82,21.96,22.3,-0.34,-1.5247,1155542.08,2551259.029,0.5,0.5,,,,,
601012.SH,20240129,21.7,21.71,20.4,20.4,21.96,-1.56,-7.1038,2056405.94,4295463.545,0.5,0.5,,,,,
601012.SH,20240130,20.27,20.68,20.18,20.23,20.4,-0.17,-0.8333,980926.88,2001228.177,0.5,0.5,,,,,
601012.SH,20240131,20.15,20.46,19.35,19.35,20.23,-0.88,-4.35,1549701.73,3060176.664,0.5,0.5,,,,,
601012.SH,20240201,19.09,20.09,19.09,19.59,19.35,0.24,1.2403,1124290.56,2212673.585,0.5,0.5,,,,,
601012.SH,20240202,19.5,19.72,18.21,18.87,19.59,-0.72,-3.6753,1449099.67,2748174.116,0.5,0.5,,,,,
601012.SH,20240205,18.8,18.86,17.6,18.17,18.87,-0.7,-3.7096,1501729.34,2740768.426,0.5,0.5,,,,,
601012.SH,20240206,18.11,19.64,18.04,19.6,18.17,1.43,7.8701,1645097.78,3142216.366,0.5,0.5,,,,,
601012.SH,20240207,19.66,20.11,19.42,19.77,19.6,0.17,0.8673,1663560.17,3295976.579,0.5,0.5,,,,,
601012.SH,20240208,19.9,20.36,19.9,20.21,19.77,0.44,2.2256,1231190.19,2478967.593,0.5,0.5,,,,,
601012.SH,20240219,20.21,20.35,20.0,20.19,20.21,-0.02,-0.099,975209.76,1962738.592,0.5,0.5,,,,,
601012.SH,20240220,20.18,20.18,19.74,19.98,20.19,-0.21,-1.0401,884671.78,1757737.151,0.5,0.5,,,,,
601012.SH,20240221,19.81,20.74,19.68,20.4,19.98,0.42,2.1021,1357138.89,2757569.346,0.5,0.5,,,,,
601012.SH,20240222,20.3,20.99,20.3,20.62,20.4,0.22,1.0784,1011048.77,2082462.224,0.5,0.5,,,,,
601012.SH,20240223,20.62,21.09,20.62,20.88,20.62,0.26,1.2609,1154067.92,2411162.032,0.5,0.5,,,,,
601012.SH,20240226,20.9,20.99,20.55,20.68,20.88,-0.2,-0.9579,924065.4,1917118.519,0.5,0.5,,,,,
601012.SH,20240227,20.6,21.0,20.51,21.0,20.68,0.32,1.5474,1024840.1,2128543.456,0.5,0.5,,,,,
601012.SH,20240228,21.22,21.84,20.62,20.62,21.0,-0.38,-1.8095,1810173.66,3852192.703,0.5,0.5,,,,,
601012.SH,20240229,20.45,21.25,20.36,21.24,20.62,0.62,3.0068,1393512.75,2920787.468,0.5,0.5,,,,,
601012.SH,20240301,21.5,21.68,21.09,21.6,21.24,0.36,1.6949,1621200.62,3475248.721,0.5,0.5,,,,,
601012.SH,20240304,21.56,21.98,21.37,21.53,21.6,-0.07,-0.3241,1416728.31,3061363.899,0.5,0.5,,,,,
601012.SH,20240305,21.3,21.33,20.85,21.02,21.53,-0.51,-2.3688,1355562.78,2850175.247,0.5,0.5,,,,,
601012.SH,20240306,21.0,21.84,20.74,21.43,21.02,0.41,1.9505,1553088.71,3313587.664,0.5,0.5,,,,,
601012.SH,20240307,21.3,21.48,20.8,20.8,21.43,-0.63,-2.9398,1098268.56,2315713.399,0.5,0.5,,,,,
601012.SH,20240308,20.82,21.65,20.82,21.53,20.8,0.73,3.5096,1679071.8,3595525.702,0.5,0.5,,,,,
601012.SH,20240311,21.98,22.34,21.58,22.16,21.53,0.63,2.9261,2170451.56,4767220.656,0.5,0.5,,,,,
601012.SH,20240312,22.22,22.56,22.06,22.32,22.16,0.16,0.722,1712244.89,3815728.131,0.5,0.5,,,,,
601012.SH,20240313,22.26,22.26,21.84,21.89,22.32,-0.43,-1.9265,1256992.78,2764116.455,0.5,0.5,,,,,
601012.SH,20240314,21.89,21.98,21.33,21.55,21.89,-0.34,-1.5532,1106536.57,2394231.759,0.5,0.5,,,,,
601012.SH,20240315,21.46,21.56,21.12,21.41,21.55,-0.14,-0.6497,933107.53,1987194.354,0.5,0.5,,,,,
601012.SH,20240318,21.44,21.67,21.31,21.67,21.41,0.26,1.2144,1085901.71,2336927.185,0.5,0.5,,,,,
601012.SH,20240319,21.49,21.83,21.15,21.15,21.67,-0.52,-2.3996,1363185.35,2916690.37,0.5,0.5,,,,,
601012.SH,20240320,21.12,21.39,20.92,21.11,21.15,-0.04,-0.1891,939266.79,1983439.091,0.5,0.5,,,,,
601012.SH,20240321,21.03,21.16,20.77,20.85,21.11,-0.26,-1.2316,995082.22,2079052.565,0.5,0.5,,,,,
601012.SH,20240322,20.72,20.78,20.07,20.09,20.85,-0.76,-3.6451,1369151.25,2776339.34,0.5,0.5,,,,,
601012.SH,20240325,20.0,20.29,19.87,19.94,20.09,-0.15,-0.7466,802297.75,1609005.78,0.5,0.5,,,,,
601012.SH,20240326,20.0,20.34,19.9,20.22,19.94,0.28,1.4042,853893.96,1715647.13,0.5,0.5,,,,,
601012.SH,20240327,20.21,20.21,19.54,19.54,20.22,-0.68,-3.363,913704.69,1811244.817,0.5,0.5,,,,,
601012.SH,20240328,19.54,19.83,19.51,19.61,19.54,0.07,0.3582,704292.51,1384672.899,0.5,0.5,,,,,
601012.SH,20240329,19.65,19.77,19.28,19.51,19.61,-0.1,-0.5099,728304.09,1420515.92,0.5,0.5,,,,,
601012.SH,20240401,19.66,20.17,19.62,20.15,19.51,0.64,3.2804,1019119.23,2038910.511,0.5,0.5,,,,,
601012.SH,20240402,20.15,20.26,19.8,20.05,20.15,-0.1,-0.4963,883541.8,1766602.099,0.5,0.5,,,,,
601012.SH,20240403,19.95,20.09,19.79,19.85,20.05,-0.2,-0.9975,588426.73,1170345.857,0.5,0.5,,,,,
601012.SH,20240408,19.8,19.8,19.4,19.41,19.85,-0.44,-2.2166,732661.19,1431786.921,0.5,0.5,,,,,
601012.SH,20240409,19.4,19.78,19.37,19.67,19.41,0.26,1.3395,617600.66,1213041.343,0.5,0.5,,,,,
601012.SH,20240410,19.67,19.69,19.08,19.17,19.67,-0.5,-2.5419,675195.88,1302305.275,0.5,0.5,,,,,
601012.SH,20240411,19.09,19.23,18.84,19.02,19.17,-0.15,-0.7825,605961.59,1154142.99,0.5,0.5,,,,,
601012.SH,20240412,19.02,19.09,18.53,18.56,19.02,-0.46,-2.4185,759589.05,1421011.642,0.5,0.5,,,,,
601012.SH,20240415,18.55,19.04,18.51,18.69,18.56,0.13,0.7004,802283.65,1506081.29,0.5,0.5,,,,,
601012.SH,20240416,18.67,18.67,18.16,18.2,18.69,-0.49,-2.6217,730718.14,1339533.054,0.5,0.5,,,,,
601012.SH,20240417,18.23,18.6,18.23,18.6,18.2,0.4,2.1978,709026.74,1309818.55,0.5,0.5,,,,,
601012.SH,20240418,18.54,18.92,18.22,18.79,18.6,0.19,1.0215,858202.72,1602270.218,0.5,0.5,,,,,
601012.SH,20240419,18.68,18.68,18.25,18.45,18.79,-0.34,-1.8095,900729.14,1658497.546,0.5,0.5,,,,,
601012.SH,20240422,19.0,19.68,18.99,19.25,18.45,0.8,4.336,1682036.8,3255373.716,0.5,0.5,,,,,
601012.SH,20240423,19.04,19.33,18.73,18.78,19.25,-0.47,-2.4416,919243.94,1739279.979,0.5,0.5,,,,,
601012.SH,20240424,18.8,18.84,18.35,18.5,18.78,-0.28,-1.4909,703404.45,1300237.522,0.5,0.5,,,,,
601012.SH,20240425,18.4,18.58,18.1,18.27,18.5,-0.23,-1.2432,765376.08,1399919.826,0.5,0.5,,,,,
601012.SH,20240426,18.2,18.7,18.15,18.62,18.27,0.35,1.9157,977969.75,1814623.706,0.5,0.5,,,,,
601012.SH,20240429,18.64,19.33,18.61,19.0,18.62,0.38,2.0408,1294735.97,2460590.224,0.5,0.5,,,,,
601012.SH,20240430,18.6,18.7,18.11,18.2,19.0,-0.8,-4.2105,1808806.96,3306061.395,0.5,0.5,,,,,
601012.SH,20240506,18.3,18.68,18.3,18.51,18.2,0.31,1.7033,1119968.85,2074242.531,0.5,0.5,,,,,
601012.SH,20240507,18.4,18.77,18.23,18.77,18.51,0.26,1.4046,1016165.15,1886072.659,0.5,0.5,,,,,
601012.SH,20240508,18.77,18.77,18.5,18.51,18.77,-0.26,-1.3852,676018.41,1255470.468,0.5,0.5,,,,,
601012.SH,20240509,18.59,19.3,18.57,18.96,18.51,0.45,2.4311,1463899.48,2789006.257,0.5,0.5,,,,,
601012.SH,20240510,18.92,18.92,18.51,18.62,18.96,-0.34,-1.7932,1054451.46,1965177.639,0.5,0.5,,,,,
601012.SH,20240513,18.6,19.09,18.31,18.92,18.62,0.3,1.6112,1227827.06,2308094.699,0.5,0.5,,,,,
601012.SH,20240514,18.99,19.0,18.72,18.83,18.92,-0.09,-0.4757,664369.89,1250412.006,0.5,0.5,,,,,
601012.SH,20240515,18.83,19.05,18.65,18.67,18.83,-0.16,-0.8497,572770.51,1075756.255,0.5,0.5,,,,,
601012.SH,20240516,18.61,18.67,18.4,18.54,18.67,-0.13,-0.6963,707682.96,1311818.671,0.5,0.5,,,,,
601012.SH,20240517,18.35,18.62,18.16,18.62,18.54,0.08,0.4315,792744.78,1456614.251,0.5,0.5,,,,,
601012.SH,20240520,18.5,18.74,18.45,18.5,18.62,-0.12,-0.6445,623632.63,1157588.691,0.5,0.5,,,,,
601012.SH,20240521,18.47,18.49,18.26,18.3,18.5,-0.2,-1.0811,531462.44,973606.667,0.5,0.5,,,,,
601012.SH,20240522,18.51,19.86,18.51,19.56,18.3,1.26,6.8852,3006932.05,5765513.882,0.5,0.5,,,,,
601012.SH,20240523,19.5,19.55,18.86,18.93,19.56,-0.63,-3.2209,1773080.15,3394936.375,0.5,0.5,,,,,
601012.SH,20240524,18.86,19.3,18.72,18.76,18.93,-0.17,-0.898,1130400.47,2145871.399,0.5,0.5,,,,,
601012.SH,20240527,18.78,18.86,18.28,18.53,18.76,-0.23,-1.226,976755.81,1800967.636,0.5,0.5,,,,,
601012.SH,20240528,18.44,18.7,18.37,18.49,18.53,-0.04,-0.2159,675228.72,1247997.775,0.5,0.5,,,,,
601012.SH,20240529,18.69,19.39,18.69,19.0,18.49,0.51,2.7582,1900741.22,3645745.737,0.5,0.5,,,,,
601012.SH,20240530,19.11,19.3,18.83,18.9,19.0,-0.1,-0.5263,977197.17,1856844.567,0.5,0.5,,,,,
601012.SH,20240531,18.92,18.95,18.57,18.59,18.9,-0.31,-1.6402,831091.02,1552557.291,0.5,0.5,,,,,
601012.SH,20240603,18.54,18.56,18.35,18.52,18.59,-0.07,-0.3765,697637.86,1286583.824,0.5,0.5,,,,,
601012.SH,20240604,18.44,18.65,18.3,18.63,18.52,0.11,0.594,666170.27,1231272.622,0.5,0.5,,,,,
601012.SH,20240605,18.4,18.42,18.21,18.28,18.63,-0.35,-1.8787,728484.17,1334767.802,0.5,0.5,,,,,
601012.SH,20240606,18.25,18.45,17.11,17.18,18.28,-1.1,-6.0175,1921234.27,3376060.586,0.5,0.5,,,,,
601012.SH,20240607,17.05,17.28,16.54,16.74,17.18,-0.44,-2.5611,1636189.29,2739495.927,0.5,0.5,,,,,
601012.SH,20240611,16.61,16.69,16.41,16.59,16.74,-0.15,-0.8961,764390.93,1266989.618,0.5,0.5,,,,,
601012.SH,20240612,16.65,16.68,16.46,16.65,16.59,0.06,0.3617,671135.87,1113468.906,0.5,0.5,,,,,
601012.SH,20240613,16.65,16.73,16.48,16.51,16.65,-0.14,-0.8408,659707.56,1093118.058,0.5,0.5,,,,,
601012.SH,20240614,16.52,16.79,16.25,16.72,16.51,0.21,1.272,833053.95,1386972.976,0.5,0.5,,,,,
601012.SH,20240617,16.72,16.88,16.45,16.72,16.72,0.0,0.0,660025.52,1101457.019,0.5,0.5,,,,,
601012.SH,20240618,16.69,16.94,16.65,16.74,16.72,0.02,0.1196,573194.69,961572.891,0.5,0.5,,,,,
601012.SH,20240619,16.74,16.74,16.33,16.36,16.74,-0.38,-2.27,747913.98,1229311.837,0.5,0.5,,,,,
601012.SH,20240620,16.3,16.3,15.57,15.58,16.36,-0.78,-4.7677,1336039.56,2114995.523,0.5,0.5,,,,,
601012.SH,20240621,15.58,15.98,15.46,15.46,15.58,-0.12,-0.7702,1057762.16,1656667.322,0.5,0.5,,,,,
601012.SH,20240624,15.33,15.46,15.0,15.03,15.46,-0.43,-2.7814,1014949.97,1541305.225,0.5,0.5,,,,,
601012.SH,20240625,15.02,15.17,14.31,14.44,15.03,-0.59,-3.9255,1540081.65,2251920.621,0.5,0.5,,,,,
601012.SH,20240626,14.44,14.7,14.23,14.66,14.44,0.22,1.5235,1142669.65,1654972.376,0.5,0.5,,,,,
601012.SH,20240627,14.53,14.62,14.26,14.26,14.66,-0.4,-2.7285,832927.83,1197505.307,0.5,0.5,,,,,
601012.SH,20240628,14.28,14.44,13.98,14.02,14.26,-0.24,-1.683,1017957.94,1445147.114,0.5,0.5,,,,,
601012.SH,20240701,14.01,14.19,13.77,14.05,14.02,0.03,0.214,845070.15,1180658.759,0.5,0.5,,,,,
601012.SH,20240702,13.98,14.08,13.78,13.82,14.05,-0.23,-1.637,758388.81,1053524.534,0.5,0.5,,,,,
601012.SH,20240703,13.77,14.01,13.61,13.85,13.82,0.03,0.2171,842531.7,1163233.797,0.5,0.5,,,,,
601012.SH,20240704,13.87,13.91,13.45,13.46,13.85,-0.39,-2.8159,850240.86,1154990.92,0.5,0.5,,,,,
601012.SH,20240705,13.4,13.67,13.34,13.51,13.46,0.05,0.3715,785472.06,1060008.206,0.5,0.5,,,,,
601012.SH,20240708,13.39,13.39,13.02,13.09,13.51,-0.42,-3.1088,970123.13,1275748.237,0.5,0.5,,,,,
601012.SH,20240709,13.06,13.23,12.78,13.16,13.09,0.07,0.5348,1489449.3,1937575.32,0.5,0.5,,,,,
601012.SH,20240710,12.89,14.0,12.81,13.56,13.16,0.4,3.0395,2164120.12,2942658.17,0.5,0.5,,,,,
601012.SH,20240711,13.8,14.61,13.71,14.22,13.56,0.66,4.8673,2246283.99,3193918.854,0.5,0.5,,,,,
601012.SH,20240712,14.11,14.4,14.07,14.18,14.22,-0.04,-0.2813,1221875.51,1737603.228,0.5,0.5,,,,,
601012.SH,20240715,14.08,14.09,13.73,13.89,14.01,-0.12,-0.8565,806089.21,1118632.993,0.5,0.5,,,,,
601012.SH,20240716,13.8,14.08,13.7,14.07,13.89,0.18,1.2959,886038.97,1233759.733,0.5,0.5,,,,,
601012.SH,20240717,14.24,14.35,14.04,14.1,14.07,0.03,0.2132,979030.09,1387114.496,0.5,0.5,,,,,
601012.SH,20240718,13.95,14.17,13.81,14.11,14.1,0.01,0.0709,829136.68,1160895.097,0.5,0.5,,,,,
601012.SH,20240719,14.01,14.5,13.95,14.39,14.11,0.28,1.9844,1080921.33,1542319.214,0.5,0.5,,,,,
601012.SH,20240722,14.28,14.6,14.25,14.38,14.39,-0.01,-0.0695,912639.39,1316820.492,0.5,0.5,,,,,
601012.SH,20240723,14.33,14.47,14.0,14.02,14.38,-0.36,-2.5035,704373.76,1001641.776,0.5,0.5,,,,,
601012.SH,20240724,13.95,14.13,13.58,13.65,14.02,-0.37,-2.6391,761657.23,1048446.683,0.5,0.5,,,,,
601012.SH,20240725,13.55,14.28,13.51,13.98,13.65,0.33,2.4176,1168353.05,1636616.592,0.5,0.5,,,,,
601012.SH,20240726,13.92,14.23,13.82,14.14,13.98,0.16,1.1445,740024.34,1042080.4,0.5,0.5,,,,,
601012.SH,20240729,14.14,14.17,13.8,13.83,14.14,-0.31,-2.1924,652203.1,906148.619,0.5,0.5,,,,,
601012.SH,20240730,13.83,14.06,13.74,13.88,13.83,0.05,0.3615,541009.45,749656.952,0.5,0.5,,,,,
601012.SH,20240731,13.88,14.5,13.78,14.5,13.88,0.62,4.4669,1198318.95,1711856.167,0.5,0.5,,,,,
601012.SH,20240801,14.48,14.57,14.28,14.37,14.5,-0.13,-0.8966,684848.42,985603.978,0.5,0.5,,,,,
601012.SH,20240802,14.31,14.54,14.18,14.22,14.37,-0.15,-1.0438,682351.96,977642.917,0.5,0.5,,,,,
601012.SH,20240805,14.18,14.88,14.07,14.09,14.22,-0.13,-0.9142,1378180.31,1996329.778,0.5,0.5,,,,,
601012.SH,20240806,14.35,14.68,14.25,14.45,14.09,0.36,2.555,1188741.57,1718248.81,0.5,0.5,,,,,
601012.SH,20240807,14.4,14.4,14.12,14.23,14.45,-0.22,-1.5225,809462.35,1151181.241,0.5,0.5,,,,,
601012.SH,20240808,14.2,14.35,14.06,14.15,14.23,-0.08,-0.5622,639031.53,905747.461,0.5,0.5,,,,,
601012.SH,20240809,14.2,14.26,13.81,13.81,14.15,-0.34,-2.4028,748009.94,1045273.754,0.5,0.5,,,,,
601012.SH,20240812,14.05,14.23,13.86,13.93,13.81,0.12,0.8689,665170.81,930598.24,0.5,0.5,,,,,
601012.SH,20240813,13.85,14.18,13.67,14.01,13.93,0.08,0.5743,687898.46,957666.632,0.5,0.5,,,,,
601012.SH,20240814,14.02,14.3,13.81,13.82,14.01,-0.19,-1.3562,536962.63,748831.833,0.5,0.5,,,,,
601012.SH,20240815,13.75,14.24,13.65,14.07,13.82,0.25,1.809,872144.14,1219783.24,0.5,0.5,,,,,
601012.SH,20240816,14.06,14.1,13.7,13.72,14.07,-0.35,-2.4876,686269.08,949536.519,0.5,0.5,,,,,
601012.SH,20240819,13.71,13.71,13.47,13.48,13.72,-0.24,-1.7493,543376.6,735997.544,0.5,0.5,,,,,
601012.SH,20240820,13.55,13.58,13.25,13.3,13.48,-0.18,-1.3353,497855.82,666636.336,0.5,0.5,,,,,
601012.SH,20240821,13.25,13.41,13.21,13.22,13.3,-0.08,-0.6015,408566.29,543335.694,0.5,0.5,,,,,
601012.SH,20240822,13.25,13.32,12.84,12.88,13.22,-0.34,-2.5719,628548.35,816112.102,0.5,0.5,,,,,
601012.SH,20240823,12.86,13.01,12.79,12.9,12.88,0.02,0.1553,380219.31,490883.241,0.5,0.5,,,,,
601012.SH,20240826,12.92,13.23,12.91,12.99,12.9,0.09,0.6977,529780.5,691398.18,0.5,0.5,,,,,
601012.SH,20240827,13.02,13.56,12.7,13.23,12.99,0.24,1.8476,1182387.12,1560061.21,0.5,0.5,,,,,
601012.SH,20240828,13.0,13.33,12.8,13.14,13.23,-0.09,-0.6803,880040.42,1144573.875,0.5,0.5,,,,,
601012.SH,20240829,13.1,13.76,13.05,13.56,13.14,0.42,3.1963,1252032.17,1681021.266,0.5,0.5,,,,,
601012.SH,20240830,13.42,14.03,13.36,13.81,13.56,0.25,1.8437,1473591.6,2024480.108,0.5,0.5,,,,,
601012.SH,20240902,13.66,13.86,13.19,13.19,13.81,-0.62,-4.4895,1031474.38,1386609.64,0.5,0.5,,,,,
601012.SH,20240903,13.19,13.62,13.1,13.51,13.19,0.32,2.4261,838966.92,1128573.716,0.5,0.5,,,,,
601012.SH,20240904,13.46,13.9,13.44,13.67,13.51,0.16,1.1843,968834.27,1328252.74,0.5,0.5,,,,,
601012.SH,20240905,13.66,14.04,13.66,13.76,13.67,0.09,0.6584,912878.01,1266618.014,0.5,0.5,,,,,
601012.SH,20240906,13.76,13.76,13.48,13.53,13.76,-0.23,-1.6715,450701.11,611884.045,0.5,0.5,,,,,
601012.SH,20240909,13.44,13.59,13.25,13.31,13.53,-0.22,-1.626,560562.04,750079.454,0.5,0.5,,,,,
601012.SH,20240910,13.3,13.37,13.03,13.13,13.31,-0.18,-1.3524,576792.99,759058.414,0.5,0.5,,,,,
601012.SH,20240911,13.03,13.45,13.03,13.36,13.13,0.23,1.7517,742787.51,986430.133,0.5,0.5,,,,,
601012.SH,20240912,13.33,13.92,13.29,13.43,13.36,0.07,0.524,1084668.38,1483005.238,0.5,0.5,,,,,
601012.SH,20240913,13.43,13.56,13.14,13.14,13.43,-0.29,-2.1593,528441.46,702573.447,0.5,0.5,,,,,
601012.SH,20240918,13.13,13.19,12.87,12.96,13.14,-0.18,-1.3699,558842.29,724535.112,0.5,0.5,,,,,
601012.SH,20240919,13.04,13.51,12.85,13.32,12.96,0.36,2.7778,849573.23,1126781.661,0.5,0.5,,,,,
601012.SH,20240920,13.29,13.29,12.71,12.8,13.32,-0.52,-3.9039,1339026.26,1723833.529,0.5,0.5,,,,,
601012.SH,20240923,12.77,12.87,12.71,12.73,12.8,-0.07,-0.5469,558583.62,712384.07,0.5,0.5,,,,,
601012.SH,20240924,12.98,13.6,12.85,13.59,12.73,0.86,6.7557,2308342.7,3067870.682,0.5,0.5,,,,,
601012.SH,20240925,13.8,14.1,13.71,13.74,13.59,0.15,1.1038,1739525.23,2418916.448,0.5,0.5,,,,,
601012.SH,20240926,13.67,14.57,13.65,14.56,13.74,0.82,5.968,1785395.57,2528859.957,0.5,0.5,,,,,
601012.SH,20240927,14.8,16.0,14.79,15.96,14.56,1.4,9.6154,2011262.91,3112951.174,0.5,0.5,,,,,
601012.SH,20240930,16.9,17.56,16.51,17.56,15.96,1.6,10.0251,3959534.0,6817840.793,0.5,0.5,,,,,
601012.SH,20241008,19.32,19.32,18.01,19.28,17.56,1.72,9.795,4912178.98,9315052.949,0.5,0.5,,,,,
601012.SH,20241009,18.6,18.6,17.35,17.35,19.28,-1.93,-10.0104,3333855.39,5958697.374,0.5,0.5,,,,,
601012.SH,20241010,17.03,17.68,16.58,16.95,17.35,-0.4,-2.3055,2025097.69,3468415.805,0.5,0.5,,,,,
601012.SH,20241011,16.7,16.82,15.99,16.2,16.95,-0.75,-4.4248,1605255.12,2624754.416,0.5,0.5,,,,,
601012.SH,20241014,16.35,16.92,16.13,16.75,16.2,0.55,3.3951,1698001.38,2808827.279,0.5,0.5,,,,,
601012.SH,20241015,16.48,16.79,16.3,16.3,16.75,-0.45,-2.6866,1187262.88,1963020.925,0.5,0.5,,,,,
601012.SH,20241016,16.05,16.2,15.81,15.93,16.3,-0.37,-2.2699,1122728.48,1794073.983,0.5,0.5,,,,,
601012.SH,20241017,15.95,16.1,15.59,15.61,15.93,-0.32,-2.0088,1082216.16,1714793.397,0.5,0.5,,,,,
601012.SH,20241018,15.55,16.54,15.45,16.45,15.61,0.84,5.3812,1816295.74,2900552.385,0.5,0.5,,,,,
601012.SH,20241021,16.58,18.0,16.58,17.51,16.45,1.06,6.4438,2982511.62,5173065.245,0.5,0.5,,,,,
601012.SH,20241022,17.3,18.78,16.91,18.38,17.51,0.87,4.9686,3415572.97,6083088.682,0.5,0.5,,,,,
601012.SH,20241023,18.38,20.22,17.94,19.58,18.38,1.2,6.5288,4956261.16,9517227.564,0.5,0.5,,,,,
601012.SH,20241024,19.7,19.73,18.54,18.6,19.58,-0.98,-5.0051,2822279.37,5360615.295,0.5,0.5,,,,,
601012.SH,20241025,18.6,20.46,18.59,20.46,18.6,1.86,10.0,4809354.16,9636191.051,0.5,0.5,,,,,
601012.SH,20241028,20.88,20.88,19.63,20.08,20.46,-0.38,-1.8573,4251653.88,8535400.53,0.5,0.5,,,,,
601012.SH,20241029,20.5,21.15,19.16,19.24,20.08,-0.84,-4.1833,3643362.32,7241822.67,0.5,0.5,,,,,
601012.SH,20241030,19.0,19.85,18.85,19.25,19.24,0.01,0.052,2068690.55,3984188.417,0.5,0.5,,,,,
601012.SH,20241031,19.8,20.1,19.4,19.74,19.25,0.49,2.5455,3051038.22,6047425.601,0.5,0.5,,,,,
601012.SH,20241101,19.63,19.8,18.9,19.01,19.74,-0.73,-3.6981,2139439.23,4116409.99,0.5,0.5,,,,,
601012.SH,20241104,19.01,19.42,18.93,19.26,19.01,0.25,1.3151,1332709.93,2554980.762,0.5,0.5,,,,,
601012.SH,20241105,19.2,19.79,19.0,19.63,19.26,0.37,1.9211,1707408.23,3326352.847,0.5,0.5,,,,,
601012.SH,20241106,19.63,19.97,19.08,19.21,19.63,-0.42,-2.1396,2150695.89,4193886.605,0.5,0.5,,,,,
601012.SH,20241107,18.71,19.19,18.39,19.18,19.21,-0.03,-0.1562,2047550.8,3856961.665,0.5,0.5,,,,,
601012.SH,20241108,19.25,19.75,19.11,19.23,19.18,0.05,0.2607,1739101.53,3373517.689,0.5,0.5,,,,,
601012.SH,20241111,19.08,20.18,19.03,20.02,19.23,0.79,4.1082,2400595.54,4752825.093,0.5,0.5,,,,,
601012.SH,20241112,20.07,21.17,19.91,20.1,20.02,0.08,0.3996,2921408.68,5999069.5,0.5,0.5,,,,,
601012.SH,20241113,19.8,20.18,19.68,20.08,20.1,-0.02,-0.0995,1544077.96,3070609.819,0.5,0.5,,,,,
601012.SH,20241114,20.3,20.34,19.16,19.19,20.08,-0.89,-4.4323,1419299.45,2785287.62,0.5,0.5,,,,,
601012.SH,20241115,19.19,19.38,18.5,18.52,19.19,-0.67,-3.4914,1421012.84,2694306.667,0.5,0.5,,,,,
601012.SH,20241118,18.49,18.76,18.11,18.21,18.52,-0.31,-1.6739,1087822.88,1997738.213,0.5,0.5,,,,,
601012.SH,20241119,18.34,18.73,17.89,18.64,18.21,0.43,2.3613,980803.66,1798205.881,0.5,0.5,,,,,
601012.SH,20241120,18.65,18.71,18.35,18.6,18.64,-0.04,-0.2146,745677.09,1381754.452,0.5,0.5,,,,,
601012.SH,20241121,18.98,19.15,18.45,18.61,18.6,0.01,0.0538,964468.81,1806966.949,0.5,0.5,,,,,
601012.SH,20241122,18.5,18.57,17.71,17.75,18.61,-0.86,-4.6212,1048357.83,1902125.473,0.5,0.5,,,,,
601012.SH,20241125,17.7,17.92,17.55,17.81,17.75,0.06,0.338,711743.77,1263982.359,0.5,0.5,,,,,
601012.SH,20241126,17.99,18.55,17.9,18.0,17.81,0.19,1.0668,937227.56,1709683.46,0.5,0.5,,,,,
601012.SH,20241127,18.05,18.39,17.87,18.35,18.0,0.35,1.9444,754879.03,1367008.14,0.5,0.5,,,,,
601012.SH,20241128,18.2,18.76,18.14,18.27,18.35,-0.08,-0.436,688242.5,1268653.008,0.5,0.5,,,,,
601012.SH,20241129,18.3,18.64,18.18,18.5,18.27,0.23,1.2589,810693.99,1495120.558,0.5,0.5,,,,,
601012.SH,20241202,18.18,18.45,17.77,18.43,18.5,-0.07,-0.3784,1022824.32,1862712.745,0.5,0.5,,,,,
601012.SH,20241203,18.55,18.69,18.25,18.48,18.43,0.05,0.2713,774522.89,1426455.96,0.5,0.5,,,,,
601012.SH,20241204,18.36,18.5,17.9,17.93,18.48,-0.55,-2.9762,841096.29,1523541.153,0.5,0.5,,,,,
601012.SH,20241205,17.78,18.0,17.78,17.94,17.93,0.01,0.0558,521149.5,931582.332,0.5,0.5,,,,,
601012.SH,20241206,17.95,17.96,17.38,17.85,17.94,-0.09,-0.5017,1070963.01,1896650.647,0.5,0.5,,,,,
601012.SH,20241209,17.86,17.9,17.55,17.63,17.85,-0.22,-1.2325,712009.24,1260159.814,0.5,0.5,,,,,
601012.SH,20241210,18.16,18.24,17.56,17.62,17.63,-0.01,-0.0567,935927.83,1673014.321,0.5,0.5,,,,,
601012.SH,20241211,17.55,17.78,17.53,17.69,17.62,0.07,0.3973,555535.22,981421.663,0.5,0.5,,,,,
601012.SH,20241212,17.57,17.87,17.52,17.78,17.69,0.09,0.5088,617913.64,1094649.199,0.5,0.5,,,,,
601012.SH,20241213,17.69,17.69,17.01,17.02,17.78,-0.76,-4.2745,1262503.29,2179286.417,0.5,0.5,,,,,
601012.SH,20241216,17.09,17.16,16.74,16.86,17.02,-0.16,-0.9401,743620.04,1255440.826,0.5,0.5,,,,,
601012.SH,20241217,16.75,16.85,16.6,16.68,16.86,-0.18,-1.0676,665759.73,1112520.077,0.5,0.5,,,,,
601012.SH,20241218,16.79,16.83,16.58,16.63,16.68,-0.05,-0.2998,485288.98,810443.88,0.5,0.5,,,,,
601012.SH,20241219,16.4,16.74,16.25,16.62,16.63,-0.01,-0.0601,649769.01,1073593.55,0.5,0.5,,,,,
601012.SH,20241220,16.63,16.69,16.31,16.34,16.62,-0.28,-1.6847,752484.02,1238069.616,0.5,0.5,,,,,
601012.SH,20241223,16.31,16.6,16.2,16.24,16.34,-0.1,-0.612,829532.16,1356910.143,0.5,0.5,,,,,
601012.SH,20241224,16.22,16.59,16.2,16.39,16.24,0.15,0.9236,802711.69,1319262.92,0.5,0.5,,,,,
601012.SH,20241225,16.65,16.69,16.31,16.36,16.39,-0.03,-0.183,555859.23,914200.229,0.5,0.5,,,,,
601012.SH,20241226,16.42,16.42,16.13,16.19,16.36,-0.17,-1.0391,582440.75,945650.138,0.5,0.5,,,,,
601012.SH,20241227,16.23,16.32,16.05,16.15,16.19,-0.04,-0.2471,610830.79,990279.529,0.5,0.5,,,,,
601012.SH,20241230,16.17,16.27,16.02,16.24,16.15,0.09,0.5573,572913.61,925326.617,0.5,0.5,,,,,
601012.SH,20241231,16.2,16.4,15.7,15.71,16.24,-0.53,-3.2635,871133.89,1390268.494,0.5,0.5,,,,,
601012.SH,20250102,15.7,15.8,15.3,15.43,15.71,-0.28,-1.7823,828253.07,1287616.503,0.5,0.5,,,,,
601012.SH,20250103,15.43,15.56,14.97,15.0,15.43,-0.43,-2.7868,722007.23,1101114.343,0.5,0.5,,,,,
601012.SH,20250106,15.0,15.28,14.91,15.17,15.0,0.17,1.1333,648292.29,979232.009,0.5,0.5,,,,,
601012.SH,20250107,15.05,15.27,15.02,15.24,15.17,0.07,0.4614,466371.03,707882.488,0.5,0.5,,,,,
601012.SH,20250108,15.24,15.28,14.81,15.09,15.24,-0.15,-0.9843,600620.92,903552.09,0.5,0.5,,,,,
601012.SH,20250109,15.0,15.17,14.93,14.98,15.09,-0.11,-0.729,507010.98,761659.148,0.5,0.5,,,,,
601012.SH,20250110,14.95,15.0,14.46,14.46,14.98,-0.52,-3.4713,639163.11,938941.44,0.5,0.5,,,,,
601012.SH,20250113,14.35,14.72,14.29,14.63,14.46,0.17,1.1757,532878.64,776602.99,0.5,0.5,,,,,
601012.SH,20250114,14.7,15.15,14.6,15.11,14.63,0.48,3.2809,673007.62,1004866.708,0.5,0.5,,,,,
601012.SH,20250115,15.06,15.75,14.88,15.26,15.11,0.15,0.9927,1109179.34,1697709.224,0.5,0.5,,,,,
601012.SH,20250116,15.2,15.6,15.17,15.4,15.26,0.14,0.9174,723884.66,1112620.997,0.5,0.5,,,,,
601012.SH,20250117,15.19,15.63,15.09,15.16,15.4,-0.24,-1.5584,747099.47,1139120.44,0.5,0.5,,,,,
601012.SH,20250120,15.22,15.35,15.13,15.14,15.16,-0.02,-0.1319,502213.55,764214.989,0.5,0.5,,,,,
601012.SH,20250121,15.2,15.24,14.72,14.8,15.14,-0.34,-2.2457,663243.9,986145.005,0.5,0.5,,,,,
601012.SH,20250122,14.75,14.76,14.44,14.61,14.8,-0.19,-1.2838,541160.13,788366.302,0.5,0.5,,,,,
601012.SH,20250123,14.68,14.94,14.52,14.53,14.61,-0.08,-0.5476,685032.77,1008420.686,0.5,0.5,,,,,
601012.SH,20250124,14.5,15.04,14.46,14.96,14.53,0.43,2.9594,872512.5,1292681.977,0.5,0.5,,,,,
601012.SH,20250127,14.96,15.29,14.8,14.9,14.96,-0.06,-0.4011,636603.81,954286.489,0.5,0.5,,,,,
601012.SH,20250205,15.01,15.28,14.86,15.08,14.9,0.18,1.2081,644033.35,969896.083,0.5,0.5,,,,,
601012.SH,20250206,15.01,15.44,14.81,15.43,15.08,0.35,2.321,820769.89,1250605.841,0.5,0.5,,,,,
601012.SH,20250207,15.44,16.55,15.4,16.23,15.43,0.8,5.1847,1985331.45,3195290.593,0.5,0.5,,,,,
601012.SH,20250210,16.3,16.3,15.78,16.03,16.23,-0.2,-1.2323,1211385.17,1929731.046,0.5,0.5,,,,,
601012.SH,20250211,16.08,16.14,15.58,15.68,16.03,-0.35,-2.1834,981805.82,1543449.901,0.5,0.5,,,,,
601012.SH,20250212,15.7,15.85,15.56,15.85,15.68,0.17,1.0842,802595.37,1260615.368,0.5,0.5,,,,,
601012.SH,20250213,15.8,15.91,15.7,15.72,15.85,-0.13,-0.8202,702440.18,1110070.261,0.5,0.5,,,,,
601012.SH,20250214,15.71,16.02,15.68,15.81,15.72,0.09,0.5725,631707.78,1001485.234,0.5,0.5,,,,,
601012.SH,20250217,15.71,16.16,15.71,16.04,15.81,0.23,1.4548,1019101.24,1629038.807,0.5,0.5,,,,,
601012.SH,20250218,16.06,16.36,15.79,15.83,16.04,-0.21,-1.3092,1140963.94,1838039.504,0.5,0.5,,,,,
601012.SH,20250219,15.7,16.66,15.68,16.35,15.83,0.52,3.2849,1477534.89,2401647.54,0.5,0.5,,,,,
601012.SH,20250220,16.34,16.34,15.97,16.04,16.35,-0.31,-1.896,875436.74,1407786.861,0.5,0.5,,,,,
601012.SH,20250221,16.09,16.25,15.96,16.15,16.04,0.11,0.6858,748501.46,1206176.997,0.5,0.5,,,,,
601012.SH,20250224,16.15,16.47,16.05,16.36,16.15,0.21,1.3003,975912.38,1590802.955,0.5,0.5,,,,,
601012.SH,20250225,16.23,16.7,16.16,16.45,16.36,0.09,0.5501,1283760.3,2115512.292,0.5,0.5,,,,,
601012.SH,20250226,16.63,17.49,16.56,17.43,16.45,0.98,5.9574,2507746.18,4279579.459,0.5,0.5,,,,,
601012.SH,20250227,17.49,17.5,16.84,17.1,17.43,-0.33,-1.8933,1502629.91,2568978.065,0.5,0.5,,,,,
601012.SH,20250228,17.1,17.3,16.64,16.71,17.1,-0.39,-2.2807,1129930.68,1915809.517,0.5,0.5,,,,,
601012.SH,20250303,16.7,17.3,16.7,17.01,16.71,0.3,1.7953,1284771.02,2196117.44,0.5,0.5,,,,,
601012.SH,20250304,16.95,17.49,16.8,17.43,17.01,0.42,2.4691,1419206.05,2454627.943,0.5,0.5,,,,,
601012.SH,20250305,17.37,17.37,16.88,17.06,17.43,-0.37,-2.1228,1033169.87,1761565.352,0.5,0.5,,,,,
601012.SH,20250306,17.17,17.26,16.91,17.13,17.06,0.07,0.4103,922565.1,1577909.152,0.5,0.5,,,,,
601012.SH,20250307,17.13,17.55,16.85,17.35,17.13,0.22,1.2843,1487506.92,2563603.535,0.5,0.5,,,,,
601012.SH,20250310,17.41,17.55,17.07,17.22,17.35,-0.13,-0.7493,899868.0,1554372.682,0.5,0.5,,,,,
601012.SH,20250311,17.0,17.33,16.8,17.33,17.22,0.11,0.6388,850214.31,1452929.871,0.5,0.5,,,,,
601012.SH,20250312,17.3,17.39,17.0,17.03,17.33,-0.3,-1.7311,656330.35,1124377.462,0.5,0.5,,,,,
601012.SH,20250313,17.1,17.13,16.72,16.81,17.03,-0.22,-1.2918,616050.74,1039732.835,0.5,0.5,,,,,
601012.SH,20250314,16.89,17.65,16.83,17.52,16.81,0.71,4.2237,1886003.5,3280948.686,0.5,0.5,,,,,
601012.SH,20250317,17.7,17.99,17.55,17.67,17.52,0.15,0.8562,1059269.81,1878658.779,0.5,0.5,,,,,
601012.SH,20250318,17.67,17.97,17.63,17.9,17.67,0.23,1.3016,871548.31,1551810.019,0.5,0.5,,,,,
601012.SH,20250319,17.86,17.86,17.58,17.66,17.9,-0.24,-1.3408,671857.4,1188455.117,0.5,0.5,,,,,
601012.SH,20250320,17.6,17.69,17.37,17.43,17.66,-0.23,-1.3024,646356.49,1131237.53,0.5,0.5,,,,,
601012.SH,20250321,17.45,17.53,17.05,17.06,17.43,-0.37,-2.1228,809684.76,1394690.756,0.5,0.5,,,,,
601012.SH,20250324,17.08,17.23,16.85,17.05,17.06,-0.01,-0.0586,676386.3,1151645.829,0.5,0.5,,,,,
601012.SH,20250325,17.1,17.47,16.99,17.17,17.05,0.12,0.7038,669999.79,1155843.974,0.5,0.5,,,,,
601012.SH,20250326,17.1,17.65,17.03,17.36,17.17,0.19,1.1066,771096.05,1342127.283,0.5,0.5,,,,,
601012.SH,20250327,17.27,17.33,17.01,17.04,17.36,-0.32,-1.8433,583443.55,998057.21,0.5,0.5,,,,,
601012.SH,20250328,17.01,17.25,16.86,16.87,17.04,-0.17,-0.9977,481765.85,818938.803,0.5,0.5,,,,,
601012.SH,20250331,16.82,16.83,15.8,15.85,16.87,-1.02,-6.0462,1379344.24,2227587.397,0.5,0.5,,,,,
601012.SH,20250401,15.85,16.21,15.71,16.04,15.85,0.19,1.1987,664933.17,1063764.206,0.5,0.5,,,,,
601012.SH,20250402,15.99,16.13,15.92,15.96,16.04,-0.08,-0.4988,447380.69,716440.082,0.5,0.5,,,,,
601012.SH,20250403,15.65,16.09,15.56,15.76,15.96,-0.2,-1.2531,512427.57,811316.063,0.5,0.5,,,,,
601012.SH,20250407,15.0,15.0,14.18,14.18,15.76,-1.58,-10.0254,1536996.32,2208421.13,0.5,0.5,,,,,
601012.SH,20250408,14.39,14.65,14.25,14.52,14.18,0.34,2.3977,1206513.23,1736527.369,0.5,0.5,,,,,
601012.SH,20250409,14.34,14.71,14.01,14.71,14.52,0.19,1.3085,1008112.29,1453952.422,0.5,0.5,,,,,
601012.SH,20250410,15.29,15.33,14.91,15.03,14.71,0.32,2.1754,827022.34,1243323.65,0.5,0.5,,,,,
601012.SH,20250411,14.98,14.98,14.73,14.8,15.03,-0.23,-1.5303,790302.64,1172564.272,0.5,0.5,,,,,
601012.SH,20250414,14.94,15.15,14.9,14.9,14.8,0.1,0.6757,661354.37,991448.454,0.5,0.5,,,,,
601012.SH,20250415,14.89,14.91,14.66,14.73,14.9,-0.17,-1.1409,481223.81,709303.445,0.5,0.5,,,,,
601012.SH,20250416,14.75,14.98,14.4,14.98,14.73,0.25,1.6972,693183.13,1008031.182,0.5,0.5,,,,,
601012.SH,20250417,14.8,15.02,14.71,14.97,14.98,-0.01,-0.0668,540621.51,804286.565,0.5,0.5,,,,,
601012.SH,20250418,14.88,14.95,14.77,14.85,14.97,-0.12,-0.8016,324964.18,482603.371,0.5,0.5,,,,,
601012.SH,20250421,14.8,14.92,14.72,14.87,14.85,0.02,0.1347,332403.5,493156.315,0.5,0.5,,,,,
601012.SH,20250422,14.86,14.93,14.66,14.8,14.87,-0.07,-0.4707,391063.85,578932.672,0.5,0.5,,,,,
601012.SH,20250423,14.85,15.07,14.82,14.9,14.8,0.1,0.6757,510571.2,762252.905,0.5,0.5,,,,,
601012.SH,20250424,14.92,15.13,14.71,14.71,14.9,-0.19,-1.2752,550098.42,818367.524,0.5,0.5,,,,,
601012.SH,20250425,14.71,14.98,14.66,14.89,14.71,0.18,1.2237,498582.41,738475.26,0.5,0.5,,,,,
601012.SH,20250428,14.89,15.25,14.83,14.95,14.89,0.06,0.403,702946.72,1056992.522,0.5,0.5,,,,,
601012.SH,20250429,14.95,15.11,14.83,14.86,14.95,-0.09,-0.602,378793.93,566080.849,0.5,0.5,,,,,
601012.SH,20250430,14.7,15.04,14.61,14.7,14.86,-0.16,-1.0767,681103.06,1008039.346,0.5,0.5,,,,,
601012.SH,20250506,14.82,15.14,14.75,15.03,14.7,0.33,2.2449,845791.46,1269076.687,0.5,0.5,,,,,
601012.SH,20250507,15.34,15.37,14.96,15.1,15.03,0.07,0.4657,611189.31,921366.124,0.5,0.5,,,,,
601012.SH,20250508,15.01,15.35,14.98,15.27,15.1,0.17,1.1258,664882.95,1013941.618,0.5,0.5,,,,,
601012.SH,20250509,15.28,15.28,14.92,14.92,15.27,-0.35,-2.2921,530921.16,797244.309,0.5,0.5,,,,,
601012.SH,20250512,15.09,15.39,15.08,15.39,14.92,0.47,3.1501,993462.58,1517265.367,0.5,0.5,,,,,
601012.SH,20250513,15.64,16.13,15.53,15.63,15.39,0.24,1.5595,1557886.23,2465768.378,0.5,0.5,,,,,
601012.SH,20250514,15.49,15.65,15.31,15.53,15.63,-0.1,-0.6398,761180.9,1176080.371,0.5,0.5,,,,,
601012.SH,20250515,15.49,15.49,15.09,15.09,15.53,-0.44,-2.8332,664506.76,1010161.82,0.5,0.5,,,,,
601012.SH,20250516,15.08,15.18,15.05,15.15,15.09,0.06,0.3976,437808.07,661757.848,0.5,0.5,,,,,
601012.SH,20250519,15.1,15.13,14.91,15.09,15.15,-0.06,-0.396,362780.46,545336.701,0.5,0.5,,,,,
601012.SH,20250520,15.1,15.12,14.97,15.11,15.09,0.02,0.1325,301168.91,453421.117,0.5,0.5,,,,,
601012.SH,20250521,15.12,15.23,15.05,15.13,15.11,0.02,0.1324,406988.16,617024.153,0.5,0.5,,,,,
601012.SH,20250522,15.08,15.12,14.97,15.01,15.13,-0.12,-0.7931,302190.36,454481.13,0.5,0.5,,,,,
601012.SH,20250523,15.0,15.22,14.92,14.92,15.01,-0.09,-0.5996,459955.97,692593.713,0.5,0.5,,,,,
601012.SH,20250526,14.93,15.15,14.9,14.99,14.92,0.07,0.4692,367201.2,550921.118,0.5,0.5,,,,,
601012.SH,20250527,14.91,14.98,14.38,14.44,14.99,-0.55,-3.6691,1124005.32,1633303.771,0.5,0.5,,,,,
601012.SH,20250528,14.46,14.49,14.31,14.35,14.44,-0.09,-0.6233,389556.08,560052.88,0.5,0.5,,,,,
601012.SH,20250529,14.35,14.54,14.31,14.53,14.35,0.18,1.2544,433850.98,626880.166,0.5,0.5,,,,,
601012.SH,20250530,14.49,14.53,14.37,14.38,14.53,-0.15,-1.0323,505109.67,728441.639,0.5,0.5,,,,,
601012.SH,20250603,14.32,14.42,14.24,14.35,14.38,-0.03,-0.2086,327642.58,469992.048,0.5,0.5,,,,,
601012.SH,20250604,14.4,14.55,14.39,14.48,14.35,0.13,0.9059,388053.43,561672.358,0.5,0.5,,,,,
601012.SH,20250605,14.48,14.54,14.4,14.5,14.48,0.02,0.1381,308763.07,446328.806,0.5,0.5,,,,,
601012.SH,20250606,14.51,14.54,14.41,14.47,14.5,-0.03,-0.2069,355120.24,513919.733,0.5,0.5,,,,,
601012.SH,20250609,14.26,14.57,14.07,14.48,14.47,0.01,0.0691,833833.71,1197979.083,0.5,0.5,,,,,
601012.SH,20250610,14.43,14.64,14.27,14.3,14.48,-0.18,-1.2431,685465.62,989361.101,0.5,0.5,,,,,
601012.SH,20250611,14.32,14.72,14.32,14.72,14.3,0.42,2.9371,979797.45,1435315.923,0.5,0.5,,,,,
601012.SH,20250612,14.61,14.79,14.58,14.74,14.72,0.02,0.1359,513901.7,756075.947,0.5,0.5,,,,,
601012.SH,20250613,14.68,14.72,14.38,14.42,14.74,-0.32,-2.171,602918.19,874908.405,0.5,0.5,,,,,
601012.SH,20250616,14.43,14.69,14.41,14.64,14.42,0.22,1.5257,513633.19,748669.103,0.5,0.5,,,,,
601012.SH,20250617,14.65,14.68,14.48,14.58,14.64,-0.06,-0.4098,342226.84,497606.694,0.5,0.5,,,,,
601012.SH,20250618,14.54,14.68,14.49,14.59,14.58,0.01,0.0686,361009.91,526557.421,0.5,0.5,,,,,
601012.SH,20250619,14.53,14.72,14.32,14.33,14.59,-0.26,-1.782,521589.94,756133.678,0.5,0.5,,,,,
601012.SH,20250620,14.45,14.79,14.2,14.24,14.33,-0.09,-0.6281,837560.3,1212495.276,0.5,0.5,,,,,
601012.SH,20250623,14.15,14.43,14.08,14.29,14.24,0.05,0.3511,504394.86,717926.979,0.5,0.5,,,,,
601012.SH,20250624,14.29,14.53,14.29,14.51,14.29,0.22,1.5395,694025.62,1002883.775,0.5,0.5,,,,,
601012.SH,20250625,14.55,14.66,14.36,14.64,14.51,0.13,0.8959,775007.07,1125039.221,0.5,0.5,,,,,
601012.SH,20250626,14.59,14.79,14.47,14.47,14.64,-0.17,-1.1612,644641.56,942710.353,0.5,0.5,,,,,
601012.SH,20250627,14.48,14.88,14.48,14.57,14.47,0.1,0.6911,724787.96,1063024.012,0.5,0.5,,,,,
601012.SH,20250630,14.81,15.2,14.81,15.02,14.57,0.45,3.0885,1083195.0,1621976.53,0.5,0.5,,,,,
601012.SH,20250701,14.93,14.95,14.75,14.86,15.02,-0.16,-1.0652,634918.58,942363.553,0.5,0.5,,,,,
601012.SH,20250702,14.96,15.61,14.93,15.56,14.86,0.7,4.7106,2098822.75,3215872.899,0.5,0.5,,,,,
601012.SH,20250703,15.56,15.67,15.33,15.54,15.56,-0.02,-0.1285,1090591.64,1687486.007,0.5,0.5,,,,,
601012.SH,20250704,15.8,15.95,15.5,15.57,15.54,0.03,0.1931,1293982.7,2028999.626,0.5,0.5,,,,,
601012.SH,20250707,15.45,15.64,15.41,15.47,15.57,-0.1,-0.6423,516644.48,800112.618,0.5,0.5,,,,,
601012.SH,20250708,15.41,16.5,15.4,16.47,15.47,1.0,6.4641,2229802.67,3603593.421,0.5,0.5,,,,,
601012.SH,20250709,16.35,16.75,16.27,16.37,16.47,-0.1,-0.6072,1489940.88,2462427.05,0.5,0.5,,,,,
601012.SH,20250710,16.3,16.82,16.3,16.46,16.37,0.09,0.5498,1658548.56,2752068.61,0.5,0.5,,,,,
601012.SH,20250711,16.53,16.56,16.24,16.25,16.46,-0.21,-1.2758,1176010.29,1919925.271,0.5,0.5,,,,,
601012.SH,20250714,16.2,16.38,16.07,16.16,16.25,-0.09,-0.5538,892634.9,1444926.449,0.5,0.5,,,,,
601012.SH,20250715,16.15,16.26,15.87,16.02,16.16,-0.14,-0.8663,932185.72,1493745.062,0.5,0.5,,,,,
601012.SH,20250716,16.02,16.07,15.75,15.91,16.02,-0.11,-0.6866,842281.81,1336311.192,0.5,0.5,,,,,
601012.SH,20250717,16.18,16.36,15.96,16.21,15.91,0.3,1.8856,1208869.2,1953775.775,0.5,0.5,,,,,
601012.SH,20250718,16.1,16.4,16.0,16.07,16.21,-0.14,-0.8637,805956.06,1301639.696,0.5,0.5,,,,,
601012.SH,20250721,16.1,16.36,16.04,16.31,16.07,0.24,1.4935,806403.45,1309532.199,0.5,0.5,,,,,
601012.SH,20250722,16.28,16.65,16.18,16.57,16.31,0.26,1.5941,1220461.6,2007611.624,0.5,0.5,,,,,
601012.SH,20250723,16.66,16.72,16.34,16.36,16.57,-0.21,-1.2674,1041350.28,1720972.204,0.5,0.5,,,,,
601012.SH,20250724,16.27,16.88,16.25,16.88,16.36,0.52,3.1785,1243338.39,2069868.451,0.5,0.5,,,,,
601012.SH,20250725,16.88,16.88,16.47,16.52,16.88,-0.36,-2.1327,910426.84,1513165.941,0.5,0.5,,,,,
601012.SH,20250728,16.4,16.59,16.25,16.41,16.52,-0.11,-0.6659,755499.99,1239477.502,0.5,0.5,,,,,
601012.SH,20250729,16.41,16.56,16.26,16.56,16.41,0.15,0.9141,784201.98,1288865.023,0.5,0.5,,,,,
601012.SH,20250730,16.57,16.72,16.31,16.38,16.56,-0.18,-1.087,853000.86,1409445.113,0.5,0.5,,,,,
601012.SH,20250731,16.26,16.3,15.68,15.76,16.38,-0.62,-3.7851,1284359.42,2045926.013,0.5,0.5,,,,,
601012.SH,20250801,15.77,16.17,15.77,15.92,15.76,0.16,1.0152,730064.98,1166848.956,0.5,0.5,,,,,
601012.SH,20250804,15.78,15.87,15.59,15.78,15.92,-0.14,-0.8794,660554.88,1036215.323,0.5,0.5,,,,,
601012.SH,20250805,15.77,15.92,15.69,15.92,15.78,0.14,0.8872,550174.01,869796.099,0.5,0.5,,,,,
601012.SH,20250806,15.86,16.02,15.78,15.94,15.92,0.02,0.1256,432353.57,687706.352,0.5,0.5,,,,,
601012.SH,20250807,16.0,16.09,15.77,15.84,15.94,-0.1,-0.6274,479716.14,762028.498,0.5,0.5,,,,,
601012.SH,20250808,15.84,16.03,15.76,15.82,15.84,-0.02,-0.1263,614651.29,976494.489,0.5,0.5,,,,,
601012.SH,20250811,15.86,16.1,15.8,16.01,15.82,0.19,1.201,691001.17,1103728.328,0.5,0.5,,,,,
601012.SH,20250812,16.0,16.01,15.75,15.84,16.01,-0.17,-1.0618,689977.98,1091781.724,0.5,0.5,,,,,
601012.SH,20250813,15.85,15.95,15.76,15.83,15.84,-0.01,-0.0631,733355.22,1161049.476,0.5,0.5,,,,,
601012.SH,20250814,15.83,15.86,15.52,15.56,15.83,-0.27,-1.7056,874925.7,1374152.542,0.5,0.5,,,,,
601012.SH,20250815,15.52,16.18,15.5,16.16,15.56,0.6,3.856,1556808.25,2488498.436,0.5,0.5,,,,,
601012.SH,20250818,16.3,16.6,16.22,16.31,16.16,0.15,0.9282,1575418.48,2587967.729,0.5,0.5,,,,,
601012.SH,20250819,16.37,16.45,15.96,15.97,16.31,-0.34,-2.0846,1252398.82,2023846.783,0.5,0.5,,,,,
601012.SH,20250820,16.21,16.4,15.88,16.2,15.97,0.23,1.4402,1391076.45,2244340.968,0.5,0.5,,,,,
601012.SH,20250821,16.13,16.47,16.09,16.2,16.2,0.0,0.0,1026525.32,1669520.799,0.5,0.5,,,,,
601012.SH,20250822,16.2,16.58,16.12,16.52,16.2,0.32,1.9753,1351350.78,2220132.731,0.5,0.5,,,,,
601012.SH,20250825,16.52,16.98,16.49,16.77,16.52,0.25,1.5133,1864898.9,3121220.247,0.5,0.5,,,,,
601012.SH,20250826,16.79,17.04,16.58,16.85,16.77,0.08,0.477,1384400.95,2339696.846,0.5,0.5,,,,,
601012.SH,20250827,16.86,17.34,16.55,16.55,16.85,-0.3,-1.7804,1523300.48,2580395.397,0.5,0.5,,,,,
601012.SH,20250828,16.51,17.04,16.41,16.89,16.55,0.34,2.0544,1605178.44,2692371.996,0.5,0.5,,,,,
601012.SH,20250829,16.93,17.3,16.79,17.17,16.89,0.28,1.6578,1777315.47,3040019.681,0.5,0.5,,,,,
601012.SH,20250901,17.14,17.14,16.8,17.08,17.17,-0.09,-0.5242,1416226.45,2399715.327,0.5,0.5,,,,,
601012.SH,20250902,17.08,17.47,16.62,16.74,17.08,-0.34,-1.9906,1672306.05,2840008.508,0.5,0.5,,,,,
601012.SH,20250903,16.81,17.29,16.76,17.18,16.74,0.44,2.6284,2597912.61,4450596.885,0.5,0.5,,,,,
601012.SH,20250904,17.17,18.1,17.11,17.4,17.18,0.22,1.2806,3386705.13,5975921.43,0.5,0.5,,,,,
601012.SH,20250905,17.48,18.2,17.3,18.1,17.4,0.7,4.023,3382855.39,6071716.055,0.5,0.5,,,,,
601012.SH,20250908,18.39,18.45,17.85,17.99,18.1,-0.11,-0.6077,2176144.87,3922496.632,0.5,0.5,,,,,
601012.SH,20250909,17.81,18.05,17.53,17.61,17.99,-0.38,-2.1123,1468569.09,2603150.424,0.5,0.5,,,,,
601012.SH,20250910,17.5,17.58,17.0,17.2,17.61,-0.41,-2.3282,1537668.67,2648424.099,0.5,0.5,,,,,
601012.SH,20250911,17.14,17.36,17.01,17.28,17.2,0.08,0.4651,1099614.25,1891692.039,0.5,0.5,,,,,
601012.SH,20250912,17.29,17.36,16.98,17.12,17.28,-0.16,-0.9259,1096566.83,1881430.322,0.5,0.5,,,,,
601012.SH,20250915,17.13,17.5,17.1,17.16,17.12,0.04,0.2336,1067448.7,1843544.711,0.5,0.5,,,,,
601012.SH,20250916,17.29,17.5,16.85,17.05,17.16,-0.11,-0.641,1198009.28,2045195.615,0.5,0.5,,,,,
601012.SH,20250917,17.0,17.47,16.82,17.3,17.05,0.25,1.4663,1323768.23,2279274.111,0.5,0.5,,,,,
601012.SH,20250918,17.31,17.4,16.64,16.82,17.3,-0.48,-2.7746,1539046.61,2622599.869,0.5,0.5,,,,,
601012.SH,20250919,16.82,17.11,16.78,16.9,16.82,0.08,0.4756,1101385.54,1869844.831,0.5,0.5,,,,,
601012.SH,20250922,16.9,16.91,16.43,16.6,16.9,-0.3,-1.7751,1068423.51,1771746.495,0.5,0.5,,,,,
601012.SH,20250923,16.55,16.7,16.07,16.29,16.6,-0.31,-1.8675,1034342.27,1687496.776,0.5,0.5,,,,,
601012.SH,20250924,16.28,17.4,16.18,17.4,16.29,1.11,6.814,1804191.26,3038409.287,0.5,0.5,,,,,
601012.SH,20250925,17.38,18.05,17.23,17.76,17.4,0.36,2.069,2260226.77,4013782.259,0.5,0.5,,,,,
601012.SH,20250926,17.65,17.83,17.48,17.5,17.76,-0.26,-1.464,964187.6,1698219.493,0.5,0.5,,,,,
601012.SH,20250929,17.48,17.7,17.39,17.58,17.5,0.08,0.4571,1170919.1,2053870.973,0.5,0.5,,,,,
601012.SH,20250930,17.59,18.05,17.46,18.0,17.58,0.42,2.3891,1692376.97,3014925.216,0.5,0.5,,,,,
601012.SH,20251009,18.05,19.11,17.87,18.88,18.0,0.88,4.8889,2753406.55,5131257.215,0.5,0.5,,,,,
601012.SH,20251010,18.97,19.22,18.26,18.4,18.88,-0.48,-2.5424,1888724.74,3528008.334,0.5,0.5,,,,,
601012.SH,20251013,17.65,18.29,17.63,18.13,18.4,-0.27,-1.4674,1574472.06,2824417.781,0.5,0.5,,,,,
601012.SH,20251014,18.4,19.94,18.4,19.28,18.13,1.15,6.3431,5569400.97,10927964.906,0.5,0.5,,,,,
601012.SH,20251015,19.27,20.24,18.84,19.72,19.28,0.44,2.2822,4612512.32,9042907.864,0.5,0.5,,,,,
601012.SH,20251016,19.65,20.35,19.51,20.25,19.72,0.53,2.6876,3560638.87,7120042.855,0.5,0.5,,,,,
601012.SH,20251017,20.09,20.74,19.52,19.7,20.25,-0.55,-2.716,3394179.02,6805387.264,0.5,0.5,,,,,
601012.SH,20251020,19.65,19.67,18.92,19.06,19.7,-0.64,-3.2487,2182747.42,4185835.833,0.5,0.5,,,,,
601012.SH,20251021,19.08,19.26,18.93,19.01,19.06,-0.05,-0.2623,1405833.02,2680751.281,0.5,0.5,,,,,
601012.SH,20251022,19.17,19.39,18.72,18.77,19.01,-0.24,-1.2625,1371236.02,2597092.644,0.5,0.5,,,,,
601012.SH,20251023,18.65,19.11,18.38,19.04,18.77,0.27,1.4385,1747564.53,3274446.752,0.5,0.5,,,,,
601012.SH,20251024,19.05,19.48,18.69,18.84,19.04,-0.2,-1.0504,1426308.36,2710507.388,0.5,0.5,,,,,
601012.SH,20251027,19.0,19.38,18.87,19.06,18.84,0.22,1.1677,1647106.36,3152114.268,0.5,0.5,,,,,
601012.SH,20251028,19.19,19.22,18.76,18.9,19.06,-0.16,-0.8395,1164185.58,2207676.661,0.5,0.5,,,,,
601012.SH,20251029,18.9,20.79,18.81,20.79,18.9,1.89,10.0,3900066.27,7852274.544,0.5,0.5,,,,,
601012.SH,20251030,21.01,22.14,21.0,21.51,20.79,0.72,3.4632,4925438.12,10673662.671,0.5,0.5,,,,,
601012.SH,20251031,21.41,22.24,21.0,21.11,21.51,-0.4,-1.8596,3190613.95,6863229.668,0.5,0.5,,,,,
601012.SH,20251103,21.37,21.88,21.2,21.76,21.11,0.65,3.0791,2898191.63,6249206.921,0.5,0.5,,,,,
601012.SH,20251104,21.78,21.93,21.18,21.35,21.76,-0.41,-1.8842,1957379.81,4212139.097,0.5,0.5,,,,,
601012.SH,20251105,21.01,22.52,20.73,21.85,21.35,0.5,2.3419,3303288.25,7153463.684,0.5,0.5,,,,,
601012.SH,20251106,21.85,22.16,21.42,21.77,21.85,-0.08,-0.3661,2216458.02,4818581.107,0.5,0.5,,,,,
601012.SH,20251107,21.64,23.3,21.64,22.43,21.77,0.66,3.0317,4223350.16,9584105.295,0.5,0.5,,,,,
601012.SH,20251110,22.88,23.57,22.6,22.8,22.43,0.37,1.6496,4031035.09,9280405.739,0.5,0.5,,,,,
601012.SH,20251111,22.8,23.09,22.41,22.44,22.8,-0.36,-1.5789,2808370.54,6387793.972,0.5,0.5,,,,,
601012.SH,20251112,22.3,22.3,20.22,20.79,22.44,-1.65,-7.3529,5223453.18,10945020.73,0.5,0.5,,,,,
601012.SH,20251113,20.8,21.64,20.69,21.3,20.79,0.51,2.4531,3219396.0,6821922.566,0.5,0.5,,,,,
601012.SH,20251114,21.0,23.11,20.8,21.88,21.3,0.58,2.723,4048316.62,8888797.854,0.5,0.5,,,,,
601012.SH,20251117,22.0,22.1,21.26,21.69,21.88,-0.19,-0.8684,2312457.21,4997065.752,0.5,0.5,,,,,
601012.SH,20251118,21.54,21.88,21.01,21.15,21.69,-0.54,-2.4896,1734623.73,3693621.417,0.5,0.5,,,,,
601012.SH,20251119,21.15,21.44,20.64,21.2,21.15,0.05,0.2364,1962514.24,4120662.266,0.5,0.5,,,,,
601012.SH,20251120,21.2,21.3,20.0,20.1,21.2,-1.1,-5.1887,2338838.65,4822149.607,0.5,0.5,,,,,
601012.SH,20251121,19.7,19.9,18.81,18.84,20.1,-1.26,-6.2687,2871239.74,5515259.064,0.5,0.5,,,,,
601012.SH,20251124,19.02,19.09,18.51,18.76,18.84,-0.08,-0.4246,1615064.15,3026319.105,0.5,0.5,,,,,
601012.SH,20251125,18.91,19.23,18.8,18.98,18.76,0.22,1.1727,1377796.98,2619061.64,0.5,0.5,,,,,
601012.SH,20251126,19.12,19.2,18.7,18.81,18.98,-0.17,-0.8957,1474895.66,2791746.11,0.5,0.5,,,,,
601012.SH,20251127,18.76,19.07,18.52,18.58,18.81,-0.23,-1.2228,1570440.53,2953523.047,0.5,0.5,,,,,
601012.SH,20251128,18.49,18.72,18.35,18.57,18.58,-0.01,-0.0538,1259891.53,2337017.11,0.5,0.5,,,,,
601012.SH,20251201,18.7,18.85,18.5,18.75,18.57,0.18,0.9693,1274347.12,2380406.032,0.5,0.5,,,,,
601012.SH,20251202,18.65,18.66,18.25,18.31,18.75,-0.44,-2.3467,1262765.37,2319595.364,0.5,0.5,,,,,
601012.SH,20251203,18.3,18.34,17.98,18.02,18.31,-0.29,-1.5838,1120542.1,2028587.487,0.5,0.5,,,,,
601012.SH,20251204,17.87,18.03,17.8,17.91,18.02,-0.11,-0.6104,868696.94,1555532.232,0.5,0.5,,,,,
601012.SH,20251205,17.92,18.07,17.81,18.02,17.91,0.11,0.6142,1028737.97,1849427.406,0.5,0.5,,,,,
601012.SH,20251208,17.99,18.17,17.9,18.08,18.02,0.06,0.333,1083150.49,1956004.32,0.5,0.5,,,,,
601012.SH,20251209,18.06,18.26,17.9,18.2,18.08,0.12,0.6637,1500690.26,2715269.483,0.5,0.5,,,,,
601012.SH,20251210,18.29,18.54,17.8,18.2,18.2,0.0,0.0,1718834.21,3112585.783,0.5,0.5,,,,,
601012.SH,20251211,18.16,18.26,17.86,17.88,18.2,-0.32,-1.7582,1009355.67,1822141.144,0.5,0.5,,,,,
601012.SH,20251212,17.95,18.25,17.86,18.19,17.88,0.31,1.7338,1297537.6,2349187.324,0.5,0.5,,,,,
601012.SH,20251215,18.15,18.37,17.96,18.0,18.19,-0.19,-1.0445,1204152.02,2188971.476,0.5,0.5,,,,,
601012.SH,20251216,17.99,17.99,17.3,17.46,18.0,-0.54,-3.0,1333841.02,2338261.249,0.5,0.5,,,,,
601012.SH,20251217,17.49,17.82,17.44,17.78,17.46,0.32,1.8328,912023.72,1607351.227,0.5,0.5,,,,,
601012.SH,20251218,17.7,17.9,17.61,17.7,17.78,-0.08,-0.4499,699344.36,1243572.701,0.5,0.5,,,,,
601012.SH,20251219,17.71,18.41,17.71,18.08,17.7,0.38,2.1469,1389156.27,2517253.951,0.5,0.5,,,,,
601012.SH,20251222,18.09,18.28,18.09,18.11,18.08,0.03,0.1659,900950.66,1635920.071,0.5,0.5,,,,,
601012.SH,20251223,18.12,18.18,17.92,18.02,18.11,-0.09,-0.497,853749.01,1540542.116,0.5,0.5,,,,,
601012.SH,20251224,17.94,18.23,17.77,18.13,18.02,0.11,0.6104,870312.5,1570606.116,0.5,0.5,,,,,
601012.SH,20251225,18.04,18.31,17.95,18.27,18.13,0.14,0.7722,955617.55,1734543.765,0.5,0.5,,,,,
601012.SH,20251226,18.84,19.33,18.7,19.02,18.27,0.75,4.1051,2752732.34,5236282.801,0.5,0.5,,,,,
601012.SH,20251229,19.03,19.18,18.61,18.7,19.02,-0.32,-1.6824,1529933.39,2885659.169,0.5,0.5,,,,,
601012.SH,20251230,18.55,18.75,18.4,18.44,18.7,-0.26,-1.3904,982509.88,1817628.693,0.5,0.5,,,,,
601012.SH,20251231,18.42,18.54,18.17,18.2,18.44,-0.24,-1.3015,1020767.29,1868825.732,0.5,0.5,,,,,
601012.SH,20260105,18.43,18.5,18.23,18.49,18.2,0.29,1.5934,1063532.4,1958453.795,0.5,0.5,,,,,
601012.SH,20260106,18.49,18.88,18.45,18.83,18.49,0.34,1.8388,1479924.62,2771718.349,0.5,0.5,,,,,
601012.SH,20260107,18.83,18.85,18.56,18.65,18.83,-0.18,-0.9559,1471044.68,2746859.052,0.5,0.5,,,,,
601012.SH,20260108,18.53,18.93,18.39,18.77,18.65,0.12,0.6434,1536377.12,2873301.34,0.5,0.5,,,,,
601012.SH,20260109,18.61,18.77,18.28,18.39,18.77,-0.38,-2.0245,2290187.41,4231356.213,0.5,0.5,,,,,
601012.SH,20260112,18.1,19.45,18.02,19.23,18.39,0.84,4.5677,3643822.89,6919241.186,0.5,0.5,,,,,
601012.SH,20260113,19.23,19.23,18.42,18.5,19.23,-0.73,-3.7962,2785581.8,5201821.676,0.5,0.5,,,,,
601012.SH,20260114,18.43,19.07,18.37,18.59,18.5,0.09,0.4865,2553126.84,4786478.14,0.5,0.5,,,,,
601012.SH,20260115,18.5,18.99,18.4,18.5,18.59,-0.09,-0.4841,1601094.24,2981575.224,0.5,0.5,,,,,
601012.SH,20260116,18.61,18.95,18.47,18.73,18.5,0.23,1.2432,1948505.7,3645110.363,0.5,0.5,,,,,
601012.SH,20260119,18.4,18.59,17.8,18.32,18.73,-0.41,-2.189,2287425.54,4184561.25,0.5,0.5,,,,,
601012.SH,20260120,18.23,18.39,17.3,17.38,18.32,-0.94,-5.131,3165550.22,5578437.512,0.5,0.5,,,,,
601012.SH,20260121,17.31,17.47,17.1,17.22,17.38,-0.16,-0.9206,1535782.84,2658057.827,0.5,0.5,,,,,
601012.SH,20260122,17.2,17.93,17.15,17.59,17.22,0.37,2.1487,1915603.97,3360706.958,0.5,0.5,,,,,
601012.SH,20260123,17.61,19.35,17.61,19.35,17.59,1.76,10.0057,4985970.65,9394050.972,0.5,0.5,,,,,
601012.SH,20260126,19.83,20.05,18.98,19.09,19.35,-0.26,-1.3437,5367875.23,10439391.593,0.5,0.5,,,,,
601012.SH,20260127,18.8,19.39,18.36,19.2,19.09,0.11,0.5762,3864283.04,7306070.379,0.5,0.5,,,,,
601012.SH,20260128,19.16,19.44,18.8,18.82,19.2,-0.38,-1.9792,2584339.69,4916577.972,0.5,0.5,,,,,
601012.SH,20260129,18.68,19.3,18.6,18.77,18.82,-0.05,-0.2657,2754551.71,5210968.053,0.5,0.5,,,,,
601012.SH,20260130,18.58,18.82,17.71,17.88,18.77,-0.89,-4.7416,2916512.73,5264912.03,0.5,0.5,,,,,
601012.SH,20260202,18.16,18.25,17.61,17.64,17.88,-0.24,-1.3423,1710967.9,3067558.742,0.5,0.5,,,,,
601012.SH,20260203,17.83,18.58,17.83,18.57,17.64,0.93,5.2721,2831262.65,5170147.381,0.5,0.5,,,,,
601012.SH,20260204,18.4,19.44,18.3,19.31,18.57,0.74,3.9849,4094587.1,7779064.977,0.5,0.5,,,,,
601012.SH,20260205,19.01,19.01,18.16,18.23,19.31,-1.08,-5.593,3258250.07,6013712.042,0.5,0.5,,,,,
601012.SH,20260206,18.05,18.67,18.0,18.36,18.23,0.13,0.7131,2111974.25,3887739.122,0.5,0.5,,,,,
601012.SH,20260209,18.78,19.75,18.74,19.18,18.36,0.82,4.4662,4288200.49,8275472.542,0.5,0.5,,,,,
601012.SH,20260210,19.0,19.28,18.77,18.81,19.18,-0.37,-1.9291,2262494.34,4280477.047,0.5,0.5,,,,,
601012.SH,20260211,18.8,18.99,18.55,18.59,18.81,-0.22,-1.1696,1581104.07,2959090.907,0.5,0.5,,,,,
601012.SH,20260212,18.59,18.65,18.4,18.49,18.59,-0.1,-0.5379,1429807.86,2647753.652,0.5,0.5,,,,,
601012.SH,20260213,18.4,18.44,18.1,18.13,18.49,-0.36,-1.947,1484023.87,2707298.69,0.5,0.5,,,,,
601012.SH,20260224,18.35,18.43,18.19,18.28,18.13,0.15,0.8274,1304719.4,2391080.125,0.5,0.5,,,,,
601012.SH,20260225,18.32,18.62,18.29,18.57,18.28,0.29,1.5864,1423624.68,2628915.859,0.5,0.5,,,,,
601012.SH,20260226,18.54,18.54,18.16,18.27,18.57,-0.3,-1.6155,1354565.46,2475716.261,0.5,0.5,,,,,
601012.SH,20260227,18.17,18.5,18.16,18.32,18.27,0.05,0.2737,1156079.32,2120773.487,0.5,0.5,,,,,
601012.SH,20260302,17.97,18.55,17.9,18.12,18.32,-0.2,-1.0917,1636286.86,2976079.934,0.5,0.5,,,,,
601012.SH,20260303,18.2,18.73,17.9,17.99,18.12,-0.13,-0.7174,2277338.41,4166800.912,0.5,0.5,,,,,
601012.SH,20260304,17.61,18.06,17.58,17.66,17.99,-0.33,-1.8344,1559401.11,2771722.872,0.5,0.5,,,,,
601012.SH,20260305,17.93,18.0,17.71,17.76,17.66,0.1,0.5663,1194523.15,2130166.382,0.5,0.5,,,,,
601012.SH,20260306,17.76,18.08,17.58,18.0,17.76,0.24,1.3514,1203234.18,2154129.92,0.5,0.5,,,,,
601012.SH,20260309,18.01,18.49,17.92,18.39,18.0,0.39,2.1667,2062755.09,3764605.465,0.5,0.5,,,,,
601012.SH,20260310,18.25,18.62,18.1,18.56,18.39,0.17,0.9244,1828340.37,3357305.878,0.5,0.5,,,,,
601012.SH,20260311,18.55,18.95,18.39,18.79,18.56,0.23,1.2392,2311935.77,4333875.458,0.5,0.5,,,,,
601012.SH,20260312,18.74,19.07,18.46,18.94,18.79,0.15,0.7983,2500821.3,4690086.895,0.5,0.5,,,,,
601012.SH,20260313,18.92,19.47,18.78,18.87,18.94,-0.07,-0.3696,3419483.4,6538240.298,0.5,0.5,,,,,
601012.SH,20260316,18.95,19.19,18.61,18.68,18.87,-0.19,-1.0069,2013162.84,3784642.047,0.5,0.5,,,,,
601012.SH,20260317,18.77,19.43,18.76,18.79,18.68,0.11,0.5889,2710532.14,5173834.238,0.5,0.5,,,,,
601012.SH,20260318,18.76,18.97,18.29,18.54,18.79,-0.25,-1.3305,1835008.58,3402104.019,0.5,0.5,,,,,
601012.SH,20260319,18.35,18.79,18.31,18.52,18.54,-0.02,-0.1079,1718596.99,3195484.336,0.5,0.5,,,,,
601012.SH,20260320,18.5,19.6,18.42,18.99,18.52,0.47,2.5378,4469587.92,8522747.284,0.5,0.5,,,,,
601012.SH,20260323,19.05,19.4,18.69,18.81,18.99,-0.18,-0.9479,4026907.38,7694518.391,0.5,0.5,,,,,
601012.SH,20260324,18.94,19.2,17.77,19.04,18.81,0.23,1.2228,3900515.89,7216531.581,0.5,0.5,,,,,
601012.SH,20260325,18.81,19.18,18.73,18.89,19.04,-0.15,-0.7878,2632036.7,4980370.423,0.5,0.5,,,,,
601012.SH,20260326,18.89,19.06,18.31,18.37,18.89,-0.52,-2.7528,2458952.27,4577231.092,0.5,0.5,,,,,
601012.SH,20260327,18.1,18.74,18.08,18.52,18.37,0.15,0.8165,2075887.34,3819551.092,0.5,0.5,,,,,
601012.SH,20260330,18.4,18.57,17.8,17.96,18.52,-0.56,-3.0238,2173171.99,3916247.299,0.5,0.5,,,,,
601012.SH,20260331,17.9,18.02,17.53,17.54,17.96,-0.42,-2.3385,1600191.39,2842679.053,0.5,0.5,,,,,
601012.SH,20260401,17.72,18.03,17.54,17.89,17.54,0.35,1.9954,1349022.14,2398083.291,0.5,0.5,,,,,
601012.SH,20260402,17.8,17.8,17.31,17.36,17.89,-0.53,-2.9625,1348218.43,2361042.861,0.5,0.5,,,,,
601012.SH,20260403,17.3,17.35,16.61,16.66,17.36,-0.7,-4.0323,1811128.72,3057167.201,0.5,0.5,,,,,
601012.SH,20260407,16.66,16.74,16.39,16.7,16.66,0.04,0.2401,1120802.6,1858517.89,0.5,0.5,,,,,
601012.SH,20260408,16.92,17.42,16.83,17.32,16.7,0.62,3.7126,1659254.92,2846702.533,0.5,0.5,,,,,
601012.SH,20260409,17.06,17.22,16.87,16.92,17.32,-0.4,-2.3095,1119971.24,1901557.997,0.5,0.5,,,,,
601012.SH,20260410,17.06,17.27,16.96,17.12,16.92,0.2,1.182,1170602.31,2007435.124,0.5,0.5,,,,,
601012.SH,20260413,17.0,18.02,16.95,17.68,17.12,0.56,3.271,2163953.14,3790707.315,0.5,0.5,,,,,
601012.SH,20260414,17.59,17.63,17.35,17.55,17.68,-0.13,-0.7353,1316760.74,2303441.65,0.5,0.5,,,,,
601012.SH,20260415,17.59,17.66,17.36,17.38,17.55,-0.17,-0.9687,989936.35,1732878.734,0.5,0.5,,,,,
601012.SH,20260416,17.45,17.54,17.35,17.51,17.38,0.13,0.748,907076.87,1584881.031,0.5,0.5,,,,,
601012.SH,20260417,17.45,17.52,17.23,17.44,17.51,-0.07,-0.3998,1073344.37,1866684.287,0.5,0.5,,,,,
601012.SH,20260420,17.44,17.8,17.35,17.65,17.44,0.21,1.2041,1351470.18,2376243.054,0.5,0.5,,,,,
601012.SH,20260421,17.65,17.79,17.48,17.59,17.65,-0.06,-0.3399,905297.42,1593667.052,0.5,0.5,,,,,
601012.SH,20260422,17.5,17.66,17.4,17.55,17.59,-0.04,-0.2274,788200.5,1382718.187,0.5,0.5,,,,,
601012.SH,20260423,17.69,17.79,17.37,17.53,17.55,-0.02,-0.114,1255806.45,2208322.354,0.5,0.5,,,,,
601012.SH,20260424,17.51,17.56,17.26,17.39,17.53,-0.14,-0.7986,975036.57,1695872.844,0.5,0.5,,,,,
601012.SH,20260427,17.3,17.43,17.12,17.14,17.39,-0.25,-1.4376,1090041.63,1875866.995,0.5,0.5,,,,,
601012.SH,20260428,17.03,17.21,16.89,16.95,17.14,-0.19,-1.1085,977872.67,1664112.757,0.5,0.5,,,,,
601012.SH,20260429,16.28,16.59,15.82,16.55,16.95,-0.4,-2.3599,2455953.78,3992226.56,0.5,0.5,,,,,
601012.SH,20260430,16.37,16.68,16.37,16.46,16.55,-0.09,-0.5438,1315053.81,2167954.847,0.5,0.5,,,,,
601012.SH,20260506,16.53,16.65,16.39,16.55,16.46,0.09,0.5468,1459022.3,2408376.086,0.5,0.5,,,,,
601012.SH,20260507,16.54,16.82,16.51,16.55,16.55,0.0,0.0,1475967.4,2453039.029,0.5,0.5,,,,,
601012.SH,20260508,16.54,16.55,16.22,16.36,16.55,-0.19,-1.148,1602816.37,2621482.231,0.5,0.5,,,,,
601012.SH,20260511,16.35,16.75,16.33,16.61,16.36,0.25,1.5281,1809608.13,3002893.118,0.5,0.5,,,,,
601012.SH,20260512,16.65,16.91,16.38,16.7,16.61,0.09,0.5418,1973451.6,3281304.288,0.5,0.5,,,,,
601012.SH,20260513,16.51,16.82,16.45,16.78,16.7,0.08,0.479,1433680.1,2393881.568,0.5,0.5,,,,,
601012.SH,20260514,16.79,17.04,16.3,16.3,16.78,-0.48,-2.8605,2094690.59,3490763.287,0.5,0.5,,,,,
601012.SH,20260515,16.28,16.28,15.55,15.6,16.3,-0.7,-4.2945,2457675.72,3870130.809,0.5,0.5,,,,,
601012.SH,20260518,15.45,15.46,15.05,15.14,15.6,-0.46,-2.9487,1553262.89,2364623.51,0.5,0.5,,,,,
601012.SH,20260519,15.15,15.32,15.01,15.24,15.14,0.1,0.6605,1188544.54,1798613.429,0.5,0.5,,,,,
601012.SH,20260520,15.26,15.65,15.08,15.35,15.24,0.11,0.7218,1373087.24,2109013.586,0.5,0.5,,,,,
601012.SH,20260521,15.36,15.46,14.74,14.79,15.35,-0.56,-3.6482,1518486.01,2300599.121,0.5,0.5,,,,,
601012.SH,20260522,14.95,15.1,14.73,15.04,14.79,0.25,1.6903,1084893.99,1617887.906,0.5,0.5,,,,,
601012.SH,20260525,15.04,15.08,14.73,14.85,15.04,-0.19,-1.2633,1124444.68,1667808.837,0.5,0.5,,,,,
601012.SH,20260526,14.77,14.84,14.39,14.6,14.85,-0.25,-1.6835,1464136.94,2131353.894,0.5,0.5,,,,,
601012.SH,20260527,14.61,15.12,14.31,14.36,14.6,-0.24,-1.6438,1835593.66,2691220.296,0.5,0.5,,,,,
601012.SH,20260528,14.26,14.42,14.1,14.35,14.36,-0.01,-0.0696,1233381.39,1758281.784,0.5,0.5,,,,,
601012.SH,20260529,14.33,14.33,13.85,13.89,14.35,-0.46,-3.2056,1614465.07,2265276.517,0.5,0.5,,,,,
601012.SH,20260601,13.86,14.08,13.65,13.68,13.89,-0.21,-1.5119,1394094.06,1924818.824,0.5,0.5,,,,,
601012.SH,20260602,13.7,13.76,13.25,13.48,13.68,-0.2,-1.462,1455341.51,1950269.645,0.5,0.5,,,,,
601012.SH,20260603,13.48,13.81,13.38,13.42,13.48,-0.06,-0.4451,1437241.94,1957606.911,0.5,0.5,,,,,
601012.SH,20260604,13.33,13.52,13.19,13.34,13.42,-0.08,-0.5961,1060962.41,1416611.361,0.5,0.5,,,,,
601012.SH,20260605,13.34,13.43,13.03,13.13,13.34,-0.21,-1.5742,1259114.45,1666002.901,0.5,0.5,,,,,
601012.SH,20260608,12.9,13.05,12.39,12.44,13.13,-0.69,-5.2551,1793660.58,2275619.62,0.5,0.5,,,,,
601012.SH,20260609,12.67,12.96,12.22,12.94,12.44,0.5,4.0193,1714808.01,2169128.577,0.5,0.5,,,,,
601012.SH,20260610,12.72,14.22,12.65,14.08,12.94,1.14,8.8099,2554959.56,3396036.389,0.5,0.5,,,,,
601012.SH,20260611,13.75,13.9,13.42,13.64,14.08,-0.44,-3.125,2419387.61,3297899.977,0.5,0.5,,,,,
600887.SH,20210615,37.88,38.09,37.09,37.74,38.26,-0.52,-1.3591,669284.76,2513212.016,0.5,0.5,,,,,
600887.SH,20210616,37.83,39.48,37.59,38.5,37.74,0.76,2.0138,799246.66,3087444.824,0.5,0.5,,,,,
600887.SH,20210617,38.1,38.46,37.94,38.2,38.5,-0.3,-0.7792,470539.1,1794586.119,0.5,0.5,,,,,
600887.SH,20210618,38.08,38.12,37.5,37.72,38.2,-0.48,-1.2565,541650.1,2041901.893,0.5,0.5,,,,,
600887.SH,20210621,37.41,37.86,37.0,37.28,37.72,-0.44,-1.1665,629715.77,2341729.214,0.5,0.5,,,,,
600887.SH,20210622,37.27,37.39,36.78,37.02,37.28,-0.26,-0.6974,664192.3,2455614.041,0.5,0.5,,,,,
600887.SH,20210623,37.02,37.28,36.51,37.2,37.02,0.18,0.4862,517080.66,1912881.947,0.5,0.5,,,,,
600887.SH,20210624,37.28,37.4,36.9,37.14,37.2,-0.06,-0.1613,415573.53,1542048.336,0.5,0.5,,,,,
600887.SH,20210625,37.19,37.59,37.01,37.41,37.14,0.27,0.727,559362.92,2087459.718,0.5,0.5,,,,,
600887.SH,20210628,37.55,37.68,37.1,37.3,37.41,-0.11,-0.294,413453.84,1538961.021,0.5,0.5,,,,,
600887.SH,20210629,37.33,37.39,36.45,37.3,37.3,0.0,0.0,690031.66,2544386.933,0.5,0.5,,,,,
600887.SH,20210630,37.0,37.19,36.71,36.83,37.3,-0.47,-1.2601,425036.34,1567831.397,0.5,0.5,,,,,
600887.SH,20210701,36.83,37.26,36.5,37.0,36.83,0.17,0.4616,560795.88,2067006.929,0.5,0.5,,,,,
600887.SH,20210702,36.7,36.83,36.3,36.45,37.0,-0.55,-1.4865,597685.58,2181163.677,0.5,0.5,,,,,
600887.SH,20210705,36.23,36.23,34.88,35.21,36.45,-1.24,-3.4019,933621.28,3298377.527,0.5,0.5,,,,,
600887.SH,20210706,34.98,35.05,34.32,35.04,35.21,-0.17,-0.4828,684526.89,2376594.794,0.5,0.5,,,,,
600887.SH,20210707,34.71,35.53,34.71,35.09,35.04,0.05,0.1427,572178.62,2008102.374,0.5,0.5,,,,,
600887.SH,20210708,35.07,35.08,34.09,34.21,35.09,-0.88,-2.5078,725357.89,2493785.9,0.5,0.5,,,,,
600887.SH,20210709,34.13,34.53,33.89,34.31,34.21,0.1,0.2923,484672.05,1659882.669,0.5,0.5,,,,,
600887.SH,20210712,34.5,34.95,34.02,34.65,34.31,0.34,0.991,585303.94,2024173.264,0.5,0.5,,,,,
600887.SH,20210713,34.7,35.37,34.66,35.18,34.65,0.53,1.5296,555922.85,1954176.134,0.5,0.5,,,,,
600887.SH,20210714,35.17,35.48,34.7,35.34,35.18,0.16,0.4548,496999.21,1745281.309,0.5,0.5,,,,,
600887.SH,20210715,35.3,36.18,35.07,35.8,35.34,0.46,1.3016,633773.59,2272452.586,0.5,0.5,,,,,
600887.SH,20210716,35.5,35.74,35.0,35.1,35.8,-0.7,-1.9553,487821.83,1715030.811,0.5,0.5,,,,,
600887.SH,20210719,34.82,35.12,34.28,35.06,35.1,-0.04,-0.114,517249.69,1789583.589,0.5,0.5,,,,,
600887.SH,20210720,34.9,35.22,34.48,34.9,35.06,-0.16,-0.4564,335040.95,1168120.874,0.5,0.5,,,,,
600887.SH,20210721,35.2,35.95,34.94,34.95,34.9,0.05,0.1433,522746.23,1844893.358,0.5,0.5,,,,,
600887.SH,20210722,34.78,35.3,34.41,35.06,34.95,0.11,0.3147,360338.8,1261108.448,0.5,0.5,,,,,
600887.SH,20210723,34.9,34.98,33.8,34.1,35.06,-0.96,-2.7382,711141.55,2427911.912,0.5,0.5,,,,,
600887.SH,20210726,33.98,33.98,32.71,33.08,34.1,-1.02,-2.9912,772598.13,2557643.919,0.5,0.5,,,,,
600887.SH,20210727,33.03,33.3,31.31,31.46,33.08,-1.62,-4.8972,920811.82,2962588.248,0.5,0.5,,,,,
600887.SH,20210728,30.9,32.48,30.9,32.24,31.46,0.78,2.4793,792441.11,2523597.994,0.5,0.5,,,,,
600887.SH,20210729,32.58,33.08,32.31,32.75,32.24,0.51,1.5819,574561.14,1876835.755,0.5,0.5,,,,,
600887.SH,20210730,32.6,33.58,32.33,33.39,32.75,0.64,1.9542,736197.69,2441038.592,0.5,0.5,,,,,
600887.SH,20210802,33.0,34.74,32.9,34.3,33.39,0.91,2.7254,852607.27,2903996.252,0.5,0.5,,,,,
600887.SH,20210803,34.3,35.59,34.01,35.49,34.3,1.19,3.4694,791602.25,2775027.004,0.5,0.5,,,,,
600887.SH,20210804,35.49,36.2,34.64,34.77,35.49,-0.72,-2.0287,725124.95,2540365.436,0.5,0.5,,,,,
600887.SH,20210805,34.7,35.43,34.34,35.01,34.77,0.24,0.6903,564778.88,1981608.465,0.5,0.5,,,,,
600887.SH,20210806,34.34,35.55,33.9,35.4,35.01,0.39,1.114,671174.65,2336649.698,0.5,0.5,,,,,
600887.SH,20210809,35.2,36.4,35.1,36.03,35.4,0.63,1.7797,698724.45,2522942.654,0.5,0.5,,,,,
600887.SH,20210810,36.18,36.49,35.41,36.26,36.03,0.23,0.6384,626777.75,2256404.037,0.5,0.5,,,,,
600887.SH,20210811,36.2,36.2,35.45,35.52,36.26,-0.74,-2.0408,481853.19,1720708.927,0.5,0.5,,,,,
600887.SH,20210812,35.41,35.7,34.9,35.11,35.52,-0.41,-1.1543,380129.01,1338303.915,0.5,0.5,,,,,
600887.SH,20210813,34.91,35.42,34.58,35.29,35.11,0.18,0.5127,322321.65,1130820.533,0.5,0.5,,,,,
600887.SH,20210816,35.0,35.66,34.9,35.19,35.29,-0.1,-0.2834,357175.48,1258382.791,0.5,0.5,,,,,
600887.SH,20210817,35.01,35.35,33.8,34.0,35.19,-1.19,-3.3816,639479.34,2198710.164,0.5,0.5,,,,,
600887.SH,20210818,34.03,34.47,33.74,33.82,34.0,-0.18,-0.5294,479234.2,1627488.666,0.5,0.5,,,,,
600887.SH,20210819,33.78,34.27,33.32,33.38,33.82,-0.44,-1.301,485708.69,1636758.137,0.5,0.5,,,,,
600887.SH,20210820,33.11,33.56,32.71,33.23,33.38,-0.15,-0.4494,542965.13,1794591.086,0.5,0.5,,,,,
600887.SH,20210823,33.29,33.74,33.0,33.23,33.23,0.0,0.0,410182.57,1368496.761,0.5,0.5,,,,,
600887.SH,20210824,33.25,33.47,32.89,33.3,33.23,0.07,0.2107,484693.17,1607609.367,0.5,0.5,,,,,
600887.SH,20210825,33.31,33.93,33.2,33.67,33.3,0.37,1.1111,454907.7,1525514.947,0.5,0.5,,,,,
600887.SH,20210826,33.85,33.95,33.0,33.1,33.67,-0.57,-1.6929,406193.39,1356722.503,0.5,0.5,,,,,
600887.SH,20210827,33.11,34.16,33.09,33.5,33.1,0.4,1.2085,519850.84,1748463.924,0.5,0.5,,,,,
600887.SH,20210830,33.5,33.5,32.6,33.13,33.5,-0.37,-1.1045,506965.68,1672788.43,0.5,0.5,,,,,
600887.SH,20210831,34.2,35.59,34.0,34.01,33.13,0.88,2.6562,1489085.14,5174823.856,0.5,0.5,,,,,
600887.SH,20210901,34.21,36.3,33.91,36.18,34.01,2.17,6.3805,1501487.31,5319680.98,0.5,0.5,,,,,
600887.SH,20210902,36.38,36.59,35.63,36.02,36.18,-0.16,-0.4422,878718.66,3170926.626,0.5,0.5,,,,,
600887.SH,20210903,35.76,37.07,35.33,36.16,36.02,0.14,0.3887,968684.51,3515608.886,0.5,0.5,,,,,
600887.SH,20210906,36.52,37.68,36.36,36.58,36.16,0.42,1.1615,936043.91,3466912.416,0.5,0.5,,,,,
600887.SH,20210907,36.53,36.75,36.08,36.45,36.58,-0.13,-0.3554,520930.42,1897906.476,0.5,0.5,,,,,
600887.SH,20210908,36.37,36.57,35.84,36.18,36.45,-0.27,-0.7407,498618.83,1802386.516,0.5,0.5,,,,,
600887.SH,20210909,36.26,36.5,35.73,36.01,36.18,-0.17,-0.4699,455495.13,1644409.399,0.5,0.5,,,,,
600887.SH,20210910,36.11,36.65,36.01,36.4,36.01,0.39,1.083,619566.92,2254623.693,0.5,0.5,,,,,
600887.SH,20210913,36.0,36.2,35.38,35.8,36.4,-0.6,-1.6484,538386.89,1921879.724,0.5,0.5,,,,,
600887.SH,20210914,35.79,36.49,35.3,35.47,35.8,-0.33,-0.9218,419985.61,1504575.147,0.5,0.5,,,,,
600887.SH,20210915,35.23,35.48,34.67,34.81,35.47,-0.66,-1.8607,471074.27,1647069.059,0.5,0.5,,,,,
600887.SH,20210916,34.99,35.39,34.35,35.05,34.81,0.24,0.6895,570875.33,1998701.514,0.5,0.5,,,,,
600887.SH,20210917,34.9,35.8,34.5,35.49,35.05,0.44,1.2553,605392.46,2128256.557,0.5,0.5,,,,,
600887.SH,20210922,34.92,35.69,34.8,35.35,35.49,-0.14,-0.3945,385697.44,1357833.462,0.5,0.5,,,,,
600887.SH,20210923,35.36,36.27,35.36,35.71,35.35,0.36,1.0184,479400.65,1714809.092,0.5,0.5,,,,,
600887.SH,20210924,35.85,37.33,35.85,37.08,35.71,1.37,3.8365,1082678.3,3997418.361,0.5,0.5,,,,,
600887.SH,20210927,37.11,38.5,37.1,37.28,37.08,0.2,0.5394,1178532.09,4450363.383,0.5,0.5,,,,,
600887.SH,20210928,36.92,37.91,36.4,37.55,37.28,0.27,0.7242,725527.29,2711276.103,0.5,0.5,,,,,
600887.SH,20210929,37.61,38.06,36.94,37.7,37.55,0.15,0.3995,705906.45,2651007.563,0.5,0.5,,,,,
600887.SH,20210930,37.94,38.51,37.55,37.7,37.7,0.0,0.0,621511.82,2359460.422,0.5,0.5,,,,,
600887.SH,20211008,37.7,39.96,37.5,39.62,37.7,1.92,5.0928,1353739.44,5295638.819,0.5,0.5,,,,,
600887.SH,20211011,39.66,40.24,38.92,39.47,39.62,-0.15,-0.3786,762081.81,3013430.557,0.5,0.5,,,,,
600887.SH,20211012,39.15,39.33,38.38,38.79,39.47,-0.68,-1.7228,788198.35,3054398.248,0.5,0.5,,,,,
600887.SH,20211013,38.8,40.09,38.2,39.61,38.79,0.82,2.1139,834298.94,3284088.328,0.5,0.5,,,,,
600887.SH,20211014,39.45,39.76,38.6,39.02,39.61,-0.59,-1.4895,481881.85,1880106.118,0.5,0.5,,,,,
600887.SH,20211015,38.51,40.53,38.51,39.08,39.02,0.06,0.1538,769866.44,3033700.494,0.5,0.5,,,,,
600887.SH,20211018,39.01,39.02,37.38,38.6,39.08,-0.48,-1.2282,733907.32,2808692.144,0.5,0.5,,,,,
600887.SH,20211019,39.0,39.29,38.17,38.29,38.6,-0.31,-0.8031,612947.69,2369888.835,0.5,0.5,,,,,
600887.SH,20211020,38.69,39.0,37.88,38.0,38.29,-0.29,-0.7574,465366.2,1779915.87,0.5,0.5,,,,,
600887.SH,20211021,37.85,38.75,37.79,38.18,38.0,0.18,0.4737,439580.61,1682675.212,0.5,0.5,,,,,
600887.SH,20211022,38.49,40.3,38.31,39.89,38.18,1.71,4.4788,998406.64,3949603.508,0.5,0.5,,,,,
600887.SH,20211025,40.0,41.18,39.85,40.5,39.89,0.61,1.5292,902663.56,3661353.355,0.5,0.5,,,,,
600887.SH,20211026,40.5,40.99,40.0,40.56,40.5,0.06,0.1481,462935.08,1876427.659,0.5,0.5,,,,,
600887.SH,20211027,40.4,40.64,39.72,40.28,40.56,-0.28,-0.6903,473780.74,1904834.984,0.5,0.5,,,,,
600887.SH,20211028,40.6,41.5,39.88,40.76,40.28,0.48,1.1917,872672.61,3569106.739,0.5,0.5,,,,,
600887.SH,20211029,42.1,43.32,41.58,43.0,40.76,2.24,5.4956,1638028.44,7000357.587,0.5,0.5,,,,,
600887.SH,20211101,43.11,43.17,42.0,42.56,43.0,-0.44,-1.0233,848548.95,3613487.316,0.5,0.5,,,,,
600887.SH,20211102,42.56,43.58,42.35,42.98,42.56,0.42,0.9868,825863.95,3553061.021,0.5,0.5,,,,,
600887.SH,20211103,43.22,43.26,41.8,41.81,42.98,-1.17,-2.7222,770079.85,3257157.508,0.5,0.5,,,,,
600887.SH,20211104,42.15,43.84,42.13,42.86,41.81,1.05,2.5114,962174.43,4151715.647,0.5,0.5,,,,,
600887.SH,20211105,42.54,44.25,42.36,43.24,42.86,0.38,0.8866,781149.07,3397163.314,0.5,0.5,,,,,
600887.SH,20211108,43.15,43.4,42.42,42.5,43.24,-0.74,-1.7114,497787.58,2127148.624,0.5,0.5,,,,,
600887.SH,20211109,42.66,43.15,42.0,42.23,42.5,-0.27,-0.6353,523557.92,2218606.056,0.5,0.5,,,,,
600887.SH,20211110,41.0,41.64,39.85,41.0,42.23,-1.23,-2.9126,1309935.04,5332456.153,0.5,0.5,,,,,
600887.SH,20211111,41.6,42.38,41.07,42.2,41.0,1.2,2.9268,805638.91,3372796.318,0.5,0.5,,,,,
600887.SH,20211112,42.49,42.7,41.65,42.0,42.2,-0.2,-0.4739,588424.59,2478852.645,0.5,0.5,,,,,
600887.SH,20211115,42.15,42.7,41.7,42.28,42.0,0.28,0.6667,531826.23,2241150.625,0.5,0.5,,,,,
600887.SH,20211116,42.58,42.85,41.9,42.28,42.28,0.0,0.0,420335.94,1779170.629,0.5,0.5,,,,,
600887.SH,20211117,42.28,42.28,41.25,41.44,42.28,-0.84,-1.9868,452897.4,1881012.457,0.5,0.5,,,,,
600887.SH,20211118,41.33,41.47,40.85,41.2,41.44,-0.24,-0.5792,353422.09,1453960.899,0.5,0.5,,,,,
600887.SH,20211119,41.12,41.41,40.55,40.85,41.2,-0.35,-0.8495,542643.61,2219534.662,0.5,0.5,,,,,
600887.SH,20211122,40.96,41.1,40.07,40.23,40.85,-0.62,-1.5177,939969.99,3786772.523,0.5,0.5,,,,,
600887.SH,20211123,40.0,40.34,39.36,40.08,40.23,-0.15,-0.3729,946723.46,3773444.282,0.5,0.5,,,,,
600887.SH,20211124,39.99,40.45,39.6,39.93,40.08,-0.15,-0.3743,947849.9,3803274.106,0.5,0.5,,,,,
600887.SH,20211125,40.2,40.6,39.91,40.32,39.93,0.39,0.9767,774824.25,3120869.516,0.5,0.5,,,,,
600887.SH,20211126,40.03,40.19,39.16,39.19,40.32,-1.13,-2.8026,689088.14,2728623.783,0.5,0.5,,,,,
600887.SH,20211129,38.94,39.74,38.6,39.74,39.19,0.55,1.4034,680314.98,2665983.232,0.5,0.5,,,,,
600887.SH,20211130,39.68,39.74,38.9,39.17,39.74,-0.57,-1.4343,621621.37,2436836.742,0.5,0.5,,,,,
600887.SH,20211201,39.0,39.5,38.33,38.7,39.17,-0.47,-1.1999,602304.88,2330525.391,0.5,0.5,,,,,
600887.SH,20211202,38.9,38.91,38.34,38.38,38.7,-0.32,-0.8269,505977.63,1949618.65,0.5,0.5,,,,,
600887.SH,20211203,38.46,40.2,38.32,39.9,38.38,1.52,3.9604,931968.3,3683165.142,0.5,0.5,,,,,
600887.SH,20211206,39.88,40.13,39.28,39.82,39.9,-0.08,-0.2005,510721.43,2028631.648,0.5,0.5,,,,,
600887.SH,20211207,40.13,40.13,39.58,39.98,39.82,0.16,0.4018,562003.43,2242172.391,0.5,0.5,,,,,
600887.SH,20211208,40.0,41.15,39.75,41.09,39.98,1.11,2.7764,803770.33,3268049.2,0.5,0.5,,,,,
600887.SH,20211209,41.0,42.0,40.78,41.41,41.09,0.32,0.7788,782156.79,3248419.876,0.5,0.5,,,,,
600887.SH,20211210,42.09,42.51,41.53,42.29,41.41,0.88,2.1251,863005.46,3630348.102,0.5,0.5,,,,,
600887.SH,20211213,42.28,43.92,42.01,42.3,42.29,0.01,0.0236,940523.99,4021762.996,0.5,0.5,,,,,
600887.SH,20211214,42.08,42.71,41.68,41.97,42.3,-0.33,-0.7801,531450.31,2238265.716,0.5,0.5,,,,,
600887.SH,20211215,41.65,42.13,41.11,41.39,41.97,-0.58,-1.3819,430415.37,1783745.838,0.5,0.5,,,,,
600887.SH,20211216,41.2,41.48,40.73,41.35,41.39,-0.04,-0.0966,479450.98,1969674.422,0.5,0.5,,,,,
600887.SH,20211217,41.29,41.34,40.59,40.96,41.35,-0.39,-0.9432,453661.96,1855151.135,0.5,0.5,,,,,
600887.SH,20211220,40.78,41.37,40.71,40.95,40.96,-0.01,-0.0244,526149.53,2161968.816,0.5,0.5,,,,,
600887.SH,20211221,41.03,42.0,41.0,41.56,40.95,0.61,1.4896,483053.51,2009556.019,0.5,0.5,,,,,
600887.SH,20211222,41.51,41.96,41.19,41.55,41.56,-0.01,-0.0241,322356.97,1339304.578,0.5,0.5,,,,,
600887.SH,20211223,41.4,41.9,41.17,41.49,41.55,-0.06,-0.1444,294105.85,1219932.058,0.5,0.5,,,,,
600887.SH,20211224,41.42,42.42,41.33,42.37,41.49,0.88,2.121,510442.45,2139482.966,0.5,0.5,,,,,
600887.SH,20211227,42.39,42.39,41.15,41.95,42.37,-0.42,-0.9913,483820.25,2024682.312,0.5,0.5,,,,,
600887.SH,20211228,41.88,42.1,41.27,41.9,41.95,-0.05,-0.1192,363248.79,1515175.376,0.5,0.5,,,,,
600887.SH,20211229,41.81,42.03,40.9,41.1,41.9,-0.8,-1.9093,425101.65,1756683.556,0.5,0.5,,,,,
600887.SH,20211230,41.15,41.6,40.95,41.36,41.1,0.26,0.6326,292044.53,1206347.55,0.5,0.5,,,,,
600887.SH,20211231,41.3,41.76,40.82,41.46,41.36,0.1,0.2418,352182.51,1455332.129,0.5,0.5,,,,,
600887.SH,20220104,41.05,41.4,40.3,40.7,41.46,-0.76,-1.8331,567676.38,2312303.349,0.5,0.5,,,,,
600887.SH,20220105,40.6,42.18,40.31,41.7,40.7,1.0,2.457,793807.07,3314025.788,0.5,0.5,,,,,
600887.SH,20220106,41.7,41.7,39.6,39.98,41.7,-1.72,-4.1247,898364.38,3609604.616,0.5,0.5,,,,,
600887.SH,20220107,39.8,40.45,39.8,40.13,39.98,0.15,0.3752,378860.62,1523425.309,0.5,0.5,,,,,
600887.SH,20220110,40.0,41.2,39.89,41.03,40.13,0.9,2.2427,595370.27,2426942.752,0.5,0.5,,,,,
600887.SH,20220111,40.64,40.95,39.74,39.82,41.03,-1.21,-2.9491,562208.15,2252759.137,0.5,0.5,,,,,
600887.SH,20220112,39.82,40.23,39.52,39.92,39.82,0.1,0.2511,356539.76,1422476.99,0.5,0.5,,,,,
600887.SH,20220113,40.0,40.09,38.85,39.0,39.92,-0.92,-2.3046,494851.82,1942999.195,0.5,0.5,,,,,
600887.SH,20220114,39.14,39.34,38.73,38.86,39.0,-0.14,-0.359,280463.27,1094014.109,0.5,0.5,,,,,
600887.SH,20220117,38.8,39.48,38.51,39.16,38.86,0.3,0.772,376929.67,1467473.148,0.5,0.5,,,,,
600887.SH,20220118,39.0,39.67,38.96,39.42,39.16,0.26,0.6639,307002.94,1209956.185,0.5,0.5,,,,,
600887.SH,20220119,39.29,39.64,38.8,39.31,39.42,-0.11,-0.279,292534.68,1148331.946,0.5,0.5,,,,,
600887.SH,20220120,39.3,40.11,39.19,40.06,39.31,0.75,1.9079,437023.01,1741204.584,0.5,0.5,,,,,
600887.SH,20220121,39.82,40.32,39.56,40.06,40.06,0.0,0.0,352294.58,1407526.967,0.5,0.5,,,,,
600887.SH,20220124,39.79,40.0,39.2,39.4,40.06,-0.66,-1.6475,274999.81,1086961.802,0.5,0.5,,,,,
600887.SH,20220125,39.07,39.75,38.52,38.66,39.4,-0.74,-1.8782,354304.49,1383830.231,0.5,0.5,,,,,
600887.SH,20220126,38.76,39.5,38.01,38.88,38.66,0.22,0.5691,361880.47,1404832.427,0.5,0.5,,,,,
600887.SH,20220127,38.55,39.25,37.98,38.12,38.88,-0.76,-1.9547,374825.25,1442368.657,0.5,0.5,,,,,
600887.SH,20220128,38.2,38.94,37.85,38.07,38.12,-0.05,-0.1312,436737.73,1673894.232,0.5,0.5,,,,,
600887.SH,20220207,38.6,39.1,38.38,38.76,38.07,0.69,1.8125,345841.77,1339578.572,0.5,0.5,,,,,
600887.SH,20220208,38.76,38.76,37.7,38.65,38.76,-0.11,-0.2838,326386.52,1251100.434,0.5,0.5,,,,,
600887.SH,20220209,38.62,39.97,38.6,39.93,38.65,1.28,3.3118,529762.53,2097496.894,0.5,0.5,,,,,
600887.SH,20220210,40.25,40.38,39.71,40.01,39.93,0.08,0.2004,288133.39,1152133.985,0.5,0.5,,,,,
600887.SH,20220211,40.3,40.3,39.76,39.83,40.01,-0.18,-0.4499,289813.53,1157166.715,0.5,0.5,,,,,
600887.SH,20220214,39.66,40.38,39.5,40.0,39.83,0.17,0.4268,377607.19,1511846.716,0.5,0.5,,,,,
600887.SH,20220215,40.2,40.49,39.63,39.88,40.0,-0.12,-0.3,370732.7,1484269.395,0.5,0.5,,,,,
600887.SH,20220216,40.07,40.37,39.52,40.29,39.88,0.41,1.0281,322853.05,1293066.616,0.5,0.5,,,,,
600887.SH,20220217,40.5,40.89,40.27,40.43,40.29,0.14,0.3475,302762.38,1228783.747,0.5,0.5,,,,,
600887.SH,20220218,40.25,40.69,40.07,40.56,40.43,0.13,0.3215,247945.73,1001616.301,0.5,0.5,,,,,
600887.SH,20220221,40.5,41.04,40.27,41.01,40.56,0.45,1.1095,300612.86,1226256.55,0.5,0.5,,,,,
600887.SH,20220222,40.73,40.78,39.9,40.49,41.01,-0.52,-1.268,333409.7,1345907.742,0.5,0.5,,,,,
600887.SH,20220223,41.0,41.2,40.05,40.24,40.49,-0.25,-0.6174,300937.47,1216837.402,0.5,0.5,,,,,
600887.SH,20220224,40.13,40.13,38.94,39.52,40.24,-0.72,-1.7893,437054.21,1727184.526,0.5,0.5,,,,,
600887.SH,20220225,39.66,40.12,39.3,39.5,39.52,-0.02,-0.0506,255129.29,1013720.141,0.5,0.5,,,,,
600887.SH,20220228,39.03,39.54,39.01,39.52,39.5,0.02,0.0506,247484.4,971809.186,0.5,0.5,,,,,
600887.SH,20220301,39.44,39.71,39.07,39.5,39.52,-0.02,-0.0506,389357.05,1531768.312,0.5,0.5,,,,,
600887.SH,20220302,39.25,39.55,39.07,39.24,39.5,-0.26,-0.6582,227063.42,892223.48,0.5,0.5,,,,,
600887.SH,20220303,39.26,39.55,38.8,39.33,39.24,0.09,0.2294,273167.7,1071596.563,0.5,0.5,,,,,
600887.SH,20220304,39.38,39.55,38.91,39.35,39.33,0.02,0.0509,321797.22,1263666.795,0.5,0.5,,,,,
600887.SH,20220307,39.01,39.08,37.26,37.55,39.35,-1.8,-4.5743,681861.1,2589977.361,0.5,0.5,,,,,
600887.SH,20220308,37.55,37.92,36.4,36.68,37.55,-0.87,-2.3169,492880.52,1830676.418,0.5,0.5,,,,,
600887.SH,20220309,36.85,37.53,35.21,36.63,36.68,-0.05,-0.1363,596361.14,2173351.601,0.5,0.5,,,,,
600887.SH,20220310,37.32,37.5,36.7,36.75,36.63,0.12,0.3276,371753.44,1378387.368,0.5,0.5,,,,,
600887.SH,20220311,37.5,38.5,37.32,38.3,36.75,1.55,4.2177,791863.93,3005783.844,0.5,0.5,,,,,
600887.SH,20220314,37.79,38.11,37.26,37.26,38.3,-1.04,-2.7154,441538.01,1662215.04,0.5,0.5,,,,,
600887.SH,20220315,36.8,37.0,35.27,35.4,37.26,-1.86,-4.9919,680372.19,2455942.087,0.5,0.5,,,,,
600887.SH,20220316,36.0,37.41,35.06,37.12,35.4,1.72,4.8588,669713.32,2432182.745,0.5,0.5,,,,,
600887.SH,20220317,37.59,38.29,37.15,37.2,37.12,0.08,0.2155,614702.9,2314730.116,0.5,0.5,,,,,
600887.SH,20220318,37.05,37.8,36.65,37.8,37.2,0.6,1.6129,518003.99,1928644.098,0.5,0.5,,,,,
600887.SH,20220321,37.55,37.6,36.76,37.0,37.8,-0.8,-2.1164,461417.62,1709462.587,0.5,0.5,,,,,
600887.SH,20220322,36.96,37.38,36.81,37.12,37.0,0.12,0.3243,255852.68,948462.677,0.5,0.5,,,,,
600887.SH,20220323,37.12,37.22,36.73,36.82,37.12,-0.3,-0.8082,328580.07,1213163.096,0.5,0.5,,,,,
600887.SH,20220324,36.69,37.03,36.2,36.5,36.82,-0.32,-0.8691,376762.09,1376876.479,0.5,0.5,,,,,
600887.SH,20220325,36.45,36.6,35.68,35.75,36.5,-0.75,-2.0548,362854.49,1309688.927,0.5,0.5,,,,,
600887.SH,20220328,35.06,36.03,35.02,36.03,35.75,0.28,0.7832,315747.39,1123324.176,0.5,0.5,,,,,
600887.SH,20220329,36.14,36.44,35.62,35.7,36.03,-0.33,-0.9159,248110.71,891702.889,0.5,0.5,,,,,
600887.SH,20220330,36.01,36.94,35.89,36.94,35.7,1.24,3.4734,355443.13,1294841.341,0.5,0.5,,,,,
600887.SH,20220331,36.78,37.18,36.6,36.89,36.94,-0.05,-0.1354,277428.66,1023436.059,0.5,0.5,,,,,
600887.SH,20220401,36.84,37.69,36.61,37.34,36.89,0.45,1.2198,297259.44,1107692.223,0.5,0.5,,,,,
600887.SH,20220406,36.93,37.44,36.8,37.2,37.34,-0.14,-0.3749,278200.51,1031222.206,0.5,0.5,,,,,
600887.SH,20220407,36.9,37.35,36.71,36.81,37.2,-0.39,-1.0484,213644.32,789462.936,0.5,0.5,,,,,
600887.SH,20220408,36.81,37.16,36.62,36.96,36.81,0.15,0.4075,236181.82,871090.161,0.5,0.5,,,,,
600887.SH,20220411,36.7,36.96,36.2,36.52,36.96,-0.44,-1.1905,306284.49,1120618.045,0.5,0.5,,,,,
600887.SH,20220412,36.69,37.45,36.33,37.45,36.52,0.93,2.5465,351115.79,1297976.781,0.5,0.5,,,,,
600887.SH,20220413,37.21,38.06,37.11,37.68,37.45,0.23,0.6142,435368.76,1641705.913,0.5,0.5,,,,,
600887.SH,20220414,37.9,38.82,37.68,38.7,37.68,1.02,2.707,443541.22,1701846.747,0.5,0.5,,,,,
600887.SH,20220415,38.33,39.3,38.33,38.61,38.7,-0.09,-0.2326,358966.96,1395643.682,0.5,0.5,,,,,
600887.SH,20220418,38.36,39.15,38.1,38.33,38.61,-0.28,-0.7252,358948.21,1383847.758,0.5,0.5,,,,,
600887.SH,20220419,38.34,38.94,37.81,38.15,38.33,-0.18,-0.4696,266211.38,1018649.541,0.5,0.5,,,,,
600887.SH,20220420,38.2,39.5,38.01,38.83,38.15,0.68,1.7824,587614.83,2289079.756,0.5,0.5,,,,,
600887.SH,20220421,38.58,39.15,38.12,38.43,38.83,-0.4,-1.0301,422467.37,1631565.608,0.5,0.5,,,,,
600887.SH,20220422,38.01,38.65,37.6,38.35,38.43,-0.08,-0.2082,368505.92,1409503.609,0.5,0.5,,,,,
600887.SH,20220425,37.81,38.48,37.3,37.33,38.35,-1.02,-2.6597,474592.34,1801361.901,0.5,0.5,,,,,
600887.SH,20220426,37.33,38.5,37.02,37.87,37.33,0.54,1.4466,510453.35,1936904.447,0.5,0.5,,,,,
600887.SH,20220427,37.85,39.0,37.8,39.0,37.87,1.13,2.9839,556900.35,2143627.806,0.5,0.5,,,,,
600887.SH,20220428,38.8,38.87,37.38,38.06,39.0,-0.94,-2.4103,764638.09,2914227.794,0.5,0.5,,,,,
600887.SH,20220429,38.06,38.68,37.75,38.47,38.06,0.41,1.0772,532621.87,2041303.903,0.5,0.5,,,,,
600887.SH,20220505,39.5,39.5,38.56,38.72,38.47,0.25,0.6499,564202.25,2198512.994,0.5,0.5,,,,,
600887.SH,20220506,38.3,38.54,37.75,37.77,38.72,-0.95,-2.4535,343164.12,1307217.081,0.5,0.5,,,,,
600887.SH,20220509,37.7,38.03,37.41,37.84,37.77,0.07,0.1853,323295.46,1219149.19,0.5,0.5,,,,,
600887.SH,20220510,37.6,39.14,37.5,39.05,37.84,1.21,3.1977,587184.39,2273770.458,0.5,0.5,,,,,
600887.SH,20220511,38.98,39.0,38.44,38.7,39.05,-0.35,-0.8963,521091.95,2015879.518,0.5,0.5,,,,,
600887.SH,20220512,38.52,38.94,38.33,38.77,38.7,0.07,0.1809,243961.3,944119.45,0.5,0.5,,,,,
600887.SH,20220513,38.5,38.85,38.16,38.45,38.77,-0.32,-0.8254,306070.83,1174966.488,0.5,0.5,,,,,
600887.SH,20220516,38.23,38.5,37.07,37.32,38.45,-1.13,-2.9389,535842.59,2015174.82,0.5,0.5,,,,,
600887.SH,20220517,37.2,37.62,37.12,37.62,37.32,0.3,0.8039,325906.85,1218041.099,0.5,0.5,,,,,
600887.SH,20220518,37.6,37.89,36.8,37.71,37.62,0.09,0.2392,463222.27,1728195.326,0.5,0.5,,,,,
600887.SH,20220519,37.2,37.44,36.71,36.93,37.71,-0.78,-2.0684,433438.87,1603823.659,0.5,0.5,,,,,
600887.SH,20220520,36.92,37.68,36.9,37.68,36.93,0.75,2.0309,428320.26,1600916.004,0.5,0.5,,,,,
600887.SH,20220523,37.73,37.73,37.06,37.18,37.68,-0.5,-1.327,364757.02,1358110.413,0.5,0.5,,,,,
600887.SH,20220524,37.3,37.6,36.9,37.1,37.18,-0.08,-0.2152,389575.33,1449570.723,0.5,0.5,,,,,
600887.SH,20220525,37.06,37.5,36.91,37.14,37.1,0.04,0.1078,264342.88,983212.844,0.5,0.5,,,,,
600887.SH,20220526,37.14,37.73,37.1,37.37,37.14,0.23,0.6193,454455.05,1700406.212,0.5,0.5,,,,,
600887.SH,20220527,37.51,38.07,37.37,37.59,37.37,0.22,0.5887,332890.0,1254328.4,0.5,0.5,,,,,
600887.SH,20220530,37.69,38.18,37.51,37.67,37.59,0.08,0.2128,405757.07,1534349.617,0.5,0.5,,,,,
600887.SH,20220531,37.69,38.19,37.42,38.0,37.67,0.33,0.876,561167.41,2124115.057,0.5,0.5,,,,,
600887.SH,20220601,37.1,37.1,36.22,36.6,37.04,-0.44,-1.1879,548324.11,2006066.396,0.5,0.5,,,,,
600887.SH,20220602,36.31,36.48,35.91,36.16,36.6,-0.44,-1.2022,387337.61,1398379.476,0.5,0.5,,,,,
600887.SH,20220606,35.95,36.17,35.32,36.16,36.16,0.0,0.0,719524.95,2571373.865,0.5,0.5,,,,,
600887.SH,20220607,35.98,36.65,35.88,36.38,36.16,0.22,0.6084,507212.39,1843084.635,0.5,0.5,,,,,
600887.SH,20220608,36.55,37.66,36.43,37.11,36.38,0.73,2.0066,793944.17,2943885.909,0.5,0.5,,,,,
600887.SH,20220609,37.3,37.47,36.77,37.03,37.11,-0.08,-0.2156,650306.87,2408523.819,0.5,0.5,,,,,
600887.SH,20220610,37.15,37.38,36.9,37.33,37.03,0.3,0.8102,624444.15,2320414.37,0.5,0.5,,,,,
600887.SH,20220613,37.2,37.23,36.76,37.07,37.33,-0.26,-0.6965,593980.75,2194837.436,0.5,0.5,,,,,
600887.SH,20220614,37.04,37.8,36.6,37.76,37.07,0.69,1.8613,548505.48,2044710.777,0.5,0.5,,,,,
600887.SH,20220615,37.76,38.55,37.57,38.07,37.76,0.31,0.821,887944.97,3392907.126,0.5,0.5,,,,,
600887.SH,20220616,38.4,38.87,37.8,38.06,38.07,-0.01,-0.0263,575579.41,2202671.144,0.5,0.5,,,,,
600887.SH,20220617,37.88,38.44,37.7,38.29,38.06,0.23,0.6043,505038.86,1924529.228,0.5,0.5,,,,,
600887.SH,20220620,38.41,38.49,37.77,37.9,38.29,-0.39,-1.0185,659691.93,2508581.248,0.5,0.5,,,,,
600887.SH,20220621,37.81,38.29,37.45,37.74,37.9,-0.16,-0.4222,458285.37,1732195.09,0.5,0.5,,,,,
600887.SH,20220622,37.89,37.95,37.33,37.44,37.74,-0.3,-0.7949,432762.85,1625494.416,0.5,0.5,,,,,
600887.SH,20220623,37.67,37.77,37.21,37.6,37.44,0.16,0.4274,509042.74,1908020.964,0.5,0.5,,,,,
600887.SH,20220624,37.57,38.18,37.35,38.0,37.6,0.4,1.0638,698861.77,2633554.458,0.5,0.5,,,,,
600887.SH,20220627,38.0,39.1,37.99,38.7,38.0,0.7,1.8421,828320.64,3210172.687,0.5,0.5,,,,,
600887.SH,20220628,38.89,38.98,38.5,38.8,38.7,0.1,0.2584,432308.44,1673809.574,0.5,0.5,,,,,
600887.SH,20220629,38.75,38.84,37.97,38.05,38.8,-0.75,-1.933,509700.98,1952859.169,0.5,0.5,,,,,
600887.SH,20220630,38.05,39.02,38.0,38.95,38.05,0.9,2.3653,667768.12,2582997.02,0.5,0.5,,,,,
600887.SH,20220701,38.84,39.14,38.08,38.44,38.95,-0.51,-1.3094,460762.96,1771734.819,0.5,0.5,,,,,
600887.SH,20220704,37.67,38.02,37.06,37.82,38.44,-0.62,-1.6129,915083.0,3442512.832,0.5,0.5,,,,,
600887.SH,20220705,37.66,37.9,37.22,37.38,37.82,-0.44,-1.1634,592620.99,2220132.461,0.5,0.5,,,,,
600887.SH,20220706,37.42,37.62,36.83,37.02,37.38,-0.36,-0.9631,609086.25,2257873.332,0.5,0.5,,,,,
600887.SH,20220707,37.02,37.05,36.56,36.62,37.02,-0.4,-1.0805,556957.88,2044868.251,0.5,0.5,,,,,
600887.SH,20220708,36.77,36.88,36.28,36.34,36.62,-0.28,-0.7646,536484.73,1957308.618,0.5,0.5,,,,,
600887.SH,20220711,36.34,36.34,35.73,36.11,36.34,-0.23,-0.6329,562624.85,2020869.595,0.5,0.5,,,,,
600887.SH,20220712,36.15,36.42,35.91,36.38,36.11,0.27,0.7477,605837.88,2191320.209,0.5,0.5,,,,,
600887.SH,20220713,36.55,36.56,35.82,35.96,36.38,-0.42,-1.1545,530953.6,1916413.829,0.5,0.5,,,,,
600887.SH,20220714,35.96,36.2,35.61,36.09,35.96,0.13,0.3615,444556.77,1599076.499,0.5,0.5,,,,,
600887.SH,20220715,36.09,36.58,35.67,35.68,36.09,-0.41,-1.136,517257.58,1869870.975,0.5,0.5,,,,,
600887.SH,20220718,35.73,36.22,35.61,36.05,35.68,0.37,1.037,393582.06,1415290.06,0.5,0.5,,,,,
600887.SH,20220719,35.86,36.2,35.73,36.16,36.05,0.11,0.3051,375626.52,1352480.12,0.5,0.5,,,,,
600887.SH,20220720,36.22,36.66,36.16,36.5,36.16,0.34,0.9403,495079.17,1804136.847,0.5,0.5,,,,,
600887.SH,20220721,36.4,36.48,36.12,36.12,36.5,-0.38,-1.0411,265675.24,963937.236,0.5,0.5,,,,,
600887.SH,20220722,36.12,36.45,36.01,36.28,36.12,0.16,0.443,275282.46,996928.342,0.5,0.5,,,,,
600887.SH,20220725,36.38,36.63,36.12,36.61,36.28,0.33,0.9096,345822.9,1259894.566,0.5,0.5,,,,,
600887.SH,20220726,36.55,36.84,36.3,36.58,36.61,-0.03,-0.0819,353950.73,1292359.986,0.5,0.5,,,,,
600887.SH,20220727,36.5,36.73,36.3,36.41,36.58,-0.17,-0.4647,307118.51,1121409.522,0.5,0.5,,,,,
600887.SH,20220728,36.57,36.96,36.43,36.77,36.41,0.36,0.9887,402444.47,1478940.208,0.5,0.5,,,,,
600887.SH,20220729,36.77,36.87,35.75,35.83,36.77,-0.94,-2.5564,526918.94,1902698.964,0.5,0.5,,,,,
600887.SH,20220801,35.83,35.97,35.39,35.84,35.83,0.01,0.0279,387995.36,1384670.906,0.5,0.5,,,,,
600887.SH,20220802,35.5,35.57,34.86,35.3,35.84,-0.54,-1.5067,455043.36,1602104.065,0.5,0.5,,,,,
600887.SH,20220803,35.29,35.58,35.03,35.16,35.3,-0.14,-0.3966,296495.39,1046809.492,0.5,0.5,,,,,
600887.SH,20220804,35.33,35.68,35.18,35.58,35.16,0.42,1.1945,232817.07,825908.768,0.5,0.5,,,,,
600887.SH,20220805,35.79,36.39,35.5,36.36,35.58,0.78,2.1922,368776.33,1330187.154,0.5,0.5,,,,,
600887.SH,20220808,36.48,36.75,36.18,36.34,36.36,-0.02,-0.055,292881.44,1065583.401,0.5,0.5,,,,,
600887.SH,20220809,36.34,36.63,36.22,36.38,36.34,0.04,0.1101,230595.98,839683.373,0.5,0.5,,,,,
600887.SH,20220810,36.43,36.57,35.85,35.95,36.38,-0.43,-1.182,246188.97,887191.806,0.5,0.5,,,,,
600887.SH,20220811,36.14,36.53,35.95,36.5,35.95,0.55,1.5299,290770.84,1055265.104,0.5,0.5,,,,,
600887.SH,20220812,36.48,36.7,36.34,36.62,36.5,0.12,0.3288,196513.27,718046.878,0.5,0.5,,,,,
600887.SH,20220815,36.43,36.75,36.22,36.25,36.62,-0.37,-1.0104,271294.24,988887.275,0.5,0.5,,,,,
600887.SH,20220816,36.27,36.56,36.01,36.31,36.25,0.06,0.1655,208010.54,753847.343,0.5,0.5,,,,,
600887.SH,20220817,36.44,36.5,36.06,36.34,36.31,0.03,0.0826,241168.05,876414.153,0.5,0.5,,,,,
600887.SH,20220818,36.25,36.25,35.95,36.0,36.34,-0.34,-0.9356,231681.76,835162.616,0.5,0.5,,,,,
600887.SH,20220819,35.9,36.08,35.76,35.78,36.0,-0.22,-0.6111,210902.45,756960.212,0.5,0.5,,,,,
600887.SH,20220822,35.66,36.08,35.61,35.87,35.78,0.09,0.2515,212356.47,761872.355,0.5,0.5,,,,,
600887.SH,20220823,35.83,36.0,35.4,35.43,35.87,-0.44,-1.2267,242458.69,862013.281,0.5,0.5,,,,,
600887.SH,20220824,35.41,35.58,35.15,35.16,35.43,-0.27,-0.7621,280744.91,992598.512,0.5,0.5,,,,,
600887.SH,20220825,35.16,35.87,35.09,35.8,35.16,0.64,1.8203,368652.7,1306972.939,0.5,0.5,,,,,
600887.SH,20220826,36.28,36.33,35.9,36.19,35.8,0.39,1.0894,311837.66,1127259.531,0.5,0.5,,,,,
600887.SH,20220829,36.02,36.24,35.9,35.95,36.19,-0.24,-0.6632,237665.33,856092.191,0.5,0.5,,,,,
600887.SH,20220830,36.12,36.28,35.71,36.13,35.95,0.18,0.5007,215755.19,776528.189,0.5,0.5,,,,,
600887.SH,20220831,35.69,36.0,35.02,35.74,36.13,-0.39,-1.0794,591011.95,2097200.871,0.5,0.5,,,,,
600887.SH,20220901,35.41,35.54,34.53,34.55,35.74,-1.19,-3.3296,656908.69,2302334.19,0.5,0.5,,,,,
600887.SH,20220902,34.6,34.82,33.59,33.9,34.55,-0.65,-1.8813,602933.75,2050920.274,0.5,0.5,,,,,
600887.SH,20220905,33.6,33.83,33.08,33.37,33.9,-0.53,-1.5634,410003.25,1365771.639,0.5,0.5,,,,,
600887.SH,20220906,33.44,33.64,33.33,33.63,33.37,0.26,0.7791,273725.95,917841.676,0.5,0.5,,,,,
600887.SH,20220907,33.48,33.62,33.13,33.22,33.63,-0.41,-1.2191,396173.73,1318510.332,0.5,0.5,,,,,
600887.SH,20220908,33.11,33.46,33.11,33.27,33.22,0.05,0.1505,275065.2,915580.949,0.5,0.5,,,,,
600887.SH,20220909,33.25,33.74,33.15,33.7,33.27,0.43,1.2925,395604.22,1327537.041,0.5,0.5,,,,,
600887.SH,20220913,33.75,33.97,33.56,33.74,33.7,0.04,0.1187,355023.67,1199240.304,0.5,0.5,,,,,
600887.SH,20220914,33.4,33.64,33.35,33.6,33.74,-0.14,-0.4149,241093.07,807564.114,0.5,0.5,,,,,
600887.SH,20220915,33.6,34.1,33.45,33.69,33.6,0.09,0.2679,443258.29,1493773.599,0.5,0.5,,,,,
600887.SH,20220916,33.55,33.69,32.88,32.88,33.69,-0.81,-2.4043,458542.77,1525094.712,0.5,0.5,,,,,
600887.SH,20220919,32.98,33.16,32.53,32.9,32.88,0.02,0.0608,294433.48,967264.104,0.5,0.5,,,,,
600887.SH,20220920,32.91,33.05,32.37,32.66,32.9,-0.24,-0.7295,292159.71,953880.255,0.5,0.5,,,,,
600887.SH,20220921,32.41,32.71,32.3,32.48,32.66,-0.18,-0.5511,265960.03,863641.262,0.5,0.5,,,,,
600887.SH,20220922,32.28,32.49,32.0,32.0,32.48,-0.48,-1.4778,305884.9,984138.78,0.5,0.5,,,,,
600887.SH,20220923,31.9,32.6,31.85,32.45,32.0,0.45,1.4063,444112.63,1437893.953,0.5,0.5,,,,,
600887.SH,20220926,32.66,32.7,32.35,32.36,32.45,-0.09,-0.2773,264326.71,859427.204,0.5,0.5,,,,,
600887.SH,20220927,32.33,33.31,32.24,33.22,32.36,0.86,2.6576,408775.81,1344766.249,0.5,0.5,,,,,
600887.SH,20220928,33.18,33.7,32.92,33.26,33.22,0.04,0.1204,425824.28,1424006.698,0.5,0.5,,,,,
600887.SH,20220929,33.26,33.85,33.06,33.3,33.26,0.04,0.1203,317541.7,1061022.707,0.5,0.5,,,,,
600887.SH,20220930,33.29,33.47,32.93,32.98,33.3,-0.32,-0.961,264761.8,878073.266,0.5,0.5,,,,,
600887.SH,20221010,32.65,33.06,32.2,32.3,32.98,-0.68,-2.0619,295574.62,963530.801,0.5,0.5,,,,,
600887.SH,20221011,32.63,32.63,32.05,32.36,32.3,0.06,0.1858,186799.92,602926.933,0.5,0.5,,,,,
600887.SH,20221012,32.33,32.6,31.63,32.56,32.36,0.2,0.618,357992.6,1151925.482,0.5,0.5,,,,,
600887.SH,20221013,32.42,32.75,32.09,32.56,32.56,0.0,0.0,268499.73,871075.955,0.5,0.5,,,,,
600887.SH,20221014,32.52,33.05,32.51,32.81,32.56,0.25,0.7678,341543.31,1122498.601,0.5,0.5,,,,,
600887.SH,20221017,32.6,33.17,32.52,33.01,32.81,0.2,0.6096,287430.74,944790.661,0.5,0.5,,,,,
600887.SH,20221018,33.02,33.41,32.7,32.77,33.01,-0.24,-0.7271,320269.83,1056162.713,0.5,0.5,,,,,
600887.SH,20221019,32.69,32.94,32.31,32.5,32.77,-0.27,-0.8239,287299.27,934361.034,0.5,0.5,,,,,
600887.SH,20221020,32.2,32.25,30.26,30.3,32.5,-2.2,-6.7692,994401.67,3087361.417,0.5,0.5,,,,,
600887.SH,20221021,30.05,30.48,29.61,29.94,30.3,-0.36,-1.1881,645419.66,1938186.753,0.5,0.5,,,,,
600887.SH,20221024,29.48,30.09,28.8,28.9,29.94,-1.04,-3.4736,673982.95,1966765.332,0.5,0.5,,,,,
600887.SH,20221025,28.61,29.39,28.6,29.15,28.9,0.25,0.8651,467632.72,1356974.702,0.5,0.5,,,,,
600887.SH,20221026,29.1,29.75,28.96,29.1,29.15,-0.05,-0.1715,400414.23,1172691.641,0.5,0.5,,,,,
600887.SH,20221027,29.29,29.45,28.72,28.76,29.1,-0.34,-1.1684,383819.09,1114625.303,0.5,0.5,,,,,
600887.SH,20221028,26.58,26.68,25.88,25.88,28.76,-2.88,-10.0139,1526504.13,3966407.663,0.5,0.5,,,,,
600887.SH,20221031,25.19,25.78,24.51,25.24,25.88,-0.64,-2.473,1144018.56,2889012.904,0.5,0.5,,,,,
600887.SH,20221101,25.59,26.6,25.01,26.54,25.24,1.3,5.1506,1025654.2,2663095.956,0.5,0.5,,,,,
600887.SH,20221102,26.21,27.42,26.1,27.34,26.54,0.8,3.0143,980889.34,2628017.454,0.5,0.5,,,,,
600887.SH,20221103,26.98,27.27,26.5,26.64,27.34,-0.7,-2.5604,540088.3,1446963.091,0.5,0.5,,,,,
600887.SH,20221104,26.53,28.2,26.52,27.73,26.64,1.09,4.0916,816777.52,2256594.508,0.5,0.5,,,,,
600887.SH,20221107,27.49,28.13,27.22,27.71,27.73,-0.02,-0.0721,548725.89,1520203.544,0.5,0.5,,,,,
600887.SH,20221108,27.69,27.95,27.13,27.36,27.71,-0.35,-1.2631,445013.81,1219607.566,0.5,0.5,,,,,
600887.SH,20221109,27.39,27.58,27.15,27.21,27.36,-0.15,-0.5482,271661.84,742461.611,0.5,0.5,,,,,
600887.SH,20221110,27.01,27.73,26.95,27.71,27.21,0.5,1.8376,424299.81,1161275.892,0.5,0.5,,,,,
600887.SH,20221111,28.33,28.78,27.82,28.42,27.71,0.71,2.5623,794879.39,2249296.215,0.5,0.5,,,,,
600887.SH,20221114,28.99,29.13,28.3,28.36,28.42,-0.06,-0.2111,608037.74,1742089.464,0.5,0.5,,,,,
600887.SH,20221115,28.43,29.47,28.38,29.2,28.36,0.84,2.9619,566234.3,1644828.771,0.5,0.5,,,,,
600887.SH,20221116,29.02,29.62,28.93,29.2,29.2,0.0,0.0,395518.88,1159458.526,0.5,0.5,,,,,
600887.SH,20221117,29.2,29.56,28.99,29.24,29.2,0.04,0.137,347608.23,1016186.658,0.5,0.5,,,,,
600887.SH,20221118,29.32,29.48,29.0,29.12,29.24,-0.12,-0.4104,336682.49,984093.369,0.5,0.5,,,,,
600887.SH,20221121,28.7,28.88,28.39,28.74,29.12,-0.38,-1.3049,356047.38,1017109.651,0.5,0.5,,,,,
600887.SH,20221122,28.86,29.18,28.46,28.67,28.74,-0.07,-0.2436,312730.5,899461.999,0.5,0.5,,,,,
600887.SH,20221123,28.68,28.85,28.43,28.47,28.67,-0.2,-0.6976,249812.08,714126.881,0.5,0.5,,,,,
600887.SH,20221124,28.66,28.87,28.42,28.48,28.47,0.01,0.0351,184111.65,526087.212,0.5,0.5,,,,,
600887.SH,20221125,28.4,28.56,28.15,28.5,28.48,0.02,0.0702,258539.19,734019.575,0.5,0.5,,,,,
600887.SH,20221128,28.0,28.63,27.69,28.47,28.5,-0.03,-0.1053,512354.36,1438656.62,0.5,0.5,,,,,
600887.SH,20221129,28.9,29.23,28.4,29.11,28.47,0.64,2.248,488163.28,1410553.671,0.5,0.5,,,,,
600887.SH,20221130,28.98,29.11,28.58,28.85,29.11,-0.26,-0.8932,459284.83,1322556.133,0.5,0.5,,,,,
600887.SH,20221201,29.7,30.16,29.52,29.91,28.85,1.06,3.6742,781447.99,2334922.505,0.5,0.5,,,,,
600887.SH,20221202,29.92,30.09,29.56,29.74,29.91,-0.17,-0.5684,411133.78,1223444.775,0.5,0.5,,,,,
600887.SH,20221205,30.43,30.97,30.3,30.64,29.74,0.9,3.0262,635425.61,1947029.209,0.5,0.5,,,,,
600887.SH,20221206,30.85,31.59,30.57,31.18,30.64,0.54,1.7624,621479.24,1938725.328,0.5,0.5,,,,,
600887.SH,20221207,31.16,31.94,30.96,31.58,31.18,0.4,1.2829,568205.61,1789035.006,0.5,0.5,,,,,
600887.SH,20221208,31.6,31.68,31.16,31.23,31.58,-0.35,-1.1083,429203.02,1343831.895,0.5,0.5,,,,,
600887.SH,20221209,31.36,32.0,30.95,31.99,31.23,0.76,2.4336,793738.95,2507508.341,0.5,0.5,,,,,
600887.SH,20221212,31.78,31.98,31.52,31.75,31.99,-0.24,-0.7502,428773.81,1360522.505,0.5,0.5,,,,,
600887.SH,20221213,31.52,31.55,31.18,31.29,31.75,-0.46,-1.4488,323927.48,1014863.776,0.5,0.5,,,,,
600887.SH,20221214,31.3,31.9,31.18,31.72,31.29,0.43,1.3742,470883.71,1485884.842,0.5,0.5,,,,,
600887.SH,20221215,31.72,31.99,31.31,31.36,31.72,-0.36,-1.1349,371906.87,1173310.034,0.5,0.5,,,,,
600887.SH,20221216,31.17,31.5,31.01,31.42,31.36,0.06,0.1913,274406.06,858342.335,0.5,0.5,,,,,
600887.SH,20221219,31.32,32.06,31.26,31.39,31.42,-0.03,-0.0955,362392.91,1145991.706,0.5,0.5,,,,,
600887.SH,20221220,31.22,31.38,30.2,30.5,31.39,-0.89,-2.8353,500474.31,1531520.005,0.5,0.5,,,,,
600887.SH,20221221,30.82,31.23,30.68,30.93,30.5,0.43,1.4098,397615.78,1232244.844,0.5,0.5,,,,,
600887.SH,20221222,31.1,31.3,30.75,30.85,30.93,-0.08,-0.2586,379632.57,1178309.555,0.5,0.5,,,,,
600887.SH,20221223,30.63,31.27,30.51,31.1,30.85,0.25,0.8104,288055.79,893922.116,0.5,0.5,,,,,
600887.SH,20221226,31.08,31.15,30.5,30.57,31.1,-0.53,-1.7042,276478.84,849997.072,0.5,0.5,,,,,
600887.SH,20221227,30.88,31.27,30.82,31.16,30.57,0.59,1.93,248259.81,771471.908,0.5,0.5,,,,,
600887.SH,20221228,30.93,31.17,30.87,30.93,31.16,-0.23,-0.7381,247538.76,766852.346,0.5,0.5,,,,,
600887.SH,20221229,30.71,31.02,30.42,30.87,30.93,-0.06,-0.194,231122.41,710069.288,0.5,0.5,,,,,
600887.SH,20221230,30.97,31.3,30.8,31.0,30.87,0.13,0.4211,277286.34,861391.734,0.5,0.5,,,,,
600887.SH,20230103,31.0,31.07,30.33,30.7,31.0,-0.3,-0.9677,411926.22,1259875.524,0.5,0.5,,,,,
600887.SH,20230104,30.7,30.94,30.5,30.58,30.7,-0.12,-0.3909,271848.6,834441.953,0.5,0.5,,,,,
600887.SH,20230105,30.83,31.6,30.77,31.54,30.58,0.96,3.1393,533180.52,1674666.69,0.5,0.5,,,,,
600887.SH,20230106,31.7,31.7,31.24,31.5,31.54,-0.04,-0.1268,337507.01,1060969.783,0.5,0.5,,,,,
600887.SH,20230109,31.45,31.79,31.2,31.6,31.5,0.1,0.3175,441710.44,1393853.565,0.5,0.5,,,,,
600887.SH,20230110,31.59,32.55,31.5,32.51,31.6,0.91,2.8797,523043.34,1687514.408,0.5,0.5,,,,,
600887.SH,20230111,32.52,32.85,32.21,32.45,32.51,-0.06,-0.1846,360004.36,1172847.246,0.5,0.5,,,,,
600887.SH,20230112,32.42,32.66,31.95,32.23,32.45,-0.22,-0.678,287305.24,924753.704,0.5,0.5,,,,,
600887.SH,20230113,32.25,32.62,32.16,32.59,32.23,0.36,1.117,235923.87,765328.968,0.5,0.5,,,,,
600887.SH,20230116,32.8,33.7,32.61,33.4,32.59,0.81,2.4854,616298.95,2050939.731,0.5,0.5,,,,,
600887.SH,20230117,33.51,33.8,33.12,33.75,33.4,0.35,1.0479,470991.99,1578797.34,0.5,0.5,,,,,
600887.SH,20230118,33.58,33.77,32.2,32.23,33.75,-1.52,-4.5037,706190.29,2305441.695,0.5,0.5,,,,,
600887.SH,20230119,32.34,32.42,31.87,32.42,32.23,0.19,0.5895,386099.25,1243866.188,0.5,0.5,,,,,
600887.SH,20230120,32.55,32.59,32.08,32.33,32.42,-0.09,-0.2776,366235.0,1182152.803,0.5,0.5,,,,,
600887.SH,20230130,32.82,33.5,32.73,33.25,32.33,0.92,2.8457,921465.8,3064707.622,0.5,0.5,,,,,
600887.SH,20230131,33.49,33.5,32.47,32.58,33.25,-0.67,-2.015,409474.18,1346604.085,0.5,0.5,,,,,
600887.SH,20230201,32.78,32.85,32.17,32.58,32.58,0.0,0.0,334378.74,1085178.341,0.5,0.5,,,,,
600887.SH,20230202,32.6,32.8,32.18,32.52,32.58,-0.06,-0.1842,466121.37,1512513.758,0.5,0.5,,,,,
600887.SH,20230203,32.34,32.48,31.82,32.03,32.52,-0.49,-1.5068,374457.98,1199623.696,0.5,0.5,,,,,
600887.SH,20230206,31.75,31.76,30.93,31.12,32.03,-0.91,-2.8411,605859.54,1889571.285,0.5,0.5,,,,,
600887.SH,20230207,31.13,31.43,30.97,31.02,31.12,-0.1,-0.3213,312502.05,972164.438,0.5,0.5,,,,,
600887.SH,20230208,31.19,31.4,31.12,31.26,31.02,0.24,0.7737,275006.6,860639.176,0.5,0.5,,,,,
600887.SH,20230209,31.26,31.67,31.15,31.5,31.26,0.24,0.7678,273063.04,859634.347,0.5,0.5,,,,,
600887.SH,20230210,31.51,31.65,31.25,31.46,31.5,-0.04,-0.127,174654.81,549549.753,0.5,0.5,,,,,
600887.SH,20230213,31.57,31.67,31.31,31.59,31.46,0.13,0.4132,355994.68,1121255.767,0.5,0.5,,,,,
600887.SH,20230214,31.6,31.76,31.49,31.63,31.59,0.04,0.1266,256928.2,812250.553,0.5,0.5,,,,,
600887.SH,20230215,31.58,31.6,30.87,31.18,31.63,-0.45,-1.4227,410826.0,1278907.944,0.5,0.5,,,,,
600887.SH,20230216,31.16,31.48,30.7,30.88,31.18,-0.3,-0.9622,385098.77,1202046.052,0.5,0.5,,,,,
600887.SH,20230217,30.87,31.25,30.6,30.69,30.88,-0.19,-0.6153,315697.76,978584.494,0.5,0.5,,,,,
600887.SH,20230220,30.73,31.46,30.54,31.35,30.69,0.66,2.1505,374236.11,1159941.781,0.5,0.5,,,,,
600887.SH,20230221,31.31,31.59,31.22,31.49,31.35,0.14,0.4466,258397.76,811617.256,0.5,0.5,,,,,
600887.SH,20230222,31.33,31.43,30.95,31.06,31.49,-0.43,-1.3655,291252.52,908020.109,0.5,0.5,,,,,
600887.SH,20230223,31.02,31.3,30.91,31.0,31.06,-0.06,-0.1932,258597.4,802835.709,0.5,0.5,,,,,
600887.SH,20230224,31.0,31.12,30.61,30.61,31.0,-0.39,-1.2581,221954.88,682162.96,0.5,0.5,,,,,
600887.SH,20230227,30.46,30.66,30.31,30.5,30.61,-0.11,-0.3594,284853.78,868475.83,0.5,0.5,,,,,
600887.SH,20230228,30.53,30.94,30.19,30.46,30.5,-0.04,-0.1311,336162.43,1024522.059,0.5,0.5,,,,,
600887.SH,20230301,30.53,31.14,30.38,31.12,30.46,0.66,2.1668,365305.93,1128354.568,0.5,0.5,,,,,
600887.SH,20230302,31.0,31.3,30.96,31.14,31.12,0.02,0.0643,184933.33,576015.286,0.5,0.5,,,,,
600887.SH,20230303,31.2,31.35,30.9,31.06,31.14,-0.08,-0.2569,206935.1,642870.036,0.5,0.5,,,,,
600887.SH,20230306,31.06,31.09,30.7,30.73,31.06,-0.33,-1.0625,238931.47,735672.194,0.5,0.5,,,,,
600887.SH,20230307,30.63,30.66,29.94,29.94,30.73,-0.79,-2.5708,494736.01,1497736.565,0.5,0.5,,,,,
600887.SH,20230308,29.97,30.0,29.79,29.87,29.94,-0.07,-0.2338,230975.89,689642.882,0.5,0.5,,,,,
600887.SH,20230309,29.89,29.98,29.55,29.55,29.87,-0.32,-1.0713,269194.35,800099.856,0.5,0.5,,,,,
600887.SH,20230310,29.4,29.69,29.09,29.11,29.55,-0.44,-1.489,359616.41,1052463.809,0.5,0.5,,,,,
600887.SH,20230313,29.11,29.94,29.08,29.47,29.11,0.36,1.2367,371425.73,1098276.883,0.5,0.5,,,,,
600887.SH,20230314,29.48,29.63,29.17,29.54,29.47,0.07,0.2375,242517.64,712857.431,0.5,0.5,,,,,
600887.SH,20230315,29.76,29.93,29.18,29.19,29.54,-0.35,-1.1848,276884.67,814434.659,0.5,0.5,,,,,
600887.SH,20230316,29.11,29.44,28.98,29.1,29.19,-0.09,-0.3083,264327.68,771922.447,0.5,0.5,,,,,
600887.SH,20230317,29.3,29.4,28.87,28.87,29.1,-0.23,-0.7904,365640.26,1064225.034,0.5,0.5,,,,,
600887.SH,20230320,28.88,29.0,28.48,28.54,28.87,-0.33,-1.1431,360541.71,1033053.403,0.5,0.5,,,,,
600887.SH,20230321,28.54,29.04,28.42,28.98,28.54,0.44,1.5417,385345.13,1109661.899,0.5,0.5,,,,,
600887.SH,20230322,28.99,29.14,28.76,28.88,28.98,-0.1,-0.3451,271843.12,786784.71,0.5,0.5,,,,,
600887.SH,20230323,28.8,29.32,28.75,29.01,28.88,0.13,0.4501,349433.82,1015821.826,0.5,0.5,,,,,
600887.SH,20230324,29.03,29.34,28.97,29.13,29.01,0.12,0.4137,233913.69,682193.81,0.5,0.5,,,,,
600887.SH,20230327,29.18,29.35,29.0,29.12,29.13,-0.01,-0.0343,244089.79,711745.047,0.5,0.5,,,,,
600887.SH,20230328,29.12,29.33,28.9,29.0,29.12,-0.12,-0.4121,220243.15,640611.27,0.5,0.5,,,,,
600887.SH,20230329,29.16,29.24,28.65,28.7,29.0,-0.3,-1.0345,335733.32,967044.161,0.5,0.5,,,,,
600887.SH,20230330,28.77,29.32,28.61,29.2,28.7,0.5,1.7422,411323.01,1191076.14,0.5,0.5,,,,,
600887.SH,20230331,29.2,29.46,29.12,29.12,29.2,-0.08,-0.274,307855.55,900708.311,0.5,0.5,,,,,
600887.SH,20230403,29.11,29.18,28.82,28.99,29.12,-0.13,-0.4464,329934.2,955286.401,0.5,0.5,,,,,
600887.SH,20230404,29.02,29.25,28.82,29.11,28.99,0.12,0.4139,356835.7,1035243.583,0.5,0.5,,,,,
600887.SH,20230406,29.09,29.1,28.7,28.92,29.11,-0.19,-0.6527,311790.44,898936.687,0.5,0.5,,,,,
600887.SH,20230407,28.91,29.28,28.84,29.14,28.92,0.22,0.7607,264010.01,768712.536,0.5,0.5,,,,,
600887.SH,20230410,29.18,29.29,28.77,28.86,29.14,-0.28,-0.9609,398583.73,1150541.253,0.5,0.5,,,,,
600887.SH,20230411,28.8,28.88,28.46,28.52,28.86,-0.34,-1.1781,459654.81,1316101.128,0.5,0.5,,,,,
600887.SH,20230412,28.52,28.58,28.12,28.16,28.52,-0.36,-1.2623,450221.72,1270357.511,0.5,0.5,,,,,
600887.SH,20230413,28.0,28.22,27.88,28.1,28.16,-0.06,-0.2131,389719.71,1091369.721,0.5,0.5,,,,,
600887.SH,20230414,28.18,28.31,27.88,27.92,28.1,-0.18,-0.6406,417360.86,1169550.315,0.5,0.5,,,,,
600887.SH,20230417,27.88,28.19,27.73,28.18,27.92,0.26,0.9312,483124.01,1353307.174,0.5,0.5,,,,,
600887.SH,20230418,28.18,28.55,28.11,28.49,28.18,0.31,1.1001,611206.78,1735618.34,0.5,0.5,,,,,
600887.SH,20230419,28.5,28.54,28.08,28.22,28.49,-0.27,-0.9477,381782.37,1078305.878,0.5,0.5,,,,,
600887.SH,20230420,28.16,28.33,27.97,28.08,28.22,-0.14,-0.4961,419388.72,1178412.321,0.5,0.5,,,,,
600887.SH,20230421,28.2,28.68,27.95,28.0,28.08,-0.08,-0.2849,580133.78,1645110.819,0.5,0.5,,,,,
600887.SH,20230424,28.02,28.09,27.27,27.36,28.0,-0.64,-2.2857,535891.93,1473932.775,0.5,0.5,,,,,
600887.SH,20230425,27.4,27.67,27.17,27.51,27.36,0.15,0.5482,442516.21,1212498.932,0.5,0.5,,,,,
600887.SH,20230426,27.41,27.64,27.25,27.46,27.51,-0.05,-0.1818,333996.38,917622.807,0.5,0.5,,,,,
600887.SH,20230427,27.43,27.89,27.1,27.8,27.46,0.34,1.2382,513735.76,1409706.752,0.5,0.5,,,,,
600887.SH,20230428,28.7,29.99,28.7,29.56,27.8,1.76,6.3309,1331739.72,3914425.563,0.5,0.5,,,,,
600887.SH,20230504,29.49,30.09,29.38,29.85,29.56,0.29,0.9811,698795.72,2085135.825,0.5,0.5,,,,,
600887.SH,20230505,30.0,30.22,29.49,29.71,29.85,-0.14,-0.469,452108.98,1347130.01,0.5,0.5,,,,,
600887.SH,20230508,29.9,30.3,29.7,30.13,29.71,0.42,1.4137,663271.22,1992763.212,0.5,0.5,,,,,
600887.SH,20230509,30.21,30.28,29.89,29.9,30.13,-0.23,-0.7634,451368.51,1359083.444,0.5,0.5,,,,,
600887.SH,20230510,29.95,30.06,29.7,29.83,29.9,-0.07,-0.2341,290274.87,867274.155,0.5,0.5,,,,,
600887.SH,20230511,29.9,29.99,29.5,29.58,29.83,-0.25,-0.8381,223271.42,662695.078,0.5,0.5,,,,,
600887.SH,20230512,29.52,30.35,29.44,29.77,29.58,0.19,0.6423,353115.66,1058015.203,0.5,0.5,,,,,
600887.SH,20230515,30.12,30.29,29.86,30.26,29.77,0.49,1.646,339625.66,1022554.38,0.5,0.5,,,,,
600887.SH,20230516,30.35,30.37,29.91,30.05,30.26,-0.21,-0.694,296761.98,892026.244,0.5,0.5,,,,,
600887.SH,20230517,30.08,30.17,29.8,29.82,30.05,-0.23,-0.7654,217171.46,650734.46,0.5,0.5,,,,,
600887.SH,20230518,29.77,30.0,29.52,29.67,29.82,-0.15,-0.503,214177.35,637444.391,0.5,0.5,,,,,
600887.SH,20230519,29.8,30.04,29.54,29.85,29.67,0.18,0.6067,203544.06,607334.218,0.5,0.5,,,,,
600887.SH,20230522,29.95,30.57,29.84,30.45,29.85,0.6,2.0101,461945.43,1402523.98,0.5,0.5,,,,,
600887.SH,20230523,30.41,31.0,30.3,30.67,30.45,0.22,0.7225,517974.72,1595514.015,0.5,0.5,,,,,
600887.SH,20230524,30.68,30.74,29.97,30.0,30.67,-0.67,-2.1845,395623.02,1199815.874,0.5,0.5,,,,,
600887.SH,20230525,29.8,29.98,29.5,29.73,30.0,-0.27,-0.9,357259.04,1060619.583,0.5,0.5,,,,,
600887.SH,20230526,29.7,29.8,29.21,29.47,29.73,-0.26,-0.8745,261514.44,770000.652,0.5,0.5,,,,,
600887.SH,20230529,29.5,29.66,28.83,29.18,29.47,-0.29,-0.9841,345918.2,1006984.14,0.5,0.5,,,,,
600887.SH,20230530,29.15,29.41,28.62,29.19,29.18,0.01,0.0343,360405.15,1044712.916,0.5,0.5,,,,,
600887.SH,20230531,29.23,29.25,28.74,28.81,29.19,-0.38,-1.3018,276197.55,798597.36,0.5,0.5,,,,,
600887.SH,20230601,28.51,29.69,28.5,29.09,28.81,0.28,0.9719,340701.77,992807.44,0.5,0.5,,,,,
600887.SH,20230602,29.35,29.86,29.19,29.76,29.09,0.67,2.3032,286646.47,848097.671,0.5,0.5,,,,,
600887.SH,20230605,29.75,29.87,29.45,29.51,29.76,-0.25,-0.8401,187166.67,553892.394,0.5,0.5,,,,,
600887.SH,20230606,29.51,29.97,29.4,29.5,29.51,-0.01,-0.0339,240829.98,714729.404,0.5,0.5,,,,,
600887.SH,20230607,29.62,29.75,29.43,29.5,29.5,0.0,0.0,208474.56,616986.675,0.5,0.5,,,,,
600887.SH,20230608,29.5,29.82,29.18,29.61,29.5,0.11,0.3729,208604.46,614453.978,0.5,0.5,,,,,
600887.SH,20230609,29.64,29.99,29.55,29.84,29.61,0.23,0.7768,322887.39,962186.067,0.5,0.5,,,,,
600887.SH,20230612,30.0,30.11,29.57,29.89,29.84,0.05,0.1676,363981.04,1087974.18,0.5,0.5,,,,,
600887.SH,20230613,29.07,29.07,28.73,28.93,28.85,0.08,0.2773,268978.8,777576.392,0.5,0.5,,,,,
600887.SH,20230614,28.95,29.66,28.91,29.07,28.93,0.14,0.4839,401407.64,1173938.082,0.5,0.5,,,,,
600887.SH,20230615,29.2,29.45,28.98,29.3,29.07,0.23,0.7912,262552.31,767839.206,0.5,0.5,,,,,
600887.SH,20230616,29.39,29.43,29.13,29.37,29.3,0.07,0.2389,310899.24,910331.036,0.5,0.5,,,,,
600887.SH,20230619,29.35,29.5,29.0,29.05,29.37,-0.32,-1.0895,246889.88,720615.596,0.5,0.5,,,,,
600887.SH,20230620,29.05,29.19,28.81,28.82,29.05,-0.23,-0.7917,184304.15,534301.299,0.5,0.5,,,,,
600887.SH,20230621,28.81,29.09,28.72,28.8,28.82,-0.02,-0.0694,233644.92,675620.406,0.5,0.5,,,,,
600887.SH,20230626,28.61,28.88,28.43,28.73,28.8,-0.07,-0.2431,263452.34,755006.951,0.5,0.5,,,,,
600887.SH,20230627,28.79,28.84,28.47,28.6,28.73,-0.13,-0.4525,205970.62,589399.983,0.5,0.5,,,,,
600887.SH,20230628,28.55,28.65,28.31,28.53,28.6,-0.07,-0.2448,215743.94,613963.739,0.5,0.5,,,,,
600887.SH,20230629,28.55,28.71,28.11,28.23,28.53,-0.3,-1.0515,309705.99,875485.856,0.5,0.5,,,,,
600887.SH,20230630,28.23,28.49,28.12,28.32,28.23,0.09,0.3188,235290.18,667743.12,0.5,0.5,,,,,
600887.SH,20230703,28.32,29.16,28.31,29.13,28.32,0.81,2.8602,458663.47,1328281.401,0.5,0.5,,,,,
600887.SH,20230704,29.15,29.25,28.88,29.14,29.13,0.01,0.0343,225152.58,654784.868,0.5,0.5,,,,,
600887.SH,20230705,29.14,29.19,28.65,28.77,29.14,-0.37,-1.2697,211419.01,609292.664,0.5,0.5,,,,,
600887.SH,20230706,28.81,29.05,28.6,28.62,28.77,-0.15,-0.5214,222605.94,641422.024,0.5,0.5,,,,,
600887.SH,20230707,28.55,28.83,28.52,28.68,28.62,0.06,0.2096,164287.51,471677.837,0.5,0.5,,,,,
600887.SH,20230710,28.69,28.79,28.3,28.38,28.68,-0.3,-1.046,364385.83,1038745.618,0.5,0.5,,,,,
600887.SH,20230711,28.6,28.62,28.31,28.5,28.38,0.12,0.4228,194564.88,553251.3,0.5,0.5,,,,,
600887.SH,20230712,28.46,28.62,28.31,28.36,28.5,-0.14,-0.4912,164490.81,468179.952,0.5,0.5,,,,,
600887.SH,20230713,28.5,29.08,28.49,28.99,28.36,0.63,2.2214,313316.75,903991.159,0.5,0.5,,,,,
600887.SH,20230714,28.98,29.08,27.9,28.07,28.99,-0.92,-3.1735,793178.03,2245956.789,0.5,0.5,,,,,
600887.SH,20230717,28.07,28.08,27.32,27.55,28.07,-0.52,-1.8525,544760.52,1498237.99,0.5,0.5,,,,,
600887.SH,20230718,27.53,27.55,27.12,27.3,27.55,-0.25,-0.9074,462717.35,1260409.761,0.5,0.5,,,,,
600887.SH,20230719,27.13,27.26,26.89,27.24,27.3,-0.06,-0.2198,531629.78,1438751.322,0.5,0.5,,,,,
600887.SH,20230720,27.24,27.39,27.12,27.18,27.24,-0.06,-0.2203,350785.16,956099.57,0.5,0.5,,,,,
600887.SH,20230721,27.16,27.64,27.13,27.42,27.18,0.24,0.883,349944.11,959640.812,0.5,0.5,,,,,
600887.SH,20230724,27.19,27.37,27.07,27.27,27.42,-0.15,-0.547,190423.45,518119.296,0.5,0.5,,,,,
600887.SH,20230725,27.56,27.82,27.54,27.76,27.27,0.49,1.7968,550121.39,1521900.707,0.5,0.5,,,,,
600887.SH,20230726,27.63,27.8,27.58,27.72,27.76,-0.04,-0.1441,211542.09,585089.198,0.5,0.5,,,,,
600887.SH,20230727,27.53,28.07,27.5,27.76,27.72,0.04,0.1443,482998.96,1342368.022,0.5,0.5,,,,,
600887.SH,20230728,27.7,28.56,27.67,28.48,27.76,0.72,2.5937,593749.96,1678880.738,0.5,0.5,,,,,
600887.SH,20230731,28.71,28.98,28.5,28.66,28.48,0.18,0.632,444661.06,1276908.955,0.5,0.5,,,,,
600887.SH,20230801,28.6,28.81,28.15,28.25,28.66,-0.41,-1.4306,377389.77,1072241.964,0.5,0.5,,,,,
600887.SH,20230802,28.26,28.35,28.07,28.25,28.25,0.0,0.0,236737.38,667628.924,0.5,0.5,,,,,
600887.SH,20230803,28.24,28.58,28.2,28.51,28.25,0.26,0.9204,242117.54,688332.679,0.5,0.5,,,,,
600887.SH,20230804,28.69,28.86,28.31,28.31,28.51,-0.2,-0.7015,366475.85,1045135.197,0.5,0.5,,,,,
600887.SH,20230807,28.31,28.36,28.02,28.11,28.31,-0.2,-0.7065,301342.97,847668.264,0.5,0.5,,,,,
600887.SH,20230808,28.1,28.25,27.92,28.09,28.11,-0.02,-0.0711,240567.04,675538.525,0.5,0.5,,,,,
600887.SH,20230809,28.05,28.21,28.02,28.16,28.09,0.07,0.2492,224490.51,631168.052,0.5,0.5,,,,,
600887.SH,20230810,28.16,28.24,27.71,27.87,28.16,-0.29,-1.0298,331152.9,922126.391,0.5,0.5,,,,,
600887.SH,20230811,27.88,27.98,27.5,27.5,27.87,-0.37,-1.3276,338629.31,937889.303,0.5,0.5,,,,,
600887.SH,20230814,27.4,27.52,27.08,27.38,27.5,-0.12,-0.4364,322927.93,881658.242,0.5,0.5,,,,,
600887.SH,20230815,27.38,27.5,27.11,27.37,27.38,-0.01,-0.0365,255895.07,697565.545,0.5,0.5,,,,,
600887.SH,20230816,27.25,27.38,27.1,27.16,27.37,-0.21,-0.7673,277160.54,754257.246,0.5,0.5,,,,,
600887.SH,20230817,27.02,27.35,26.81,27.31,27.16,0.15,0.5523,281605.05,762890.498,0.5,0.5,,,,,
600887.SH,20230818,27.31,27.32,26.91,26.95,27.31,-0.36,-1.3182,270445.67,731491.588,0.5,0.5,,,,,
600887.SH,20230821,26.91,26.93,26.56,26.58,26.95,-0.37,-1.3729,329499.43,879920.486,0.5,0.5,,,,,
600887.SH,20230822,26.6,26.85,26.37,26.73,26.58,0.15,0.5643,363267.16,965432.925,0.5,0.5,,,,,
600887.SH,20230823,26.71,26.85,26.34,26.36,26.73,-0.37,-1.3842,266844.89,708895.942,0.5,0.5,,,,,
600887.SH,20230824,26.36,26.79,26.16,26.5,26.36,0.14,0.5311,299051.11,792415.212,0.5,0.5,,,,,
600887.SH,20230825,26.38,26.81,26.36,26.75,26.5,0.25,0.9434,273518.61,728782.735,0.5,0.5,,,,,
600887.SH,20230828,27.83,27.98,26.7,26.82,26.75,0.07,0.2617,660770.26,1796319.198,0.5,0.5,,,,,
600887.SH,20230829,26.2,26.75,26.06,26.62,26.82,-0.2,-0.7457,684047.1,1812982.152,0.5,0.5,,,,,
600887.SH,20230830,26.63,26.95,26.5,26.55,26.62,-0.07,-0.263,331054.89,882288.525,0.5,0.5,,,,,
600887.SH,20230831,26.53,26.54,26.0,26.0,26.55,-0.55,-2.0716,547233.6,1432473.563,0.5,0.5,,,,,
600887.SH,20230901,26.1,26.42,26.01,26.05,26.0,0.05,0.1923,485934.49,1271521.44,0.5,0.5,,,,,
600887.SH,20230904,26.19,26.63,26.06,26.44,26.05,0.39,1.4971,777541.56,2049323.984,0.5,0.5,,,,,
600887.SH,20230905,26.28,26.34,26.0,26.03,26.44,-0.41,-1.5507,686458.01,1788190.664,0.5,0.5,,,,,
600887.SH,20230906,26.02,26.22,25.88,26.19,26.03,0.16,0.6147,328262.28,856096.166,0.5,0.5,,,,,
600887.SH,20230907,26.1,26.11,25.88,25.88,26.19,-0.31,-1.1837,417447.54,1084198.428,0.5,0.5,,,,,
600887.SH,20230908,25.85,25.88,25.6,25.78,25.88,-0.1,-0.3864,291889.05,751690.839,0.5,0.5,,,,,
600887.SH,20230911,25.78,26.15,25.62,26.11,25.78,0.33,1.2801,376922.86,978017.656,0.5,0.5,,,,,
600887.SH,20230912,26.05,26.26,25.96,26.21,26.11,0.1,0.383,268232.67,701683.784,0.5,0.5,,,,,
600887.SH,20230913,26.21,26.43,26.11,26.18,26.21,-0.03,-0.1145,392439.82,1031209.251,0.5,0.5,,,,,
600887.SH,20230914,26.2,26.32,26.08,26.25,26.18,0.07,0.2674,229025.73,600340.22,0.5,0.5,,,,,
600887.SH,20230915,26.34,26.45,26.04,26.13,26.25,-0.12,-0.4571,315518.54,826586.444,0.5,0.5,,,,,
600887.SH,20230918,26.16,26.29,25.96,26.28,26.13,0.15,0.5741,249130.31,652570.293,0.5,0.5,,,,,
600887.SH,20230919,26.28,26.3,26.12,26.23,26.28,-0.05,-0.1903,226126.9,592157.585,0.5,0.5,,,,,
600887.SH,20230920,26.06,26.27,26.01,26.14,26.23,-0.09,-0.3431,273256.9,715523.062,0.5,0.5,,,,,
600887.SH,20230921,26.14,26.21,25.86,25.86,26.14,-0.28,-1.0712,283838.6,737211.913,0.5,0.5,,,,,
600887.SH,20230922,25.8,26.65,25.8,26.6,25.86,0.74,2.8616,557416.27,1469991.088,0.5,0.5,,,,,
600887.SH,20230925,26.7,26.72,26.48,26.66,26.6,0.06,0.2256,311326.78,829326.807,0.5,0.5,,,,,
600887.SH,20230926,26.6,26.81,26.52,26.77,26.66,0.11,0.4126,256355.76,684501.775,0.5,0.5,,,,,
600887.SH,20230927,26.7,26.93,26.62,26.64,26.77,-0.13,-0.4856,218217.84,583180.983,0.5,0.5,,,,,
600887.SH,20230928,26.64,26.75,26.4,26.53,26.64,-0.11,-0.4129,234096.44,621177.511,0.5,0.5,,,,,
600887.SH,20231009,26.53,26.69,26.29,26.57,26.53,0.04,0.1508,251729.09,668309.338,0.5,0.5,,,,,
600887.SH,20231010,26.73,26.95,26.62,26.79,26.57,0.22,0.828,311203.9,833717.508,0.5,0.5,,,,,
600887.SH,20231011,26.9,27.07,26.75,27.05,26.79,0.26,0.9705,381222.72,1027236.521,0.5,0.5,,,,,
600887.SH,20231012,27.2,27.33,26.97,27.1,27.05,0.05,0.1848,280867.74,761371.133,0.5,0.5,,,,,
600887.SH,20231013,26.88,26.98,26.69,26.85,27.1,-0.25,-0.9225,224022.93,601153.743,0.5,0.5,,,,,
600887.SH,20231016,26.85,26.89,26.46,26.47,26.85,-0.38,-1.4153,273506.61,726084.522,0.5,0.5,,,,,
600887.SH,20231017,26.53,26.86,26.33,26.85,26.47,0.38,1.4356,307776.23,821282.942,0.5,0.5,,,,,
600887.SH,20231018,26.74,26.96,26.59,26.59,26.85,-0.26,-0.9683,218295.77,584040.589,0.5,0.5,,,,,
600887.SH,20231019,26.52,26.59,26.15,26.16,26.59,-0.43,-1.6171,342975.25,902244.185,0.5,0.5,,,,,
600887.SH,20231020,26.08,26.2,25.8,25.96,26.16,-0.2,-0.7645,312183.74,811613.691,0.5,0.5,,,,,
600887.SH,20231023,25.83,26.05,25.35,25.59,25.96,-0.37,-1.4253,271995.55,698281.677,0.5,0.5,,,,,
600887.SH,20231024,25.5,25.72,25.2,25.61,25.59,0.02,0.0782,292214.04,745065.426,0.5,0.5,,,,,
600887.SH,20231025,25.82,26.25,25.8,26.05,25.61,0.44,1.7181,316522.11,824120.017,0.5,0.5,,,,,
600887.SH,20231026,25.99,26.21,25.81,26.01,26.05,-0.04,-0.1536,233080.11,605606.713,0.5,0.5,,,,,
600887.SH,20231027,26.0,26.96,25.94,26.88,26.01,0.87,3.3449,499864.56,1333549.637,0.5,0.5,,,,,
600887.SH,20231030,26.8,27.06,26.42,26.67,26.88,-0.21,-0.7813,358652.39,959956.374,0.5,0.5,,,,,
600887.SH,20231031,27.6,27.99,27.38,27.42,26.67,0.75,2.8121,1060163.35,2926168.589,0.5,0.5,,,,,
600887.SH,20231101,27.65,27.72,27.19,27.32,27.42,-0.1,-0.3647,380535.21,1041309.56,0.5,0.5,,,,,
600887.SH,20231102,27.3,27.59,27.26,27.34,27.32,0.02,0.0732,259403.49,711198.459,0.5,0.5,,,,,
600887.SH,20231103,27.5,27.7,27.44,27.6,27.34,0.26,0.951,302979.98,835590.738,0.5,0.5,,,,,
600887.SH,20231106,27.71,27.75,27.47,27.55,27.6,-0.05,-0.1812,335739.5,925815.629,0.5,0.5,,,,,
600887.SH,20231107,27.5,27.69,27.28,27.6,27.55,0.05,0.1815,290656.2,799239.234,0.5,0.5,,,,,
600887.SH,20231108,27.57,27.65,27.45,27.58,27.6,-0.02,-0.0725,252746.45,696241.528,0.5,0.5,,,,,
600887.SH,20231109,27.48,27.8,27.45,27.63,27.58,0.05,0.1813,202621.77,560208.988,0.5,0.5,,,,,
600887.SH,20231110,27.58,27.67,27.37,27.52,27.63,-0.11,-0.3981,228341.38,628529.341,0.5,0.5,,,,,
600887.SH,20231113,27.64,27.64,27.25,27.43,27.52,-0.09,-0.327,198095.92,542940.326,0.5,0.5,,,,,
600887.SH,20231114,27.46,27.63,27.13,27.27,27.43,-0.16,-0.5833,277089.79,756576.975,0.5,0.5,,,,,
600887.SH,20231115,27.43,27.55,27.21,27.26,27.27,-0.01,-0.0367,255552.46,698898.044,0.5,0.5,,,,,
600887.SH,20231116,27.32,27.37,26.96,27.02,27.26,-0.24,-0.8804,232802.16,630718.903,0.5,0.5,,,,,
600887.SH,20231117,26.88,27.1,26.66,26.95,27.02,-0.07,-0.2591,267753.56,718955.795,0.5,0.5,,,,,
600887.SH,20231120,27.0,27.3,26.83,27.16,26.95,0.21,0.7792,246992.75,669238.605,0.5,0.5,,,,,
600887.SH,20231121,27.25,27.59,27.18,27.45,27.16,0.29,1.0677,298083.08,818587.435,0.5,0.5,,,,,
600887.SH,20231122,27.39,27.39,27.17,27.2,27.45,-0.25,-0.9107,167637.85,457145.47,0.5,0.5,,,,,
600887.SH,20231123,27.05,27.38,26.95,27.31,27.2,0.11,0.4044,275548.77,748391.801,0.5,0.5,,,,,
600887.SH,20231124,27.33,27.5,27.27,27.35,27.31,0.04,0.1465,245952.27,673847.692,0.5,0.5,,,,,
600887.SH,20231127,27.32,27.35,26.88,27.18,27.35,-0.17,-0.6216,243814.98,659771.058,0.5,0.5,,,,,
600887.SH,20231128,27.18,27.48,27.08,27.27,27.18,0.09,0.3311,221438.37,604460.368,0.5,0.5,,,,,
600887.SH,20231129,27.27,27.32,26.96,27.05,27.27,-0.22,-0.8067,216847.28,586895.668,0.5,0.5,,,,,
600887.SH,20231130,27.05,27.28,26.98,27.25,27.05,0.2,0.7394,281134.73,763939.806,0.5,0.5,,,,,
600887.SH,20231201,27.2,27.21,26.72,27.05,27.25,-0.2,-0.7339,342335.62,921416.579,0.5,0.5,,,,,
600887.SH,20231204,27.05,27.07,26.8,26.8,27.05,-0.25,-0.9242,222346.14,598619.229,0.5,0.5,,,,,
600887.SH,20231205,26.76,27.04,26.43,26.43,26.8,-0.37,-1.3806,300665.8,804332.488,0.5,0.5,,,,,
600887.SH,20231206,26.32,26.66,26.23,26.43,26.43,0.0,0.0,257563.58,682056.514,0.5,0.5,,,,,
600887.SH,20231207,26.32,26.54,26.16,26.35,26.43,-0.08,-0.3027,246389.23,649923.231,0.5,0.5,,,,,
600887.SH,20231208,26.39,26.74,26.31,26.36,26.35,0.01,0.038,259967.87,689100.601,0.5,0.5,,,,,
600887.SH,20231211,26.1,26.6,25.63,26.33,26.36,-0.03,-0.1138,373749.34,979717.549,0.5,0.5,,,,,
600887.SH,20231212,26.32,26.5,26.21,26.45,26.33,0.12,0.4558,270163.26,712664.155,0.5,0.5,,,,,
600887.SH,20231213,26.49,26.49,25.81,25.83,26.45,-0.62,-2.344,402905.08,1049806.531,0.5,0.5,,,,,
600887.SH,20231214,26.0,26.2,25.87,25.88,25.83,0.05,0.1936,266435.57,693950.392,0.5,0.5,,,,,
600887.SH,20231215,25.92,26.1,25.51,25.51,25.88,-0.37,-1.4297,363712.66,936258.894,0.5,0.5,,,,,
600887.SH,20231218,25.26,25.71,25.26,25.6,25.51,0.09,0.3528,363467.6,927766.263,0.5,0.5,,,,,
600887.SH,20231219,25.5,25.7,25.33,25.45,25.6,-0.15,-0.5859,243621.35,620906.8,0.5,0.5,,,,,
600887.SH,20231220,25.46,25.55,25.26,25.33,25.45,-0.12,-0.4715,256530.41,651775.449,0.5,0.5,,,,,
600887.SH,20231221,25.27,25.75,25.26,25.66,25.33,0.33,1.3028,307945.16,787231.325,0.5,0.5,,,,,
600887.SH,20231222,25.69,26.08,25.67,26.0,25.66,0.34,1.325,381448.27,987983.708,0.5,0.5,,,,,
600887.SH,20231225,26.0,26.26,25.91,26.1,26.0,0.1,0.3846,224631.09,586443.145,0.5,0.5,,,,,
600887.SH,20231226,26.1,26.17,25.71,25.81,26.1,-0.29,-1.1111,200503.81,518777.595,0.5,0.5,,,,,
600887.SH,20231227,25.85,26.19,25.68,26.13,25.81,0.32,1.2398,253796.77,659553.658,0.5,0.5,,,,,
600887.SH,20231228,26.26,26.9,26.19,26.85,26.13,0.72,2.7555,490373.27,1308916.326,0.5,0.5,,,,,
600887.SH,20231229,26.8,26.93,26.5,26.75,26.85,-0.1,-0.3724,364764.58,974933.842,0.5,0.5,,,,,
600887.SH,20240102,26.85,26.85,26.26,26.27,26.75,-0.48,-1.7944,267322.03,705687.852,0.5,0.5,,,,,
600887.SH,20240103,26.25,26.42,26.0,26.06,26.27,-0.21,-0.7994,287976.28,751737.0,0.5,0.5,,,,,
600887.SH,20240104,26.09,26.18,25.8,25.97,26.06,-0.09,-0.3454,294192.75,763907.956,0.5,0.5,,,,,
600887.SH,20240105,25.98,26.45,25.91,26.12,25.97,0.15,0.5776,387187.66,1016121.754,0.5,0.5,,,,,
600887.SH,20240108,26.24,26.5,26.01,26.15,26.12,0.03,0.1149,417470.81,1099044.448,0.5,0.5,,,,,
600887.SH,20240109,26.1,26.44,25.85,26.31,26.15,0.16,0.6119,329539.27,863716.396,0.5,0.5,,,,,
600887.SH,20240110,26.36,26.64,26.2,26.57,26.31,0.26,0.9882,356590.2,945903.593,0.5,0.5,,,,,
600887.SH,20240111,26.48,26.97,26.45,26.6,26.57,0.03,0.1129,367427.32,982150.782,0.5,0.5,,,,,
600887.SH,20240112,26.5,26.8,26.47,26.75,26.6,0.15,0.5639,248941.7,664584.43,0.5,0.5,,,,,
600887.SH,20240115,26.67,26.95,26.5,26.71,26.75,-0.04,-0.1495,244759.31,654869.768,0.5,0.5,,,,,
600887.SH,20240116,26.6,26.94,26.57,26.9,26.71,0.19,0.7113,348212.75,932626.842,0.5,0.5,,,,,
600887.SH,20240117,26.86,26.88,26.4,26.4,26.9,-0.5,-1.8587,341694.54,911377.347,0.5,0.5,,,,,
600887.SH,20240118,26.3,26.85,25.98,26.75,26.4,0.35,1.3258,512824.49,1351331.395,0.5,0.5,,,,,
600887.SH,20240119,26.51,26.92,26.47,26.87,26.75,0.12,0.4486,401415.85,1075765.829,0.5,0.5,,,,,
600887.SH,20240122,26.91,27.0,26.37,26.68,26.87,-0.19,-0.7071,577169.62,1547702.105,0.5,0.5,,,,,
600887.SH,20240123,26.65,26.74,26.18,26.46,26.68,-0.22,-0.8246,368963.64,977152.711,0.5,0.5,,,,,
600887.SH,20240124,26.51,26.93,26.2,26.8,26.46,0.34,1.285,333678.91,885659.71,0.5,0.5,,,,,
600887.SH,20240125,26.79,27.09,26.73,27.07,26.8,0.27,1.0075,394562.31,1063573.507,0.5,0.5,,,,,
600887.SH,20240126,26.92,27.25,26.76,27.2,27.07,0.13,0.4802,396743.51,1071082.81,0.5,0.5,,,,,
600887.SH,20240129,27.14,27.63,27.12,27.49,27.2,0.29,1.0662,473263.22,1301517.289,0.5,0.5,,,,,
600887.SH,20240130,27.35,27.61,27.27,27.28,27.49,-0.21,-0.7639,334804.61,917872.154,0.5,0.5,,,,,
600887.SH,20240131,27.25,27.48,26.9,27.09,27.28,-0.19,-0.6965,353406.71,959755.666,0.5,0.5,,,,,
600887.SH,20240201,27.09,27.29,26.88,26.96,27.09,-0.13,-0.4799,350766.53,949598.54,0.5,0.5,,,,,
600887.SH,20240202,27.19,27.65,26.57,26.96,26.96,0.0,0.0,596667.08,1624891.329,0.5,0.5,,,,,
600887.SH,20240205,27.07,27.9,26.84,27.65,26.96,0.69,2.5593,846388.6,2322045.491,0.5,0.5,,,,,
600887.SH,20240206,27.65,28.5,27.62,28.14,27.65,0.49,1.7722,775110.24,2185869.211,0.5,0.5,,,,,
600887.SH,20240207,28.14,28.28,27.92,28.28,28.14,0.14,0.4975,730802.3,2053553.968,0.5,0.5,,,,,
600887.SH,20240208,28.32,28.5,27.77,28.18,28.28,-0.1,-0.3536,593436.41,1663761.076,0.5,0.5,,,,,
600887.SH,20240219,28.36,28.4,28.08,28.33,28.18,0.15,0.5323,515275.22,1456658.446,0.5,0.5,,,,,
600887.SH,20240220,28.32,28.72,28.18,28.68,28.33,0.35,1.2354,566613.23,1616864.588,0.5,0.5,,,,,
600887.SH,20240221,28.61,29.2,28.49,28.85,28.68,0.17,0.5927,544952.79,1578056.955,0.5,0.5,,,,,
600887.SH,20240222,28.93,29.14,28.8,29.06,28.85,0.21,0.7279,351156.39,1018097.798,0.5,0.5,,,,,
600887.SH,20240223,28.98,29.13,28.76,28.98,29.06,-0.08,-0.2753,352858.95,1021298.973,0.5,0.5,,,,,
600887.SH,20240226,28.92,29.04,28.68,28.69,28.98,-0.29,-1.0007,328374.83,946012.389,0.5,0.5,,,,,
600887.SH,20240227,28.58,28.75,28.21,28.41,28.69,-0.28,-0.9759,478917.32,1361050.381,0.5,0.5,,,,,
600887.SH,20240228,28.32,28.45,28.1,28.2,28.41,-0.21,-0.7392,471707.18,1332475.619,0.5,0.5,,,,,
600887.SH,20240229,28.19,28.45,28.12,28.35,28.2,0.15,0.5319,436346.6,1233252.224,0.5,0.5,,,,,
600887.SH,20240301,28.3,28.43,28.11,28.26,28.35,-0.09,-0.3175,371306.86,1049564.612,0.5,0.5,,,,,
600887.SH,20240304,28.16,28.25,27.91,28.14,28.26,-0.12,-0.4246,412212.11,1157988.998,0.5,0.5,,,,,
600887.SH,20240305,28.14,28.87,28.04,28.85,28.14,0.71,2.5231,581690.95,1663491.244,0.5,0.5,,,,,
600887.SH,20240306,28.76,28.86,28.47,28.5,28.85,-0.35,-1.2132,361881.64,1037120.186,0.5,0.5,,,,,
600887.SH,20240307,28.44,28.73,28.38,28.55,28.5,0.05,0.1754,326757.68,932894.16,0.5,0.5,,,,,
600887.SH,20240308,28.55,28.66,28.16,28.3,28.55,-0.25,-0.8757,290254.99,822008.856,0.5,0.5,,,,,
600887.SH,20240311,28.3,28.55,28.12,28.5,28.3,0.2,0.7067,357191.45,1014016.884,0.5,0.5,,,,,
600887.SH,20240312,28.5,28.77,28.34,28.66,28.5,0.16,0.5614,423313.09,1210259.517,0.5,0.5,,,,,
600887.SH,20240313,28.62,28.66,28.07,28.17,28.66,-0.49,-1.7097,476881.67,1345848.133,0.5,0.5,,,,,
600887.SH,20240314,28.1,28.55,28.06,28.16,28.17,-0.01,-0.0355,325901.86,921947.913,0.5,0.5,,,,,
600887.SH,20240315,28.11,28.9,28.09,28.82,28.16,0.66,2.3438,707165.57,2018348.006,0.5,0.5,,,,,
600887.SH,20240318,28.8,29.25,28.69,29.11,28.82,0.29,1.0062,568990.32,1653327.31,0.5,0.5,,,,,
600887.SH,20240319,29.05,29.29,28.85,29.09,29.11,-0.02,-0.0687,374063.63,1088557.295,0.5,0.5,,,,,
600887.SH,20240320,29.15,29.17,28.88,29.0,29.09,-0.09,-0.3094,249404.5,723459.046,0.5,0.5,,,,,
600887.SH,20240321,29.1,29.1,28.82,28.9,29.0,-0.1,-0.3448,228516.54,660790.171,0.5,0.5,,,,,
600887.SH,20240322,28.91,28.97,28.33,28.65,28.9,-0.25,-0.8651,324728.51,927438.547,0.5,0.5,,,,,
600887.SH,20240325,28.58,28.65,28.35,28.38,28.65,-0.27,-0.9424,261190.0,742847.044,0.5,0.5,,,,,
600887.SH,20240326,28.5,28.53,28.16,28.31,28.38,-0.07,-0.2467,354466.01,1002663.455,0.5,0.5,,,,,
600887.SH,20240327,28.25,28.37,28.13,28.14,28.31,-0.17,-0.6005,290682.19,820431.202,0.5,0.5,,,,,
600887.SH,20240328,28.0,28.28,27.73,27.81,28.14,-0.33,-1.1727,479083.87,1339014.718,0.5,0.5,,,,,
600887.SH,20240329,27.84,28.14,27.76,27.9,27.81,0.09,0.3236,276270.47,770574.679,0.5,0.5,,,,,
600887.SH,20240401,27.99,28.42,27.95,28.15,27.9,0.25,0.8961,430918.9,1215562.377,0.5,0.5,,,,,
600887.SH,20240402,28.16,28.21,27.65,27.77,28.15,-0.38,-1.3499,376937.02,1049892.367,0.5,0.5,,,,,
600887.SH,20240403,27.7,27.83,27.43,27.67,27.77,-0.1,-0.3601,380628.66,1050650.974,0.5,0.5,,,,,
600887.SH,20240408,27.5,27.57,27.0,27.27,27.67,-0.4,-1.4456,540443.41,1472523.845,0.5,0.5,,,,,
600887.SH,20240409,27.26,27.54,27.16,27.36,27.27,0.09,0.33,243162.3,664842.975,0.5,0.5,,,,,
600887.SH,20240410,27.38,27.46,27.1,27.19,27.36,-0.17,-0.6213,323784.35,882475.506,0.5,0.5,,,,,
600887.SH,20240411,27.05,27.2,26.81,27.02,27.19,-0.17,-0.6252,374547.24,1012567.311,0.5,0.5,,,,,
600887.SH,20240412,26.96,27.09,26.55,26.57,27.02,-0.45,-1.6654,421324.94,1125717.492,0.5,0.5,,,,,
600887.SH,20240415,26.58,27.34,26.58,27.04,26.57,0.47,1.7689,499381.64,1352547.077,0.5,0.5,,,,,
600887.SH,20240416,26.9,27.44,26.81,27.23,27.04,0.19,0.7027,448528.97,1219811.459,0.5,0.5,,,,,
600887.SH,20240417,27.23,27.39,26.95,27.36,27.23,0.13,0.4774,364427.66,990151.061,0.5,0.5,,,,,
600887.SH,20240418,27.23,27.81,27.21,27.7,27.36,0.34,1.2427,432832.46,1195672.926,0.5,0.5,,,,,
600887.SH,20240419,27.59,27.76,27.42,27.66,27.7,-0.04,-0.1444,274485.41,757828.081,0.5,0.5,,,,,
600887.SH,20240422,27.72,28.1,27.7,27.89,27.66,0.23,0.8315,326631.71,912475.443,0.5,0.5,,,,,
600887.SH,20240423,27.84,28.07,27.7,27.92,27.89,0.03,0.1076,378737.34,1058836.099,0.5,0.5,,,,,
600887.SH,20240424,28.01,28.05,27.64,27.98,27.92,0.06,0.2149,280875.93,783062.118,0.5,0.5,,,,,
600887.SH,20240425,27.95,28.24,27.92,28.08,27.98,0.1,0.3574,282280.28,792311.46,0.5,0.5,,,,,
600887.SH,20240426,28.08,28.35,28.0,28.01,28.08,-0.07,-0.2493,363813.55,1023666.06,0.5,0.5,,,,,
600887.SH,20240429,27.8,28.48,27.74,28.29,28.01,0.28,0.9996,585719.52,1651046.232,0.5,0.5,,,,,
600887.SH,20240430,28.89,28.99,28.1,28.61,28.29,0.32,1.1311,1173292.11,3352785.416,0.5,0.5,,,,,
600887.SH,20240506,28.82,29.03,28.56,28.8,28.61,0.19,0.6641,861790.89,2484133.363,0.5,0.5,,,,,
600887.SH,20240507,28.78,28.79,28.2,28.35,28.8,-0.45,-1.5625,638006.51,1812306.477,0.5,0.5,,,,,
600887.SH,20240508,28.34,28.48,28.21,28.23,28.35,-0.12,-0.4233,415685.62,1176807.122,0.5,0.5,,,,,
600887.SH,20240509,28.18,28.37,28.12,28.22,28.23,-0.01,-0.0354,529754.17,1495451.378,0.5,0.5,,,,,
600887.SH,20240510,28.23,28.31,27.83,27.95,28.22,-0.27,-0.9568,588762.57,1647718.784,0.5,0.5,,,,,
600887.SH,20240513,27.88,28.06,27.72,28.0,27.95,0.05,0.1789,495748.64,1382329.345,0.5,0.5,,,,,
600887.SH,20240514,28.03,28.1,27.82,27.86,28.0,-0.14,-0.5,470406.33,1314822.784,0.5,0.5,,,,,
600887.SH,20240515,27.86,27.96,27.73,27.8,27.86,-0.06,-0.2154,274530.39,763899.139,0.5,0.5,,,,,
600887.SH,20240516,27.75,27.91,27.63,27.77,27.8,-0.03,-0.1079,533484.56,1481254.7,0.5,0.5,,,,,
600887.SH,20240517,27.71,28.14,27.71,28.11,27.77,0.34,1.2243,620865.33,1736602.361,0.5,0.5,,,,,
600887.SH,20240520,28.09,28.69,28.01,28.56,28.11,0.45,1.6009,809073.33,2307754.59,0.5,0.5,,,,,
600887.SH,20240521,28.82,29.26,28.81,29.16,28.56,0.6,2.1008,1135160.0,3297219.39,0.5,0.5,,,,,
600887.SH,20240522,29.06,29.45,29.02,29.23,29.16,0.07,0.2401,737782.15,2160167.695,0.5,0.5,,,,,
600887.SH,20240523,29.08,29.34,28.8,29.29,29.23,0.06,0.2053,738519.31,2146548.024,0.5,0.5,,,,,
600887.SH,20240524,29.05,29.38,28.82,28.88,29.29,-0.41,-1.3998,512622.96,1490670.21,0.5,0.5,,,,,
600887.SH,20240527,28.82,29.16,28.82,29.02,28.88,0.14,0.4848,421459.49,1220758.265,0.5,0.5,,,,,
600887.SH,20240528,29.01,29.15,28.72,28.77,29.02,-0.25,-0.8615,333486.01,963614.46,0.5,0.5,,,,,
600887.SH,20240529,28.81,29.08,28.81,28.95,28.77,0.18,0.6257,302459.01,875514.866,0.5,0.5,,,,,
600887.SH,20240530,28.87,28.93,28.5,28.51,28.95,-0.44,-1.5199,453021.82,1297697.889,0.5,0.5,,,,,
600887.SH,20240531,28.57,28.68,28.31,28.31,28.51,-0.2,-0.7015,353570.73,1007748.961,0.5,0.5,,,,,
600887.SH,20240603,28.32,28.61,28.23,28.58,28.31,0.27,0.9537,378653.36,1079300.876,0.5,0.5,,,,,
600887.SH,20240604,28.53,28.85,28.35,28.62,28.58,0.04,0.14,481308.15,1379283.651,0.5,0.5,,,,,
600887.SH,20240605,27.57,27.7,27.29,27.32,27.42,-0.1,-0.3647,482234.04,1325982.63,0.5,0.5,,,,,
600887.SH,20240606,27.35,27.67,27.27,27.47,27.32,0.15,0.549,367068.22,1008048.975,0.5,0.5,,,,,
600887.SH,20240607,27.43,27.55,26.91,27.06,27.47,-0.41,-1.4925,454832.77,1234699.097,0.5,0.5,,,,,
600887.SH,20240611,26.98,27.1,26.63,26.72,27.06,-0.34,-1.2565,382245.34,1023923.028,0.5,0.5,,,,,
600887.SH,20240612,26.73,27.08,26.66,27.02,26.72,0.3,1.1228,376887.32,1013079.834,0.5,0.5,,,,,
600887.SH,20240613,27.04,27.07,26.8,26.87,27.02,-0.15,-0.5551,304712.46,819703.145,0.5,0.5,,,,,
600887.SH,20240614,26.84,27.25,26.68,27.17,26.87,0.3,1.1165,425494.59,1147537.135,0.5,0.5,,,,,
600887.SH,20240617,27.0,27.08,26.73,26.88,27.17,-0.29,-1.0674,276833.56,743375.887,0.5,0.5,,,,,
600887.SH,20240618,26.87,26.96,26.32,26.4,26.88,-0.48,-1.7857,558745.5,1484337.141,0.5,0.5,,,,,
600887.SH,20240619,26.44,26.44,26.1,26.32,26.4,-0.08,-0.303,342958.91,900466.057,0.5,0.5,,,,,
600887.SH,20240620,26.26,26.33,25.61,25.65,26.32,-0.67,-2.5456,618107.41,1597189.306,0.5,0.5,,,,,
600887.SH,20240621,25.6,25.92,25.4,25.78,25.65,0.13,0.5068,556100.09,1426961.526,0.5,0.5,,,,,
600887.SH,20240624,25.66,26.14,25.61,25.97,25.78,0.19,0.737,462024.66,1196445.579,0.5,0.5,,,,,
600887.SH,20240625,25.9,26.19,25.71,25.77,25.97,-0.2,-0.7701,435594.84,1126708.156,0.5,0.5,,,,,
600887.SH,20240626,25.76,26.04,25.62,25.99,25.77,0.22,0.8537,286383.92,741508.882,0.5,0.5,,,,,
600887.SH,20240627,25.89,25.99,25.67,25.77,25.99,-0.22,-0.8465,359689.88,927499.126,0.5,0.5,,,,,
600887.SH,20240628,25.77,26.17,25.72,25.84,25.77,0.07,0.2716,371598.82,965199.045,0.5,0.5,,,,,
600887.SH,20240701,25.84,25.99,25.56,25.97,25.84,0.13,0.5031,343129.84,884249.33,0.5,0.5,,,,,
600887.SH,20240702,25.9,26.08,25.75,25.77,25.97,-0.2,-0.7701,333418.51,862657.251,0.5,0.5,,,,,
600887.SH,20240703,25.77,25.94,25.66,25.81,25.77,0.04,0.1552,260571.5,672561.514,0.5,0.5,,,,,
600887.SH,20240704,25.81,25.94,25.57,25.61,25.81,-0.2,-0.7749,319705.02,822884.62,0.5,0.5,,,,,
600887.SH,20240705,25.61,25.7,25.18,25.45,25.61,-0.16,-0.6248,408159.64,1036440.431,0.5,0.5,,,,,
600887.SH,20240708,25.35,25.38,25.0,25.2,25.45,-0.25,-0.9823,463507.09,1165715.983,0.5,0.5,,,,,
600887.SH,20240709,25.1,25.16,24.73,25.0,25.2,-0.2,-0.7937,604087.65,1506820.11,0.5,0.5,,,,,
600887.SH,20240710,24.81,25.22,24.72,25.13,25.0,0.13,0.52,393350.8,986267.186,0.5,0.5,,,,,
600887.SH,20240711,25.28,25.84,25.28,25.7,25.13,0.57,2.2682,431363.96,1104898.758,0.5,0.5,,,,,
600887.SH,20240712,25.7,25.76,25.33,25.5,25.7,-0.2,-0.7782,350505.4,894016.381,0.5,0.5,,,,,
600887.SH,20240715,25.5,25.63,25.36,25.49,25.5,-0.01,-0.0392,257435.63,656686.389,0.5,0.5,,,,,
600887.SH,20240716,25.41,25.65,25.32,25.54,25.49,0.05,0.1962,304607.05,777186.121,0.5,0.5,,,,,
600887.SH,20240717,25.54,26.04,25.38,26.0,25.54,0.46,1.8011,523263.85,1349953.448,0.5,0.5,,,,,
600887.SH,20240718,25.9,26.25,25.81,26.21,26.0,0.21,0.8077,380490.01,991296.164,0.5,0.5,,,,,
600887.SH,20240719,26.13,26.58,25.96,26.4,26.21,0.19,0.7249,472595.59,1244293.912,0.5,0.5,,,,,
600887.SH,20240722,26.41,26.56,26.03,26.1,26.4,-0.3,-1.1364,371477.89,973575.503,0.5,0.5,,,,,
600887.SH,20240723,26.15,26.17,25.42,25.42,26.1,-0.68,-2.6054,408556.88,1049971.208,0.5,0.5,,,,,
600887.SH,20240724,25.39,25.45,24.95,25.05,25.42,-0.37,-1.4555,408647.5,1026219.061,0.5,0.5,,,,,
600887.SH,20240725,24.95,25.18,24.95,25.04,25.05,-0.01,-0.0399,341172.54,855137.411,0.5,0.5,,,,,
600887.SH,20240726,25.07,25.18,24.91,25.08,25.04,0.04,0.1597,361888.91,905498.939,0.5,0.5,,,,,
600887.SH,20240729,25.08,25.1,24.74,24.74,25.08,-0.34,-1.3557,388027.29,963461.076,0.5,0.5,,,,,
600887.SH,20240730,24.65,24.65,24.24,24.4,24.74,-0.34,-1.3743,506379.12,1234043.387,0.5,0.5,,,,,
600887.SH,20240731,24.3,25.09,24.26,25.09,24.4,0.69,2.8279,675259.5,1673160.239,0.5,0.5,,,,,
600887.SH,20240801,25.0,25.02,24.5,24.5,25.09,-0.59,-2.3515,521041.75,1285596.743,0.5,0.5,,,,,
600887.SH,20240802,24.34,24.54,24.31,24.44,24.5,-0.06,-0.2449,291610.78,712247.928,0.5,0.5,,,,,
600887.SH,20240805,24.32,24.76,24.18,24.32,24.44,-0.12,-0.491,465730.13,1138519.955,0.5,0.5,,,,,
600887.SH,20240806,24.41,24.53,24.13,24.31,24.32,-0.01,-0.0411,417169.65,1011703.959,0.5,0.5,,,,,
600887.SH,20240807,24.29,24.29,24.1,24.11,24.31,-0.2,-0.8227,399834.62,966467.688,0.5,0.5,,,,,
600887.SH,20240808,24.01,24.45,23.77,24.39,24.11,0.28,1.1613,506491.04,1223925.361,0.5,0.5,,,,,
600887.SH,20240809,24.41,24.57,24.18,24.19,24.39,-0.2,-0.82,254853.97,619727.859,0.5,0.5,,,,,
600887.SH,20240812,24.16,24.43,24.14,24.35,24.19,0.16,0.6614,235957.27,574122.785,0.5,0.5,,,,,
600887.SH,20240813,24.36,24.41,23.97,24.09,24.35,-0.26,-1.0678,295409.0,711122.998,0.5,0.5,,,,,
600887.SH,20240814,24.05,24.08,23.82,23.84,24.09,-0.25,-1.0378,264299.53,631590.261,0.5,0.5,,,,,
600887.SH,20240815,23.8,24.15,23.71,24.06,23.84,0.22,0.9228,316408.28,759334.84,0.5,0.5,,,,,
600887.SH,20240816,24.0,24.13,23.94,24.03,24.06,-0.03,-0.1247,206415.84,495830.426,0.5,0.5,,,,,
600887.SH,20240819,24.0,24.43,23.88,23.91,24.03,-0.12,-0.4994,370657.69,892703.795,0.5,0.5,,,,,
600887.SH,20240820,23.95,23.97,23.42,23.54,23.91,-0.37,-1.5475,447514.96,1056628.834,0.5,0.5,,,,,
600887.SH,20240821,23.52,23.57,23.37,23.39,23.54,-0.15,-0.6372,253674.34,595369.846,0.5,0.5,,,,,
600887.SH,20240822,23.5,23.61,23.0,23.03,23.39,-0.36,-1.5391,452319.95,1046727.79,0.5,0.5,,,,,
600887.SH,20240823,22.95,23.28,22.91,23.19,23.03,0.16,0.6947,329226.9,761551.258,0.5,0.5,,,,,
600887.SH,20240826,23.18,23.24,22.76,22.84,23.19,-0.35,-1.5093,387365.35,886419.373,0.5,0.5,,,,,
600887.SH,20240827,22.83,22.88,22.51,22.64,22.84,-0.2,-0.8757,328857.35,745753.683,0.5,0.5,,,,,
600887.SH,20240828,22.6,22.69,22.06,22.25,22.64,-0.39,-1.7226,495997.52,1104543.463,0.5,0.5,,,,,
600887.SH,20240829,22.06,22.92,22.04,22.87,22.25,0.62,2.7865,530974.32,1199528.767,0.5,0.5,,,,,
600887.SH,20240830,21.6,22.88,21.48,22.63,22.87,-0.24,-1.0494,1552605.08,3451710.685,0.5,0.5,,,,,
600887.SH,20240902,22.35,22.41,21.55,21.64,22.63,-0.99,-4.3747,973302.48,2120673.63,0.5,0.5,,,,,
600887.SH,20240903,21.65,22.27,21.53,22.21,21.64,0.57,2.634,760375.05,1677426.338,0.5,0.5,,,,,
600887.SH,20240904,22.15,22.31,21.93,22.17,22.21,-0.04,-0.1801,361875.06,800934.508,0.5,0.5,,,,,
600887.SH,20240905,22.12,22.57,22.12,22.52,22.17,0.35,1.5787,395707.29,887967.424,0.5,0.5,,,,,
600887.SH,20240906,22.52,22.66,22.26,22.26,22.52,-0.26,-1.1545,259589.69,583603.338,0.5,0.5,,,,,
600887.SH,20240909,22.35,22.56,21.98,22.07,22.26,-0.19,-0.8535,373111.52,829022.938,0.5,0.5,,,,,
600887.SH,20240910,22.06,22.18,21.83,21.95,22.07,-0.12,-0.5437,298107.65,654270.858,0.5,0.5,,,,,
600887.SH,20240911,21.88,22.29,21.7,22.23,21.95,0.28,1.2756,324734.34,716427.011,0.5,0.5,,,,,
600887.SH,20240912,22.2,22.34,21.83,21.86,22.23,-0.37,-1.6644,339969.57,747740.421,0.5,0.5,,,,,
600887.SH,20240913,21.78,21.85,21.32,21.57,21.86,-0.29,-1.3266,435291.32,939714.459,0.5,0.5,,,,,
600887.SH,20240918,21.5,21.59,21.26,21.37,21.57,-0.2,-0.9272,354342.22,757068.257,0.5,0.5,,,,,
600887.SH,20240919,21.44,22.27,21.13,22.04,21.37,0.67,3.1352,728523.46,1593695.898,0.5,0.5,,,,,
600887.SH,20240920,22.0,22.1,21.76,21.98,22.04,-0.06,-0.2722,376873.11,826592.134,0.5,0.5,,,,,
600887.SH,20240923,21.98,22.38,21.84,21.89,21.98,-0.09,-0.4095,358479.23,789265.521,0.5,0.5,,,,,
600887.SH,20240924,22.3,23.29,22.03,23.25,21.89,1.36,6.2129,1114738.52,2536855.996,0.5,0.5,,,,,
600887.SH,20240925,23.7,24.05,23.49,23.53,23.25,0.28,1.2043,989513.81,2352471.099,0.5,0.5,,,,,
600887.SH,20240926,23.7,25.58,23.55,25.52,23.53,1.99,8.4573,1545432.71,3809822.354,0.5,0.5,,,,,
600887.SH,20240927,26.83,27.8,26.67,27.6,25.52,2.08,8.1505,1615216.11,4391935.722,0.5,0.5,,,,,
600887.SH,20240930,28.85,29.58,27.95,29.07,27.6,1.47,5.3261,2541173.43,7332486.231,0.5,0.5,,,,,
600887.SH,20241008,31.96,31.96,28.19,28.96,29.07,-0.11,-0.3784,2820994.27,8429937.689,0.5,0.5,,,,,
600887.SH,20241009,28.5,28.5,26.53,26.53,28.96,-2.43,-8.3909,1710974.55,4674619.614,0.5,0.5,,,,,
600887.SH,20241010,26.6,28.48,26.6,27.62,26.53,1.09,4.1086,1406257.22,3877380.251,0.5,0.5,,,,,
600887.SH,20241011,27.63,28.07,27.0,27.35,27.62,-0.27,-0.9776,837167.4,2298560.853,0.5,0.5,,,,,
600887.SH,20241014,27.32,27.49,26.61,27.36,27.35,0.01,0.0366,864514.89,2341744.7,0.5,0.5,,,,,
600887.SH,20241015,27.2,27.34,26.5,26.5,27.36,-0.86,-3.1433,663053.44,1783806.829,0.5,0.5,,,,,
600887.SH,20241016,26.19,26.52,26.01,26.15,26.5,-0.35,-1.3208,464365.95,1216279.461,0.5,0.5,,,,,
600887.SH,20241017,26.33,26.33,25.52,25.52,26.15,-0.63,-2.4092,589594.84,1524279.967,0.5,0.5,,,,,
600887.SH,20241018,25.48,26.83,25.28,26.4,25.52,0.88,3.4483,911645.66,2368669.233,0.5,0.5,,,,,
600887.SH,20241021,26.48,26.68,26.01,26.21,26.4,-0.19,-0.7197,687125.57,1807485.236,0.5,0.5,,,,,
600887.SH,20241022,26.17,26.84,26.12,26.61,26.21,0.4,1.5261,607181.14,1615103.358,0.5,0.5,,,,,
600887.SH,20241023,26.67,27.32,26.45,27.01,26.61,0.4,1.5032,691592.18,1867628.771,0.5,0.5,,,,,
600887.SH,20241024,26.87,26.99,26.4,26.52,27.01,-0.49,-1.8141,387220.63,1032349.699,0.5,0.5,,,,,
600887.SH,20241025,26.45,26.95,26.4,26.68,26.52,0.16,0.6033,390398.88,1042302.998,0.5,0.5,,,,,
600887.SH,20241028,26.73,27.21,26.55,27.12,26.68,0.44,1.6492,521720.36,1408393.953,0.5,0.5,,,,,
600887.SH,20241029,27.32,27.56,26.5,26.52,27.12,-0.6,-2.2124,620250.02,1668840.398,0.5,0.5,,,,,
600887.SH,20241030,26.47,26.73,26.29,26.44,26.52,-0.08,-0.3017,406939.93,1077302.199,0.5,0.5,,,,,
600887.SH,20241031,27.25,28.14,27.25,27.91,26.44,1.47,5.5598,1642947.61,4579555.241,0.5,0.5,,,,,
600887.SH,20241101,27.77,28.5,27.66,28.3,27.91,0.39,1.3973,1078804.35,3042767.41,0.5,0.5,,,,,
600887.SH,20241104,28.41,28.86,28.26,28.83,28.3,0.53,1.8728,806828.8,2309876.407,0.5,0.5,,,,,
600887.SH,20241105,28.6,29.09,28.54,29.07,28.83,0.24,0.8325,771611.37,2227089.575,0.5,0.5,,,,,
600887.SH,20241106,29.03,29.25,28.62,28.9,29.07,-0.17,-0.5848,645772.12,1869608.891,0.5,0.5,,,,,
600887.SH,20241107,28.86,30.2,28.77,30.2,28.9,1.3,4.4983,1129916.85,3365729.277,0.5,0.5,,,,,
600887.SH,20241108,30.33,30.47,29.68,30.13,30.2,-0.07,-0.2318,803483.32,2413508.867,0.5,0.5,,,,,
600887.SH,20241111,29.61,30.09,29.29,30.01,30.13,-0.12,-0.3983,608347.85,1807909.782,0.5,0.5,,,,,
600887.SH,20241112,29.9,30.48,29.65,29.8,30.01,-0.21,-0.6998,593731.85,1784851.123,0.5,0.5,,,,,
600887.SH,20241113,29.7,30.25,29.5,30.01,29.8,0.21,0.7047,525447.27,1574041.406,0.5,0.5,,,,,
600887.SH,20241114,29.91,30.15,29.58,29.61,30.01,-0.4,-1.3329,440354.78,1315695.899,0.5,0.5,,,,,
600887.SH,20241115,29.57,29.95,29.23,29.29,29.61,-0.32,-1.0807,482750.45,1429803.457,0.5,0.5,,,,,
600887.SH,20241118,29.29,29.55,28.86,28.98,29.29,-0.31,-1.0584,400261.69,1170735.839,0.5,0.5,,,,,
600887.SH,20241119,28.87,29.22,28.4,28.87,28.98,-0.11,-0.3796,415587.75,1195941.448,0.5,0.5,,,,,
600887.SH,20241120,28.9,29.2,28.63,29.04,28.87,0.17,0.5888,286531.24,830306.989,0.5,0.5,,,,,
600887.SH,20241121,28.91,29.28,28.9,29.17,29.04,0.13,0.4477,239625.33,696695.953,0.5,0.5,,,,,
600887.SH,20241122,29.17,29.2,28.36,28.4,29.17,-0.77,-2.6397,292499.07,841696.294,0.5,0.5,,,,,
600887.SH,20241125,28.4,28.68,28.17,28.22,28.4,-0.18,-0.6338,410986.29,1165494.151,0.5,0.5,,,,,
600887.SH,20241126,28.28,28.9,28.17,28.57,28.22,0.35,1.2403,341083.79,976009.665,0.5,0.5,,,,,
600887.SH,20241127,28.5,28.98,28.4,28.87,28.57,0.3,1.0501,302227.19,869636.266,0.5,0.5,,,,,
600887.SH,20241128,28.88,28.97,28.39,28.51,28.87,-0.36,-1.247,286014.41,819510.966,0.5,0.5,,,,,
600887.SH,20241129,28.55,29.0,28.42,28.58,28.51,0.07,0.2455,336322.14,964361.679,0.5,0.5,,,,,
600887.SH,20241202,28.52,29.18,28.48,28.82,28.58,0.24,0.8397,439897.46,1271036.463,0.5,0.5,,,,,
600887.SH,20241203,28.82,29.34,28.55,29.26,28.82,0.44,1.5267,455112.76,1320226.238,0.5,0.5,,,,,
600887.SH,20241204,29.15,29.25,28.82,29.11,29.26,-0.15,-0.5126,311428.5,904206.041,0.5,0.5,,,,,
600887.SH,20241205,28.85,29.09,28.76,28.84,29.11,-0.27,-0.9275,268887.0,777508.596,0.5,0.5,,,,,
600887.SH,20241206,28.84,29.36,28.78,29.24,28.84,0.4,1.387,409298.46,1193668.609,0.5,0.5,,,,,
600887.SH,20241209,29.22,29.26,28.58,28.82,29.24,-0.42,-1.4364,527478.86,1521343.01,0.5,0.5,,,,,
600887.SH,20241210,29.5,30.1,29.4,29.52,28.82,0.7,2.4289,807718.9,2405124.343,0.5,0.5,,,,,
600887.SH,20241211,29.42,30.0,29.37,29.77,29.52,0.25,0.8469,474342.51,1413712.57,0.5,0.5,,,,,
600887.SH,20241212,29.74,30.26,29.57,30.23,29.77,0.46,1.5452,681992.14,2046852.046,0.5,0.5,,,,,
600887.SH,20241213,30.0,30.0,29.18,29.25,30.23,-0.98,-3.2418,832447.04,2452775.495,0.5,0.5,,,,,
600887.SH,20241216,29.32,29.49,28.89,29.2,29.25,-0.05,-0.1709,431344.19,1255833.008,0.5,0.5,,,,,
600887.SH,20241217,29.09,29.85,28.93,29.61,29.2,0.41,1.4041,472012.09,1395576.372,0.5,0.5,,,,,
600887.SH,20241218,29.74,29.87,29.5,29.61,29.61,0.0,0.0,280366.26,832421.363,0.5,0.5,,,,,
600887.SH,20241219,29.52,29.73,29.25,29.37,29.61,-0.24,-0.8105,275581.03,811755.396,0.5,0.5,,,,,
600887.SH,20241220,29.48,29.56,29.13,29.2,29.37,-0.17,-0.5788,296708.29,869402.808,0.5,0.5,,,,,
600887.SH,20241223,29.1,29.8,29.05,29.6,29.2,0.4,1.3699,439427.82,1301645.497,0.5,0.5,,,,,
600887.SH,20241224,29.51,30.14,29.51,30.1,29.6,0.5,1.6892,480188.16,1436314.608,0.5,0.5,,,,,
600887.SH,20241225,30.1,30.17,29.82,29.93,30.1,-0.17,-0.5648,320484.33,960151.014,0.5,0.5,,,,,
600887.SH,20241226,29.93,30.04,29.79,29.97,29.93,0.04,0.1336,272727.09,815551.813,0.5,0.5,,,,,
600887.SH,20241227,29.96,30.21,29.75,30.15,29.97,0.18,0.6006,386790.79,1161393.948,0.5,0.5,,,,,
600887.SH,20241230,30.0,30.3,29.9,30.08,30.15,-0.07,-0.2322,338462.35,1018665.822,0.5,0.5,,,,,
600887.SH,20241231,29.98,30.65,29.96,30.18,30.08,0.1,0.3324,677721.17,2063323.533,0.5,0.5,,,,,
600887.SH,20250102,30.1,30.48,29.36,29.56,30.18,-0.62,-2.0543,545479.78,1631435.516,0.5,0.5,,,,,
600887.SH,20250103,29.5,29.73,29.2,29.3,29.56,-0.26,-0.8796,409097.46,1206201.912,0.5,0.5,,,,,
600887.SH,20250106,29.25,29.38,28.8,29.04,29.3,-0.26,-0.8874,379349.01,1102617.592,0.5,0.5,,,,,
600887.SH,20250107,28.85,29.17,28.75,28.88,29.04,-0.16,-0.551,318904.33,923011.914,0.5,0.5,,,,,
600887.SH,20250108,28.95,29.45,28.56,29.15,28.88,0.27,0.9349,399560.94,1162978.649,0.5,0.5,,,,,
600887.SH,20250109,29.0,29.45,28.8,28.96,29.15,-0.19,-0.6518,289976.38,842923.378,0.5,0.5,,,,,
600887.SH,20250110,28.96,29.09,28.53,28.53,28.96,-0.43,-1.4848,311666.35,896971.215,0.5,0.5,,,,,
600887.SH,20250113,28.44,28.84,28.26,28.45,28.53,-0.08,-0.2804,302015.33,859053.968,0.5,0.5,,,,,
600887.SH,20250114,28.39,28.95,28.21,28.65,28.45,0.2,0.703,375231.32,1074224.813,0.5,0.5,,,,,
600887.SH,20250115,28.7,28.83,28.38,28.46,28.65,-0.19,-0.6632,268840.92,767044.979,0.5,0.5,,,,,
600887.SH,20250116,28.57,28.68,28.23,28.33,28.46,-0.13,-0.4568,309146.04,877585.764,0.5,0.5,,,,,
600887.SH,20250117,28.18,28.58,28.06,28.4,28.33,0.07,0.2471,247486.51,703089.985,0.5,0.5,,,,,
600887.SH,20250120,28.62,28.78,27.8,27.8,28.4,-0.6,-2.1127,497796.48,1403726.743,0.5,0.5,,,,,
600887.SH,20250121,27.83,27.89,27.11,27.57,27.8,-0.23,-0.8273,533721.2,1466001.038,0.5,0.5,,,,,
600887.SH,20250122,27.49,27.6,27.15,27.4,27.57,-0.17,-0.6166,376746.62,1029930.692,0.5,0.5,,,,,
600887.SH,20250123,27.55,27.9,27.3,27.56,27.4,0.16,0.5839,321698.39,888327.137,0.5,0.5,,,,,
600887.SH,20250124,27.48,27.87,27.4,27.59,27.56,0.03,0.1089,354639.95,978956.439,0.5,0.5,,,,,
600887.SH,20250127,27.59,28.05,27.59,27.83,27.59,0.24,0.8699,478032.8,1334632.188,0.5,0.5,,,,,
600887.SH,20250205,27.72,27.85,26.85,26.85,27.83,-0.98,-3.5214,586418.24,1590015.006,0.5,0.5,,,,,
600887.SH,20250206,26.84,27.21,26.81,27.05,26.85,0.2,0.7449,351932.62,949910.829,0.5,0.5,,,,,
600887.SH,20250207,27.07,27.53,26.85,27.31,27.05,0.26,0.9612,421352.07,1148270.317,0.5,0.5,,,,,
600887.SH,20250210,27.32,27.35,26.85,27.13,27.31,-0.18,-0.6591,563163.53,1523279.283,0.5,0.5,,,,,
600887.SH,20250211,27.15,27.21,26.88,26.95,27.13,-0.18,-0.6635,351310.73,947584.88,0.5,0.5,,,,,
600887.SH,20250212,26.89,27.2,26.82,27.14,26.95,0.19,0.705,328970.65,887956.89,0.5,0.5,,,,,
600887.SH,20250213,27.14,27.78,27.08,27.5,27.14,0.36,1.3265,644816.38,1770183.935,0.5,0.5,,,,,
600887.SH,20250214,27.45,27.8,27.4,27.62,27.5,0.12,0.4364,354884.28,977550.8,0.5,0.5,,,,,
600887.SH,20250217,27.62,27.65,27.23,27.43,27.62,-0.19,-0.6879,471935.49,1292072.249,0.5,0.5,,,,,
600887.SH,20250218,27.39,27.68,27.21,27.26,27.43,-0.17,-0.6198,460177.95,1263058.978,0.5,0.5,,,,,
600887.SH,20250219,27.3,28.18,27.27,28.1,27.26,0.84,3.0814,697610.41,1946975.961,0.5,0.5,,,,,
600887.SH,20250220,28.0,28.18,27.7,27.83,28.1,-0.27,-0.9609,363778.83,1014461.6,0.5,0.5,,,,,
600887.SH,20250221,27.88,28.07,27.56,27.69,27.83,-0.14,-0.5031,428322.93,1185932.735,0.5,0.5,,,,,
600887.SH,20250224,27.69,27.8,27.44,27.52,27.69,-0.17,-0.6139,521101.06,1436331.869,0.5,0.5,,,,,
600887.SH,20250225,27.42,27.48,27.2,27.36,27.52,-0.16,-0.5814,402740.76,1100894.641,0.5,0.5,,,,,
600887.SH,20250226,27.31,27.52,27.22,27.43,27.36,0.07,0.2558,355945.3,973228.614,0.5,0.5,,,,,
600887.SH,20250227,27.49,28.29,27.41,28.2,27.43,0.77,2.8071,784441.85,2195583.799,0.5,0.5,,,,,
600887.SH,20250228,28.16,28.85,28.11,28.28,28.2,0.08,0.2837,725758.19,2065747.063,0.5,0.5,,,,,
600887.SH,20250303,28.3,28.48,27.8,27.9,28.28,-0.38,-1.3437,513233.84,1440304.081,0.5,0.5,,,,,
600887.SH,20250304,27.8,27.89,27.56,27.77,27.9,-0.13,-0.4659,316948.73,878026.48,0.5,0.5,,,,,
600887.SH,20250305,27.76,27.93,27.52,27.79,27.77,0.02,0.072,366172.16,1014961.789,0.5,0.5,,,,,
600887.SH,20250306,27.82,28.08,27.61,27.99,27.79,0.2,0.7197,439776.37,1224383.021,0.5,0.5,,,,,
600887.SH,20250307,27.88,27.98,27.34,27.75,27.99,-0.24,-0.8574,680935.56,1882186.49,0.5,0.5,,,,,
600887.SH,20250310,27.65,27.8,27.29,27.37,27.75,-0.38,-1.3694,495880.74,1359053.615,0.5,0.5,,,,,
600887.SH,20250311,27.2,27.64,27.15,27.64,27.37,0.27,0.9865,428619.12,1175164.527,0.5,0.5,,,,,
600887.SH,20250312,27.64,27.8,27.4,27.4,27.64,-0.24,-0.8683,329646.7,907079.707,0.5,0.5,,,,,
600887.SH,20250313,27.5,27.8,27.36,27.39,27.4,-0.01,-0.0365,386421.51,1063456.595,0.5,0.5,,,,,
600887.SH,20250314,27.9,29.99,27.9,29.75,27.39,2.36,8.6163,1920893.53,5578815.616,0.5,0.5,,,,,
600887.SH,20250317,30.0,30.09,28.92,29.11,29.75,-0.64,-2.1513,1152614.91,3376136.844,0.5,0.5,,,,,
600887.SH,20250318,29.15,29.27,28.72,28.81,29.11,-0.3,-1.0306,537934.45,1553625.184,0.5,0.5,,,,,
600887.SH,20250319,28.81,28.95,28.6,28.64,28.81,-0.17,-0.5901,403704.4,1158983.905,0.5,0.5,,,,,
600887.SH,20250320,28.71,28.85,28.32,28.33,28.64,-0.31,-1.0824,463459.05,1317971.944,0.5,0.5,,,,,
600887.SH,20250321,28.35,28.53,27.67,27.67,28.33,-0.66,-2.3297,694402.0,1948893.59,0.5,0.5,,,,,
600887.SH,20250324,27.9,28.4,27.78,28.01,27.67,0.34,1.2288,499927.69,1398365.164,0.5,0.5,,,,,
600887.SH,20250325,28.02,28.39,27.81,28.38,28.01,0.37,1.321,341808.33,962308.584,0.5,0.5,,,,,
600887.SH,20250326,28.23,28.38,28.17,28.28,28.38,-0.1,-0.3524,245323.91,693784.305,0.5,0.5,,,,,
600887.SH,20250327,28.27,28.56,28.21,28.41,28.28,0.13,0.4597,304122.26,863216.602,0.5,0.5,,,,,
600887.SH,20250328,28.4,28.53,28.19,28.22,28.41,-0.19,-0.6688,223557.41,633100.314,0.5,0.5,,,,,
600887.SH,20250331,28.11,28.55,27.97,28.08,28.22,-0.14,-0.4961,364562.17,1029151.997,0.5,0.5,,,,,
600887.SH,20250401,28.09,28.24,27.93,28.07,28.08,-0.01,-0.0356,285070.54,799680.206,0.5,0.5,,,,,
600887.SH,20250402,28.1,28.29,27.8,27.84,28.07,-0.23,-0.8194,265933.99,743679.759,0.5,0.5,,,,,
600887.SH,20250403,27.7,28.35,27.7,28.29,27.84,0.45,1.6164,433315.53,1220247.54,0.5,0.5,,,,,
600887.SH,20250407,27.51,28.58,26.65,27.59,28.29,-0.7,-2.4744,1115799.48,3074727.586,0.5,0.5,,,,,
600887.SH,20250408,27.58,28.73,27.14,28.73,27.59,1.14,4.1319,1132042.46,3191082.697,0.5,0.5,,,,,
600887.SH,20250409,28.49,29.58,28.25,29.53,28.73,0.8,2.7845,1166671.72,3392535.76,0.5,0.5,,,,,
600887.SH,20250410,29.92,29.92,29.08,29.68,29.53,0.15,0.508,808599.7,2387476.607,0.5,0.5,,,,,
600887.SH,20250411,29.83,29.84,28.96,29.25,29.68,-0.43,-1.4488,543512.14,1587840.361,0.5,0.5,,,,,
600887.SH,20250414,29.11,29.41,28.92,29.31,29.25,0.06,0.2051,355639.9,1040584.963,0.5,0.5,,,,,
600887.SH,20250415,29.33,29.8,29.12,29.38,29.31,0.07,0.2388,414990.74,1221996.934,0.5,0.5,,,,,
600887.SH,20250416,29.48,29.74,29.16,29.7,29.38,0.32,1.0892,483612.22,1427081.633,0.5,0.5,,,,,
600887.SH,20250417,29.5,29.75,29.22,29.68,29.7,-0.02,-0.0673,305879.13,903937.348,0.5,0.5,,,,,
600887.SH,20250418,29.73,29.73,29.25,29.61,29.68,-0.07,-0.2358,270780.63,797138.358,0.5,0.5,,,,,
600887.SH,20250421,29.39,29.49,29.04,29.08,29.61,-0.53,-1.7899,318455.28,929093.196,0.5,0.5,,,,,
600887.SH,20250422,29.02,29.24,28.92,28.93,29.08,-0.15,-0.5158,311869.28,905515.177,0.5,0.5,,,,,
600887.SH,20250423,29.07,29.17,28.9,29.0,28.93,0.07,0.242,239194.68,693847.869,0.5,0.5,,,,,
600887.SH,20250424,29.02,29.28,28.93,29.14,29.0,0.14,0.4828,219211.53,638896.402,0.5,0.5,,,,,
600887.SH,20250425,29.07,29.31,28.9,28.97,29.14,-0.17,-0.5834,227293.01,660325.46,0.5,0.5,,,,,
600887.SH,20250428,28.88,28.96,28.46,28.6,28.97,-0.37,-1.2772,305736.04,876864.392,0.5,0.5,,,,,
600887.SH,20250429,28.58,28.85,28.46,28.79,28.6,0.19,0.6643,232171.15,666614.507,0.5,0.5,,,,,
600887.SH,20250430,29.55,30.18,29.36,29.76,28.79,0.97,3.3692,1054811.4,3149928.154,0.5,0.5,,,,,
600887.SH,20250506,29.92,29.93,29.45,29.7,29.76,-0.06,-0.2016,463520.76,1375445.684,0.5,0.5,,,,,
600887.SH,20250507,30.4,30.43,29.47,29.58,29.7,-0.12,-0.404,403636.7,1199413.927,0.5,0.5,,,,,
600887.SH,20250508,29.52,29.8,29.47,29.54,29.58,-0.04,-0.1352,227674.62,674475.467,0.5,0.5,,,,,
600887.SH,20250509,29.54,29.76,29.5,29.52,29.54,-0.02,-0.0677,229653.3,679972.792,0.5,0.5,,,,,
600887.SH,20250512,29.54,29.89,29.3,29.84,29.52,0.32,1.084,334221.74,992693.155,0.5,0.5,,,,,
600887.SH,20250513,29.84,29.97,29.69,29.75,29.84,-0.09,-0.3016,305081.73,910594.922,0.5,0.5,,,,,
600887.SH,20250514,29.68,30.07,29.52,29.95,29.75,0.2,0.6723,349267.69,1041839.567,0.5,0.5,,,,,
600887.SH,20250515,29.88,30.22,29.69,30.07,29.95,0.12,0.4007,377622.45,1131904.026,0.5,0.5,,,,,
600887.SH,20250516,30.0,30.11,29.59,29.99,30.07,-0.08,-0.266,354646.04,1057207.202,0.5,0.5,,,,,
600887.SH,20250519,29.9,30.19,29.79,29.94,29.99,-0.05,-0.1667,224493.69,672202.618,0.5,0.5,,,,,
600887.SH,20250520,29.97,30.86,29.88,30.6,29.94,0.66,2.2044,500705.34,1526800.242,0.5,0.5,,,,,
600887.SH,20250521,30.55,30.94,30.3,30.4,30.6,-0.2,-0.6536,279728.57,853439.564,0.5,0.5,,,,,
600887.SH,20250522,30.35,30.7,30.27,30.56,30.4,0.16,0.5263,264714.14,807401.016,0.5,0.5,,,,,
600887.SH,20250523,30.56,31.09,30.56,30.6,30.56,0.04,0.1309,387196.33,1194521.713,0.5,0.5,,,,,
600887.SH,20250526,30.62,31.08,30.51,30.78,30.6,0.18,0.5882,333623.38,1027525.022,0.5,0.5,,,,,
600887.SH,20250527,30.8,30.98,30.63,30.63,30.78,-0.15,-0.4873,275336.04,846737.322,0.5,0.5,,,,,
600887.SH,20250528,30.65,31.07,30.56,30.98,30.63,0.35,1.1427,286080.32,884903.079,0.5,0.5,,,,,
600887.SH,20250529,30.98,31.12,30.36,30.41,30.98,-0.57,-1.8399,345045.89,1056179.342,0.5,0.5,,,,,
600887.SH,20250530,30.41,30.65,30.24,30.3,30.41,-0.11,-0.3617,273357.04,831558.512,0.5,0.5,,,,,
600887.SH,20250603,30.01,30.66,29.98,30.57,30.3,0.27,0.8911,342461.81,1041526.254,0.5,0.5,,,,,
600887.SH,20250604,30.55,30.72,30.46,30.59,30.57,0.02,0.0654,216489.98,662105.513,0.5,0.5,,,,,
600887.SH,20250605,30.64,30.81,30.15,30.2,30.59,-0.39,-1.2749,342896.01,1042943.935,0.5,0.5,,,,,
600887.SH,20250606,29.08,29.1,28.6,28.66,28.98,-0.32,-1.1042,429283.03,1237523.224,0.5,0.5,,,,,
600887.SH,20250609,28.76,28.94,28.63,28.8,28.66,0.14,0.4885,340779.05,981431.619,0.5,0.5,,,,,
600887.SH,20250610,28.91,29.24,28.51,28.55,28.8,-0.25,-0.8681,345266.46,994929.489,0.5,0.5,,,,,
600887.SH,20250611,28.55,28.69,28.44,28.44,28.55,-0.11,-0.3853,276774.15,789620.181,0.5,0.5,,,,,
600887.SH,20250612,28.45,28.48,28.1,28.21,28.44,-0.23,-0.8087,334924.64,944123.813,0.5,0.5,,,,,
600887.SH,20250613,28.2,28.27,27.8,28.0,28.21,-0.21,-0.7444,479372.37,1342365.832,0.5,0.5,,,,,
600887.SH,20250616,28.0,28.27,27.79,28.06,28.0,0.06,0.2143,347822.72,975897.616,0.5,0.5,,,,,
600887.SH,20250617,28.07,28.2,27.86,28.07,28.06,0.01,0.0356,273613.19,767277.518,0.5,0.5,,,,,
600887.SH,20250618,28.15,28.54,27.92,27.92,28.07,-0.15,-0.5344,400150.94,1128026.074,0.5,0.5,,,,,
600887.SH,20250619,27.9,28.04,27.68,27.71,27.92,-0.21,-0.7521,258849.15,719738.416,0.5,0.5,,,,,
600887.SH,20250620,27.71,28.13,27.71,27.92,27.71,0.21,0.7578,336375.93,940815.299,0.5,0.5,,,,,
600887.SH,20250623,27.79,27.89,27.4,27.57,27.92,-0.35,-1.2536,347708.43,959933.701,0.5,0.5,,,,,
600887.SH,20250624,27.62,27.9,27.6,27.67,27.57,0.1,0.3627,372451.3,1032288.019,0.5,0.5,,,,,
600887.SH,20250625,27.76,27.79,27.52,27.77,27.67,0.1,0.3614,372866.29,1031734.241,0.5,0.5,,,,,
600887.SH,20250626,27.79,28.14,27.75,28.0,27.77,0.23,0.8282,445496.77,1246366.128,0.5,0.5,,,,,
600887.SH,20250627,27.95,28.24,27.79,27.92,28.0,-0.08,-0.2857,342760.6,959162.608,0.5,0.5,,,,,
600887.SH,20250630,27.99,28.04,27.8,27.88,27.92,-0.04,-0.1433,294848.74,821943.961,0.5,0.5,,,,,
600887.SH,20250701,27.86,27.86,27.6,27.67,27.88,-0.21,-0.7532,335129.38,927316.668,0.5,0.5,,,,,
600887.SH,20250702,27.74,27.92,27.56,27.81,27.67,0.14,0.506,467449.65,1297460.482,0.5,0.5,,,,,
600887.SH,20250703,27.81,27.83,27.64,27.75,27.81,-0.06,-0.2157,259288.28,718400.832,0.5,0.5,,,,,
600887.SH,20250704,27.74,27.9,27.65,27.77,27.75,0.02,0.0721,287417.05,798463.929,0.5,0.5,,,,,
600887.SH,20250707,27.75,27.77,27.19,27.37,27.77,-0.4,-1.4404,534659.15,1465796.545,0.5,0.5,,,,,
600887.SH,20250708,27.35,27.6,27.27,27.49,27.37,0.12,0.4384,312889.34,859934.216,0.5,0.5,,,,,
600887.SH,20250709,27.49,27.99,27.45,27.69,27.49,0.2,0.7275,482633.05,1342833.361,0.5,0.5,,,,,
600887.SH,20250710,27.69,27.96,27.64,27.66,27.69,-0.03,-0.1083,373409.91,1036277.367,0.5,0.5,,,,,
600887.SH,20250711,27.67,27.95,27.66,27.69,27.66,0.03,0.1085,467555.74,1299838.473,0.5,0.5,,,,,
600887.SH,20250714,27.7,27.73,27.44,27.49,27.69,-0.2,-0.7223,449659.32,1237562.2,0.5,0.5,,,,,
600887.SH,20250715,27.49,27.61,27.26,27.38,27.49,-0.11,-0.4001,364970.3,999638.872,0.5,0.5,,,,,
600887.SH,20250716,27.39,27.68,27.38,27.52,27.38,0.14,0.5113,337587.39,929227.537,0.5,0.5,,,,,
600887.SH,20250717,27.54,28.16,27.51,28.1,27.52,0.58,2.1076,597872.88,1668797.44,0.5,0.5,,,,,
600887.SH,20250718,28.12,28.23,27.88,28.07,28.1,-0.03,-0.1068,335659.27,940587.764,0.5,0.5,,,,,
600887.SH,20250721,28.08,28.21,27.98,28.19,28.07,0.12,0.4275,319424.51,897556.154,0.5,0.5,,,,,
600887.SH,20250722,28.22,28.42,28.12,28.37,28.19,0.18,0.6385,386782.67,1095139.001,0.5,0.5,,,,,
600887.SH,20250723,28.42,28.54,28.25,28.29,28.37,-0.08,-0.282,356905.39,1012987.185,0.5,0.5,,,,,
600887.SH,20250724,28.29,28.34,28.13,28.24,28.29,-0.05,-0.1767,360050.76,1015874.052,0.5,0.5,,,,,
600887.SH,20250725,28.2,28.2,27.81,27.83,28.24,-0.41,-1.4518,443333.59,1239749.487,0.5,0.5,,,,,
600887.SH,20250728,27.84,27.95,27.67,27.73,27.83,-0.1,-0.3593,413144.84,1147320.824,0.5,0.5,,,,,
600887.SH,20250729,28.2,28.39,27.41,27.52,27.73,-0.21,-0.7573,1188984.73,3291479.316,0.5,0.5,,,,,
600887.SH,20250730,27.39,28.04,27.38,27.88,27.52,0.36,1.3081,781534.9,2173517.142,0.5,0.5,,,,,
600887.SH,20250731,27.82,27.82,27.38,27.41,27.88,-0.47,-1.6858,528616.7,1454311.357,0.5,0.5,,,,,
600887.SH,20250801,27.4,27.55,27.39,27.51,27.41,0.1,0.3648,347353.58,954195.33,0.5,0.5,,,,,
600887.SH,20250804,27.39,27.49,27.31,27.48,27.51,-0.03,-0.1091,302352.99,828205.263,0.5,0.5,,,,,
600887.SH,20250805,27.5,27.55,27.36,27.55,27.48,0.07,0.2547,331782.23,911276.744,0.5,0.5,,,,,
600887.SH,20250806,27.55,27.69,27.48,27.57,27.55,0.02,0.0726,301320.08,830900.511,0.5,0.5,,,,,
600887.SH,20250807,27.59,27.62,27.46,27.57,27.57,0.0,0.0,303772.95,837202.048,0.5,0.5,,,,,
600887.SH,20250808,27.55,27.55,27.22,27.3,27.57,-0.27,-0.9793,415787.37,1137063.976,0.5,0.5,,,,,
600887.SH,20250811,27.31,27.6,27.26,27.57,27.3,0.27,0.989,392240.87,1077280.578,0.5,0.5,,,,,
600887.SH,20250812,27.57,27.72,27.46,27.47,27.57,-0.1,-0.3627,312211.46,860552.801,0.5,0.5,,,,,
600887.SH,20250813,27.52,27.68,27.42,27.48,27.47,0.01,0.0364,435683.21,1197693.411,0.5,0.5,,,,,
600887.SH,20250814,27.5,27.57,27.2,27.2,27.48,-0.28,-1.0189,560989.15,1536616.438,0.5,0.5,,,,,
600887.SH,20250815,27.2,27.34,26.99,27.16,27.2,-0.04,-0.1471,593253.56,1611339.273,0.5,0.5,,,,,
600887.SH,20250818,27.19,27.55,27.19,27.2,27.16,0.04,0.1473,766025.83,2097560.156,0.5,0.5,,,,,
600887.SH,20250819,27.35,27.59,27.2,27.21,27.2,0.01,0.0368,772282.83,2113799.555,0.5,0.5,,,,,
600887.SH,20250820,27.21,27.51,27.04,27.46,27.21,0.25,0.9188,648817.17,1768582.0,0.5,0.5,,,,,
600887.SH,20250821,27.48,27.8,27.4,27.64,27.46,0.18,0.6555,699106.44,1931938.562,0.5,0.5,,,,,
600887.SH,20250822,27.68,27.7,27.5,27.69,27.64,0.05,0.1809,511270.44,1410588.146,0.5,0.5,,,,,
600887.SH,20250825,27.76,28.18,27.74,28.17,27.69,0.48,1.7335,888164.68,2482832.113,0.5,0.5,,,,,
600887.SH,20250826,28.09,28.55,28.02,28.33,28.17,0.16,0.568,712899.38,2018922.787,0.5,0.5,,,,,
600887.SH,20250827,28.33,28.36,27.81,27.81,28.33,-0.52,-1.8355,703930.22,1978250.629,0.5,0.5,,,,,
600887.SH,20250828,27.79,28.0,27.42,27.69,27.81,-0.12,-0.4315,563423.76,1562134.274,0.5,0.5,,,,,
600887.SH,20250829,28.6,29.5,28.57,28.57,27.69,0.88,3.178,2112944.73,6115499.114,0.5,0.5,,,,,
600887.SH,20250901,28.55,28.92,28.22,28.27,28.57,-0.3,-1.0501,1054003.22,3002204.422,0.5,0.5,,,,,
600887.SH,20250902,28.35,28.68,28.2,28.26,28.27,-0.01,-0.0354,678059.16,1923858.149,0.5,0.5,,,,,
600887.SH,20250903,28.44,28.55,27.75,27.91,28.26,-0.35,-1.2385,733050.98,2049453.849,0.5,0.5,,,,,
600887.SH,20250904,27.91,28.28,27.8,28.16,27.91,0.25,0.8957,946315.08,2654747.239,0.5,0.5,,,,,
600887.SH,20250905,28.17,28.24,27.82,28.18,28.16,0.02,0.071,551549.98,1546833.903,0.5,0.5,,,,,
600887.SH,20250908,28.13,28.49,28.0,28.21,28.18,0.03,0.1065,826355.77,2331231.868,0.5,0.5,,,,,
600887.SH,20250909,28.23,28.59,28.12,28.56,28.21,0.35,1.2407,732602.05,2076480.632,0.5,0.5,,,,,
600887.SH,20250910,28.49,28.58,28.16,28.43,28.56,-0.13,-0.4552,622490.23,1769059.129,0.5,0.5,,,,,
600887.SH,20250911,28.38,28.75,28.37,28.72,28.43,0.29,1.02,607933.23,1738182.102,0.5,0.5,,,,,
600887.SH,20250912,28.74,28.93,28.15,28.25,28.72,-0.47,-1.6365,784848.49,2239297.335,0.5,0.5,,,,,
600887.SH,20250915,28.2,28.52,28.1,28.23,28.25,-0.02,-0.0708,591253.23,1673303.638,0.5,0.5,,,,,
600887.SH,20250916,28.25,28.31,27.84,28.08,28.23,-0.15,-0.5313,708253.78,1986247.116,0.5,0.5,,,,,
600887.SH,20250917,28.14,28.38,27.96,28.08,28.08,0.0,0.0,483243.44,1358295.385,0.5,0.5,,,,,
600887.SH,20250918,28.08,28.13,27.66,27.76,28.08,-0.32,-1.1396,623234.97,1738475.538,0.5,0.5,,,,,
600887.SH,20250919,27.73,27.87,27.58,27.7,27.76,-0.06,-0.2161,433941.93,1202107.383,0.5,0.5,,,,,
600887.SH,20250922,27.7,27.79,27.44,27.55,27.7,-0.15,-0.5415,388684.6,1070082.302,0.5,0.5,,,,,
600887.SH,20250923,27.55,27.62,27.21,27.38,27.55,-0.17,-0.6171,449804.81,1231350.853,0.5,0.5,,,,,
600887.SH,20250924,27.3,27.5,27.26,27.41,27.38,0.03,0.1096,345352.29,945671.196,0.5,0.5,,,,,
600887.SH,20250925,27.42,27.43,26.92,26.97,27.41,-0.44,-1.6053,764024.76,2069611.137,0.5,0.5,,,,,
600887.SH,20250926,26.92,27.31,26.8,27.26,26.97,0.29,1.0753,638754.32,1731050.314,0.5,0.5,,,,,
600887.SH,20250929,27.26,27.35,26.9,27.19,27.26,-0.07,-0.2568,576591.18,1561655.553,0.5,0.5,,,,,
600887.SH,20250930,27.19,27.43,26.99,27.28,27.19,0.09,0.331,505276.46,1377355.384,0.5,0.5,,,,,
600887.SH,20251009,27.16,27.63,26.88,27.63,27.28,0.35,1.283,711508.33,1939794.035,0.5,0.5,,,,,
600887.SH,20251010,27.54,28.09,27.46,27.75,27.63,0.12,0.4343,588453.24,1637025.175,0.5,0.5,,,,,
600887.SH,20251013,27.53,27.7,27.39,27.55,27.75,-0.2,-0.7207,514528.62,1415780.494,0.5,0.5,,,,,
600887.SH,20251014,27.59,27.8,27.36,27.69,27.55,0.14,0.5082,584775.97,1615165.091,0.5,0.5,,,,,
600887.SH,20251015,27.69,27.79,27.53,27.65,27.69,-0.04,-0.1445,410816.15,1135528.973,0.5,0.5,,,,,
600887.SH,20251016,27.66,27.95,27.61,27.81,27.65,0.16,0.5787,368502.28,1024989.227,0.5,0.5,,,,,
600887.SH,20251017,27.81,27.96,27.31,27.35,27.81,-0.46,-1.6541,429520.0,1185057.313,0.5,0.5,,,,,
600887.SH,20251020,27.4,27.63,27.37,27.47,27.35,0.12,0.4388,334886.42,920784.094,0.5,0.5,,,,,
600887.SH,20251021,27.47,27.55,27.37,27.41,27.47,-0.06,-0.2184,321257.61,881806.609,0.5,0.5,,,,,
600887.SH,20251022,27.38,27.46,27.25,27.25,27.41,-0.16,-0.5837,275168.14,752203.896,0.5,0.5,,,,,
600887.SH,20251023,27.25,27.42,27.13,27.37,27.25,0.12,0.4404,293717.09,800862.127,0.5,0.5,,,,,
600887.SH,20251024,27.37,27.5,27.21,27.28,27.37,-0.09,-0.3288,329615.97,900051.677,0.5,0.5,,,,,
600887.SH,20251027,27.3,27.5,27.28,27.41,27.28,0.13,0.4765,378477.32,1037542.757,0.5,0.5,,,,,
600887.SH,20251028,27.42,27.48,27.23,27.27,27.41,-0.14,-0.5108,305259.23,833796.923,0.5,0.5,,,,,
600887.SH,20251029,27.34,27.34,27.11,27.18,27.27,-0.09,-0.33,363189.04,986076.668,0.5,0.5,,,,,
600887.SH,20251030,27.15,27.55,27.12,27.36,27.18,0.18,0.6623,621166.0,1701669.232,0.5,0.5,,,,,
600887.SH,20251031,27.47,27.61,27.3,27.41,27.36,0.05,0.1827,552298.49,1515292.122,0.5,0.5,,,,,
600887.SH,20251103,27.41,27.54,27.23,27.45,27.41,0.04,0.1459,428366.55,1173054.889,0.5,0.5,,,,,
600887.SH,20251104,27.42,27.42,27.05,27.07,27.45,-0.38,-1.3843,606485.8,1648553.616,0.5,0.5,,,,,
600887.SH,20251105,27.01,27.32,26.94,27.25,27.07,0.18,0.6649,449646.46,1221500.605,0.5,0.5,,,,,
600887.SH,20251106,27.2,27.38,27.13,27.22,27.25,-0.03,-0.1101,314692.31,857926.375,0.5,0.5,,,,,
600887.SH,20251107,27.22,27.32,27.17,27.29,27.22,0.07,0.2572,260677.46,710309.225,0.5,0.5,,,,,
600887.SH,20251110,27.3,28.35,27.29,28.27,27.29,0.98,3.5911,1176002.7,3286290.067,0.5,0.5,,,,,
600887.SH,20251111,28.28,28.45,28.08,28.35,28.27,0.08,0.283,718208.31,2032845.997,0.5,0.5,,,,,
600887.SH,20251112,28.31,28.75,28.31,28.48,28.35,0.13,0.4586,703551.3,2012767.204,0.5,0.5,,,,,
600887.SH,20251113,28.45,28.6,28.21,28.58,28.48,0.1,0.3511,510241.26,1449241.871,0.5,0.5,,,,,
600887.SH,20251114,28.57,28.83,28.35,28.35,28.58,-0.23,-0.8048,409201.48,1169548.535,0.5,0.5,,,,,
600887.SH,20251117,28.34,28.62,28.12,28.57,28.35,0.22,0.776,374675.11,1064447.095,0.5,0.5,,,,,
600887.SH,20251118,28.77,29.58,28.77,29.52,28.57,0.95,3.3252,1303325.63,3831903.904,0.5,0.5,,,,,
600887.SH,20251119,29.59,29.78,29.39,29.58,29.52,0.06,0.2033,630427.35,1869673.84,0.5,0.5,,,,,
600887.SH,20251120,29.56,29.77,29.36,29.4,29.58,-0.18,-0.6085,472371.88,1397017.933,0.5,0.5,,,,,
600887.SH,20251121,29.21,29.55,29.0,29.1,29.4,-0.3,-1.0204,599021.27,1749885.197,0.5,0.5,,,,,
600887.SH,20251124,29.35,29.39,28.88,28.91,29.1,-0.19,-0.6529,447780.82,1301705.714,0.5,0.5,,,,,
600887.SH,20251125,28.92,29.26,28.75,29.16,28.91,0.25,0.8648,407639.05,1184039.231,0.5,0.5,,,,,
600887.SH,20251126,29.1,29.35,28.88,29.18,29.16,0.02,0.0686,287148.77,835332.535,0.5,0.5,,,,,
600887.SH,20251127,29.2,29.21,28.92,29.05,29.18,-0.13,-0.4455,223025.78,648115.983,0.5,0.5,,,,,
600887.SH,20251128,29.05,29.46,28.97,29.38,29.05,0.33,1.136,357201.14,1046624.929,0.5,0.5,,,,,
600887.SH,20251201,29.4,29.56,29.08,29.43,29.38,0.05,0.1702,379120.06,1111191.935,0.5,0.5,,,,,
600887.SH,20251202,29.47,29.5,29.21,29.35,29.43,-0.08,-0.2718,244418.02,716507.514,0.5,0.5,,,,,
600887.SH,20251203,29.3,29.43,29.11,29.27,29.35,-0.08,-0.2726,263715.44,772760.507,0.5,0.5,,,,,
600887.SH,20251204,29.18,29.28,28.94,28.99,29.27,-0.28,-0.9566,270942.45,787269.79,0.5,0.5,,,,,
600887.SH,20251205,28.99,29.16,28.8,28.92,28.99,-0.07,-0.2415,263630.35,763707.568,0.5,0.5,,,,,
600887.SH,20251208,28.95,29.15,28.73,28.84,28.92,-0.08,-0.2766,331706.57,957402.046,0.5,0.5,,,,,
600887.SH,20251209,28.97,29.05,28.64,28.76,28.84,-0.08,-0.2774,318507.97,917781.063,0.5,0.5,,,,,
600887.SH,20251210,28.7,28.85,28.46,28.56,28.76,-0.2,-0.6954,260075.81,744375.878,0.5,0.5,,,,,
600887.SH,20251211,28.55,28.62,28.36,28.39,28.56,-0.17,-0.5952,266282.98,758252.704,0.5,0.5,,,,,
600887.SH,20251212,28.54,28.76,28.33,28.7,28.39,0.31,1.0919,488631.29,1397348.34,0.5,0.5,,,,,
600887.SH,20251215,28.7,29.02,28.65,28.83,28.7,0.13,0.453,331267.5,957316.155,0.5,0.5,,,,,
600887.SH,20251216,28.9,29.14,28.77,28.95,28.83,0.12,0.4162,446640.43,1292306.812,0.5,0.5,,,,,
600887.SH,20251217,28.58,29.09,28.38,28.85,28.47,0.38,1.3347,457885.58,1320877.994,0.5,0.5,,,,,
600887.SH,20251218,28.85,29.09,28.68,28.97,28.85,0.12,0.4159,278825.52,806884.69,0.5,0.5,,,,,
600887.SH,20251219,28.8,29.24,28.77,29.18,28.97,0.21,0.7249,357629.05,1040349.264,0.5,0.5,,,,,
600887.SH,20251222,29.05,29.32,28.93,29.1,29.18,-0.08,-0.2742,401872.51,1170602.861,0.5,0.5,,,,,
600887.SH,20251223,29.31,29.5,28.81,28.93,29.1,-0.17,-0.5842,427338.4,1242898.335,0.5,0.5,,,,,
600887.SH,20251224,28.81,28.99,28.7,28.88,28.93,-0.05,-0.1728,296213.04,854061.69,0.5,0.5,,,,,
600887.SH,20251225,28.9,29.3,28.83,29.2,28.88,0.32,1.108,331841.55,966379.471,0.5,0.5,,,,,
600887.SH,20251226,29.26,29.35,28.93,29.1,29.2,-0.1,-0.3425,291279.82,847358.126,0.5,0.5,,,,,
600887.SH,20251229,29.09,29.11,28.67,28.87,29.1,-0.23,-0.7904,379126.27,1094914.598,0.5,0.5,,,,,
600887.SH,20251230,28.76,28.9,28.61,28.69,28.87,-0.18,-0.6235,390498.03,1121585.94,0.5,0.5,,,,,
600887.SH,20251231,28.77,28.88,28.56,28.6,28.69,-0.09,-0.3137,266727.02,764372.855,0.5,0.5,,,,,
600887.SH,20260105,28.6,28.91,28.55,28.61,28.6,0.01,0.035,496361.37,1423103.319,0.5,0.5,,,,,
600887.SH,20260106,28.55,28.69,28.21,28.62,28.61,0.01,0.035,495809.78,1413869.797,0.5,0.5,,,,,
600887.SH,20260107,28.65,28.78,28.38,28.42,28.62,-0.2,-0.6988,409209.06,1166508.273,0.5,0.5,,,,,
600887.SH,20260108,27.9,27.9,27.11,27.26,28.42,-1.16,-4.0816,1635151.81,4471049.1,0.5,0.5,,,,,
600887.SH,20260109,27.21,27.7,27.2,27.68,27.26,0.42,1.5407,872358.6,2399189.017,0.5,0.5,,,,,
600887.SH,20260112,27.68,27.78,27.41,27.74,27.68,0.06,0.2168,610974.22,1685870.213,0.5,0.5,,,,,
600887.SH,20260113,27.74,28.09,27.44,27.53,27.74,-0.21,-0.757,557667.02,1547123.552,0.5,0.5,,,,,
600887.SH,20260114,27.51,27.66,27.35,27.4,27.53,-0.13,-0.4722,614521.93,1688191.48,0.5,0.5,,,,,
600887.SH,20260115,27.4,27.58,27.18,27.22,27.4,-0.18,-0.6569,483085.85,1320320.585,0.5,0.5,,,,,
600887.SH,20260116,27.34,27.34,26.92,26.97,27.22,-0.25,-0.9184,588316.24,1594121.537,0.5,0.5,,,,,
600887.SH,20260119,27.0,27.18,26.96,27.09,26.97,0.12,0.4449,458355.09,1240407.442,0.5,0.5,,,,,
600887.SH,20260120,27.12,27.26,26.95,27.18,27.09,0.09,0.3322,480489.13,1303433.704,0.5,0.5,,,,,
600887.SH,20260121,27.25,27.25,26.77,26.84,27.18,-0.34,-1.2509,719789.43,1940325.232,0.5,0.5,,,,,
600887.SH,20260122,26.84,27.06,26.74,26.81,26.84,-0.03,-0.1118,538626.57,1447590.671,0.5,0.5,,,,,
600887.SH,20260123,26.81,26.99,26.75,26.82,26.81,0.01,0.0373,656849.76,1765509.067,0.5,0.5,,,,,
600887.SH,20260126,26.83,26.98,26.52,26.68,26.82,-0.14,-0.522,760417.26,2032739.797,0.5,0.5,,,,,
600887.SH,20260127,26.69,26.78,26.37,26.37,26.68,-0.31,-1.1619,678267.3,1798337.886,0.5,0.5,,,,,
600887.SH,20260128,26.43,26.48,26.08,26.14,26.37,-0.23,-0.8722,816135.72,2139880.003,0.5,0.5,,,,,
600887.SH,20260129,26.1,26.84,25.8,26.83,26.14,0.69,2.6396,1458164.33,3824110.006,0.5,0.5,,,,,
600887.SH,20260130,26.7,26.8,26.33,26.34,26.83,-0.49,-1.8263,777336.95,2060727.989,0.5,0.5,,,,,
600887.SH,20260202,26.67,26.84,26.36,26.45,26.34,0.11,0.4176,741014.17,1975230.961,0.5,0.5,,,,,
600887.SH,20260203,26.42,26.73,26.37,26.6,26.45,0.15,0.5671,571566.33,1517772.06,0.5,0.5,,,,,
600887.SH,20260204,26.64,27.04,26.61,27.01,26.6,0.41,1.5414,609688.29,1638579.098,0.5,0.5,,,,,
600887.SH,20260205,27.1,27.35,26.95,27.21,27.01,0.2,0.7405,675579.38,1835439.251,0.5,0.5,,,,,
600887.SH,20260206,27.24,27.48,27.0,27.08,27.21,-0.13,-0.4778,567769.04,1541138.984,0.5,0.5,,,,,
600887.SH,20260209,27.0,27.28,26.98,27.08,27.08,0.0,0.0,431552.73,1168224.785,0.5,0.5,,,,,
600887.SH,20260210,27.03,27.03,26.64,26.75,27.08,-0.33,-1.2186,564764.85,1510541.822,0.5,0.5,,,,,
600887.SH,20260211,26.8,26.98,26.69,26.87,26.75,0.12,0.4486,366051.57,982348.099,0.5,0.5,,,,,
600887.SH,20260212,26.84,26.86,26.56,26.61,26.87,-0.26,-0.9676,344479.75,917793.226,0.5,0.5,,,,,
600887.SH,20260213,26.7,26.7,26.46,26.48,26.61,-0.13,-0.4885,334695.0,888806.487,0.5,0.5,,,,,
600887.SH,20260224,26.61,26.63,26.16,26.37,26.48,-0.11,-0.4154,435220.38,1146178.66,0.5,0.5,,,,,
600887.SH,20260225,26.37,26.65,26.22,26.3,26.37,-0.07,-0.2655,484888.82,1280621.826,0.5,0.5,,,,,
600887.SH,20260226,26.31,26.35,26.08,26.12,26.3,-0.18,-0.6844,444622.87,1162878.489,0.5,0.5,,,,,
600887.SH,20260227,26.13,26.26,26.01,26.08,26.12,-0.04,-0.1531,395340.29,1033896.673,0.5,0.5,,,,,
600887.SH,20260302,25.95,26.14,25.66,26.0,26.08,-0.08,-0.3067,577905.63,1496480.387,0.5,0.5,,,,,
600887.SH,20260303,26.0,26.26,25.78,25.93,26.0,-0.07,-0.2692,552891.65,1436052.974,0.5,0.5,,,,,
600887.SH,20260304,25.81,25.85,25.45,25.62,25.93,-0.31,-1.1955,525141.87,1345636.228,0.5,0.5,,,,,
600887.SH,20260305,25.69,26.04,25.61,25.67,25.62,0.05,0.1952,354656.51,914400.192,0.5,0.5,,,,,
600887.SH,20260306,25.62,26.28,25.58,26.21,25.67,0.54,2.1036,548649.24,1428036.788,0.5,0.5,,,,,
600887.SH,20260309,26.04,26.4,25.85,26.28,26.21,0.07,0.2671,578504.58,1512953.329,0.5,0.5,,,,,
600887.SH,20260310,26.28,26.54,26.25,26.4,26.28,0.12,0.4566,485923.56,1284899.026,0.5,0.5,,,,,
600887.SH,20260311,26.46,26.46,26.23,26.44,26.4,0.04,0.1515,301538.77,795350.78,0.5,0.5,,,,,
600887.SH,20260312,26.43,26.76,26.28,26.71,26.44,0.27,1.0212,532049.61,1412913.344,0.5,0.5,,,,,
600887.SH,20260313,26.71,26.94,26.61,26.71,26.71,0.0,0.0,494171.44,1324445.003,0.5,0.5,,,,,
600887.SH,20260316,26.71,26.95,26.65,26.84,26.71,0.13,0.4867,388305.48,1042004.019,0.5,0.5,,,,,
600887.SH,20260317,26.84,27.05,26.71,26.87,26.84,0.03,0.1118,516425.64,1391233.598,0.5,0.5,,,,,
600887.SH,20260318,27.03,27.05,26.51,26.68,26.87,-0.19,-0.7071,453638.62,1210458.286,0.5,0.5,,,,,
600887.SH,20260319,26.66,26.84,26.4,26.44,26.68,-0.24,-0.8996,368799.04,980549.684,0.5,0.5,,,,,
600887.SH,20260320,26.45,26.71,26.39,26.39,26.44,-0.05,-0.1891,348564.05,925873.983,0.5,0.5,,,,,
600887.SH,20260323,26.2,26.23,25.35,25.49,26.39,-0.9,-3.4104,640461.88,1645709.736,0.5,0.5,,,,,
600887.SH,20260324,25.6,25.73,25.41,25.7,25.49,0.21,0.8239,389076.78,996535.348,0.5,0.5,,,,,
600887.SH,20260325,25.83,25.97,25.73,25.88,25.7,0.18,0.7004,264519.62,684607.12,0.5,0.5,,,,,
600887.SH,20260326,25.81,26.25,25.8,25.95,25.88,0.07,0.2705,290238.26,755975.233,0.5,0.5,,,,,
600887.SH,20260327,25.83,26.23,25.81,26.16,25.95,0.21,0.8092,266420.24,696018.781,0.5,0.5,,,,,
600887.SH,20260330,25.97,26.47,25.93,26.4,26.16,0.24,0.9174,319601.99,841098.941,0.5,0.5,,,,,
600887.SH,20260331,26.48,26.73,26.32,26.35,26.4,-0.05,-0.1894,259876.79,688545.191,0.5,0.5,,,,,
600887.SH,20260401,26.58,26.58,26.18,26.33,26.35,-0.02,-0.0759,291632.43,768508.691,0.5,0.5,,,,,
600887.SH,20260402,26.31,26.5,26.23,26.43,26.33,0.1,0.3798,247444.08,652316.984,0.5,0.5,,,,,
600887.SH,20260403,26.38,26.43,26.15,26.31,26.43,-0.12,-0.454,223320.65,587515.505,0.5,0.5,,,,,
600887.SH,20260407,26.31,26.42,26.08,26.33,26.31,0.02,0.076,268232.2,704556.531,0.5,0.5,,,,,
600887.SH,20260408,26.38,26.55,26.32,26.44,26.33,0.11,0.4178,437845.33,1158284.739,0.5,0.5,,,,,
600887.SH,20260409,26.35,26.36,26.02,26.12,26.44,-0.32,-1.2103,262384.08,685638.151,0.5,0.5,,,,,
600887.SH,20260410,26.25,26.48,26.1,26.14,26.12,0.02,0.0766,280610.54,738245.207,0.5,0.5,,,,,
600887.SH,20260413,26.09,26.1,25.84,25.96,26.14,-0.18,-0.6886,302057.36,783868.153,0.5,0.5,,,,,
600887.SH,20260414,26.01,26.24,25.88,25.99,25.96,0.03,0.1156,235528.54,612034.745,0.5,0.5,,,,,
600887.SH,20260415,25.97,26.07,25.69,25.69,25.99,-0.3,-1.1543,479381.94,1236094.369,0.5,0.5,,,,,
600887.SH,20260416,25.7,25.73,25.56,25.6,25.69,-0.09,-0.3503,465138.5,1190913.072,0.5,0.5,,,,,
600887.SH,20260417,25.59,25.6,25.32,25.39,25.6,-0.21,-0.8203,503403.76,1278607.423,0.5,0.5,,,,,
600887.SH,20260420,25.35,25.57,25.28,25.51,25.39,0.12,0.4726,397331.88,1010952.939,0.5,0.5,,,,,
600887.SH,20260421,25.5,25.69,25.42,25.56,25.51,0.05,0.196,322193.41,822585.093,0.5,0.5,,,,,
600887.SH,20260422,25.58,25.58,25.28,25.29,25.56,-0.27,-1.0563,444459.29,1127169.284,0.5,0.5,,,,,
600887.SH,20260423,25.3,25.43,25.13,25.27,25.29,-0.02,-0.0791,407311.59,1029788.345,0.5,0.5,,,,,
600887.SH,20260424,25.23,25.39,25.15,25.25,25.27,-0.02,-0.0791,389217.94,982873.447,0.5,0.5,,,,,
600887.SH,20260427,25.24,25.44,25.15,25.25,25.25,0.0,0.0,432063.86,1091147.141,0.5,0.5,,,,,
600887.SH,20260428,25.21,25.79,25.18,25.49,25.25,0.24,0.9505,817282.97,2081892.317,0.5,0.5,,,,,
600887.SH,20260429,25.55,26.59,25.5,26.57,25.49,1.08,4.237,1261714.9,3306441.892,0.5,0.5,,,,,
600887.SH,20260430,27.5,27.99,27.11,27.46,26.57,0.89,3.3496,2144097.38,5900016.973,0.5,0.5,,,,,
600887.SH,20260506,27.45,27.49,27.01,27.45,27.46,-0.01,-0.0364,1051342.9,2869648.528,0.5,0.5,,,,,
600887.SH,20260507,27.44,27.83,27.28,27.53,27.45,0.08,0.2914,708829.73,1957673.075,0.5,0.5,,,,,
600887.SH,20260508,27.53,27.74,27.39,27.52,27.53,-0.01,-0.0363,569714.79,1570843.72,0.5,0.5,,,,,
600887.SH,20260511,27.7,28.2,27.36,28.06,27.52,0.54,1.9622,895348.94,2500080.896,0.5,0.5,,,,,
600887.SH,20260512,28.0,28.4,27.89,28.01,28.06,-0.05,-0.1782,739490.47,2075872.034,0.5,0.5,,,,,
600887.SH,20260513,28.13,28.22,27.66,27.9,28.01,-0.11,-0.3927,616711.13,1716424.481,0.5,0.5,,,,,
600887.SH,20260514,27.83,27.97,27.56,27.78,27.9,-0.12,-0.4301,505209.82,1401655.122,0.5,0.5,,,,,
600887.SH,20260515,27.77,27.99,27.49,27.61,27.78,-0.17,-0.612,483371.65,1340536.763,0.5,0.5,,,,,
600887.SH,20260518,27.53,27.65,27.1,27.29,27.61,-0.32,-1.159,431388.94,1176318.731,0.5,0.5,,,,,
600887.SH,20260519,27.29,27.6,27.17,27.23,27.29,-0.06,-0.2199,397583.04,1086660.19,0.5,0.5,,,,,
600887.SH,20260520,27.25,27.38,27.04,27.12,27.23,-0.11,-0.404,361020.64,981928.663,0.5,0.5,,,,,
600887.SH,20260521,27.12,27.31,26.7,26.76,27.12,-0.36,-1.3274,545917.47,1473216.946,0.5,0.5,,,,,
600887.SH,20260522,26.95,26.95,26.19,26.2,26.76,-0.56,-2.0927,640561.63,1691599.954,0.5,0.5,,,,,
600887.SH,20260525,26.21,26.57,26.01,26.27,26.2,0.07,0.2672,459181.61,1208937.241,0.5,0.5,,,,,
600887.SH,20260526,26.3,26.67,26.15,26.58,26.27,0.31,1.1801,479542.15,1269389.378,0.5,0.5,,,,,
600887.SH,20260527,26.43,26.99,26.07,26.62,26.58,0.04,0.1505,578239.25,1532144.356,0.5,0.5,,,,,
600887.SH,20260528,26.5,26.68,25.94,26.0,26.62,-0.62,-2.3291,631666.86,1651764.278,0.5,0.5,,,,,
600887.SH,20260529,25.9,27.08,25.9,26.92,26.0,0.92,3.5385,715261.37,1906594.603,0.5,0.5,,,,,
600887.SH,20260601,26.7,27.03,26.58,27.0,26.92,0.08,0.2972,684616.66,1839883.296,0.5,0.5,,,,,
600887.SH,20260602,26.95,27.12,26.8,26.86,27.0,-0.14,-0.5185,415202.19,1117322.837,0.5,0.5,,,,,
600887.SH,20260603,26.81,26.93,26.34,26.72,26.86,-0.14,-0.5212,634925.69,1689005.116,0.5,0.5,,,,,
600887.SH,20260604,26.61,26.85,26.47,26.56,26.72,-0.16,-0.5988,474756.37,1263704.666,0.5,0.5,,,,,
600887.SH,20260605,25.72,26.25,25.59,25.67,25.66,0.01,0.039,616359.07,1592799.01,0.5,0.5,,,,,
600887.SH,20260608,25.76,26.1,25.18,25.37,25.67,-0.3,-1.1687,575758.26,1470714.333,0.5,0.5,,,,,
600887.SH,20260609,25.37,25.7,25.02,25.12,25.37,-0.25,-0.9854,583312.43,1473213.378,0.5,0.5,,,,,
600887.SH,20260610,25.03,25.64,24.98,25.58,25.12,0.46,1.8312,484110.41,1229111.249,0.5,0.5,,,,,
600887.SH,20260611,25.55,25.79,25.37,25.61,25.58,0.03,0.1173,378921.62,969593.727,0.5,0.5,,,,,
002594.SZ,20210615,231.54,237.8,224.87,232.32,227.02,5.3,2.3346,518100.75,12090497.119,0.5,0.5,,,,,
002594.SZ,20210616,226.0,231.66,210.66,211.0,232.32,-21.32,-9.177,618175.9,13579272.747,0.5,0.5,,,,,
002594.SZ,20210617,210.96,232.1,210.83,232.1,211.0,21.1,10.0,519977.58,11627218.257,0.5,0.5,,,,,
002594.SZ,20210618,236.0,252.32,234.65,245.0,232.1,12.9,5.5579,571896.01,13931101.474,0.5,0.5,,,,,
002594.SZ,20210621,243.88,249.56,232.13,242.58,245.0,-2.42,-0.9878,430526.35,10400538.802,0.5,0.5,,,,,
002594.SZ,20210622,243.0,247.0,236.0,237.88,242.58,-4.7,-1.9375,316428.08,7571777.59,0.5,0.5,,,,,
002594.SZ,20210623,233.0,249.8,232.5,243.3,237.88,5.42,2.2785,394500.6,9605891.907,0.5,0.5,,,,,
002594.SZ,20210624,244.0,251.87,240.18,244.89,243.3,1.59,0.6535,312285.04,7696250.339,0.5,0.5,,,,,
002594.SZ,20210625,247.0,248.66,238.0,244.99,244.89,0.1,0.0408,296502.36,7205570.873,0.5,0.5,,,,,
002594.SZ,20210628,244.99,255.0,243.52,253.63,244.99,8.64,3.5267,347271.98,8732379.669,0.5,0.5,,,,,
002594.SZ,20210629,257.4,259.6,250.0,253.3,253.63,-0.33,-0.1301,306257.54,7778037.778,0.5,0.5,,,,,
002594.SZ,20210630,250.0,256.5,246.0,251.0,253.3,-2.3,-0.908,285407.31,7146112.745,0.5,0.5,,,,,
002594.SZ,20210701,251.0,252.5,235.6,236.6,251.0,-14.4,-5.7371,422602.87,10182009.938,0.5,0.5,,,,,
002594.SZ,20210702,233.0,243.5,228.89,239.04,236.6,2.44,1.0313,374260.13,8897622.556,0.5,0.5,,,,,
002594.SZ,20210705,236.04,250.0,235.57,249.55,239.04,10.51,4.3968,324901.16,7984671.152,0.5,0.5,,,,,
002594.SZ,20210706,255.0,261.02,241.0,250.5,249.55,0.95,0.3807,517916.7,13098186.044,0.5,0.5,,,,,
002594.SZ,20210707,244.0,258.6,240.88,255.09,250.5,4.59,1.8323,386386.56,9711793.849,0.5,0.5,,,,,
002594.SZ,20210708,253.0,261.54,251.12,251.96,255.09,-3.13,-1.227,393909.95,10127585.813,0.5,0.5,,,,,
002594.SZ,20210709,250.88,254.99,241.88,248.82,251.96,-3.14,-1.2462,364946.99,9057948.774,0.5,0.5,,,,,
002594.SZ,20210712,253.3,272.91,251.5,266.48,248.82,17.66,7.0975,560057.08,14759940.06,0.5,0.5,,,,,
002594.SZ,20210713,266.49,269.73,260.22,265.1,266.48,-1.38,-0.5179,277313.91,7330680.655,0.5,0.5,,,,,
002594.SZ,20210714,261.0,261.0,245.0,245.29,265.1,-19.81,-7.4727,612716.86,15300069.25,0.5,0.5,,,,,
002594.SZ,20210715,239.0,243.55,230.0,236.4,245.29,-8.89,-3.6243,551898.67,13026880.866,0.5,0.5,,,,,
002594.SZ,20210716,235.75,235.75,221.03,222.92,236.4,-13.48,-5.7022,562741.48,12801309.443,0.5,0.5,,,,,
002594.SZ,20210719,220.0,231.99,214.3,223.97,222.92,1.05,0.471,372187.23,8367318.503,0.5,0.5,,,,,
002594.SZ,20210720,220.0,229.46,219.11,227.5,223.97,3.53,1.5761,246749.66,5582671.898,0.5,0.5,,,,,
002594.SZ,20210721,231.2,244.99,230.01,241.23,227.5,13.73,6.0352,471511.19,11232169.397,0.5,0.5,,,,,
002594.SZ,20210722,246.3,249.44,240.17,248.96,241.23,7.73,3.2044,374773.27,9242619.143,0.5,0.5,,,,,
002594.SZ,20210723,247.44,262.0,245.08,258.68,248.96,9.72,3.9042,460562.27,11846110.496,0.5,0.5,,,,,
002594.SZ,20210726,250.58,259.74,241.01,248.55,258.68,-10.13,-3.916,404428.24,10130659.972,0.5,0.5,,,,,
002594.SZ,20210727,246.0,257.88,237.2,238.71,248.55,-9.84,-3.959,377707.2,9406136.905,0.5,0.5,,,,,
002594.SZ,20210728,229.99,241.1,223.99,236.5,238.71,-2.21,-0.9258,332198.63,7758094.419,0.5,0.5,,,,,
002594.SZ,20210729,246.94,257.3,242.82,257.2,236.5,20.7,8.7526,428851.05,10764228.893,0.5,0.5,,,,,
002594.SZ,20210730,257.19,268.3,252.13,264.71,257.2,7.51,2.9199,457993.99,11995907.836,0.5,0.5,,,,,
002594.SZ,20210802,276.0,291.18,273.3,291.18,264.71,26.47,9.9996,622259.03,17648921.236,0.5,0.5,,,,,
002594.SZ,20210803,299.0,299.0,275.01,280.08,291.18,-11.1,-3.8121,489348.53,13975748.744,0.5,0.5,,,,,
002594.SZ,20210804,283.01,308.09,282.0,308.09,280.08,28.01,10.0007,534306.39,16003136.931,0.5,0.5,,,,,
002594.SZ,20210805,301.0,306.25,294.87,299.46,308.09,-8.63,-2.8011,368822.91,11063466.319,0.5,0.5,,,,,
002594.SZ,20210806,313.0,317.3,298.5,303.48,299.31,4.17,1.3932,453626.27,13945125.845,0.5,0.5,,,,,
002594.SZ,20210809,295.0,297.4,283.0,293.55,303.48,-9.93,-3.272,341620.79,9914944.523,0.5,0.5,,,,,
002594.SZ,20210810,293.56,302.31,282.0,292.0,293.55,-1.55,-0.528,331035.16,9604456.927,0.5,0.5,,,,,
002594.SZ,20210811,289.0,298.83,286.16,294.99,292.0,2.99,1.024,263993.95,7742097.441,0.5,0.5,,,,,
002594.SZ,20210812,293.0,313.38,289.37,308.98,294.99,13.99,4.7425,382778.98,11687505.016,0.5,0.5,,,,,
002594.SZ,20210813,303.0,312.5,297.99,300.02,308.98,-8.96,-2.8999,246906.46,7475335.873,0.5,0.5,,,,,
002594.SZ,20210816,297.0,297.0,285.0,285.4,300.02,-14.62,-4.873,305067.01,8815872.752,0.5,0.5,,,,,
002594.SZ,20210817,283.45,290.5,278.0,280.31,285.4,-5.09,-1.7835,272058.4,7713091.722,0.5,0.5,,,,,
002594.SZ,20210818,285.41,288.09,278.19,283.66,280.31,3.35,1.1951,221723.02,6281190.851,0.5,0.5,,,,,
002594.SZ,20210819,283.66,298.68,278.57,293.72,283.66,10.06,3.5465,361671.79,10474777.9,0.5,0.5,,,,,
002594.SZ,20210820,289.0,293.6,282.0,285.09,293.72,-8.63,-2.9382,247173.2,7084185.439,0.5,0.5,,,,,
002594.SZ,20210823,281.5,294.44,275.55,289.8,285.09,4.71,1.6521,295826.87,8526532.884,0.5,0.5,,,,,
002594.SZ,20210824,292.79,302.0,290.05,298.25,289.8,8.45,2.9158,274399.06,8152952.115,0.5,0.5,,,,,
002594.SZ,20210825,297.8,299.8,291.0,296.2,298.25,-2.05,-0.6873,179145.38,5272706.497,0.5,0.5,,,,,
002594.SZ,20210826,297.0,298.77,282.5,282.5,296.2,-13.7,-4.6253,263681.59,7570972.707,0.5,0.5,,,,,
002594.SZ,20210827,280.99,296.03,280.0,288.15,282.5,5.65,2.0,262889.3,7628216.261,0.5,0.5,,,,,
002594.SZ,20210830,277.44,288.0,273.96,281.97,288.15,-6.18,-2.1447,419092.34,11735714.83,0.5,0.5,,,,,
002594.SZ,20210831,286.88,286.88,266.55,277.0,281.97,-4.97,-1.7626,329668.34,9041075.46,0.5,0.5,,,,,
002594.SZ,20210901,277.0,277.97,257.6,266.3,277.0,-10.7,-3.8628,287674.22,7678475.358,0.5,0.5,,,,,
002594.SZ,20210902,267.01,271.99,262.7,267.0,266.3,0.7,0.2629,165244.43,4421950.962,0.5,0.5,,,,,
002594.SZ,20210903,267.01,271.0,250.4,254.11,267.0,-12.89,-4.8277,287964.13,7420408.93,0.5,0.5,,,,,
002594.SZ,20210906,259.99,279.0,259.0,277.6,254.11,23.49,9.244,397788.81,10725519.555,0.5,0.5,,,,,
002594.SZ,20210907,277.6,281.11,273.27,275.95,277.6,-1.65,-0.5944,207633.53,5743962.165,0.5,0.5,,,,,
002594.SZ,20210908,277.9,279.28,268.61,269.59,275.95,-6.36,-2.3048,182578.06,4971116.497,0.5,0.5,,,,,
002594.SZ,20210909,272.0,279.58,265.8,271.71,269.59,2.12,0.7864,216256.41,5891876.583,0.5,0.5,,,,,
002594.SZ,20210910,271.71,272.53,262.64,265.61,271.71,-6.1,-2.245,238757.36,6341377.79,0.5,0.5,,,,,
002594.SZ,20210913,268.33,271.98,259.18,261.36,265.61,-4.25,-1.6001,213491.79,5623333.361,0.5,0.5,,,,,
002594.SZ,20210914,261.39,276.0,257.06,269.23,261.36,7.87,3.0112,354690.0,9581432.835,0.5,0.5,,,,,
002594.SZ,20210915,267.89,270.0,260.0,261.15,269.23,-8.08,-3.0012,218809.11,5742276.749,0.5,0.5,,,,,
002594.SZ,20210916,261.15,264.77,250.53,251.0,261.15,-10.15,-3.8867,220809.71,5613770.464,0.5,0.5,,,,,
002594.SZ,20210917,253.0,257.0,250.49,255.12,251.0,4.12,1.6414,139421.07,3544731.219,0.5,0.5,,,,,
002594.SZ,20210922,248.0,251.44,244.03,247.2,255.12,-7.92,-3.1044,163412.86,4037944.329,0.5,0.5,,,,,
002594.SZ,20210923,253.83,257.52,248.88,249.92,247.2,2.72,1.1003,149784.18,3773864.372,0.5,0.5,,,,,
002594.SZ,20210924,250.96,257.5,247.0,251.77,249.92,1.85,0.7402,158267.0,4002973.166,0.5,0.5,,,,,
002594.SZ,20210927,254.0,257.49,246.8,252.5,251.77,0.73,0.2899,179990.94,4548951.212,0.5,0.5,,,,,
002594.SZ,20210928,251.9,253.82,246.29,246.86,252.5,-5.64,-2.2337,162444.38,4060118.403,0.5,0.5,,,,,
002594.SZ,20210929,243.0,244.88,235.0,236.0,246.86,-10.86,-4.3993,245554.81,5859195.956,0.5,0.5,,,,,
002594.SZ,20210930,238.2,249.7,237.2,249.51,236.0,13.51,5.7246,225038.01,5528259.622,0.5,0.5,,,,,
002594.SZ,20211008,257.98,259.98,250.0,253.0,249.51,3.49,1.3987,194103.95,4939109.186,0.5,0.5,,,,,
002594.SZ,20211011,253.1,263.1,248.0,255.75,253.0,2.75,1.087,211972.73,5448306.885,0.5,0.5,,,,,
002594.SZ,20211012,255.0,262.9,253.01,257.01,255.75,1.26,0.4927,211651.34,5464868.602,0.5,0.5,,,,,
002594.SZ,20211013,257.01,273.6,254.33,271.2,257.01,14.19,5.5212,321978.1,8631470.872,0.5,0.5,,,,,
002594.SZ,20211014,271.0,275.99,268.14,272.94,271.2,1.74,0.6416,177799.32,4844827.927,0.5,0.5,,,,,
002594.SZ,20211015,275.0,287.5,271.0,283.33,272.94,10.39,3.8067,287845.05,8089636.933,0.5,0.5,,,,,
002594.SZ,20211018,284.25,288.63,280.04,285.92,283.33,2.59,0.9141,216213.78,6155818.958,0.5,0.5,,,,,
002594.SZ,20211019,288.0,294.91,284.0,284.79,285.92,-1.13,-0.3952,193857.85,5581983.586,0.5,0.5,,,,,
002594.SZ,20211020,286.0,295.0,285.24,290.6,284.79,5.81,2.0401,217045.09,6300647.166,0.5,0.5,,,,,
002594.SZ,20211021,291.0,292.6,284.01,287.01,290.6,-3.59,-1.2354,180625.75,5184267.795,0.5,0.5,,,,,
002594.SZ,20211022,292.2,301.0,289.0,300.0,287.01,12.99,4.526,336548.68,10022899.338,0.5,0.5,,,,,
002594.SZ,20211025,303.11,318.65,302.23,317.35,300.0,17.35,5.7833,335189.76,10469605.348,0.5,0.5,,,,,
002594.SZ,20211026,330.5,333.33,317.76,319.01,317.35,1.66,0.5231,313244.34,10148404.49,0.5,0.5,,,,,
002594.SZ,20211027,313.0,326.73,311.28,321.74,319.01,2.73,0.8558,219067.77,7024365.486,0.5,0.5,,,,,
002594.SZ,20211028,319.61,323.8,305.4,307.98,321.74,-13.76,-4.2767,298267.14,9334453.596,0.5,0.5,,,,,
002594.SZ,20211029,305.13,313.76,293.77,311.31,307.98,3.33,1.0812,347159.58,10585996.588,0.5,0.5,,,,,
002594.SZ,20211101,301.41,308.41,293.82,302.0,311.31,-9.31,-2.9906,284785.87,8570609.748,0.5,0.5,,,,,
002594.SZ,20211102,310.0,319.8,307.64,313.88,302.0,11.88,3.9338,290087.4,9102548.555,0.5,0.5,,,,,
002594.SZ,20211103,313.13,313.85,299.86,303.01,313.88,-10.87,-3.4631,197248.14,6017080.222,0.5,0.5,,,,,
002594.SZ,20211104,311.13,329.0,309.03,325.0,303.01,21.99,7.2572,349964.34,11223980.65,0.5,0.5,,,,,
002594.SZ,20211105,324.0,327.0,313.01,314.0,325.0,-11.0,-3.3846,194183.26,6178126.193,0.5,0.5,,,,,
002594.SZ,20211108,308.09,319.61,307.0,315.0,314.0,1.0,0.3185,169849.47,5344230.944,0.5,0.5,,,,,
002594.SZ,20211109,315.05,329.97,315.05,320.69,315.0,5.69,1.8063,203305.04,6580787.588,0.5,0.5,,,,,
002594.SZ,20211110,314.0,315.6,301.58,310.26,320.69,-10.43,-3.2524,274878.5,8480095.668,0.5,0.5,,,,,
002594.SZ,20211111,313.0,316.99,308.05,311.99,310.26,1.73,0.5576,138851.5,4327235.823,0.5,0.5,,,,,
002594.SZ,20211112,315.8,316.74,305.5,306.78,311.99,-5.21,-1.6699,148883.82,4590558.597,0.5,0.5,,,,,
002594.SZ,20211115,306.78,306.78,290.44,294.94,306.78,-11.84,-3.8594,225372.24,6667949.87,0.5,0.5,,,,,
002594.SZ,20211116,294.0,297.69,288.0,293.51,294.94,-1.43,-0.4848,151808.48,4462067.584,0.5,0.5,,,,,
002594.SZ,20211117,300.0,303.24,294.0,296.85,293.51,3.34,1.138,163377.75,4875749.071,0.5,0.5,,,,,
002594.SZ,20211118,294.8,298.88,290.0,295.4,296.85,-1.45,-0.4885,129097.22,3802420.935,0.5,0.5,,,,,
002594.SZ,20211119,295.72,300.0,288.0,296.82,295.4,1.42,0.4807,175158.64,5144668.932,0.5,0.5,,,,,
002594.SZ,20211122,298.4,311.51,298.2,311.0,296.82,14.18,4.7773,287020.45,8785850.014,0.5,0.5,,,,,
002594.SZ,20211123,307.88,309.73,303.98,308.48,311.0,-2.52,-0.8103,150362.57,4609989.313,0.5,0.5,,,,,
002594.SZ,20211124,305.43,309.6,301.0,303.2,308.48,-5.28,-1.7116,141938.17,4319711.029,0.5,0.5,,,,,
002594.SZ,20211125,303.2,304.49,291.3,298.0,303.2,-5.2,-1.715,170971.44,5070667.609,0.5,0.5,,,,,
002594.SZ,20211126,295.0,304.77,294.05,297.66,298.0,-0.34,-0.1141,122493.93,3671367.398,0.5,0.5,,,,,
002594.SZ,20211129,291.8,307.07,289.93,304.46,297.66,6.8,2.2845,200156.75,6053231.132,0.5,0.5,,,,,
002594.SZ,20211130,307.0,308.0,303.0,304.7,304.46,0.24,0.0788,131788.26,4023809.746,0.5,0.5,,,,,
002594.SZ,20211201,305.2,307.5,300.38,305.32,304.7,0.62,0.2035,108278.64,3295906.128,0.5,0.5,,,,,
002594.SZ,20211202,305.0,314.06,303.1,308.8,305.32,3.48,1.1398,180072.11,5567674.844,0.5,0.5,,,,,
002594.SZ,20211203,306.99,309.8,298.86,306.9,308.8,-1.9,-0.6153,210327.15,6367075.408,0.5,0.5,,,,,
002594.SZ,20211206,301.0,311.51,300.86,301.75,306.9,-5.15,-1.6781,178800.86,5465317.712,0.5,0.5,,,,,
002594.SZ,20211207,306.01,306.35,291.08,294.8,301.75,-6.95,-2.3032,227678.6,6727286.964,0.5,0.5,,,,,
002594.SZ,20211208,296.01,301.0,294.5,300.79,294.8,5.99,2.0319,154381.76,4606774.78,0.5,0.5,,,,,
002594.SZ,20211209,300.0,300.63,297.03,299.5,300.79,-1.29,-0.4289,112957.11,3375316.207,0.5,0.5,,,,,
002594.SZ,20211210,295.99,302.03,292.8,301.42,299.5,1.92,0.6411,144872.73,4325991.091,0.5,0.5,,,,,
002594.SZ,20211213,302.99,303.0,298.0,298.4,301.42,-3.02,-1.0019,142941.24,4278869.484,0.5,0.5,,,,,
002594.SZ,20211214,295.5,297.07,291.69,293.4,298.4,-5.0,-1.6756,157111.28,4609509.733,0.5,0.5,,,,,
002594.SZ,20211215,293.41,295.5,291.71,293.35,293.4,-0.05,-0.017,98150.36,2877855.925,0.5,0.5,,,,,
002594.SZ,20211216,293.0,293.49,279.0,286.2,293.35,-7.15,-2.4374,278665.16,7928142.188,0.5,0.5,,,,,
002594.SZ,20211217,284.0,285.88,278.61,278.98,286.2,-7.22,-2.5227,151118.15,4240478.259,0.5,0.5,,,,,
002594.SZ,20211220,279.23,281.47,268.28,270.5,278.98,-8.48,-3.0396,217845.03,5964658.201,0.5,0.5,,,,,
002594.SZ,20211221,270.5,276.78,269.41,276.21,270.5,5.71,2.1109,149653.05,4098708.738,0.5,0.5,,,,,
002594.SZ,20211222,280.01,285.18,277.01,279.22,276.21,3.01,1.0898,144442.3,4061024.216,0.5,0.5,,,,,
002594.SZ,20211223,282.03,284.9,277.16,279.99,279.22,0.77,0.2758,123021.34,3451820.145,0.5,0.5,,,,,
002594.SZ,20211224,281.98,282.0,264.96,270.0,279.99,-9.99,-3.568,209968.81,5675961.283,0.5,0.5,,,,,
002594.SZ,20211227,269.0,271.54,266.0,267.03,270.0,-2.97,-1.1,107189.95,2874395.592,0.5,0.5,,,,,
002594.SZ,20211228,268.15,271.0,266.21,270.85,267.03,3.82,1.4306,118542.84,3183320.996,0.5,0.5,,,,,
002594.SZ,20211229,272.15,272.22,263.0,269.0,270.85,-1.85,-0.683,141603.04,3783958.091,0.5,0.5,,,,,
002594.SZ,20211230,268.0,272.98,266.0,267.13,269.0,-1.87,-0.6952,117326.73,3158736.176,0.5,0.5,,,,,
002594.SZ,20211231,273.0,274.19,267.0,268.12,267.13,0.99,0.3706,116291.97,3136714.687,0.5,0.5,,,,,
002594.SZ,20220104,276.0,279.45,265.22,271.0,268.12,2.88,1.0741,244660.89,6673692.547,0.5,0.5,,,,,
002594.SZ,20220105,264.55,266.48,251.72,253.26,271.0,-17.74,-6.5461,301708.91,7725244.308,0.5,0.5,,,,,
002594.SZ,20220106,250.0,254.53,247.89,250.02,253.26,-3.24,-1.2793,175907.84,4396413.606,0.5,0.5,,,,,
002594.SZ,20220107,251.8,252.96,245.0,246.5,250.02,-3.52,-1.4079,161933.55,4009535.493,0.5,0.5,,,,,
002594.SZ,20220110,245.0,249.47,239.03,246.3,246.5,-0.2,-0.0811,162141.82,3964485.468,0.5,0.5,,,,,
002594.SZ,20220111,246.28,246.28,237.8,239.09,246.3,-7.21,-2.9273,212441.47,5100240.704,0.5,0.5,,,,,
002594.SZ,20220112,246.0,256.0,244.31,256.0,239.09,16.91,7.0727,323602.24,8103336.076,0.5,0.5,,,,,
002594.SZ,20220113,257.74,258.56,248.61,255.31,256.0,-0.69,-0.2695,217103.9,5516666.113,0.5,0.5,,,,,
002594.SZ,20220114,250.8,257.3,250.0,253.14,255.31,-2.17,-0.8499,149548.15,3798549.606,0.5,0.5,,,,,
002594.SZ,20220117,253.02,267.49,253.02,266.49,253.14,13.35,5.2738,241144.66,6349270.849,0.5,0.5,,,,,
002594.SZ,20220118,266.41,268.96,262.3,266.08,266.49,-0.41,-0.1539,125054.43,3325099.879,0.5,0.5,,,,,
002594.SZ,20220119,265.95,267.88,250.31,252.97,266.08,-13.11,-4.9271,231881.8,5960665.206,0.5,0.5,,,,,
002594.SZ,20220120,252.1,253.71,247.0,251.07,252.97,-1.9,-0.7511,149986.47,3759819.343,0.5,0.5,,,,,
002594.SZ,20220121,251.08,255.74,246.33,250.4,251.07,-0.67,-0.2669,112394.32,2822719.636,0.5,0.5,,,,,
002594.SZ,20220124,246.08,252.88,244.27,251.4,250.4,1.0,0.3994,108376.86,2706367.141,0.5,0.5,,,,,
002594.SZ,20220125,248.0,251.0,240.0,240.31,251.4,-11.09,-4.4113,172772.23,4222848.972,0.5,0.5,,,,,
002594.SZ,20220126,245.0,251.38,242.31,249.49,240.31,9.18,3.8201,174445.84,4321964.224,0.5,0.5,,,,,
002594.SZ,20220127,247.0,249.3,241.0,241.27,249.49,-8.22,-3.2947,132649.63,3242987.819,0.5,0.5,,,,,
002594.SZ,20220128,239.98,242.0,219.76,226.8,241.27,-14.47,-5.9974,324373.11,7392709.579,0.5,0.5,,,,,
002594.SZ,20220207,240.79,249.28,238.01,244.4,226.8,17.6,7.7601,251124.53,6117950.238,0.5,0.5,,,,,
002594.SZ,20220208,243.0,243.0,230.64,236.97,244.4,-7.43,-3.0401,199039.53,4669048.973,0.5,0.5,,,,,
002594.SZ,20220209,239.05,246.4,235.03,245.18,236.97,8.21,3.4646,199928.64,4854528.826,0.5,0.5,,,,,
002594.SZ,20220210,246.77,248.0,238.1,240.12,245.18,-5.06,-2.0638,146284.6,3521519.984,0.5,0.5,,,,,
002594.SZ,20220211,236.05,240.12,228.5,230.19,240.12,-9.93,-4.1354,199439.26,4646313.004,0.5,0.5,,,,,
002594.SZ,20220214,230.2,235.0,225.0,231.98,230.19,1.79,0.7776,133199.49,3079221.402,0.5,0.5,,,,,
002594.SZ,20220215,232.18,239.96,232.18,238.31,231.98,6.33,2.7287,158524.28,3757722.229,0.5,0.5,,,,,
002594.SZ,20220216,242.0,244.99,240.39,240.6,238.31,2.29,0.9609,128724.91,3117890.74,0.5,0.5,,,,,
002594.SZ,20220217,242.24,248.74,239.0,245.41,240.6,4.81,1.9992,191063.86,4670631.745,0.5,0.5,,,,,
002594.SZ,20220218,241.0,245.39,240.0,242.96,245.41,-2.45,-0.9983,99104.66,2407158.413,0.5,0.5,,,,,
002594.SZ,20220221,241.0,245.8,239.64,241.89,242.96,-1.07,-0.4404,109538.04,2657589.017,0.5,0.5,,,,,
002594.SZ,20220222,239.0,239.0,234.3,237.45,241.89,-4.44,-1.8355,125452.11,2966441.429,0.5,0.5,,,,,
002594.SZ,20220223,241.9,252.52,239.01,252.0,237.45,14.55,6.1276,291148.9,7232161.935,0.5,0.5,,,,,
002594.SZ,20220224,248.11,251.78,241.58,244.86,252.0,-7.14,-2.8333,238219.88,5865805.706,0.5,0.5,,,,,
002594.SZ,20220225,249.9,252.38,247.83,247.84,244.86,2.98,1.217,146013.53,3646918.799,0.5,0.5,,,,,
002594.SZ,20220228,246.9,250.19,246.0,249.6,247.84,1.76,0.7101,118290.9,2936223.651,0.5,0.5,,,,,
002594.SZ,20220301,255.0,256.61,249.25,251.78,249.6,2.18,0.8734,176519.58,4476714.982,0.5,0.5,,,,,
002594.SZ,20220302,249.0,249.36,243.96,248.6,251.78,-3.18,-1.263,121242.47,2998567.642,0.5,0.5,,,,,
002594.SZ,20220303,249.52,250.86,244.0,245.21,248.6,-3.39,-1.3636,99633.4,2449485.385,0.5,0.5,,,,,
002594.SZ,20220304,237.31,241.86,230.0,233.8,245.21,-11.41,-4.6532,291706.34,6857430.687,0.5,0.5,,,,,
002594.SZ,20220307,226.89,227.69,220.02,223.61,233.8,-10.19,-4.3584,236129.2,5286036.163,0.5,0.5,,,,,
002594.SZ,20220308,221.08,225.49,210.0,216.19,223.61,-7.42,-3.3183,291499.34,6317187.685,0.5,0.5,,,,,
002594.SZ,20220309,217.0,223.6,210.0,223.59,216.19,7.4,3.4229,251135.22,5484773.703,0.5,0.5,,,,,
002594.SZ,20220310,232.91,233.43,229.0,229.1,223.59,5.51,2.4643,248342.83,5744789.049,0.5,0.5,,,,,
002594.SZ,20220311,222.0,231.79,220.02,229.85,229.1,0.75,0.3274,186116.04,4186645.901,0.5,0.5,,,,,
002594.SZ,20220314,225.0,225.0,219.0,219.0,229.85,-10.85,-4.7205,150840.61,3336922.826,0.5,0.5,,,,,
002594.SZ,20220315,211.13,222.0,209.43,212.8,219.0,-6.2,-2.8311,198203.62,4269341.883,0.5,0.5,,,,,
002594.SZ,20220316,221.0,230.0,214.2,229.43,212.8,16.63,7.8148,333766.27,7432043.601,0.5,0.5,,,,,
002594.SZ,20220317,240.38,240.88,234.66,234.9,229.43,5.47,2.3842,315844.3,7518685.379,0.5,0.5,,,,,
002594.SZ,20220318,234.9,238.87,232.05,234.5,234.9,-0.4,-0.1703,150548.56,3530653.259,0.5,0.5,,,,,
002594.SZ,20220321,240.0,248.87,238.17,245.38,234.5,10.88,4.6397,279177.68,6829415.269,0.5,0.5,,,,,
002594.SZ,20220322,245.0,247.4,242.02,244.8,245.38,-0.58,-0.2364,115079.07,2815900.951,0.5,0.5,,,,,
002594.SZ,20220323,250.0,251.0,246.27,247.17,244.8,2.37,0.9681,148500.96,3696654.258,0.5,0.5,,,,,
002594.SZ,20220324,243.7,250.0,242.4,247.08,247.17,-0.09,-0.0364,113681.27,2794432.827,0.5,0.5,,,,,
002594.SZ,20220325,247.1,248.96,234.01,235.31,247.08,-11.77,-4.7636,208023.73,4984988.435,0.5,0.5,,,,,
002594.SZ,20220328,234.9,234.9,228.88,230.4,235.31,-4.91,-2.0866,143103.54,3306510.715,0.5,0.5,,,,,
002594.SZ,20220329,232.92,236.5,228.8,231.0,230.4,0.6,0.2604,138587.31,3224438.27,0.5,0.5,,,,,
002594.SZ,20220330,227.0,237.02,222.22,237.02,231.0,6.02,2.6061,251259.96,5807876.452,0.5,0.5,,,,,
002594.SZ,20220331,234.21,235.0,226.89,229.8,237.02,-7.22,-3.0462,161731.43,3721363.312,0.5,0.5,,,,,
002594.SZ,20220401,226.79,239.56,226.6,235.96,229.8,6.16,2.6806,182948.05,4301758.39,0.5,0.5,,,,,
002594.SZ,20220406,245.0,246.0,239.61,241.9,235.96,5.94,2.5174,205293.3,4976485.481,0.5,0.5,,,,,
002594.SZ,20220407,240.0,245.3,239.01,240.0,241.9,-1.9,-0.7854,122699.53,2964659.964,0.5,0.5,,,,,
002594.SZ,20220408,240.01,246.5,239.1,243.98,240.0,3.98,1.6583,171718.97,4185742.781,0.5,0.5,,,,,
002594.SZ,20220411,240.0,241.48,229.5,233.0,243.98,-10.98,-4.5004,193070.07,4519392.606,0.5,0.5,,,,,
002594.SZ,20220412,232.0,238.56,231.2,238.16,233.0,5.16,2.2146,128888.67,3034073.575,0.5,0.5,,,,,
002594.SZ,20220413,235.02,241.95,233.01,237.0,238.16,-1.16,-0.4871,109672.51,2614119.776,0.5,0.5,,,,,
002594.SZ,20220414,242.0,244.99,240.87,241.29,237.0,4.29,1.8101,131637.5,3198011.078,0.5,0.5,,,,,
002594.SZ,20220415,238.5,240.0,232.75,236.2,241.29,-5.09,-2.1095,129239.31,3049510.858,0.5,0.5,,,,,
002594.SZ,20220418,234.79,241.0,230.0,239.1,236.2,2.9,1.2278,110592.38,2613800.696,0.5,0.5,,,,,
002594.SZ,20220419,243.16,250.9,243.13,244.86,239.1,5.76,2.409,207781.54,5140377.761,0.5,0.5,,,,,
002594.SZ,20220420,247.66,248.33,240.86,241.78,244.86,-3.08,-1.2579,130780.93,3187144.24,0.5,0.5,,,,,
002594.SZ,20220421,237.77,240.77,232.1,234.04,241.78,-7.74,-3.2013,154048.76,3625535.264,0.5,0.5,,,,,
002594.SZ,20220422,230.01,235.66,229.06,235.4,234.04,1.36,0.5811,108162.19,2522975.078,0.5,0.5,,,,,
002594.SZ,20220425,230.0,236.44,226.62,227.5,235.4,-7.9,-3.356,161889.17,3741670.659,0.5,0.5,,,,,
002594.SZ,20220426,228.99,235.85,228.43,231.81,227.5,4.31,1.8945,158176.2,3670084.739,0.5,0.5,,,,,
002594.SZ,20220427,226.61,235.81,218.81,235.01,231.81,3.2,1.3804,254341.67,5794106.499,0.5,0.5,,,,,
002594.SZ,20220428,234.6,235.5,230.0,231.98,235.01,-3.03,-1.2893,146372.13,3405250.082,0.5,0.5,,,,,
002594.SZ,20220429,233.8,243.83,230.75,243.0,231.98,11.02,4.7504,248163.1,5912448.351,0.5,0.5,,,,,
002594.SZ,20220505,246.2,252.39,241.77,248.8,243.0,5.8,2.3868,253258.79,6282897.504,0.5,0.5,,,,,
002594.SZ,20220506,241.02,246.0,240.1,242.08,248.8,-6.72,-2.701,145488.66,3530097.27,0.5,0.5,,,,,
002594.SZ,20220509,231.0,236.89,231.0,232.73,242.08,-9.35,-3.8624,175116.35,4086613.976,0.5,0.5,,,,,
002594.SZ,20220510,224.1,233.66,222.28,233.33,232.73,0.6,0.2578,209696.64,4792958.516,0.5,0.5,,,,,
002594.SZ,20220511,232.0,256.66,231.5,252.7,233.33,19.37,8.3015,459525.71,11482476.078,0.5,0.5,,,,,
002594.SZ,20220512,249.99,257.7,248.71,254.09,252.7,1.39,0.5501,241156.06,6107994.847,0.5,0.5,,,,,
002594.SZ,20220513,259.8,271.5,255.91,270.08,254.09,15.99,6.293,367120.61,9733352.389,0.5,0.5,,,,,
002594.SZ,20220516,271.11,273.0,265.3,267.12,270.08,-2.96,-1.096,202368.8,5441551.55,0.5,0.5,,,,,
002594.SZ,20220517,268.98,285.0,268.5,282.5,267.12,15.38,5.7577,293489.03,8193618.911,0.5,0.5,,,,,
002594.SZ,20220518,282.5,288.0,279.0,281.42,282.5,-1.08,-0.3823,205302.7,5812000.946,0.5,0.5,,,,,
002594.SZ,20220519,275.31,285.35,274.3,284.51,281.42,3.09,1.098,173636.51,4879756.543,0.5,0.5,,,,,
002594.SZ,20220520,287.01,291.61,281.2,287.7,284.51,3.19,1.1212,178683.36,5125699.547,0.5,0.5,,,,,
002594.SZ,20220523,292.7,298.0,287.81,295.2,287.7,7.5,2.6069,255588.16,7496178.213,0.5,0.5,,,,,
002594.SZ,20220524,290.0,292.96,281.0,281.0,295.2,-14.2,-4.8103,290496.53,8303003.901,0.5,0.5,,,,,
002594.SZ,20220525,281.26,288.65,278.03,287.2,281.0,6.2,2.2064,230857.73,6563211.987,0.5,0.5,,,,,
002594.SZ,20220526,287.37,291.22,282.5,286.64,287.2,-0.56,-0.195,143094.99,4106312.149,0.5,0.5,,,,,
002594.SZ,20220527,292.95,297.61,286.65,288.88,286.64,2.24,0.7815,153186.85,4467796.259,0.5,0.5,,,,,
002594.SZ,20220530,292.0,299.7,291.08,298.12,288.88,9.24,3.1986,218523.5,6485731.977,0.5,0.5,,,,,
002594.SZ,20220531,300.0,300.96,293.51,295.91,298.12,-2.21,-0.7413,177011.19,5242211.08,0.5,0.5,,,,,
002594.SZ,20220601,298.0,304.8,293.12,299.98,295.91,4.07,1.3754,216911.75,6501902.117,0.5,0.5,,,,,
002594.SZ,20220602,296.0,305.0,295.22,301.02,299.98,1.04,0.3467,177727.77,5355773.611,0.5,0.5,,,,,
002594.SZ,20220606,304.0,320.47,302.55,318.23,301.02,17.21,5.7172,294757.29,9260502.507,0.5,0.5,,,,,
002594.SZ,20220607,318.0,319.87,311.11,314.89,318.23,-3.34,-1.0496,200220.89,6296538.086,0.5,0.5,,,,,
002594.SZ,20220608,318.6,328.06,313.01,327.41,314.89,12.52,3.976,290513.4,9321932.807,0.5,0.5,,,,,
002594.SZ,20220609,334.03,334.8,321.0,322.41,327.41,-5.0,-1.5271,307541.72,10050640.39,0.5,0.5,,,,,
002594.SZ,20220610,321.5,350.0,321.06,348.8,322.41,26.39,8.1852,438249.0,14790622.515,0.5,0.5,,,,,
002594.SZ,20220613,346.0,358.86,340.6,348.8,348.8,0.0,0.0,360681.32,12573534.324,0.5,0.5,,,,,
002594.SZ,20220614,342.0,344.79,327.23,343.59,348.8,-5.21,-1.4937,404789.34,13634616.448,0.5,0.5,,,,,
002594.SZ,20220615,343.97,346.23,332.52,335.0,343.59,-8.59,-2.5001,303947.87,10285857.695,0.5,0.5,,,,,
002594.SZ,20220616,335.5,342.7,333.41,336.0,335.0,1.0,0.2985,190172.45,6410739.474,0.5,0.5,,,,,
002594.SZ,20220617,330.1,341.2,327.07,338.0,336.0,2.0,0.5952,262147.59,8830738.834,0.5,0.5,,,,,
002594.SZ,20220620,338.08,348.66,335.02,342.18,338.0,4.18,1.2367,245415.57,8405361.56,0.5,0.5,,,,,
002594.SZ,20220621,339.76,341.8,332.2,341.0,342.18,-1.18,-0.3448,197827.39,6666969.509,0.5,0.5,,,,,
002594.SZ,20220622,342.42,347.63,338.0,339.88,341.0,-1.12,-0.3284,186787.83,6412052.153,0.5,0.5,,,,,
002594.SZ,20220623,344.7,354.05,338.0,353.5,339.88,13.62,4.0073,323142.26,11251775.974,0.5,0.5,,,,,
002594.SZ,20220624,352.99,356.28,346.01,351.05,353.5,-2.45,-0.6931,235983.55,8273168.197,0.5,0.5,,,,,
002594.SZ,20220627,352.07,357.0,348.33,349.69,351.05,-1.36,-0.3874,217155.24,7630684.845,0.5,0.5,,,,,
002594.SZ,20220628,347.0,358.8,342.71,352.9,349.69,3.21,0.918,269634.71,9447959.128,0.5,0.5,,,,,
002594.SZ,20220629,349.99,350.0,331.49,331.61,352.9,-21.29,-6.0329,361146.02,12246017.195,0.5,0.5,,,,,
002594.SZ,20220630,331.0,339.35,330.0,333.49,331.61,1.88,0.5669,220144.78,7372602.921,0.5,0.5,,,,,
002594.SZ,20220701,332.18,333.0,320.1,329.2,333.49,-4.29,-1.2864,234112.63,7658689.348,0.5,0.5,,,,,
002594.SZ,20220704,332.0,338.21,330.2,336.16,329.2,6.96,2.1142,209512.06,7020823.754,0.5,0.5,,,,,
002594.SZ,20220705,337.0,340.6,329.59,333.89,336.16,-2.27,-0.6753,173757.03,5819208.075,0.5,0.5,,,,,
002594.SZ,20220706,333.8,340.6,331.99,336.1,333.89,2.21,0.6619,183434.2,6179119.713,0.5,0.5,,,,,
002594.SZ,20220707,337.7,351.95,333.37,349.38,336.1,13.28,3.9512,304648.74,10511816.689,0.5,0.5,,,,,
002594.SZ,20220708,349.38,351.88,338.0,338.0,349.38,-11.38,-3.2572,190477.57,6547699.048,0.5,0.5,,,,,
002594.SZ,20220711,335.88,335.88,318.88,324.3,338.0,-13.7,-4.0533,254317.44,8284856.773,0.5,0.5,,,,,
002594.SZ,20220712,320.0,321.0,300.08,309.0,324.3,-15.3,-4.7179,450514.69,13935271.931,0.5,0.5,,,,,
002594.SZ,20220713,309.0,313.84,296.77,309.88,309.0,0.88,0.2848,341066.95,10439432.846,0.5,0.5,,,,,
002594.SZ,20220714,308.91,323.0,307.0,323.0,309.88,13.12,4.2339,272489.36,8631732.044,0.5,0.5,,,,,
002594.SZ,20220715,335.0,349.89,333.0,338.19,323.0,15.19,4.7028,444507.84,15284697.866,0.5,0.5,,,,,
002594.SZ,20220718,345.0,346.0,328.0,337.1,338.19,-1.09,-0.3223,238911.56,8007559.907,0.5,0.5,,,,,
002594.SZ,20220719,337.1,337.1,327.62,331.1,337.1,-6.0,-1.7799,158180.25,5239778.187,0.5,0.5,,,,,
002594.SZ,20220720,332.98,333.86,329.08,331.7,331.1,0.6,0.1812,103263.48,3425066.981,0.5,0.5,,,,,
002594.SZ,20220721,329.0,331.0,322.94,324.5,331.7,-7.2,-2.1706,132003.28,4303073.903,0.5,0.5,,,,,
002594.SZ,20220722,326.01,334.66,326.0,329.62,324.5,5.12,1.5778,141773.74,4687025.063,0.5,0.5,,,,,
002594.SZ,20220725,326.0,327.0,320.0,322.95,329.62,-6.67,-2.0235,115017.1,3705167.359,0.5,0.5,,,,,
002594.SZ,20220726,322.48,327.68,320.0,325.0,322.95,2.05,0.6348,107656.16,3493834.391,0.5,0.5,,,,,
002594.SZ,20220727,324.0,329.8,321.01,325.8,325.0,0.8,0.2462,91055.72,2961812.249,0.5,0.5,,,,,
002594.SZ,20220728,329.02,331.45,324.0,325.43,325.8,-0.37,-0.1136,109065.17,3572559.082,0.5,0.5,,,,,
002594.SZ,20220729,323.0,327.8,317.96,320.36,325.33,-4.97,-1.5277,114853.64,3695131.506,0.5,0.5,,,,,
002594.SZ,20220801,317.98,332.08,316.32,330.54,320.36,10.18,3.1777,187583.76,6141512.246,0.5,0.5,,,,,
002594.SZ,20220802,324.9,330.48,321.3,326.6,330.54,-3.94,-1.192,156642.66,5110091.378,0.5,0.5,,,,,
002594.SZ,20220803,326.7,334.85,318.89,321.99,326.6,-4.61,-1.4115,188723.11,6197191.078,0.5,0.5,,,,,
002594.SZ,20220804,328.0,331.47,322.1,326.8,321.99,4.81,1.4938,186636.77,6098858.889,0.5,0.5,,,,,
002594.SZ,20220805,330.0,331.89,318.28,324.49,326.8,-2.31,-0.7069,157563.85,5115620.394,0.5,0.5,,,,,
002594.SZ,20220808,322.11,324.9,319.0,321.35,324.49,-3.14,-0.9677,129487.86,4158491.944,0.5,0.5,,,,,
002594.SZ,20220809,321.18,323.8,318.15,319.72,321.35,-1.63,-0.5072,116106.61,3719885.52,0.5,0.5,,,,,
002594.SZ,20220810,319.7,319.7,305.0,308.35,319.72,-11.37,-3.5562,258499.01,7998810.821,0.5,0.5,,,,,
002594.SZ,20220811,311.43,315.89,305.6,315.02,308.35,6.67,2.1631,165444.81,5159742.999,0.5,0.5,,,,,
002594.SZ,20220812,315.02,316.28,310.0,311.93,315.02,-3.09,-0.9809,101337.63,3165436.406,0.5,0.5,,,,,
002594.SZ,20220815,312.2,319.23,311.22,315.21,311.93,3.28,1.0515,135119.26,4265356.112,0.5,0.5,,,,,
002594.SZ,20220816,315.8,321.89,315.5,318.92,315.21,3.71,1.177,157243.31,5029761.317,0.5,0.5,,,,,
002594.SZ,20220817,319.99,329.6,316.72,327.93,318.92,9.01,2.8252,210871.13,6808620.194,0.5,0.5,,,,,
002594.SZ,20220818,327.0,330.0,323.84,326.04,327.93,-1.89,-0.5763,142790.44,4659424.799,0.5,0.5,,,,,
002594.SZ,20220819,325.03,327.44,317.0,319.39,326.04,-6.65,-2.0396,124289.23,3993178.34,0.5,0.5,,,,,
002594.SZ,20220822,316.0,326.09,312.22,323.09,319.39,3.7,1.1585,147667.65,4747212.897,0.5,0.5,,,,,
002594.SZ,20220823,324.0,325.55,318.98,321.61,323.09,-1.48,-0.4581,92999.75,2989844.195,0.5,0.5,,,,,
002594.SZ,20220824,321.68,322.96,309.3,309.5,321.61,-12.11,-3.7654,186782.83,5854016.197,0.5,0.5,,,,,
002594.SZ,20220825,309.56,311.08,302.66,309.58,309.5,0.08,0.0258,140220.73,4308297.637,0.5,0.5,,,,,
002594.SZ,20220826,312.99,317.93,310.0,315.73,309.58,6.15,1.9866,122126.55,3849213.721,0.5,0.5,,,,,
002594.SZ,20220829,313.67,316.87,311.49,313.55,315.73,-2.18,-0.6905,85911.66,2696123.151,0.5,0.5,,,,,
002594.SZ,20220830,315.5,318.5,310.0,310.85,313.55,-2.7,-0.8611,110247.37,3454778.56,0.5,0.5,,,,,
002594.SZ,20220831,291.0,296.6,284.0,287.98,310.85,-22.87,-7.3572,408059.74,11841919.126,0.5,0.5,,,,,
002594.SZ,20220901,285.0,294.6,284.03,286.7,287.98,-1.28,-0.4445,192582.33,5566420.145,0.5,0.5,,,,,
002594.SZ,20220902,288.7,289.6,278.1,282.0,286.7,-4.7,-1.6393,161661.92,4561284.362,0.5,0.5,,,,,
002594.SZ,20220905,269.0,270.88,261.1,268.76,282.0,-13.24,-4.695,351208.27,9364600.412,0.5,0.5,,,,,
002594.SZ,20220906,268.77,274.45,267.21,272.94,268.76,4.18,1.5553,189902.84,5154529.158,0.5,0.5,,,,,
002594.SZ,20220907,272.0,285.05,270.6,282.7,272.94,9.76,3.5759,190873.17,5345727.757,0.5,0.5,,,,,
002594.SZ,20220908,283.0,284.99,277.0,278.26,282.7,-4.44,-1.5706,116429.11,3267426.059,0.5,0.5,,,,,
002594.SZ,20220909,280.99,281.49,276.99,279.7,278.26,1.44,0.5175,76098.26,2125233.636,0.5,0.5,,,,,
002594.SZ,20220913,282.0,286.69,279.37,284.8,279.7,5.1,1.8234,111524.11,3162351.107,0.5,0.5,,,,,
002594.SZ,20220914,282.0,283.8,276.26,278.33,284.8,-6.47,-2.2718,105151.06,2935617.133,0.5,0.5,,,,,
002594.SZ,20220915,280.0,280.5,266.91,269.5,278.33,-8.83,-3.1725,152395.23,4126260.385,0.5,0.5,,,,,
002594.SZ,20220916,268.0,271.45,264.36,265.98,269.5,-3.52,-1.3061,104476.36,2797971.959,0.5,0.5,,,,,
002594.SZ,20220919,268.0,273.9,266.68,270.35,265.98,4.37,1.643,110949.99,3006108.121,0.5,0.5,,,,,
002594.SZ,20220920,273.8,277.49,272.01,274.21,270.35,3.86,1.4278,111245.02,3058894.059,0.5,0.5,,,,,
002594.SZ,20220921,271.8,272.61,267.0,270.0,274.21,-4.21,-1.5353,83753.63,2258898.398,0.5,0.5,,,,,
002594.SZ,20220922,267.49,269.38,261.3,268.55,270.0,-1.45,-0.537,92799.5,2468839.436,0.5,0.5,,,,,
002594.SZ,20220923,267.09,269.77,264.28,266.4,268.55,-2.15,-0.8006,79644.12,2125444.095,0.5,0.5,,,,,
002594.SZ,20220926,266.4,276.0,263.58,272.95,266.4,6.55,2.4587,143606.4,3911414.127,0.5,0.5,,,,,
002594.SZ,20220927,272.96,274.83,270.06,273.96,272.95,1.01,0.37,83095.93,2262822.665,0.5,0.5,,,,,
002594.SZ,20220928,273.0,273.0,265.5,265.62,273.96,-8.34,-3.0442,85620.18,2293531.516,0.5,0.5,,,,,
002594.SZ,20220929,270.0,271.8,264.0,264.57,265.62,-1.05,-0.3953,88356.68,2355802.796,0.5,0.5,,,,,
002594.SZ,20220930,263.0,263.55,249.0,252.01,264.57,-12.56,-4.7473,214035.88,5421385.039,0.5,0.5,,,,,
002594.SZ,20221010,252.27,256.4,249.44,251.2,252.01,-0.81,-0.3214,117478.5,2967008.054,0.5,0.5,,,,,
002594.SZ,20221011,252.0,257.38,249.33,255.01,251.2,3.81,1.5167,132820.39,3370369.988,0.5,0.5,,,,,
002594.SZ,20221012,254.0,263.25,249.95,262.34,255.01,7.33,2.8744,144871.43,3708582.158,0.5,0.5,,,,,
002594.SZ,20221013,260.0,263.0,258.08,258.18,262.34,-4.16,-1.5857,96186.6,2497932.932,0.5,0.5,,,,,
002594.SZ,20221014,262.08,269.1,259.95,264.54,258.18,6.36,2.4634,145694.51,3854443.049,0.5,0.5,,,,,
002594.SZ,20221017,263.0,263.0,256.69,260.66,264.54,-3.88,-1.4667,109678.36,2842978.645,0.5,0.5,,,,,
002594.SZ,20221018,279.0,279.0,272.5,273.67,260.66,13.01,4.9912,244141.79,6717206.761,0.5,0.5,,,,,
002594.SZ,20221019,273.67,276.44,266.88,267.5,273.67,-6.17,-2.2545,134004.03,3642369.174,0.5,0.5,,,,,
002594.SZ,20221020,264.0,265.58,257.4,263.51,267.5,-3.99,-1.4916,128416.78,3355270.263,0.5,0.5,,,,,
002594.SZ,20221021,263.52,270.88,262.01,266.3,263.51,2.79,1.0588,104785.54,2794657.482,0.5,0.5,,,,,
002594.SZ,20221024,264.9,266.31,253.57,255.57,266.3,-10.73,-4.0293,167412.56,4324097.663,0.5,0.5,,,,,
002594.SZ,20221025,253.0,260.59,250.03,257.91,255.57,2.34,0.9156,113242.67,2897739.554,0.5,0.5,,,,,
002594.SZ,20221026,260.0,264.04,255.29,257.87,257.91,-0.04,-0.0155,126415.27,3279130.696,0.5,0.5,,,,,
002594.SZ,20221027,258.99,260.72,255.0,255.0,257.87,-2.87,-1.113,97765.82,2516238.985,0.5,0.5,,,,,
002594.SZ,20221028,253.0,253.0,235.81,239.89,255.0,-15.11,-5.9255,263163.93,6372054.067,0.5,0.5,,,,,
002594.SZ,20221031,237.5,251.0,237.11,246.67,239.89,6.78,2.8263,187942.33,4625511.532,0.5,0.5,,,,,
002594.SZ,20221101,247.11,262.2,247.0,261.82,246.67,15.15,6.1418,219282.71,5620272.304,0.5,0.5,,,,,
002594.SZ,20221102,261.0,271.6,258.36,267.56,261.82,5.74,2.1923,187319.29,4980989.815,0.5,0.5,,,,,
002594.SZ,20221103,265.02,271.76,264.1,267.98,267.56,0.42,0.157,102383.97,2747240.766,0.5,0.5,,,,,
002594.SZ,20221104,268.98,283.02,268.0,280.2,267.98,12.22,4.56,224886.89,6270505.264,0.5,0.5,,,,,
002594.SZ,20221107,275.0,282.03,272.99,278.88,280.2,-1.32,-0.4711,135842.06,3781158.42,0.5,0.5,,,,,
002594.SZ,20221108,279.45,282.6,273.5,276.41,278.88,-2.47,-0.8857,105634.49,2925766.812,0.5,0.5,,,,,
002594.SZ,20221109,278.15,278.88,268.64,269.63,276.41,-6.78,-2.4529,111946.36,3038705.77,0.5,0.5,,,,,
002594.SZ,20221110,264.63,264.97,255.8,260.26,269.63,-9.37,-3.4751,155496.77,4039239.83,0.5,0.5,,,,,
002594.SZ,20221111,270.5,272.97,265.16,268.8,260.26,8.54,3.2813,166099.59,4467701.122,0.5,0.5,,,,,
002594.SZ,20221114,269.23,272.54,262.76,263.79,268.8,-5.01,-1.8638,115236.97,3071390.41,0.5,0.5,,,,,
002594.SZ,20221115,263.99,268.3,260.1,267.0,263.79,3.21,1.2169,112848.35,2985500.714,0.5,0.5,,,,,
002594.SZ,20221116,265.78,266.6,260.1,261.08,267.0,-5.92,-2.2172,103549.41,2719934.793,0.5,0.5,,,,,
002594.SZ,20221117,259.91,259.91,253.58,257.0,261.08,-4.08,-1.5627,111260.57,2842104.513,0.5,0.5,,,,,
002594.SZ,20221118,257.77,259.56,253.5,254.68,257.0,-2.32,-0.9027,101183.76,2595461.705,0.5,0.5,,,,,
002594.SZ,20221121,252.84,254.6,248.51,254.2,254.68,-0.48,-0.1885,82515.07,2082807.825,0.5,0.5,,,,,
002594.SZ,20221122,255.0,255.25,250.0,250.49,254.2,-3.71,-1.4595,80145.51,2013576.333,0.5,0.5,,,,,
002594.SZ,20221123,250.49,251.5,247.2,251.5,250.49,1.01,0.4032,88468.81,2209509.306,0.5,0.5,,,,,
002594.SZ,20221124,253.35,255.0,248.28,249.39,251.5,-2.11,-0.839,85314.06,2137710.348,0.5,0.5,,,,,
002594.SZ,20221125,249.0,249.0,245.0,245.05,249.39,-4.34,-1.7402,87821.64,2160628.974,0.5,0.5,,,,,
002594.SZ,20221128,240.0,245.13,237.22,245.11,245.05,0.06,0.0245,99109.28,2387430.973,0.5,0.5,,,,,
002594.SZ,20221129,246.28,249.68,243.0,248.3,245.11,3.19,1.3015,123580.78,3051509.362,0.5,0.5,,,,,
002594.SZ,20221130,248.36,260.0,246.48,259.52,248.3,11.22,4.5187,212873.38,5434244.563,0.5,0.5,,,,,
002594.SZ,20221201,268.0,270.95,264.92,266.66,259.52,7.14,2.7512,257985.85,6927128.718,0.5,0.5,,,,,
002594.SZ,20221202,264.92,267.57,260.48,262.08,266.66,-4.58,-1.7175,116075.38,3062453.852,0.5,0.5,,,,,
002594.SZ,20221205,265.95,267.59,261.9,263.36,262.08,1.28,0.4884,105233.09,2776465.999,0.5,0.5,,,,,
002594.SZ,20221206,260.55,271.63,260.01,267.6,263.36,4.24,1.61,123006.79,3283672.654,0.5,0.5,,,,,
002594.SZ,20221207,267.65,278.28,267.65,273.74,267.6,6.14,2.2945,192665.93,5284876.703,0.5,0.5,,,,,
002594.SZ,20221208,273.75,275.0,270.87,274.29,273.74,0.55,0.2009,94580.65,2587392.486,0.5,0.5,,,,,
002594.SZ,20221209,275.48,277.7,271.45,274.7,274.29,0.41,0.1495,100992.32,2768392.889,0.5,0.5,,,,,
002594.SZ,20221212,271.96,273.47,268.0,269.88,274.7,-4.82,-1.7546,80128.21,2168695.196,0.5,0.5,,,,,
002594.SZ,20221213,272.0,275.0,269.5,269.8,269.88,-0.08,-0.0296,61384.33,1667300.818,0.5,0.5,,,,,
002594.SZ,20221214,269.41,269.44,263.6,266.4,269.8,-3.4,-1.2602,94364.62,2507895.817,0.5,0.5,,,,,
002594.SZ,20221215,266.33,272.28,263.51,271.46,266.4,5.06,1.8994,97123.45,2610706.544,0.5,0.5,,,,,
002594.SZ,20221216,270.07,271.37,267.55,270.51,271.46,-0.95,-0.35,56196.64,1512400.641,0.5,0.5,,,,,
002594.SZ,20221219,268.99,275.0,265.61,266.5,270.51,-4.01,-1.4824,84038.91,2264390.155,0.5,0.5,,,,,
002594.SZ,20221220,265.9,265.9,258.68,261.6,266.5,-4.9,-1.8386,84908.21,2218820.935,0.5,0.5,,,,,
002594.SZ,20221221,261.58,262.85,259.6,260.8,261.6,-0.8,-0.3058,41966.3,1095313.222,0.5,0.5,,,,,
002594.SZ,20221222,263.0,263.5,258.51,259.19,260.8,-1.61,-0.6173,59209.95,1543323.319,0.5,0.5,,,,,
002594.SZ,20221223,256.1,256.4,250.5,252.18,259.19,-7.01,-2.7046,90818.68,2294101.018,0.5,0.5,,,,,
002594.SZ,20221226,252.2,263.5,252.19,262.42,252.18,10.24,4.0606,93547.53,2430254.725,0.5,0.5,,,,,
002594.SZ,20221227,263.46,263.98,259.8,262.12,262.42,-0.3,-0.1143,55536.54,1453871.979,0.5,0.5,,,,,
002594.SZ,20221228,257.5,259.2,253.0,254.62,262.12,-7.5,-2.8613,102563.78,2612261.022,0.5,0.5,,,,,
002594.SZ,20221229,253.99,258.86,252.13,254.76,254.62,0.14,0.055,72255.77,1841122.254,0.5,0.5,,,,,
002594.SZ,20221230,258.5,260.37,256.51,256.97,254.76,2.21,0.8675,74889.73,1931977.379,0.5,0.5,,,,,
002594.SZ,20230103,256.41,261.92,250.0,260.48,256.97,3.51,1.3659,121374.3,3108609.041,0.5,0.5,,,,,
002594.SZ,20230104,260.0,260.48,256.5,259.1,260.48,-1.38,-0.5298,72674.59,1881537.612,0.5,0.5,,,,,
002594.SZ,20230105,262.52,267.59,261.06,265.08,259.1,5.98,2.308,118936.0,3143084.205,0.5,0.5,,,,,
002594.SZ,20230106,267.91,271.2,265.1,266.2,265.08,1.12,0.4225,138855.23,3726792.589,0.5,0.5,,,,,
002594.SZ,20230109,268.0,268.0,262.29,263.38,266.2,-2.82,-1.0594,114168.82,3020383.48,0.5,0.5,,,,,
002594.SZ,20230110,262.05,269.58,257.31,266.59,263.38,3.21,1.2188,173512.54,4568518.535,0.5,0.5,,,,,
002594.SZ,20230111,264.9,271.0,261.41,268.99,266.59,2.4,0.9003,128363.75,3429408.754,0.5,0.5,,,,,
002594.SZ,20230112,271.51,284.45,270.7,277.3,268.99,8.31,3.0893,223479.19,6213489.747,0.5,0.5,,,,,
002594.SZ,20230113,277.41,279.93,275.0,278.58,277.3,1.28,0.4616,128411.01,3556565.563,0.5,0.5,,,,,
002594.SZ,20230116,278.58,278.77,272.0,273.8,278.58,-4.78,-1.7158,164999.89,4536354.778,0.5,0.5,,,,,
002594.SZ,20230117,273.81,274.5,268.93,269.99,273.8,-3.81,-1.3915,111665.71,3020383.061,0.5,0.5,,,,,
002594.SZ,20230118,269.85,272.5,266.49,269.0,269.99,-0.99,-0.3667,86108.17,2315435.133,0.5,0.5,,,,,
002594.SZ,20230119,267.88,270.85,266.52,270.5,269.0,1.5,0.5576,81238.63,2185520.061,0.5,0.5,,,,,
002594.SZ,20230120,271.0,271.88,267.02,270.07,270.5,-0.43,-0.159,104649.35,2819530.181,0.5,0.5,,,,,
002594.SZ,20230130,285.0,288.0,281.0,281.99,270.07,11.92,4.4137,281854.41,8014418.508,0.5,0.5,,,,,
002594.SZ,20230131,285.0,288.8,280.39,285.8,281.99,3.81,1.3511,187110.17,5339962.478,0.5,0.5,,,,,
002594.SZ,20230201,287.98,304.33,286.14,304.33,285.8,18.53,6.4836,272986.97,8144001.077,0.5,0.5,,,,,
002594.SZ,20230202,305.87,306.13,299.96,302.62,304.33,-1.71,-0.5619,148029.93,4485489.933,0.5,0.5,,,,,
002594.SZ,20230203,299.95,299.95,292.8,295.0,302.62,-7.62,-2.518,152948.28,4517779.88,0.5,0.5,,,,,
002594.SZ,20230206,291.69,291.69,287.61,289.98,295.0,-5.02,-1.7017,100446.6,2906251.55,0.5,0.5,,,,,
002594.SZ,20230207,291.99,292.48,287.6,289.0,289.98,-0.98,-0.338,76834.74,2223584.358,0.5,0.5,,,,,
002594.SZ,20230208,289.0,289.0,282.8,285.66,289.0,-3.34,-1.1557,92901.44,2653105.085,0.5,0.5,,,,,
002594.SZ,20230209,284.0,288.82,282.3,288.33,285.66,2.67,0.9347,90648.89,2602093.564,0.5,0.5,,,,,
002594.SZ,20230210,285.88,285.9,280.0,281.86,288.33,-6.47,-2.244,129708.11,3659502.384,0.5,0.5,,,,,
002594.SZ,20230213,279.01,283.29,277.06,282.32,281.86,0.46,0.1632,93461.44,2628940.179,0.5,0.5,,,,,
002594.SZ,20230214,284.0,284.5,279.1,281.97,282.32,-0.35,-0.124,73643.68,2068766.543,0.5,0.5,,,,,
002594.SZ,20230215,283.0,283.9,278.56,279.0,281.97,-2.97,-1.0533,90832.16,2549250.814,0.5,0.5,,,,,
002594.SZ,20230216,280.0,281.79,274.85,277.02,279.0,-1.98,-0.7097,103348.15,2883947.589,0.5,0.5,,,,,
002594.SZ,20230217,276.49,278.1,271.28,271.66,277.02,-5.36,-1.9349,100996.5,2764372.531,0.5,0.5,,,,,
002594.SZ,20230220,271.59,273.3,267.0,272.8,271.66,1.14,0.4196,130701.48,3524868.435,0.5,0.5,,,,,
002594.SZ,20230221,272.0,276.56,270.28,274.75,272.8,1.95,0.7148,113690.06,3115649.014,0.5,0.5,,,,,
002594.SZ,20230222,271.9,272.62,268.9,270.42,274.75,-4.33,-1.576,85087.96,2301668.445,0.5,0.5,,,,,
002594.SZ,20230223,269.9,271.67,268.5,270.44,270.42,0.02,0.0074,100358.21,2705234.15,0.5,0.5,,,,,
002594.SZ,20230224,269.02,269.88,267.0,267.58,270.44,-2.86,-1.0575,66867.61,1790064.872,0.5,0.5,,,,,
002594.SZ,20230227,265.0,265.89,258.0,259.81,267.58,-7.77,-2.9038,169703.81,4428436.083,0.5,0.5,,,,,
002594.SZ,20230228,261.0,262.0,257.57,260.8,259.81,0.99,0.381,120330.03,3122819.224,0.5,0.5,,,,,
002594.SZ,20230301,260.75,266.54,257.76,265.5,260.8,4.7,1.8021,143657.61,3781045.101,0.5,0.5,,,,,
002594.SZ,20230302,266.12,268.13,262.0,263.71,265.5,-1.79,-0.6742,114904.96,3043464.76,0.5,0.5,,,,,
002594.SZ,20230303,264.99,265.23,262.08,263.79,263.71,0.08,0.0303,63981.61,1686348.718,0.5,0.5,,,,,
002594.SZ,20230306,264.0,264.63,258.0,264.27,263.79,0.48,0.182,112124.47,2932174.905,0.5,0.5,,,,,
002594.SZ,20230307,264.18,266.99,260.5,260.68,264.27,-3.59,-1.3585,105932.88,2789608.646,0.5,0.5,,,,,
002594.SZ,20230308,258.5,259.79,255.0,256.99,260.68,-3.69,-1.4155,120897.6,3104294.281,0.5,0.5,,,,,
002594.SZ,20230309,256.5,259.83,254.01,256.07,256.99,-0.92,-0.358,96731.43,2481897.868,0.5,0.5,,,,,
002594.SZ,20230310,252.0,253.0,242.3,243.14,256.07,-12.93,-5.0494,283464.08,6951755.744,0.5,0.5,,,,,
002594.SZ,20230313,241.72,242.95,237.0,240.49,243.14,-2.65,-1.0899,167343.41,4010230.472,0.5,0.5,,,,,
002594.SZ,20230314,240.0,242.5,233.03,239.98,240.49,-0.51,-0.2121,198568.16,4715842.057,0.5,0.5,,,,,
002594.SZ,20230315,241.5,242.48,237.41,238.62,239.98,-1.36,-0.5667,120714.59,2895736.124,0.5,0.5,,,,,
002594.SZ,20230316,235.0,239.62,234.0,234.79,238.62,-3.83,-1.6051,118370.25,2793057.411,0.5,0.5,,,,,
002594.SZ,20230317,236.78,240.98,235.53,237.91,234.79,3.12,1.3288,135002.62,3213067.916,0.5,0.5,,,,,
002594.SZ,20230320,237.91,239.36,234.6,235.57,237.91,-2.34,-0.9836,86323.33,2041533.811,0.5,0.5,,,,,
002594.SZ,20230321,236.89,239.51,234.79,239.51,235.57,3.94,1.6725,108872.69,2585297.268,0.5,0.5,,,,,
002594.SZ,20230322,242.2,247.58,242.08,243.2,239.51,3.69,1.5406,155339.32,3800940.796,0.5,0.5,,,,,
002594.SZ,20230323,242.99,245.5,239.5,245.49,243.2,2.29,0.9416,97461.04,2374450.293,0.5,0.5,,,,,
002594.SZ,20230324,245.5,247.63,243.49,246.02,245.49,0.53,0.2159,81018.26,1990565.427,0.5,0.5,,,,,
002594.SZ,20230327,245.99,245.99,240.3,243.65,246.02,-2.37,-0.9633,92495.36,2246213.086,0.5,0.5,,,,,
002594.SZ,20230328,244.5,245.67,242.4,245.01,243.65,1.36,0.5582,81845.04,1998797.291,0.5,0.5,,,,,
002594.SZ,20230329,246.55,250.25,246.55,247.7,245.01,2.69,1.0979,144302.62,3588758.349,0.5,0.5,,,,,
002594.SZ,20230330,250.0,257.2,250.0,257.2,247.7,9.5,3.8353,209267.22,5317797.712,0.5,0.5,,,,,
002594.SZ,20230331,258.97,260.86,255.0,256.02,257.2,-1.18,-0.4588,167007.61,4304295.452,0.5,0.5,,,,,
002594.SZ,20230403,256.0,258.24,252.26,255.92,256.02,-0.1,-0.0391,133691.25,3412119.593,0.5,0.5,,,,,
002594.SZ,20230404,255.81,255.81,247.99,250.92,255.92,-5.0,-1.9537,137744.33,3448255.051,0.5,0.5,,,,,
002594.SZ,20230406,248.0,250.88,245.68,250.0,250.92,-0.92,-0.3667,81942.27,2036216.982,0.5,0.5,,,,,
002594.SZ,20230407,250.05,252.13,248.33,249.28,250.0,-0.72,-0.288,68722.91,1718631.441,0.5,0.5,,,,,
002594.SZ,20230410,249.28,251.2,246.0,251.0,249.28,1.72,0.69,98057.91,2436804.939,0.5,0.5,,,,,
002594.SZ,20230411,252.15,254.49,248.6,249.83,251.0,-1.17,-0.4661,87455.12,2194591.845,0.5,0.5,,,,,
002594.SZ,20230412,248.8,248.8,243.33,243.4,249.83,-6.43,-2.5738,112329.7,2751446.164,0.5,0.5,,,,,
002594.SZ,20230413,240.58,243.0,237.77,242.82,243.4,-0.58,-0.2383,80964.64,1952037.226,0.5,0.5,,,,,
002594.SZ,20230414,243.4,247.47,242.99,246.06,242.82,3.24,1.3343,105506.44,2589957.803,0.5,0.5,,,,,
002594.SZ,20230417,245.0,249.68,244.21,249.44,246.06,3.38,1.3736,90393.85,2244153.587,0.5,0.5,,,,,
002594.SZ,20230418,250.4,252.18,248.44,249.0,249.44,-0.44,-0.1764,78432.2,1961474.846,0.5,0.5,,,,,
002594.SZ,20230419,249.0,253.2,246.09,250.85,249.0,1.85,0.743,111927.47,2793037.791,0.5,0.5,,,,,
002594.SZ,20230420,249.93,249.93,245.0,245.02,250.85,-5.83,-2.3241,100308.3,2470721.41,0.5,0.5,,,,,
002594.SZ,20230421,244.5,248.95,243.0,243.0,245.02,-2.02,-0.8244,104052.48,2553937.672,0.5,0.5,,,,,
002594.SZ,20230424,244.1,258.6,243.18,253.49,243.0,10.49,4.3169,267017.34,6747607.047,0.5,0.5,,,,,
002594.SZ,20230425,251.0,251.8,242.2,244.3,253.49,-9.19,-3.6254,187418.73,4589549.733,0.5,0.5,,,,,
002594.SZ,20230426,243.0,254.54,241.0,251.0,244.3,6.7,2.7425,174492.04,4353221.18,0.5,0.5,,,,,
002594.SZ,20230427,250.0,258.99,249.55,258.92,251.0,7.92,3.1554,242464.38,6228404.693,0.5,0.5,,,,,
002594.SZ,20230428,261.47,262.97,254.0,255.86,258.92,-3.06,-1.1818,191944.8,4933612.984,0.5,0.5,,,,,
002594.SZ,20230504,255.0,257.61,251.4,252.52,255.86,-3.34,-1.3054,118124.27,3002183.827,0.5,0.5,,,,,
002594.SZ,20230505,252.55,253.8,247.95,250.07,252.52,-2.45,-0.9702,102439.59,2560075.787,0.5,0.5,,,,,
002594.SZ,20230508,253.0,259.1,252.52,254.03,250.07,3.96,1.5836,121626.2,3104234.524,0.5,0.5,,,,,
002594.SZ,20230509,250.04,253.36,249.0,250.11,254.03,-3.92,-1.5431,89884.83,2253697.879,0.5,0.5,,,,,
002594.SZ,20230510,251.0,262.18,249.2,259.79,250.11,9.68,3.8703,253690.89,6542224.183,0.5,0.5,,,,,
002594.SZ,20230511,260.77,269.8,258.68,263.75,259.79,3.96,1.5243,214236.87,5669565.808,0.5,0.5,,,,,
002594.SZ,20230512,266.0,268.25,259.52,260.1,263.75,-3.65,-1.3839,104573.53,2750523.184,0.5,0.5,,,,,
002594.SZ,20230515,260.1,266.55,258.7,264.9,260.1,4.8,1.8454,136926.27,3615695.776,0.5,0.5,,,,,
002594.SZ,20230516,264.39,267.42,263.2,265.13,264.9,0.23,0.0868,81639.31,2162966.661,0.5,0.5,,,,,
002594.SZ,20230517,264.99,265.8,259.01,261.0,265.13,-4.13,-1.5577,89556.05,2336687.603,0.5,0.5,,,,,
002594.SZ,20230518,262.3,263.88,256.56,259.08,261.0,-1.92,-0.7356,100696.65,2610927.791,0.5,0.5,,,,,
002594.SZ,20230519,258.18,260.92,256.3,259.18,259.08,0.1,0.0386,60105.82,1557739.695,0.5,0.5,,,,,
002594.SZ,20230522,260.92,266.0,257.08,265.1,259.18,5.92,2.2841,120165.21,3160916.357,0.5,0.5,,,,,
002594.SZ,20230523,265.04,266.88,262.93,262.93,265.1,-2.17,-0.8186,90619.4,2401159.869,0.5,0.5,,,,,
002594.SZ,20230524,261.6,265.0,259.52,261.91,262.93,-1.02,-0.3879,68092.95,1787131.273,0.5,0.5,,,,,
002594.SZ,20230525,261.96,263.85,255.14,255.6,261.91,-6.31,-2.4092,132078.95,3413072.494,0.5,0.5,,,,,
002594.SZ,20230526,253.0,253.0,242.8,246.99,255.6,-8.61,-3.3685,185813.4,4583193.89,0.5,0.5,,,,,
002594.SZ,20230529,250.0,250.55,242.0,244.93,246.99,-2.06,-0.834,124722.91,3051361.333,0.5,0.5,,,,,
002594.SZ,20230530,245.95,255.0,245.83,252.2,244.93,7.27,2.9682,166880.58,4201064.907,0.5,0.5,,,,,
002594.SZ,20230531,252.2,254.9,249.65,253.66,252.2,1.46,0.5789,118381.17,2995495.154,0.5,0.5,,,,,
002594.SZ,20230601,253.66,257.88,253.23,255.45,253.66,1.79,0.7057,86735.71,2217698.926,0.5,0.5,,,,,
002594.SZ,20230602,257.88,259.59,255.6,259.06,255.45,3.61,1.4132,110679.75,2854069.098,0.5,0.5,,,,,
002594.SZ,20230605,259.0,259.06,251.67,258.32,259.06,-0.74,-0.2856,104794.52,2682476.684,0.5,0.5,,,,,
002594.SZ,20230606,257.95,265.0,256.18,260.88,258.32,2.56,0.991,128981.11,3371155.485,0.5,0.5,,,,,
002594.SZ,20230607,262.0,263.44,255.5,256.55,260.88,-4.33,-1.6598,100490.28,2598158.541,0.5,0.5,,,,,
002594.SZ,20230608,256.19,258.84,254.47,255.0,256.55,-1.55,-0.6042,64454.26,1650438.582,0.5,0.5,,,,,
002594.SZ,20230609,258.8,259.1,252.5,258.0,255.0,3.0,1.1765,107484.01,2753073.835,0.5,0.5,,,,,
002594.SZ,20230612,256.5,263.0,255.5,260.51,258.0,2.51,0.9729,102891.21,2682484.32,0.5,0.5,,,,,
002594.SZ,20230613,260.5,262.0,257.13,261.22,260.51,0.71,0.2725,81511.47,2117925.896,0.5,0.5,,,,,
002594.SZ,20230614,262.68,265.39,261.5,263.0,261.22,1.78,0.6814,125776.0,3318766.726,0.5,0.5,,,,,
002594.SZ,20230615,263.5,275.01,263.29,271.88,263.0,8.88,3.3764,243961.07,6622887.119,0.5,0.5,,,,,
002594.SZ,20230616,273.86,275.86,270.0,271.08,271.88,-0.8,-0.2942,152296.82,4146755.899,0.5,0.5,,,,,
002594.SZ,20230619,271.08,274.99,267.88,269.21,271.08,-1.87,-0.6898,123564.75,3342857.529,0.5,0.5,,,,,
002594.SZ,20230620,269.01,269.2,264.9,268.25,269.21,-0.96,-0.3566,102366.16,2734002.025,0.5,0.5,,,,,
002594.SZ,20230621,267.01,273.28,266.25,267.78,268.25,-0.47,-0.1752,107811.76,2906861.071,0.5,0.5,,,,,
002594.SZ,20230626,262.43,268.69,262.3,262.89,267.78,-4.89,-1.8261,101512.22,2681452.522,0.5,0.5,,,,,
002594.SZ,20230627,262.02,263.85,257.08,260.05,262.89,-2.84,-1.0803,99028.65,2570404.964,0.5,0.5,,,,,
002594.SZ,20230628,260.0,262.5,258.1,260.25,260.05,0.2,0.0769,57269.51,1489543.301,0.5,0.5,,,,,
002594.SZ,20230629,260.25,260.78,255.23,255.7,260.25,-4.55,-1.7483,83485.05,2148587.117,0.5,0.5,,,,,
002594.SZ,20230630,254.13,260.0,253.7,258.27,255.7,2.57,1.0051,75724.36,1952424.866,0.5,0.5,,,,,
002594.SZ,20230703,258.88,269.27,258.88,267.48,258.27,9.21,3.566,162565.06,4313305.226,0.5,0.5,,,,,
002594.SZ,20230704,268.5,275.0,266.51,271.5,267.48,4.02,1.5029,157120.02,4271284.305,0.5,0.5,,,,,
002594.SZ,20230705,271.51,272.48,265.69,267.0,271.5,-4.5,-1.6575,93033.13,2493339.683,0.5,0.5,,,,,
002594.SZ,20230706,267.0,272.0,266.8,268.1,267.0,1.1,0.412,83711.85,2249759.123,0.5,0.5,,,,,
002594.SZ,20230707,267.0,267.66,264.11,264.4,268.1,-3.7,-1.3801,62191.5,1650354.364,0.5,0.5,,,,,
002594.SZ,20230710,267.0,269.5,262.75,263.55,264.4,-0.85,-0.3215,68877.62,1824432.454,0.5,0.5,,,,,
002594.SZ,20230711,265.0,270.69,263.8,269.33,263.55,5.78,2.1931,102405.2,2744333.129,0.5,0.5,,,,,
002594.SZ,20230712,270.5,271.15,264.66,265.61,269.33,-3.72,-1.3812,87031.95,2328017.076,0.5,0.5,,,,,
002594.SZ,20230713,267.5,269.5,265.01,267.83,265.61,2.22,0.8358,82753.01,2213414.441,0.5,0.5,,,,,
002594.SZ,20230714,267.8,267.8,263.5,264.41,267.83,-3.42,-1.2769,102722.03,2718639.361,0.5,0.5,,,,,
002594.SZ,20230717,267.0,267.0,262.35,264.49,264.41,0.08,0.0303,78926.63,2086663.751,0.5,0.5,,,,,
002594.SZ,20230718,265.25,267.57,260.5,265.48,264.49,0.99,0.3743,98456.48,2603934.532,0.5,0.5,,,,,
002594.SZ,20230719,265.49,265.9,262.74,264.83,265.48,-0.65,-0.2448,50250.0,1328126.187,0.5,0.5,,,,,
002594.SZ,20230720,265.5,269.5,264.0,264.95,264.83,0.12,0.0453,91270.51,2434017.185,0.5,0.5,,,,,
002594.SZ,20230721,264.0,264.8,261.55,264.32,264.95,-0.63,-0.2378,75287.03,1979318.622,0.5,0.5,,,,,
002594.SZ,20230724,261.01,262.77,257.49,257.5,264.32,-6.82,-2.5802,95950.37,2491708.306,0.5,0.5,,,,,
002594.SZ,20230725,262.68,266.99,262.65,264.59,257.5,7.09,2.7534,173882.84,4604657.752,0.5,0.5,,,,,
002594.SZ,20230726,263.76,263.76,260.6,262.09,264.59,-2.5,-0.9449,65864.88,1723363.551,0.5,0.5,,,,,
002594.SZ,20230727,264.5,265.77,260.8,261.63,262.09,-0.46,-0.1755,112650.69,2962230.532,0.5,0.5,,,,,
002594.SZ,20230728,260.0,267.65,258.22,267.0,260.49,6.51,2.4991,173308.25,4584230.666,0.5,0.5,,,,,
002594.SZ,20230731,270.0,276.58,269.88,272.0,267.0,5.0,1.8727,215060.16,5874722.583,0.5,0.5,,,,,
002594.SZ,20230801,271.76,272.76,266.5,268.5,272.0,-3.5,-1.2868,120339.93,3239067.594,0.5,0.5,,,,,
002594.SZ,20230802,270.7,272.0,266.36,268.0,268.5,-0.5,-0.1862,87393.51,2346829.431,0.5,0.5,,,,,
002594.SZ,20230803,267.28,268.48,265.51,268.23,268.0,0.23,0.0858,66169.88,1766952.896,0.5,0.5,,,,,
002594.SZ,20230804,268.99,270.07,266.65,268.3,268.23,0.07,0.0261,88053.15,2358257.628,0.5,0.5,,,,,
002594.SZ,20230807,267.93,267.93,265.19,266.99,268.3,-1.31,-0.4883,64203.8,1710317.723,0.5,0.5,,,,,
002594.SZ,20230808,265.2,266.5,262.51,263.3,266.99,-3.69,-1.3821,91711.88,2419517.105,0.5,0.5,,,,,
002594.SZ,20230809,262.0,263.5,260.23,262.9,263.3,-0.4,-0.1519,72499.37,1897124.688,0.5,0.5,,,,,
002594.SZ,20230810,263.0,264.87,260.74,262.7,262.9,-0.2,-0.0761,60016.1,1575799.641,0.5,0.5,,,,,
002594.SZ,20230811,262.69,262.7,259.01,259.25,262.7,-3.45,-1.3133,86125.28,2242256.361,0.5,0.5,,,,,
002594.SZ,20230814,255.0,256.99,243.49,245.82,259.25,-13.43,-5.1803,252890.35,6237439.722,0.5,0.5,,,,,
002594.SZ,20230815,245.82,246.13,241.9,244.54,245.82,-1.28,-0.5207,115021.29,2804377.793,0.5,0.5,,,,,
002594.SZ,20230816,243.28,245.5,242.21,244.2,244.54,-0.34,-0.139,79979.36,1953463.842,0.5,0.5,,,,,
002594.SZ,20230817,243.37,246.34,240.4,246.01,244.2,1.81,0.7412,86835.55,2118628.433,0.5,0.5,,,,,
002594.SZ,20230818,245.56,245.56,240.0,240.29,246.01,-5.72,-2.3251,98466.5,2385483.843,0.5,0.5,,,,,
002594.SZ,20230821,239.8,239.88,234.05,234.41,240.29,-5.88,-2.447,127879.2,3022536.162,0.5,0.5,,,,,
002594.SZ,20230822,237.97,238.5,230.9,234.54,234.41,0.13,0.0555,112115.89,2620973.083,0.5,0.5,,,,,
002594.SZ,20230823,234.54,234.54,230.03,230.09,234.54,-4.45,-1.8973,81237.55,1882331.986,0.5,0.5,,,,,
002594.SZ,20230824,231.01,237.0,231.01,234.9,230.09,4.81,2.0905,106810.59,2501734.161,0.5,0.5,,,,,
002594.SZ,20230825,233.28,234.33,231.5,232.6,234.9,-2.3,-0.9791,66775.26,1554437.027,0.5,0.5,,,,,
002594.SZ,20230828,248.0,248.0,234.25,235.53,232.6,2.93,1.2597,133527.36,3189524.811,0.5,0.5,,,,,
002594.SZ,20230829,236.81,247.5,236.81,246.71,235.53,11.18,4.7467,213223.46,5201525.92,0.5,0.5,,,,,
002594.SZ,20230830,249.33,251.47,247.84,249.8,246.71,3.09,1.2525,152187.35,3798606.951,0.5,0.5,,,,,
002594.SZ,20230831,250.51,250.99,248.0,249.4,249.8,-0.4,-0.1601,88733.96,2214559.039,0.5,0.5,,,,,
002594.SZ,20230901,253.0,254.47,248.0,249.12,249.4,-0.28,-0.1123,77771.83,1949444.069,0.5,0.5,,,,,
002594.SZ,20230904,251.6,253.0,248.88,252.45,249.12,3.33,1.3367,96511.6,2427791.469,0.5,0.5,,,,,
002594.SZ,20230905,252.2,252.2,248.69,249.03,252.45,-3.42,-1.3547,74570.5,1864915.96,0.5,0.5,,,,,
002594.SZ,20230906,250.0,252.3,249.3,250.45,249.03,1.42,0.5702,65928.56,1653726.027,0.5,0.5,,,,,
002594.SZ,20230907,250.42,250.42,248.11,248.4,250.45,-2.05,-0.8185,60913.02,1517662.852,0.5,0.5,,,,,
002594.SZ,20230908,247.01,247.01,242.69,244.05,248.4,-4.35,-1.7512,67634.4,1651599.178,0.5,0.5,,,,,
002594.SZ,20230911,243.7,248.5,242.2,247.01,244.05,2.96,1.2129,76513.44,1876707.032,0.5,0.5,,,,,
002594.SZ,20230912,248.7,253.37,247.1,251.99,247.01,4.98,2.0161,119532.4,3004363.229,0.5,0.5,,,,,
002594.SZ,20230913,252.0,254.28,250.4,251.55,251.99,-0.44,-0.1746,91478.97,2305291.96,0.5,0.5,,,,,
002594.SZ,20230914,246.8,246.95,242.0,243.63,251.55,-7.92,-3.1485,152580.25,3722930.909,0.5,0.5,,,,,
002594.SZ,20230915,244.0,246.84,241.51,244.29,243.63,0.66,0.2709,82255.95,2010812.284,0.5,0.5,,,,,
002594.SZ,20230918,244.5,251.2,244.29,247.38,244.29,3.09,1.2649,96405.22,2395846.503,0.5,0.5,,,,,
002594.SZ,20230919,246.0,248.28,243.8,247.17,247.38,-0.21,-0.0849,62396.93,1533948.927,0.5,0.5,,,,,
002594.SZ,20230920,245.0,246.28,244.0,244.0,247.17,-3.17,-1.2825,54497.1,1332673.933,0.5,0.5,,,,,
002594.SZ,20230921,243.0,243.87,238.55,239.68,244.0,-4.32,-1.7705,92964.62,2232606.21,0.5,0.5,,,,,
002594.SZ,20230922,239.52,245.66,238.5,245.05,239.68,5.37,2.2405,96763.96,2356419.361,0.5,0.5,,,,,
002594.SZ,20230925,246.83,246.98,244.35,245.8,245.05,0.75,0.3061,64786.8,1592828.38,0.5,0.5,,,,,
002594.SZ,20230926,245.0,245.0,238.3,238.5,245.8,-7.3,-2.9699,118462.63,2846103.7,0.5,0.5,,,,,
002594.SZ,20230927,239.11,242.22,237.79,237.83,238.5,-0.67,-0.2809,75733.67,1808518.866,0.5,0.5,,,,,
002594.SZ,20230928,238.8,239.5,236.05,236.7,237.83,-1.13,-0.4751,85257.68,2022931.184,0.5,0.5,,,,,
002594.SZ,20231009,236.7,238.51,229.66,237.97,236.7,1.27,0.5365,91790.71,2162900.147,0.5,0.5,,,,,
002594.SZ,20231010,237.96,240.02,237.0,237.91,237.97,-0.06,-0.0252,63936.61,1524841.111,0.5,0.5,,,,,
002594.SZ,20231011,241.96,242.5,238.0,238.59,237.91,0.68,0.2858,76683.73,1838352.974,0.5,0.5,,,,,
002594.SZ,20231012,240.4,245.5,239.0,244.45,238.59,5.86,2.4561,139340.94,3391600.251,0.5,0.5,,,,,
002594.SZ,20231013,241.9,242.77,239.8,240.36,244.45,-4.09,-1.6731,66445.23,1598611.952,0.5,0.5,,,,,
002594.SZ,20231016,240.4,241.08,236.5,237.51,240.36,-2.85,-1.1857,66022.21,1573224.653,0.5,0.5,,,,,
002594.SZ,20231017,237.52,239.99,236.5,238.0,237.51,0.49,0.2063,49163.59,1169236.112,0.5,0.5,,,,,
002594.SZ,20231018,245.6,251.0,244.0,249.07,238.0,11.07,4.6513,307862.84,7646061.771,0.5,0.5,,,,,
002594.SZ,20231019,246.95,247.97,240.34,240.6,249.07,-8.47,-3.4007,147753.28,3595894.522,0.5,0.5,,,,,
002594.SZ,20231020,240.0,241.8,238.21,239.2,240.6,-1.4,-0.5819,85658.61,2050294.971,0.5,0.5,,,,,
002594.SZ,20231023,240.0,240.0,236.2,238.65,239.2,-0.55,-0.2299,73536.83,1747793.907,0.5,0.5,,,,,
002594.SZ,20231024,239.3,240.5,234.67,235.55,238.65,-3.1,-1.299,110778.92,2614866.694,0.5,0.5,,,,,
002594.SZ,20231025,237.97,240.01,236.22,237.4,235.55,1.85,0.7854,83675.73,1993861.828,0.5,0.5,,,,,
002594.SZ,20231026,236.06,238.8,235.7,238.61,237.4,1.21,0.5097,73199.35,1738279.51,0.5,0.5,,,,,
002594.SZ,20231027,238.0,243.5,237.52,241.95,238.61,3.34,1.3998,103205.56,2490630.305,0.5,0.5,,,,,
002594.SZ,20231030,239.51,244.99,238.7,244.6,241.95,2.65,1.0953,117295.47,2849732.929,0.5,0.5,,,,,
002594.SZ,20231031,243.5,243.99,237.5,238.54,244.6,-6.06,-2.4775,127204.75,3044814.889,0.5,0.5,,,,,
002594.SZ,20231101,238.0,238.0,235.42,236.2,238.54,-2.34,-0.981,93390.42,2206820.551,0.5,0.5,,,,,
002594.SZ,20231102,237.86,237.88,234.8,234.8,236.2,-1.4,-0.5927,85414.16,2015702.321,0.5,0.5,,,,,
002594.SZ,20231103,235.51,239.15,234.88,238.65,234.8,3.85,1.6397,90679.42,2154652.391,0.5,0.5,,,,,
002594.SZ,20231106,240.51,243.43,240.0,242.9,238.65,4.25,1.7809,143547.86,3472633.48,0.5,0.5,,,,,
002594.SZ,20231107,243.0,244.3,240.51,240.97,242.9,-1.93,-0.7946,94512.93,2287202.177,0.5,0.5,,,,,
002594.SZ,20231108,240.36,240.86,239.18,240.0,240.97,-0.97,-0.4025,80128.14,1921682.141,0.5,0.5,,,,,
002594.SZ,20231109,240.0,240.75,238.34,239.3,240.0,-0.7,-0.2917,73182.74,1750698.708,0.5,0.5,,,,,
002594.SZ,20231110,239.0,239.0,235.66,236.96,239.3,-2.34,-0.9779,81901.9,1940054.003,0.5,0.5,,,,,
002594.SZ,20231113,237.88,238.18,235.1,237.12,236.96,0.16,0.0675,69738.46,1649215.951,0.5,0.5,,,,,
002594.SZ,20231114,237.3,238.2,236.6,237.63,237.12,0.51,0.2151,55216.55,1310694.854,0.5,0.5,,,,,
002594.SZ,20231115,239.9,240.0,238.3,238.64,237.63,1.01,0.425,78691.67,1881360.641,0.5,0.5,,,,,
002594.SZ,20231116,239.8,239.8,237.22,238.3,238.64,-0.34,-0.1425,61690.07,1471253.077,0.5,0.5,,,,,
002594.SZ,20231117,237.0,238.59,236.0,236.76,238.3,-1.54,-0.6462,59462.29,1408060.178,0.5,0.5,,,,,
002594.SZ,20231120,235.8,236.5,234.58,235.0,236.76,-1.76,-0.7434,76770.94,1804923.944,0.5,0.5,,,,,
002594.SZ,20231121,235.69,236.68,233.66,234.2,235.0,-0.8,-0.3404,82386.34,1937039.109,0.5,0.5,,,,,
002594.SZ,20231122,233.5,233.5,229.88,230.0,234.2,-4.2,-1.7933,105571.08,2440478.827,0.5,0.5,,,,,
002594.SZ,20231123,230.5,231.28,227.12,228.83,230.0,-1.17,-0.5087,105763.94,2425947.586,0.5,0.5,,,,,
002594.SZ,20231124,228.8,228.8,215.4,216.85,228.83,-11.98,-5.2353,280659.48,6162803.841,0.5,0.5,,,,,
002594.SZ,20231127,212.0,212.0,205.0,208.9,216.85,-7.95,-3.6661,215480.87,4487132.027,0.5,0.5,,,,,
002594.SZ,20231128,208.92,211.77,207.01,209.91,208.9,1.01,0.4835,122211.43,2562912.238,0.5,0.5,,,,,
002594.SZ,20231129,209.88,209.9,201.39,201.98,209.91,-7.93,-3.7778,219246.3,4464902.232,0.5,0.5,,,,,
002594.SZ,20231130,201.6,202.73,198.45,199.15,201.98,-2.83,-1.4011,187242.15,3745049.006,0.5,0.5,,,,,
002594.SZ,20231201,200.48,200.82,192.81,197.05,199.15,-2.1,-1.0545,194189.85,3799477.664,0.5,0.5,,,,,
002594.SZ,20231204,197.05,199.29,193.6,196.39,197.05,-0.66,-0.3349,117613.15,2317283.54,0.5,0.5,,,,,
002594.SZ,20231205,197.0,199.96,195.61,196.34,196.39,-0.05,-0.0255,152372.47,3021632.365,0.5,0.5,,,,,
002594.SZ,20231206,196.35,201.24,196.0,201.19,196.34,4.85,2.4702,176347.37,3523669.818,0.5,0.5,,,,,
002594.SZ,20231207,201.19,201.2,197.3,199.45,201.19,-1.74,-0.8649,103169.24,2051259.486,0.5,0.5,,,,,
002594.SZ,20231208,199.03,200.36,198.32,198.55,199.45,-0.9,-0.4512,77700.19,1547061.882,0.5,0.5,,,,,
002594.SZ,20231211,196.75,199.58,194.64,199.19,198.55,0.64,0.3223,101086.35,1989856.428,0.5,0.5,,,,,
002594.SZ,20231212,198.18,198.73,196.12,196.33,199.19,-2.86,-1.4358,79797.21,1572793.711,0.5,0.5,,,,,
002594.SZ,20231213,195.82,195.82,191.72,191.8,196.33,-4.53,-2.3073,117534.92,2270646.821,0.5,0.5,,,,,
002594.SZ,20231214,193.0,196.18,191.11,191.18,191.8,-0.62,-0.3233,92496.7,1787086.925,0.5,0.5,,,,,
002594.SZ,20231215,193.08,194.39,191.08,193.28,191.18,2.1,1.0984,101841.34,1966549.057,0.5,0.5,,,,,
002594.SZ,20231218,191.06,192.5,188.31,189.06,193.28,-4.22,-2.1834,100511.47,1906643.036,0.5,0.5,,,,,
002594.SZ,20231219,188.53,188.68,186.16,188.0,189.06,-1.06,-0.5607,79369.72,1487629.709,0.5,0.5,,,,,
002594.SZ,20231220,188.33,189.33,184.87,184.88,188.0,-3.12,-1.6596,84924.82,1585187.697,0.5,0.5,,,,,
002594.SZ,20231221,183.33,189.98,182.85,189.68,184.88,4.8,2.5963,133149.43,2494208.947,0.5,0.5,,,,,
002594.SZ,20231222,189.9,195.38,188.04,192.25,189.68,2.57,1.3549,117997.66,2267509.852,0.5,0.5,,,,,
002594.SZ,20231225,193.0,194.2,190.21,192.18,192.25,-0.07,-0.0364,53769.86,1032287.275,0.5,0.5,,,,,
002594.SZ,20231226,192.16,192.16,190.0,191.75,192.18,-0.43,-0.2237,41380.33,790091.023,0.5,0.5,,,,,
002594.SZ,20231227,193.0,193.5,190.7,191.45,191.75,-0.3,-0.1565,61364.02,1174486.108,0.5,0.5,,,,,
002594.SZ,20231228,191.03,198.66,190.66,198.05,191.45,6.6,3.4474,138777.8,2722971.14,0.5,0.5,,,,,
002594.SZ,20231229,198.97,199.8,197.15,198.0,198.05,-0.05,-0.0252,80367.29,1591969.846,0.5,0.5,,,,,
002594.SZ,20240102,199.61,199.62,192.37,192.6,198.0,-5.4,-2.7273,113928.32,2212162.4,0.5,0.5,,,,,
002594.SZ,20240103,192.5,193.87,190.7,193.17,192.6,0.57,0.296,84485.96,1624093.056,0.5,0.5,,,,,
002594.SZ,20240104,194.34,194.65,191.1,193.02,193.17,-0.15,-0.0777,89870.36,1731882.12,0.5,0.5,,,,,
002594.SZ,20240105,192.47,197.5,191.13,192.68,193.02,-0.34,-0.1761,112401.88,2187835.615,0.5,0.5,,,,,
002594.SZ,20240108,192.8,193.66,189.15,189.4,192.68,-3.28,-1.7023,81078.39,1543893.919,0.5,0.5,,,,,
002594.SZ,20240109,191.0,196.0,190.2,192.86,189.4,3.46,1.8268,112186.51,2167747.852,0.5,0.5,,,,,
002594.SZ,20240110,191.7,193.3,189.6,190.29,192.86,-2.57,-1.3326,71416.23,1364589.162,0.5,0.5,,,,,
002594.SZ,20240111,190.2,198.7,188.81,196.78,190.29,6.49,3.4106,159861.74,3120354.836,0.5,0.5,,,,,
002594.SZ,20240112,196.78,198.25,195.29,195.87,196.78,-0.91,-0.4624,87022.64,1711086.656,0.5,0.5,,,,,
002594.SZ,20240115,194.72,197.0,192.42,194.61,195.87,-1.26,-0.6433,70219.93,1364639.692,0.5,0.5,,,,,
002594.SZ,20240116,193.9,196.55,193.07,195.3,194.61,0.69,0.3546,83808.6,1633959.523,0.5,0.5,,,,,
002594.SZ,20240117,194.2,194.55,186.8,186.8,195.3,-8.5,-4.3523,160794.71,3050944.39,0.5,0.5,,,,,
002594.SZ,20240118,185.65,191.0,184.91,190.48,186.8,3.68,1.97,114591.65,2150839.668,0.5,0.5,,,,,
002594.SZ,20240119,189.49,192.96,188.7,189.34,190.48,-1.14,-0.5985,80905.16,1540978.199,0.5,0.5,,,,,
002594.SZ,20240122,188.87,191.3,184.56,185.34,189.34,-4.0,-2.1126,132239.73,2487370.789,0.5,0.5,,,,,
002594.SZ,20240123,185.0,188.96,184.3,187.85,185.34,2.51,1.3543,110725.62,2072060.504,0.5,0.5,,,,,
002594.SZ,20240124,189.28,189.85,184.08,188.7,187.85,0.85,0.4525,96641.21,1805379.382,0.5,0.5,,,,,
002594.SZ,20240125,188.88,190.9,185.66,189.9,188.7,1.2,0.6359,130769.08,2470818.453,0.5,0.5,,,,,
002594.SZ,20240126,189.0,189.0,185.5,185.86,189.9,-4.04,-2.1274,115854.64,2160578.276,0.5,0.5,,,,,
002594.SZ,20240129,185.9,186.0,178.31,178.44,185.86,-7.42,-3.9923,146042.52,2647388.166,0.5,0.5,,,,,
002594.SZ,20240130,173.08,175.48,170.3,171.97,178.44,-6.47,-3.6259,190761.18,3296016.841,0.5,0.5,,,,,
002594.SZ,20240131,171.09,175.28,170.32,170.73,171.97,-1.24,-0.7211,125368.41,2155163.736,0.5,0.5,,,,,
002594.SZ,20240201,170.0,173.0,168.36,170.89,170.73,0.16,0.0937,116650.74,1996429.637,0.5,0.5,,,,,
002594.SZ,20240202,170.96,171.88,163.01,167.0,170.89,-3.89,-2.2763,147991.71,2485326.236,0.5,0.5,,,,,
002594.SZ,20240205,165.0,171.78,162.77,168.0,167.0,1.0,0.5988,186216.2,3122618.403,0.5,0.5,,,,,
002594.SZ,20240206,166.0,176.11,165.5,175.87,168.0,7.87,4.6845,176189.75,3054635.573,0.5,0.5,,,,,
002594.SZ,20240207,177.25,183.0,176.1,179.56,175.87,3.69,2.0981,160093.7,2880398.922,0.5,0.5,,,,,
002594.SZ,20240208,181.49,183.35,180.7,181.17,179.56,1.61,0.8966,119245.66,2168509.15,0.5,0.5,,,,,
002594.SZ,20240219,183.88,185.35,181.84,183.5,181.17,2.33,1.2861,119687.07,2192419.553,0.5,0.5,,,,,
002594.SZ,20240220,183.5,183.68,177.0,179.02,183.5,-4.48,-2.4414,113357.36,2023820.072,0.5,0.5,,,,,
002594.SZ,20240221,177.1,185.6,176.66,183.0,179.02,3.98,2.2232,147692.98,2700340.931,0.5,0.5,,,,,
002594.SZ,20240222,182.9,183.64,181.26,182.99,183.0,-0.01,-0.0055,80906.13,1476863.326,0.5,0.5,,,,,
002594.SZ,20240223,182.99,183.99,180.83,182.68,182.99,-0.31,-0.1694,91174.9,1660682.308,0.5,0.5,,,,,
002594.SZ,20240226,186.0,190.13,185.55,186.0,182.68,3.32,1.8174,155460.76,2912982.36,0.5,0.5,,,,,
002594.SZ,20240227,187.45,193.93,187.2,193.7,186.0,7.7,4.1398,206342.65,3958101.887,0.5,0.5,,,,,
002594.SZ,20240228,196.0,196.52,188.0,188.0,193.7,-5.7,-2.9427,168291.53,3223632.043,0.5,0.5,,,,,
002594.SZ,20240229,187.01,191.61,186.19,191.2,188.0,3.2,1.7021,122362.89,2323915.657,0.5,0.5,,,,,
002594.SZ,20240301,190.9,192.98,188.77,192.18,191.2,0.98,0.5126,122158.28,2336111.334,0.5,0.5,,,,,
002594.SZ,20240304,190.0,191.7,188.1,189.27,192.18,-2.91,-1.5142,126865.1,2401200.046,0.5,0.5,,,,,
002594.SZ,20240305,187.5,191.65,185.5,190.82,189.27,1.55,0.8189,149624.43,2826124.074,0.5,0.5,,,,,
002594.SZ,20240306,190.0,192.98,189.0,191.65,190.82,0.83,0.435,100100.4,1914828.109,0.5,0.5,,,,,
002594.SZ,20240307,192.06,193.96,188.8,188.89,191.65,-2.76,-1.4401,101326.88,1935953.172,0.5,0.5,,,,,
002594.SZ,20240308,188.3,190.15,187.25,188.09,188.89,-0.8,-0.4235,67149.68,1263993.368,0.5,0.5,,,,,
002594.SZ,20240311,188.0,199.9,188.0,198.74,188.09,10.65,5.6622,278080.46,5440726.383,0.5,0.5,,,,,
002594.SZ,20240312,201.0,206.66,197.77,205.1,198.74,6.36,3.2002,245028.92,4958824.423,0.5,0.5,,,,,
002594.SZ,20240313,206.92,210.4,205.83,206.36,205.1,1.26,0.6143,177812.91,3691839.469,0.5,0.5,,,,,
002594.SZ,20240314,208.42,215.36,208.42,212.08,206.36,5.72,2.7719,211352.19,4497086.17,0.5,0.5,,,,,
002594.SZ,20240315,210.0,211.38,206.18,209.47,212.08,-2.61,-1.2307,146628.02,3057950.744,0.5,0.5,,,,,
002594.SZ,20240318,211.85,218.25,211.61,218.03,209.47,8.56,4.0865,196981.82,4250885.884,0.5,0.5,,,,,
002594.SZ,20240319,218.03,219.85,214.39,216.8,218.03,-1.23,-0.5641,146972.68,3194716.173,0.5,0.5,,,,,
002594.SZ,20240320,217.01,220.78,217.01,218.48,216.8,1.68,0.7749,96805.23,2118610.339,0.5,0.5,,,,,
002594.SZ,20240321,218.92,219.8,217.0,218.95,218.48,0.47,0.2151,88667.09,1938901.108,0.5,0.5,,,,,
002594.SZ,20240322,218.95,218.97,215.2,216.95,218.95,-2.0,-0.9135,104671.61,2266796.544,0.5,0.5,,,,,
002594.SZ,20240325,216.37,217.79,212.85,214.2,216.95,-2.75,-1.2676,99109.4,2133902.462,0.5,0.5,,,,,
002594.SZ,20240326,216.0,219.99,215.27,219.6,214.2,5.4,2.521,131346.27,2864082.717,0.5,0.5,,,,,
002594.SZ,20240327,219.61,219.7,210.01,211.98,219.6,-7.62,-3.4699,188848.98,4058093.22,0.5,0.5,,,,,
002594.SZ,20240328,209.85,211.84,206.01,208.38,211.98,-3.6,-1.6983,159435.31,3327175.192,0.5,0.5,,,,,
002594.SZ,20240329,208.43,208.52,201.17,203.06,208.38,-5.32,-2.553,141381.08,2873380.486,0.5,0.5,,,,,
002594.SZ,20240401,203.06,212.98,203.06,212.01,203.06,8.95,4.4076,142909.27,2995671.851,0.5,0.5,,,,,
002594.SZ,20240402,212.01,217.3,211.8,212.34,212.01,0.33,0.1557,107584.79,2301699.126,0.5,0.5,,,,,
002594.SZ,20240403,210.5,211.11,207.55,208.16,212.34,-4.18,-1.9685,83633.79,1747159.207,0.5,0.5,,,,,
002594.SZ,20240408,207.0,215.0,206.39,212.0,208.16,3.84,1.8447,128227.18,2722271.578,0.5,0.5,,,,,
002594.SZ,20240409,211.75,214.99,211.35,212.08,212.0,0.08,0.0377,84208.46,1791256.313,0.5,0.5,,,,,
002594.SZ,20240410,214.3,214.5,210.0,211.84,212.08,-0.24,-0.1132,72410.85,1537375.543,0.5,0.5,,,,,
002594.SZ,20240411,209.0,215.44,207.8,212.98,211.84,1.14,0.5381,100853.95,2130444.828,0.5,0.5,,,,,
002594.SZ,20240412,212.0,217.19,209.54,210.6,212.98,-2.38,-1.1175,114917.89,2453371.047,0.5,0.5,,,,,
002594.SZ,20240415,210.0,215.5,209.09,213.62,210.6,3.02,1.434,113331.92,2418635.357,0.5,0.5,,,,,
002594.SZ,20240416,212.4,215.35,210.71,211.63,213.62,-1.99,-0.9316,98323.04,2090984.65,0.5,0.5,,,,,
002594.SZ,20240417,211.0,213.18,209.6,213.0,211.63,1.37,0.6474,96921.62,2046775.945,0.5,0.5,,,,,
002594.SZ,20240418,212.0,216.5,209.4,213.6,213.0,0.6,0.2817,133997.56,2863779.538,0.5,0.5,,,,,
002594.SZ,20240419,212.19,212.87,207.06,210.13,213.6,-3.47,-1.6245,111770.43,2342512.356,0.5,0.5,,,,,
002594.SZ,20240422,210.0,211.53,208.1,208.56,210.13,-1.57,-0.7472,64694.78,1353615.963,0.5,0.5,,,,,
002594.SZ,20240423,208.55,208.56,203.99,205.04,208.56,-3.52,-1.6878,87299.94,1793533.843,0.5,0.5,,,,,
002594.SZ,20240424,206.89,208.8,204.5,207.42,205.04,2.38,1.1607,74978.92,1546983.916,0.5,0.5,,,,,
002594.SZ,20240425,207.4,211.51,206.62,208.94,207.42,1.52,0.7328,94683.84,1980120.669,0.5,0.5,,,,,
002594.SZ,20240426,210.0,219.76,210.0,219.37,208.94,10.43,4.9919,253453.78,5502292.294,0.5,0.5,,,,,
002594.SZ,20240429,221.08,225.4,218.73,221.38,219.37,2.01,0.9163,191675.93,4256800.048,0.5,0.5,,,,,
002594.SZ,20240430,223.5,224.38,218.5,218.5,221.38,-2.88,-1.3009,115559.66,2542063.035,0.5,0.5,,,,,
002594.SZ,20240506,225.0,228.39,223.5,226.3,218.5,7.8,3.5698,186778.87,4226418.539,0.5,0.5,,,,,
002594.SZ,20240507,226.3,231.99,224.04,229.88,226.3,3.58,1.582,144190.48,3301364.34,0.5,0.5,,,,,
002594.SZ,20240508,228.54,228.88,226.0,226.23,229.88,-3.65,-1.5878,91131.78,2070673.827,0.5,0.5,,,,,
002594.SZ,20240509,226.3,228.4,226.15,228.15,226.23,1.92,0.8487,79007.35,1796491.173,0.5,0.5,,,,,
002594.SZ,20240510,227.0,229.52,226.0,227.8,228.15,-0.35,-0.1534,80613.3,1833828.036,0.5,0.5,,,,,
002594.SZ,20240513,225.2,227.36,222.58,225.7,227.8,-2.1,-0.9219,82481.16,1857506.899,0.5,0.5,,,,,
002594.SZ,20240514,225.71,227.57,224.11,224.91,225.7,-0.79,-0.35,62618.53,1414943.425,0.5,0.5,,,,,
002594.SZ,20240515,224.5,226.0,218.3,219.14,224.91,-5.77,-2.5655,99733.51,2204936.673,0.5,0.5,,,,,
002594.SZ,20240516,219.15,219.96,216.61,218.31,219.14,-0.83,-0.3788,87157.22,1901165.662,0.5,0.5,,,,,
002594.SZ,20240517,219.39,220.33,217.66,219.59,218.31,1.28,0.5863,71486.66,1564639.158,0.5,0.5,,,,,
002594.SZ,20240520,218.48,224.0,218.48,222.87,219.59,3.28,1.4937,75958.57,1688534.368,0.5,0.5,,,,,
002594.SZ,20240521,221.98,221.99,217.42,218.78,222.87,-4.09,-1.8352,84080.43,1838619.341,0.5,0.5,,,,,
002594.SZ,20240522,218.19,219.5,215.16,216.92,218.78,-1.86,-0.8502,88398.17,1916325.81,0.5,0.5,,,,,
002594.SZ,20240523,215.85,215.85,213.51,214.95,216.92,-1.97,-0.9082,62287.23,1336506.237,0.5,0.5,,,,,
002594.SZ,20240524,213.98,214.0,208.8,209.3,214.95,-5.65,-2.6285,102875.52,2166851.356,0.5,0.5,,,,,
002594.SZ,20240527,210.0,210.8,206.6,208.35,209.3,-0.95,-0.4539,76045.51,1580461.907,0.5,0.5,,,,,
002594.SZ,20240528,208.8,208.91,206.58,207.38,208.35,-0.97,-0.4656,60946.46,1265112.511,0.5,0.5,,,,,
002594.SZ,20240529,211.0,226.0,210.99,224.7,207.38,17.32,8.3518,302647.77,6633165.251,0.5,0.5,,,,,
002594.SZ,20240530,224.42,229.38,223.9,227.86,224.7,3.16,1.4063,223791.81,5070762.671,0.5,0.5,,,,,
002594.SZ,20240531,228.8,231.6,226.99,229.02,227.86,1.16,0.5091,185429.84,4264400.522,0.5,0.5,,,,,
002594.SZ,20240603,229.01,240.48,225.99,237.1,229.02,8.08,3.5281,270145.89,6370453.739,0.5,0.5,,,,,
002594.SZ,20240604,236.9,239.8,235.95,238.15,237.1,1.05,0.4429,157429.16,3744672.01,0.5,0.5,,,,,
002594.SZ,20240605,238.48,246.3,238.48,240.79,238.15,2.64,1.1085,194433.95,4732184.009,0.5,0.5,,,,,
002594.SZ,20240606,241.2,243.8,237.5,238.5,240.79,-2.29,-0.951,175865.42,4227834.836,0.5,0.5,,,,,
002594.SZ,20240607,239.03,241.39,232.13,235.5,238.5,-3.0,-1.2579,182593.98,4304211.409,0.5,0.5,,,,,
002594.SZ,20240611,234.63,246.0,234.33,244.63,235.5,9.13,3.8769,221596.93,5386278.076,0.5,0.5,,,,,
002594.SZ,20240612,241.63,247.55,241.63,242.9,244.63,-1.73,-0.7072,187331.97,4573251.957,0.5,0.5,,,,,
002594.SZ,20240613,248.8,258.28,248.11,252.99,242.9,10.09,4.154,292519.28,7423395.27,0.5,0.5,,,,,
002594.SZ,20240614,251.48,253.93,246.53,253.05,252.99,0.06,0.0237,202609.76,5066109.117,0.5,0.5,,,,,
002594.SZ,20240617,252.0,259.87,250.87,257.21,253.05,4.16,1.6439,208648.8,5371512.6,0.5,0.5,,,,,
002594.SZ,20240618,255.6,257.3,253.0,255.64,257.21,-1.57,-0.6104,128789.11,3282495.367,0.5,0.5,,,,,
002594.SZ,20240619,256.0,258.0,253.41,254.0,255.64,-1.64,-0.6415,99108.11,2529117.364,0.5,0.5,,,,,
002594.SZ,20240620,252.88,253.77,249.3,251.5,254.0,-2.5,-0.9843,116199.94,2921098.948,0.5,0.5,,,,,
002594.SZ,20240621,251.99,254.37,247.81,250.67,251.5,-0.83,-0.33,116330.12,2916085.594,0.5,0.5,,,,,
002594.SZ,20240624,250.0,253.98,247.78,249.94,250.67,-0.73,-0.2912,108423.02,2719528.81,0.5,0.5,,,,,
002594.SZ,20240625,252.0,258.74,250.36,254.01,249.94,4.07,1.6284,195746.43,4998561.939,0.5,0.5,,,,,
002594.SZ,20240626,252.0,254.3,249.38,252.72,254.01,-1.29,-0.5079,111916.76,2814435.214,0.5,0.5,,,,,
002594.SZ,20240627,251.02,252.36,248.42,249.5,252.72,-3.22,-1.2741,82910.84,2074271.452,0.5,0.5,,,,,
002594.SZ,20240628,248.0,252.13,246.88,250.25,249.5,0.75,0.3006,92982.07,2324520.984,0.5,0.5,,,,,
002594.SZ,20240701,250.25,251.85,242.5,246.8,250.25,-3.45,-1.3786,129273.32,3179627.87,0.5,0.5,,,,,
002594.SZ,20240702,246.87,247.7,243.05,243.97,246.8,-2.83,-1.1467,102627.37,2515326.295,0.5,0.5,,,,,
002594.SZ,20240703,243.96,245.38,240.0,243.1,243.97,-0.87,-0.3566,96574.03,2340645.421,0.5,0.5,,,,,
002594.SZ,20240704,245.0,249.69,244.5,244.63,243.1,1.53,0.6294,99196.34,2449191.851,0.5,0.5,,,,,
002594.SZ,20240705,243.17,244.5,238.88,242.03,244.63,-2.6,-1.0628,95664.78,2308221.433,0.5,0.5,,,,,
002594.SZ,20240708,241.8,248.22,241.18,244.99,242.03,2.96,1.223,105374.66,2591239.967,0.5,0.5,,,,,
002594.SZ,20240709,245.2,253.51,241.51,252.6,244.99,7.61,3.1062,140762.55,3506898.661,0.5,0.5,,,,,
002594.SZ,20240710,252.49,256.53,251.5,252.5,252.6,-0.1,-0.0396,109282.56,2767913.672,0.5,0.5,,,,,
002594.SZ,20240711,255.0,256.26,251.68,253.06,252.5,0.56,0.2218,100359.45,2546645.362,0.5,0.5,,,,,
002594.SZ,20240712,253.52,264.0,251.89,262.62,253.06,9.56,3.7778,188863.22,4891988.725,0.5,0.5,,,,,
002594.SZ,20240715,262.3,264.8,260.61,261.71,262.62,-0.91,-0.3465,98715.52,2590423.502,0.5,0.5,,,,,
002594.SZ,20240716,260.61,262.2,256.35,258.99,261.71,-2.72,-1.0393,117587.68,3043326.156,0.5,0.5,,,,,
002594.SZ,20240717,259.0,261.52,256.62,259.51,258.99,0.52,0.2008,105191.71,2726321.475,0.5,0.5,,,,,
002594.SZ,20240718,257.9,262.9,257.51,261.43,259.51,1.92,0.7399,95322.04,2487441.704,0.5,0.5,,,,,
002594.SZ,20240719,260.5,266.0,259.74,264.06,261.43,2.63,1.006,136213.79,3593320.512,0.5,0.5,,,,,
002594.SZ,20240722,264.1,270.1,264.1,265.61,264.06,1.55,0.587,100749.55,2688874.276,0.5,0.5,,,,,
002594.SZ,20240723,264.99,265.41,253.0,253.23,265.61,-12.38,-4.661,167410.49,4318283.785,0.5,0.5,,,,,
002594.SZ,20240724,253.23,255.15,248.49,249.99,253.23,-3.24,-1.2795,118640.05,2976544.505,0.5,0.5,,,,,
002594.SZ,20240725,249.97,254.54,247.5,250.39,249.99,0.4,0.16,101104.2,2533958.369,0.5,0.5,,,,,
002594.SZ,20240726,252.97,257.63,251.15,254.95,250.39,4.56,1.8212,124841.65,3180235.007,0.5,0.5,,,,,
002594.SZ,20240729,252.93,253.0,246.58,249.1,251.85,-2.75,-1.0919,78859.32,1960649.994,0.5,0.5,,,,,
002594.SZ,20240730,247.59,247.8,241.62,243.91,249.1,-5.19,-2.0835,110393.39,2686057.414,0.5,0.5,,,,,
002594.SZ,20240731,242.61,248.02,242.57,247.05,243.91,3.14,1.2874,87490.03,2153504.528,0.5,0.5,,,,,
002594.SZ,20240801,248.0,248.74,240.0,244.2,247.05,-2.85,-1.1536,103634.88,2519341.335,0.5,0.5,,,,,
002594.SZ,20240802,241.99,242.26,234.6,234.78,244.2,-9.42,-3.8575,145671.17,3453944.603,0.5,0.5,,,,,
002594.SZ,20240805,230.84,236.67,230.01,231.18,234.78,-3.6,-1.5334,105268.35,2457359.662,0.5,0.5,,,,,
002594.SZ,20240806,234.0,234.62,225.98,228.94,231.18,-2.24,-0.9689,129101.51,2955783.827,0.5,0.5,,,,,
002594.SZ,20240807,229.04,231.0,226.47,228.95,228.94,0.01,0.0044,82021.86,1882919.963,0.5,0.5,,,,,
002594.SZ,20240808,227.8,227.8,223.5,226.45,228.95,-2.5,-1.0919,85357.41,1925911.439,0.5,0.5,,,,,
002594.SZ,20240809,228.06,235.88,228.04,231.62,226.45,5.17,2.2831,119852.18,2790790.707,0.5,0.5,,,,,
002594.SZ,20240812,232.01,233.49,229.5,230.4,231.62,-1.22,-0.5267,53779.01,1242071.532,0.5,0.5,,,,,
002594.SZ,20240813,230.36,230.39,226.0,228.73,230.4,-1.67,-0.7248,60436.5,1378452.593,0.5,0.5,,,,,
002594.SZ,20240814,228.6,228.6,225.2,226.6,228.73,-2.13,-0.9312,56329.85,1276584.732,0.5,0.5,,,,,
002594.SZ,20240815,226.57,232.5,224.88,231.49,226.6,4.89,2.158,88545.38,2039684.342,0.5,0.5,,,,,
002594.SZ,20240816,232.11,238.32,230.5,235.11,231.49,3.62,1.5638,102218.58,2406276.094,0.5,0.5,,,,,
002594.SZ,20240819,235.25,238.98,235.01,235.42,235.11,0.31,0.1319,70182.42,1662452.527,0.5,0.5,,,,,
002594.SZ,20240820,236.0,237.33,233.43,236.48,235.42,1.06,0.4503,62484.22,1475807.676,0.5,0.5,,,,,
002594.SZ,20240821,234.66,243.13,232.0,241.0,236.48,4.52,1.9114,111043.38,2658947.674,0.5,0.5,,,,,
002594.SZ,20240822,241.0,242.77,239.62,240.52,241.0,-0.48,-0.1992,62488.45,1506260.848,0.5,0.5,,,,,
002594.SZ,20240823,239.8,241.3,238.15,239.34,240.52,-1.18,-0.4906,49786.02,1193437.03,0.5,0.5,,,,,
002594.SZ,20240826,239.5,243.0,237.71,239.41,239.34,0.07,0.0292,56513.42,1354660.288,0.5,0.5,,,,,
002594.SZ,20240827,237.51,241.28,236.5,240.8,239.41,1.39,0.5806,50926.46,1219258.016,0.5,0.5,,,,,
002594.SZ,20240828,240.27,240.28,232.8,236.85,240.8,-3.95,-1.6404,89040.7,2098577.19,0.5,0.5,,,,,
002594.SZ,20240829,233.33,236.5,231.3,234.85,236.85,-2.0,-0.8444,79384.87,1858678.051,0.5,0.5,,,,,
002594.SZ,20240830,237.98,251.79,237.26,249.42,234.85,14.57,6.204,193027.92,4764660.206,0.5,0.5,,,,,
002594.SZ,20240902,248.02,250.42,241.0,241.1,249.42,-8.32,-3.3357,101134.82,2468600.915,0.5,0.5,,,,,
002594.SZ,20240903,240.4,247.45,240.4,247.08,241.1,5.98,2.4803,101819.9,2497421.913,0.5,0.5,,,,,
002594.SZ,20240904,245.5,251.9,245.44,250.32,247.08,3.24,1.3113,100605.96,2506778.351,0.5,0.5,,,,,
002594.SZ,20240905,250.0,255.6,249.6,252.85,250.32,2.53,1.0107,100125.55,2542189.363,0.5,0.5,,,,,
002594.SZ,20240906,252.86,255.1,251.42,251.6,252.85,-1.25,-0.4944,78141.52,1982245.013,0.5,0.5,,,,,
002594.SZ,20240909,249.48,253.96,248.58,249.98,251.6,-1.62,-0.6439,70851.26,1774845.244,0.5,0.5,,,,,
002594.SZ,20240910,250.0,252.8,248.62,249.65,249.98,-0.33,-0.132,61248.29,1533462.724,0.5,0.5,,,,,
002594.SZ,20240911,250.0,260.6,249.44,258.1,249.65,8.45,3.3847,155361.48,4001603.969,0.5,0.5,,,,,
002594.SZ,20240912,258.7,260.0,257.0,257.01,258.1,-1.09,-0.4223,77251.08,1995755.899,0.5,0.5,,,,,
002594.SZ,20240913,257.2,258.0,254.85,254.99,257.01,-2.02,-0.786,56991.61,1458587.906,0.5,0.5,,,,,
002594.SZ,20240918,255.02,259.33,254.1,258.43,254.99,3.44,1.3491,66819.81,1715595.538,0.5,0.5,,,,,
002594.SZ,20240919,259.01,259.38,253.3,255.36,258.43,-3.07,-1.1879,91043.23,2326365.319,0.5,0.5,,,,,
002594.SZ,20240920,255.38,258.8,252.88,256.1,255.36,0.74,0.2898,89897.93,2292829.765,0.5,0.5,,,,,
002594.SZ,20240923,255.95,256.96,248.79,250.0,256.1,-6.1,-2.3819,107582.73,2712153.56,0.5,0.5,,,,,
002594.SZ,20240924,253.0,255.5,246.76,254.29,250.0,4.29,1.716,156494.54,3949080.823,0.5,0.5,,,,,
002594.SZ,20240925,258.0,269.66,257.66,262.8,254.29,8.51,3.3466,205710.34,5442651.982,0.5,0.5,,,,,
002594.SZ,20240926,264.0,269.7,262.1,269.61,262.8,6.81,2.5913,149066.41,3960197.854,0.5,0.5,,,,,
002594.SZ,20240927,273.0,291.99,271.5,283.99,269.61,14.38,5.3336,309922.4,8683447.958,0.5,0.5,,,,,
002594.SZ,20240930,290.0,308.08,290.0,307.31,283.99,23.32,8.2116,388804.59,11640545.413,0.5,0.5,,,,,
002594.SZ,20241008,338.04,338.04,307.31,327.38,307.31,20.07,6.5309,443439.39,14484952.068,0.5,0.5,,,,,
002594.SZ,20241009,315.0,320.71,300.5,305.69,327.38,-21.69,-6.6253,325918.58,10166970.123,0.5,0.5,,,,,
002594.SZ,20241010,310.0,322.0,309.98,315.89,305.69,10.2,3.3367,250166.87,7918647.496,0.5,0.5,,,,,
002594.SZ,20241011,314.02,314.02,296.01,300.05,315.89,-15.84,-5.0144,186418.49,5671879.377,0.5,0.5,,,,,
002594.SZ,20241014,300.99,309.98,300.2,307.0,300.05,6.95,2.3163,172364.82,5268100.405,0.5,0.5,,,,,
002594.SZ,20241015,305.5,308.38,298.0,298.0,307.0,-9.0,-2.9316,122149.02,3695577.335,0.5,0.5,,,,,
002594.SZ,20241016,293.0,295.98,287.0,289.79,298.0,-8.21,-2.755,150321.87,4362898.827,0.5,0.5,,,,,
002594.SZ,20241017,292.51,297.85,289.12,289.42,289.79,-0.37,-0.1277,102456.54,3005198.74,0.5,0.5,,,,,
002594.SZ,20241018,289.45,306.2,288.08,300.3,289.42,10.88,3.7592,191092.42,5674148.205,0.5,0.5,,,,,
002594.SZ,20241021,303.0,308.6,300.9,306.45,300.3,6.15,2.048,157816.02,4819617.233,0.5,0.5,,,,,
002594.SZ,20241022,305.0,310.12,303.0,304.75,306.45,-1.7,-0.5547,103732.66,3174859.559,0.5,0.5,,,,,
002594.SZ,20241023,304.75,311.8,302.68,308.88,304.75,4.13,1.3552,126695.0,3911383.612,0.5,0.5,,,,,
002594.SZ,20241024,308.88,309.97,302.58,303.68,308.88,-5.2,-1.6835,96885.14,2959755.261,0.5,0.5,,,,,
002594.SZ,20241025,304.0,311.8,304.0,308.14,303.68,4.46,1.4687,139820.37,4306245.201,0.5,0.5,,,,,
002594.SZ,20241028,309.0,309.0,301.75,305.1,308.14,-3.04,-0.9866,109324.39,3323177.977,0.5,0.5,,,,,
002594.SZ,20241029,309.0,310.28,303.8,305.4,305.1,0.3,0.0983,118545.61,3635542.203,0.5,0.5,,,,,
002594.SZ,20241030,303.0,307.51,301.5,305.55,305.4,0.15,0.0491,108448.2,3301164.357,0.5,0.5,,,,,
002594.SZ,20241031,302.01,302.99,293.0,293.19,305.55,-12.36,-4.0452,240851.99,7127704.551,0.5,0.5,,,,,
002594.SZ,20241101,293.2,295.6,290.1,290.31,293.19,-2.88,-0.9823,143040.86,4174457.395,0.5,0.5,,,,,
002594.SZ,20241104,296.0,308.92,295.61,306.98,290.31,16.67,5.7421,217318.89,6600399.617,0.5,0.5,,,,,
002594.SZ,20241105,304.06,308.44,300.5,307.5,306.98,0.52,0.1694,167819.98,5124245.709,0.5,0.5,,,,,
002594.SZ,20241106,308.0,309.75,298.0,300.36,307.5,-7.14,-2.322,184861.2,5611830.834,0.5,0.5,,,,,
002594.SZ,20241107,295.03,301.88,294.0,301.78,300.36,1.42,0.4728,150675.92,4484370.172,0.5,0.5,,,,,
002594.SZ,20241108,307.12,307.52,297.0,297.9,301.78,-3.88,-1.2857,166715.72,5022195.686,0.5,0.5,,,,,
002594.SZ,20241111,295.0,299.47,292.6,299.29,297.9,1.39,0.4666,180859.3,5349190.917,0.5,0.5,,,,,
002594.SZ,20241112,300.15,310.0,299.31,300.81,299.29,1.52,0.5079,246557.46,7520312.654,0.5,0.5,,,,,
002594.SZ,20241113,298.0,301.33,295.3,300.57,300.81,-0.24,-0.0798,145115.79,4326957.544,0.5,0.5,,,,,
002594.SZ,20241114,300.0,300.3,294.0,294.75,300.57,-5.82,-1.9363,124582.9,3690676.831,0.5,0.5,,,,,
002594.SZ,20241115,294.79,295.79,288.02,290.0,294.75,-4.75,-1.6115,153235.94,4471450.174,0.5,0.5,,,,,
002594.SZ,20241118,290.01,292.95,286.66,288.68,290.0,-1.32,-0.4552,116205.95,3364288.894,0.5,0.5,,,,,
002594.SZ,20241119,288.68,291.48,282.02,287.99,288.68,-0.69,-0.239,131946.69,3785016.71,0.5,0.5,,,,,
002594.SZ,20241120,288.01,290.4,285.5,288.46,287.99,0.47,0.1632,106016.93,3049973.686,0.5,0.5,,,,,
002594.SZ,20241121,288.47,288.49,284.0,286.0,288.46,-2.46,-0.8528,95532.94,2727230.001,0.5,0.5,,,,,
002594.SZ,20241122,285.5,285.86,278.0,278.49,286.0,-7.51,-2.6259,125141.78,3529973.029,0.5,0.5,,,,,
002594.SZ,20241125,283.0,289.36,280.89,283.0,278.49,4.51,1.6194,174533.15,4981714.332,0.5,0.5,,,,,
002594.SZ,20241126,280.0,286.0,277.88,281.01,283.0,-1.99,-0.7032,95206.45,2686423.189,0.5,0.5,,,,,
002594.SZ,20241127,279.28,281.0,277.0,281.0,281.01,-0.01,-0.0036,110002.81,3068303.752,0.5,0.5,,,,,
002594.SZ,20241128,281.2,281.56,273.0,274.58,281.0,-6.42,-2.2847,158589.22,4365779.157,0.5,0.5,,,,,
002594.SZ,20241129,273.0,277.88,272.05,274.83,274.58,0.25,0.091,128004.6,3516186.179,0.5,0.5,,,,,
002594.SZ,20241202,276.61,284.0,274.08,282.4,274.83,7.57,2.7544,151357.21,4255616.768,0.5,0.5,,,,,
002594.SZ,20241203,284.8,285.88,280.58,282.65,282.4,0.25,0.0885,91449.71,2585320.048,0.5,0.5,,,,,
002594.SZ,20241204,281.34,283.33,278.8,279.98,282.65,-2.67,-0.9446,85012.86,2389151.937,0.5,0.5,,,,,
002594.SZ,20241205,277.19,278.48,274.31,275.26,279.98,-4.72,-1.6858,90267.71,2486214.937,0.5,0.5,,,,,
002594.SZ,20241206,275.67,281.98,274.01,280.28,275.26,5.02,1.8237,124698.4,3469413.045,0.5,0.5,,,,,
002594.SZ,20241209,279.23,283.99,277.68,280.49,280.28,0.21,0.0749,92152.68,2590143.544,0.5,0.5,,,,,
002594.SZ,20241210,293.0,294.0,282.0,282.55,280.49,2.06,0.7344,175929.15,5057037.511,0.5,0.5,,,,,
002594.SZ,20241211,282.03,283.87,279.4,280.77,282.55,-1.78,-0.63,93359.88,2623997.226,0.5,0.5,,,,,
002594.SZ,20241212,280.1,283.68,278.4,283.68,280.77,2.91,1.0364,100133.95,2816818.035,0.5,0.5,,,,,
002594.SZ,20241213,281.33,281.62,276.42,276.51,283.68,-7.17,-2.5275,112358.63,3130392.699,0.5,0.5,,,,,
002594.SZ,20241216,276.52,278.18,273.58,274.95,276.51,-1.56,-0.5642,71490.26,1967314.539,0.5,0.5,,,,,
002594.SZ,20241217,274.92,285.66,273.98,282.8,274.95,7.85,2.8551,175682.07,4960329.886,0.5,0.5,,,,,
002594.SZ,20241218,283.25,286.88,282.63,284.65,282.8,1.85,0.6542,84106.38,2397657.885,0.5,0.5,,,,,
002594.SZ,20241219,281.81,286.94,280.0,285.4,284.65,0.75,0.2635,86728.52,2465377.214,0.5,0.5,,,,,
002594.SZ,20241220,285.01,286.75,280.2,280.2,285.4,-5.2,-1.822,96707.11,2730666.917,0.5,0.5,,,,,
002594.SZ,20241223,280.5,283.29,278.88,280.7,280.2,0.5,0.1784,81515.96,2291275.853,0.5,0.5,,,,,
002594.SZ,20241224,279.89,288.51,279.13,288.42,280.7,7.72,2.7503,142287.38,4072070.488,0.5,0.5,,,,,
002594.SZ,20241225,288.73,291.36,285.7,285.92,288.42,-2.5,-0.8668,83391.03,2405517.152,0.5,0.5,,,,,
002594.SZ,20241226,285.92,286.8,284.0,284.86,285.92,-1.06,-0.3707,67604.55,1928774.414,0.5,0.5,,,,,
002594.SZ,20241227,286.8,287.55,283.0,286.28,284.86,1.42,0.4985,78683.19,2249658.028,0.5,0.5,,,,,
002594.SZ,20241230,287.2,289.5,283.33,284.99,286.28,-1.29,-0.4506,82946.81,2371257.354,0.5,0.5,,,,,
002594.SZ,20241231,285.0,286.5,282.0,282.66,284.99,-2.33,-0.8176,77619.76,2201903.44,0.5,0.5,,,,,
002594.SZ,20250102,283.0,283.08,269.42,271.1,282.66,-11.56,-4.0897,168784.04,4624073.918,0.5,0.5,,,,,
002594.SZ,20250103,271.5,274.59,268.24,270.73,271.1,-0.37,-0.1365,99364.76,2693072.23,0.5,0.5,,,,,
002594.SZ,20250106,271.94,273.89,269.03,271.28,270.73,0.55,0.2032,82446.83,2236590.144,0.5,0.5,,,,,
002594.SZ,20250107,271.28,277.73,267.5,274.03,271.28,2.75,1.0137,95722.18,2627167.273,0.5,0.5,,,,,
002594.SZ,20250108,272.99,273.99,265.81,269.18,274.03,-4.85,-1.7699,109082.47,2933447.142,0.5,0.5,,,,,
002594.SZ,20250109,269.0,271.7,266.66,269.39,269.18,0.21,0.078,65612.88,1766873.664,0.5,0.5,,,,,
002594.SZ,20250110,269.0,270.39,264.78,266.02,269.39,-3.37,-1.251,80548.21,2147363.1,0.5,0.5,,,,,
002594.SZ,20250113,263.0,268.47,262.21,266.0,266.02,-0.02,-0.0075,67213.75,1787448.697,0.5,0.5,,,,,
002594.SZ,20250114,266.34,277.15,266.01,276.3,266.0,10.3,3.8722,125789.73,3438827.617,0.5,0.5,,,,,
002594.SZ,20250115,276.2,277.31,274.5,274.69,276.3,-1.61,-0.5827,62335.83,1718769.123,0.5,0.5,,,,,
002594.SZ,20250116,274.7,277.33,270.53,272.76,274.69,-1.93,-0.7026,72571.75,1984685.718,0.5,0.5,,,,,
002594.SZ,20250117,273.52,279.2,272.48,276.6,272.76,3.84,1.4078,86141.53,2376770.8,0.5,0.5,,,,,
002594.SZ,20250120,279.0,286.43,278.92,284.43,276.6,7.83,2.8308,135797.09,3863727.458,0.5,0.5,,,,,
002594.SZ,20250121,285.0,287.43,283.0,286.05,284.43,1.62,0.5696,76441.44,2184132.797,0.5,0.5,,,,,
002594.SZ,20250122,285.0,286.3,279.8,282.5,286.05,-3.55,-1.241,81056.89,2287303.62,0.5,0.5,,,,,
002594.SZ,20250123,284.98,285.0,277.0,277.11,282.5,-5.39,-1.908,96173.92,2690601.164,0.5,0.5,,,,,
002594.SZ,20250124,276.51,280.5,276.0,279.08,277.11,1.97,0.7109,68143.67,1898979.251,0.5,0.5,,,,,
002594.SZ,20250127,279.09,280.12,274.5,274.5,279.08,-4.58,-1.6411,63407.68,1755529.34,0.5,0.5,,,,,
002594.SZ,20250205,282.73,286.75,281.6,282.8,274.5,8.3,3.0237,145350.9,4128876.836,0.5,0.5,,,,,
002594.SZ,20250206,282.81,311.08,282.45,311.08,282.8,28.28,10.0,381458.68,11416508.784,0.5,0.5,,,,,
002594.SZ,20250207,320.0,330.0,314.0,326.9,311.08,15.82,5.0855,487075.26,15691989.048,0.5,0.5,,,,,
002594.SZ,20250210,326.91,332.0,321.58,330.13,326.9,3.23,0.9881,272711.4,8908518.537,0.5,0.5,,,,,
002594.SZ,20250211,339.3,340.3,326.01,329.9,330.13,-0.23,-0.0697,280363.56,9315885.53,0.5,0.5,,,,,
002594.SZ,20250212,327.5,346.94,322.65,345.05,329.9,15.15,4.5923,279357.22,9451048.634,0.5,0.5,,,,,
002594.SZ,20250213,341.2,346.35,339.5,341.3,345.05,-3.75,-1.0868,199839.85,6859997.621,0.5,0.5,,,,,
002594.SZ,20250214,341.52,359.6,341.52,356.05,341.3,14.75,4.3217,243644.61,8574633.633,0.5,0.5,,,,,
002594.SZ,20250217,356.05,358.8,344.5,348.5,356.05,-7.55,-2.1205,232015.09,8111345.839,0.5,0.5,,,,,
002594.SZ,20250218,351.4,363.48,348.84,356.22,348.5,7.72,2.2152,251797.38,8977762.526,0.5,0.5,,,,,
002594.SZ,20250219,353.52,360.0,353.0,358.5,356.22,2.28,0.6401,161917.82,5784129.67,0.5,0.5,,,,,
002594.SZ,20250220,363.48,367.66,358.2,362.78,358.5,4.28,1.1939,156937.17,5695876.655,0.5,0.5,,,,,
002594.SZ,20250221,366.0,386.5,365.23,383.0,362.78,20.22,5.5736,239292.45,9089497.618,0.5,0.5,,,,,
002594.SZ,20250224,385.0,388.66,373.48,376.28,383.0,-6.72,-1.7546,199407.47,7586289.374,0.5,0.5,,,,,
002594.SZ,20250225,370.0,380.0,368.81,372.49,376.28,-3.79,-1.0072,161102.52,6008878.409,0.5,0.5,,,,,
002594.SZ,20250226,372.49,375.8,365.0,372.1,372.49,-0.39,-0.1047,138528.96,5125594.765,0.5,0.5,,,,,
002594.SZ,20250227,382.0,383.99,371.01,375.5,372.1,3.4,0.9137,168446.14,6350435.99,0.5,0.5,,,,,
002594.SZ,20250228,371.1,374.77,359.01,361.82,375.5,-13.68,-3.6431,239304.29,8762214.822,0.5,0.5,,,,,
002594.SZ,20250303,369.0,370.0,357.79,360.21,361.82,-1.61,-0.445,152078.22,5524500.397,0.5,0.5,,,,,
002594.SZ,20250304,340.03,348.0,338.03,344.84,360.21,-15.37,-4.267,263453.3,9062924.96,0.5,0.5,,,,,
002594.SZ,20250305,347.0,355.19,347.0,353.96,344.84,9.12,2.6447,139068.86,4885879.812,0.5,0.5,,,,,
002594.SZ,20250306,360.18,362.17,357.0,358.93,353.96,4.97,1.4041,114600.99,4120637.645,0.5,0.5,,,,,
002594.SZ,20250307,358.9,361.0,355.24,356.4,358.93,-2.53,-0.7049,87584.13,3131517.605,0.5,0.5,,,,,
002594.SZ,20250310,355.9,357.39,349.0,351.0,356.4,-5.4,-1.5152,99176.6,3484351.089,0.5,0.5,,,,,
002594.SZ,20250311,345.0,351.77,344.88,350.38,351.0,-0.62,-0.1766,95369.97,3314689.326,0.5,0.5,,,,,
002594.SZ,20250312,354.45,359.88,351.0,351.0,350.38,0.62,0.177,129510.56,4593312.533,0.5,0.5,,,,,
002594.SZ,20250313,351.87,357.36,351.13,354.5,351.0,3.5,0.9972,102210.85,3624758.941,0.5,0.5,,,,,
002594.SZ,20250314,357.0,377.18,355.62,375.94,354.5,21.44,6.048,224697.18,8292987.454,0.5,0.5,,,,,
002594.SZ,20250317,382.32,383.0,375.96,380.25,375.94,4.31,1.1465,133068.87,5060211.613,0.5,0.5,,,,,
002594.SZ,20250318,388.55,390.0,380.01,384.57,380.25,4.32,1.1361,173338.78,6672881.109,0.5,0.5,,,,,
002594.SZ,20250319,384.53,399.0,382.54,397.07,384.57,12.5,3.2504,188351.5,7404859.765,0.5,0.5,,,,,
002594.SZ,20250320,400.0,403.4,395.99,399.99,397.07,2.92,0.7354,159412.84,6372989.565,0.5,0.5,,,,,
002594.SZ,20250321,393.01,393.31,370.0,372.0,399.99,-27.99,-6.9977,282106.76,10685254.371,0.5,0.5,,,,,
002594.SZ,20250324,377.0,378.5,367.86,375.36,372.0,3.36,0.9032,147894.05,5522974.12,0.5,0.5,,,,,
002594.SZ,20250325,377.98,379.6,368.98,369.59,375.36,-5.77,-1.5372,123085.36,4595791.802,0.5,0.5,,,,,
002594.SZ,20250326,369.59,379.0,368.0,376.01,369.59,6.42,1.7371,120204.84,4503762.855,0.5,0.5,,,,,
002594.SZ,20250327,376.1,391.28,376.09,386.5,376.01,10.49,2.7898,144394.37,5554865.371,0.5,0.5,,,,,
002594.SZ,20250328,386.5,390.8,381.5,382.5,386.5,-4.0,-1.0349,114939.82,4428715.749,0.5,0.5,,,,,
002594.SZ,20250331,380.0,383.28,374.0,374.9,382.5,-7.6,-1.9869,115783.91,4370400.299,0.5,0.5,,,,,
002594.SZ,20250401,377.77,377.87,364.36,365.5,374.9,-9.4,-2.5073,154071.99,5663384.88,0.5,0.5,,,,,
002594.SZ,20250402,365.0,365.67,358.88,360.5,365.5,-5.0,-1.368,117100.41,4226638.863,0.5,0.5,,,,,
002594.SZ,20250403,355.5,361.53,354.26,357.51,360.5,-2.99,-0.8294,101023.22,3618676.87,0.5,0.5,,,,,
002594.SZ,20250407,333.34,337.7,321.76,321.76,357.51,-35.75,-9.9997,273498.4,8911483.834,0.5,0.5,,,,,
002594.SZ,20250408,321.76,335.88,318.0,327.51,321.76,5.75,1.787,274643.51,8924529.993,0.5,0.5,,,,,
002594.SZ,20250409,319.8,328.0,313.66,324.6,327.51,-2.91,-0.8885,211938.56,6822376.377,0.5,0.5,,,,,
002594.SZ,20250410,334.5,347.06,334.0,336.4,324.6,11.8,3.6352,210895.78,7165511.481,0.5,0.5,,,,,
002594.SZ,20250411,337.0,357.55,336.4,354.98,336.4,18.58,5.5232,189944.93,6621821.827,0.5,0.5,,,,,
002594.SZ,20250414,363.2,363.7,355.6,359.0,354.98,4.02,1.1325,142069.17,5115484.103,0.5,0.5,,,,,
002594.SZ,20250415,364.6,365.0,357.33,359.97,359.0,0.97,0.2702,116515.57,4195947.009,0.5,0.5,,,,,
002594.SZ,20250416,356.62,357.0,348.1,352.15,359.97,-7.82,-2.1724,131827.93,4618462.218,0.5,0.5,,,,,
002594.SZ,20250417,349.94,353.45,346.67,349.68,352.15,-2.47,-0.7014,85288.64,2985985.219,0.5,0.5,,,,,
002594.SZ,20250418,347.9,347.9,344.0,346.0,349.68,-3.68,-1.0524,73860.13,2553879.767,0.5,0.5,,,,,
002594.SZ,20250421,346.0,349.87,345.24,348.76,346.0,2.76,0.7977,74953.41,2609226.235,0.5,0.5,,,,,
002594.SZ,20250422,348.76,356.93,346.78,354.84,348.76,6.08,1.7433,112122.06,3956085.869,0.5,0.5,,,,,
002594.SZ,20250423,377.0,378.0,367.23,371.99,354.84,17.15,4.8332,247926.89,9216822.11,0.5,0.5,,,,,
002594.SZ,20250424,372.48,374.6,363.35,366.0,371.99,-5.99,-1.6103,150892.11,5557113.199,0.5,0.5,,,,,
002594.SZ,20250425,370.0,375.3,368.1,370.83,366.0,4.83,1.3197,133869.42,4975314.905,0.5,0.5,,,,,
002594.SZ,20250428,367.13,367.13,356.56,360.0,370.83,-10.83,-2.9205,179783.2,6459136.36,0.5,0.5,,,,,
002594.SZ,20250429,359.1,360.63,353.0,355.0,360.0,-5.0,-1.3889,118983.07,4237606.41,0.5,0.5,,,,,
002594.SZ,20250430,354.9,354.93,349.3,353.09,355.0,-1.91,-0.538,130479.47,4599074.535,0.5,0.5,,,,,
002594.SZ,20250506,360.0,362.3,355.92,359.96,353.09,6.87,1.9457,148293.53,5326196.143,0.5,0.5,,,,,
002594.SZ,20250507,365.0,365.68,358.14,359.2,359.96,-0.76,-0.2111,108839.9,3937980.382,0.5,0.5,,,,,
002594.SZ,20250508,356.52,361.98,355.7,359.28,359.2,0.08,0.0223,83381.69,2994908.337,0.5,0.5,,,,,
002594.SZ,20250509,360.75,366.0,359.3,363.22,359.28,3.94,1.0966,143726.16,5218995.471,0.5,0.5,,,,,
002594.SZ,20250512,365.0,370.28,360.58,370.28,363.22,7.06,1.9437,161370.17,5890708.994,0.5,0.5,,,,,
002594.SZ,20250513,376.0,376.58,366.03,366.5,370.28,-3.78,-1.0208,131771.07,4874657.844,0.5,0.5,,,,,
002594.SZ,20250514,366.5,373.1,363.36,373.1,366.5,6.6,1.8008,135693.07,5012059.707,0.5,0.5,,,,,
002594.SZ,20250515,373.0,385.0,369.28,376.8,373.1,3.7,0.9917,208801.37,7894571.015,0.5,0.5,,,,,
002594.SZ,20250516,375.03,390.99,373.58,389.17,376.8,12.37,3.2829,229327.94,8858484.484,0.5,0.5,,,,,
002594.SZ,20250519,388.0,388.0,377.0,382.81,389.17,-6.36,-1.6342,161372.81,6159126.224,0.5,0.5,,,,,
002594.SZ,20250520,383.5,394.8,381.5,394.8,382.81,11.99,3.1321,172099.91,6705400.029,0.5,0.5,,,,,
002594.SZ,20250521,393.94,404.0,391.01,400.0,394.8,5.2,1.3171,199478.86,7967115.092,0.5,0.5,,,,,
002594.SZ,20250522,399.98,405.56,398.0,398.8,400.0,-1.2,-0.3,146362.8,5868800.084,0.5,0.5,,,,,
002594.SZ,20250523,399.0,416.98,398.13,405.0,398.8,6.2,1.5547,235574.18,9627525.188,0.5,0.5,,,,,
002594.SZ,20250526,401.81,403.0,380.0,381.0,405.0,-24.0,-5.9259,309550.63,12014228.946,0.5,0.5,,,,,
002594.SZ,20250527,375.88,381.0,368.88,372.41,381.0,-8.59,-2.2546,230275.44,8594833.865,0.5,0.5,,,,,
002594.SZ,20250528,372.41,372.95,362.07,362.88,372.41,-9.53,-2.559,177753.88,6513230.209,0.5,0.5,,,,,
002594.SZ,20250529,359.59,366.0,355.08,361.13,362.88,-1.75,-0.4823,192061.13,6942900.395,0.5,0.5,,,,,
002594.SZ,20250530,357.02,358.8,351.3,352.3,361.13,-8.83,-2.4451,190559.91,6733498.591,0.5,0.5,,,,,
002594.SZ,20250603,351.25,357.99,349.0,356.0,352.3,3.7,1.0502,181892.7,6453885.813,0.5,0.5,,,,,
002594.SZ,20250604,359.5,364.32,358.15,360.52,356.0,4.52,1.2697,146904.1,5311224.037,0.5,0.5,,,,,
002594.SZ,20250605,362.39,362.74,356.03,360.75,360.52,0.23,0.0638,108612.75,3908084.318,0.5,0.5,,,,,
002594.SZ,20250606,361.0,362.38,357.5,359.96,360.75,-0.79,-0.219,89697.68,3228098.168,0.5,0.5,,,,,
002594.SZ,20250609,356.12,356.41,345.11,348.14,359.96,-11.82,-3.2837,255091.34,8932441.523,0.5,0.5,,,,,
002594.SZ,20250610,349.6,355.0,348.23,353.13,348.14,4.99,1.4333,171785.88,6042960.183,0.5,0.5,,,,,
002594.SZ,20250611,354.01,365.98,354.01,361.99,353.13,8.86,2.509,203106.74,7326544.794,0.5,0.5,,,,,
002594.SZ,20250612,359.89,359.89,353.01,353.24,361.99,-8.75,-2.4172,144046.96,5117764.844,0.5,0.5,,,,,
002594.SZ,20250613,349.5,349.91,341.49,346.0,353.24,-7.24,-2.0496,210239.87,7256548.254,0.5,0.5,,,,,
002594.SZ,20250616,345.99,347.04,340.8,344.43,346.0,-1.57,-0.4538,102284.05,3508947.839,0.5,0.5,,,,,
002594.SZ,20250617,344.0,346.4,342.4,343.74,344.43,-0.69,-0.2003,70045.3,2408912.944,0.5,0.5,,,,,
002594.SZ,20250618,342.82,349.2,341.97,346.95,343.74,3.21,0.9338,102896.97,3565398.002,0.5,0.5,,,,,
002594.SZ,20250619,344.03,345.29,340.35,340.5,346.95,-6.45,-1.8591,100381.21,3437688.887,0.5,0.5,,,,,
002594.SZ,20250620,340.03,342.97,339.8,340.25,340.5,-0.25,-0.0734,73538.16,2507526.43,0.5,0.5,,,,,
002594.SZ,20250623,336.85,339.71,333.6,338.2,340.25,-2.05,-0.6025,94593.34,3185477.391,0.5,0.5,,,,,
002594.SZ,20250624,341.23,346.2,341.23,343.38,338.2,5.18,1.5316,144712.59,4979495.319,0.5,0.5,,,,,
002594.SZ,20250625,345.99,349.73,343.02,349.27,343.38,5.89,1.7153,125738.27,4352301.72,0.5,0.5,,,,,
002594.SZ,20250626,344.31,344.31,336.83,337.44,349.27,-11.83,-3.3871,204932.14,6967640.374,0.5,0.5,,,,,
002594.SZ,20250627,334.0,336.72,333.44,334.24,337.44,-3.2,-0.9483,138617.49,4633461.708,0.5,0.5,,,,,
002594.SZ,20250630,334.24,334.24,328.59,331.91,334.24,-2.33,-0.6971,144003.44,4768270.278,0.5,0.5,,,,,
002594.SZ,20250701,330.3,333.35,328.79,331.34,331.91,-0.57,-0.1717,88518.04,2931303.337,0.5,0.5,,,,,
002594.SZ,20250702,332.0,333.86,328.93,330.66,331.34,-0.68,-0.2052,93270.11,3083342.65,0.5,0.5,,,,,
002594.SZ,20250703,330.98,335.25,330.67,334.56,330.66,3.9,1.1795,123497.81,4123732.531,0.5,0.5,,,,,
002594.SZ,20250704,332.55,334.99,329.77,331.0,334.56,-3.56,-1.0641,104103.55,3454495.463,0.5,0.5,,,,,
002594.SZ,20250707,329.2,330.49,328.44,328.59,331.0,-2.41,-0.7281,88207.72,2901015.557,0.5,0.5,,,,,
002594.SZ,20250708,327.0,329.78,325.72,326.88,328.59,-1.71,-0.5204,116918.14,3825413.668,0.5,0.5,,,,,
002594.SZ,20250709,326.9,328.21,325.78,325.8,326.88,-1.08,-0.3304,121633.11,3969384.13,0.5,0.5,,,,,
002594.SZ,20250710,325.81,326.09,318.85,321.23,325.8,-4.57,-1.4027,210022.06,6741345.468,0.5,0.5,,,,,
002594.SZ,20250711,319.9,326.85,319.02,323.91,321.23,2.68,0.8343,168269.83,5456832.018,0.5,0.5,,,,,
002594.SZ,20250714,323.91,323.91,317.56,318.49,323.91,-5.42,-1.6733,172309.14,5502331.854,0.5,0.5,,,,,
002594.SZ,20250715,318.2,325.0,318.0,323.05,318.49,4.56,1.4318,162790.94,5252631.322,0.5,0.5,,,,,
002594.SZ,20250716,323.06,325.91,323.06,323.72,323.05,0.67,0.2074,110758.35,3594544.238,0.5,0.5,,,,,
002594.SZ,20250717,325.0,328.72,324.1,328.02,323.72,4.3,1.3283,156891.35,5138610.961,0.5,0.5,,,,,
002594.SZ,20250718,329.13,329.5,325.25,329.11,328.02,1.09,0.3323,136866.49,4482466.755,0.5,0.5,,,,,
002594.SZ,20250721,327.99,334.12,327.26,334.12,329.11,5.01,1.5223,153945.03,5102459.146,0.5,0.5,,,,,
002594.SZ,20250722,335.0,342.01,333.21,341.69,334.12,7.57,2.2657,214164.17,7227731.007,0.5,0.5,,,,,
002594.SZ,20250723,342.09,343.0,337.0,338.07,341.69,-3.62,-1.0594,158907.35,5395840.274,0.5,0.5,,,,,
002594.SZ,20250724,338.08,346.54,337.63,342.72,338.07,4.65,1.3755,189063.27,6489370.096,0.5,0.5,,,,,
002594.SZ,20250725,341.0,341.4,335.0,337.93,342.72,-4.79,-1.3976,157040.76,5307866.611,0.5,0.5,,,,,
002594.SZ,20250728,337.93,339.1,335.53,337.0,337.93,-0.93,-0.2752,117056.7,3947000.994,0.5,0.5,,,,,
002594.SZ,20250729,112.01,112.5,109.77,111.42,111.01,0.41,0.3693,387359.84,4322742.015,0.5,0.5,,,,,
002594.SZ,20250730,108.05,111.16,107.12,108.7,111.42,-2.72,-2.4412,524834.27,5743878.668,0.5,0.5,,,,,
002594.SZ,20250731,108.2,108.2,105.0,105.24,108.7,-3.46,-3.1831,599499.43,6344900.791,0.5,0.5,,,,,
002594.SZ,20250801,104.95,106.24,104.36,105.8,105.24,0.56,0.5321,362336.92,3816659.558,0.5,0.5,,,,,
002594.SZ,20250804,104.0,105.14,102.57,104.88,105.8,-0.92,-0.8696,412936.94,4293903.59,0.5,0.5,,,,,
002594.SZ,20250805,104.88,105.21,103.78,104.86,104.88,-0.02,-0.0191,338349.86,3539636.64,0.5,0.5,,,,,
002594.SZ,20250806,104.86,105.0,103.9,104.35,104.86,-0.51,-0.4864,305619.6,3184784.993,0.5,0.5,,,,,
002594.SZ,20250807,104.27,106.43,104.16,105.33,104.35,0.98,0.9391,428762.98,4526612.773,0.5,0.5,,,,,
002594.SZ,20250808,105.0,105.03,103.91,103.93,105.33,-1.4,-1.3292,326614.61,3405317.252,0.5,0.5,,,,,
002594.SZ,20250811,103.88,105.66,103.23,105.52,103.93,1.59,1.5299,356697.9,3741329.572,0.5,0.5,,,,,
002594.SZ,20250812,105.4,106.43,104.7,105.67,105.52,0.15,0.1422,312195.04,3302639.096,0.5,0.5,,,,,
002594.SZ,20250813,106.29,107.65,105.84,106.83,105.67,1.16,1.0978,459830.14,4908744.877,0.5,0.5,,,,,
002594.SZ,20250814,107.37,107.5,105.79,106.37,106.83,-0.46,-0.4306,419547.93,4478119.017,0.5,0.5,,,,,
002594.SZ,20250815,105.85,106.64,105.32,106.07,106.37,-0.3,-0.282,361353.46,3831047.052,0.5,0.5,,,,,
002594.SZ,20250818,105.66,109.49,105.66,108.37,106.07,2.3,2.1684,619251.73,6680761.816,0.5,0.5,,,,,
002594.SZ,20250819,108.67,108.92,107.18,107.63,108.37,-0.74,-0.6828,389735.19,4205349.329,0.5,0.5,,,,,
002594.SZ,20250820,107.18,108.26,106.01,108.25,107.63,0.62,0.576,385053.45,4130459.252,0.5,0.5,,,,,
002594.SZ,20250821,107.8,108.83,107.0,107.1,108.25,-1.15,-1.0624,449463.78,4843670.255,0.5,0.5,,,,,
002594.SZ,20250822,107.11,110.97,107.11,110.66,107.1,3.56,3.324,763120.05,8351469.726,0.5,0.5,,,,,
002594.SZ,20250825,111.31,112.49,110.31,111.61,110.66,0.95,0.8585,611627.58,6803182.883,0.5,0.5,,,,,
002594.SZ,20250826,111.75,114.69,110.71,113.75,111.61,2.14,1.9174,692915.85,7850511.029,0.5,0.5,,,,,
002594.SZ,20250827,113.96,114.06,110.66,110.68,113.75,-3.07,-2.6989,689746.93,7761766.931,0.5,0.5,,,,,
002594.SZ,20250828,109.39,110.19,107.11,109.32,110.68,-1.36,-1.2288,762521.99,8278465.956,0.5,0.5,,,,,
002594.SZ,20250829,108.88,116.59,108.12,114.06,109.32,4.74,4.3359,1144901.94,12973326.091,0.5,0.5,,,,,
002594.SZ,20250901,108.5,111.48,108.5,109.7,114.06,-4.36,-3.8225,1329867.38,14546890.247,0.5,0.5,,,,,
002594.SZ,20250902,108.79,111.1,108.6,110.02,109.7,0.32,0.2917,773224.1,8495472.755,0.5,0.5,,,,,
002594.SZ,20250903,110.5,110.73,107.01,107.21,110.02,-2.81,-2.5541,735223.27,7975948.716,0.5,0.5,,,,,
002594.SZ,20250904,106.59,107.09,103.71,104.0,107.21,-3.21,-2.9941,815740.74,8588835.881,0.5,0.5,,,,,
002594.SZ,20250905,103.86,107.5,103.11,107.26,104.0,3.26,3.1346,787523.85,8307907.948,0.5,0.5,,,,,
002594.SZ,20250908,106.15,107.13,105.51,106.25,107.26,-1.01,-0.9416,555923.45,5910440.232,0.5,0.5,,,,,
002594.SZ,20250909,106.0,107.2,105.27,105.49,106.25,-0.76,-0.7153,381636.22,4049249.507,0.5,0.5,,,,,
002594.SZ,20250910,105.52,106.45,105.02,105.2,105.49,-0.29,-0.2749,322368.95,3401353.898,0.5,0.5,,,,,
002594.SZ,20250911,105.25,106.6,104.89,106.59,105.2,1.39,1.3213,537781.49,5683446.689,0.5,0.5,,,,,
002594.SZ,20250912,106.6,107.58,105.9,105.91,106.59,-0.68,-0.638,455910.18,4859782.579,0.5,0.5,,,,,
002594.SZ,20250915,106.0,110.85,106.0,108.7,105.91,2.79,2.6343,974804.07,10620465.041,0.5,0.5,,,,,
002594.SZ,20250916,109.0,109.0,107.22,107.8,108.7,-0.9,-0.828,533160.21,5753437.964,0.5,0.5,,,,,
002594.SZ,20250917,108.2,112.0,108.2,110.99,107.8,3.19,2.9592,981239.71,10827682.692,0.5,0.5,,,,,
002594.SZ,20250918,110.99,112.8,108.56,109.71,110.99,-1.28,-1.1533,934013.8,10362193.293,0.5,0.5,,,,,
002594.SZ,20250919,109.8,110.8,109.0,109.09,109.71,-0.62,-0.5651,472977.48,5188176.204,0.5,0.5,,,,,
002594.SZ,20250922,108.87,108.91,107.15,107.99,109.09,-1.1,-1.0083,491559.23,5293961.578,0.5,0.5,,,,,
002594.SZ,20250923,107.45,107.69,104.64,105.6,107.99,-2.39,-2.2132,650962.62,6888232.046,0.5,0.5,,,,,
002594.SZ,20250924,105.0,105.83,104.0,105.71,105.6,0.11,0.1042,548162.27,5758922.305,0.5,0.5,,,,,
002594.SZ,20250925,105.34,108.8,104.87,107.5,105.71,1.79,1.6933,693482.04,7421942.405,0.5,0.5,,,,,
002594.SZ,20250926,107.45,111.23,107.0,107.29,107.5,-0.21,-0.1953,756612.07,8250492.997,0.5,0.5,,,,,
002594.SZ,20250929,107.0,109.14,106.39,108.61,107.29,1.32,1.2303,613983.68,6621874.267,0.5,0.5,,,,,
002594.SZ,20250930,108.19,109.98,107.76,109.21,108.61,0.6,0.5524,567755.5,6200518.75,0.5,0.5,,,,,
002594.SZ,20251009,108.67,112.48,108.07,110.6,109.21,1.39,1.2728,1008721.97,11196004.667,0.5,0.5,,,,,
002594.SZ,20251010,110.55,110.55,107.58,107.79,110.6,-2.81,-2.5407,590102.53,6420415.513,0.5,0.5,,,,,
002594.SZ,20251013,105.0,105.98,104.1,105.69,107.79,-2.1,-1.9482,744429.8,7841774.365,0.5,0.5,,,,,
002594.SZ,20251014,106.68,109.36,105.62,105.99,105.69,0.3,0.2838,767786.27,8244228.529,0.5,0.5,,,,,
002594.SZ,20251015,106.45,107.51,105.5,107.1,105.99,1.11,1.0473,475791.33,5063179.652,0.5,0.5,,,,,
002594.SZ,20251016,107.0,109.3,106.51,106.96,107.1,-0.14,-0.1307,523096.38,5628738.804,0.5,0.5,,,,,
002594.SZ,20251017,106.6,106.63,104.26,104.43,106.96,-2.53,-2.3654,625724.94,6576614.911,0.5,0.5,,,,,
002594.SZ,20251020,105.22,105.63,104.08,104.52,104.43,0.09,0.0862,355614.52,3721699.722,0.5,0.5,,,,,
002594.SZ,20251021,104.69,105.07,104.24,104.76,104.52,0.24,0.2296,299074.19,3133789.475,0.5,0.5,,,,,
002594.SZ,20251022,104.1,104.32,103.37,103.78,104.76,-0.98,-0.9355,357874.19,3715302.136,0.5,0.5,,,,,
002594.SZ,20251023,103.3,103.73,102.0,103.69,103.78,-0.09,-0.0867,378603.42,3889661.811,0.5,0.5,,,,,
002594.SZ,20251024,103.98,104.37,103.61,103.76,103.69,0.07,0.0675,305542.68,3173964.302,0.5,0.5,,,,,
002594.SZ,20251027,104.0,104.97,103.88,104.01,103.76,0.25,0.2409,345987.84,3607756.848,0.5,0.5,,,,,
002594.SZ,20251028,104.02,104.32,103.5,103.72,104.01,-0.29,-0.2788,265415.83,2755526.047,0.5,0.5,,,,,
002594.SZ,20251029,103.73,105.18,103.0,104.52,103.72,0.8,0.7713,397340.4,4128608.369,0.5,0.5,,,,,
002594.SZ,20251030,104.0,104.86,103.5,103.61,104.52,-0.91,-0.8706,358989.45,3733925.603,0.5,0.5,,,,,
002594.SZ,20251031,101.0,101.32,100.0,100.79,103.61,-2.82,-2.7217,637052.59,6418551.106,0.5,0.5,,,,,
002594.SZ,20251103,100.79,100.99,98.5,99.6,100.79,-1.19,-1.1807,551670.21,5472679.665,0.5,0.5,,,,,
002594.SZ,20251104,99.0,99.54,97.71,97.8,99.6,-1.8,-1.8072,435017.04,4274197.474,0.5,0.5,,,,,
002594.SZ,20251105,96.66,96.66,94.73,95.8,97.8,-2.0,-2.045,587215.1,5617215.879,0.5,0.5,,,,,
002594.SZ,20251106,95.58,97.75,95.4,97.52,95.8,1.72,1.7954,402003.67,3897723.836,0.5,0.5,,,,,
002594.SZ,20251107,97.0,98.15,96.83,97.2,97.52,-0.32,-0.3281,322560.73,3145817.991,0.5,0.5,,,,,
002594.SZ,20251110,97.35,100.35,97.35,99.39,97.2,2.19,2.2531,554876.9,5513238.813,0.5,0.5,,,,,
002594.SZ,20251111,99.5,99.78,98.14,98.71,99.39,-0.68,-0.6842,319857.88,3161124.11,0.5,0.5,,,,,
002594.SZ,20251112,98.8,98.99,97.54,97.77,98.71,-0.94,-0.9523,260643.35,2555847.684,0.5,0.5,,,,,
002594.SZ,20251113,97.01,100.5,97.01,99.83,97.77,2.06,2.107,579990.22,5759429.264,0.5,0.5,,,,,
002594.SZ,20251114,99.0,100.5,98.33,98.37,99.83,-1.46,-1.4625,342984.66,3396134.916,0.5,0.5,,,,,
002594.SZ,20251117,97.8,98.59,97.25,98.08,98.37,-0.29,-0.2948,207247.59,2029207.779,0.5,0.5,,,,,
002594.SZ,20251118,97.54,97.85,96.02,96.49,98.08,-1.59,-1.6211,304756.45,2949162.765,0.5,0.5,,,,,
002594.SZ,20251119,96.4,96.66,95.01,95.17,96.49,-1.32,-1.368,348292.35,3327809.284,0.5,0.5,,,,,
002594.SZ,20251120,95.17,95.5,93.5,93.61,95.17,-1.56,-1.6392,391810.87,3692348.085,0.5,0.5,,,,,
002594.SZ,20251121,92.49,94.39,91.7,92.7,93.61,-0.91,-0.9721,451713.13,4182916.493,0.5,0.5,,,,,
002594.SZ,20251124,93.1,94.41,92.2,93.93,92.7,1.23,1.3269,327302.13,3064736.739,0.5,0.5,,,,,
002594.SZ,20251125,94.0,95.38,93.7,93.91,93.93,-0.02,-0.0213,277488.87,2620855.758,0.5,0.5,,,,,
002594.SZ,20251126,94.75,95.44,94.45,95.09,93.91,1.18,1.2565,306576.97,2914626.393,0.5,0.5,,,,,
002594.SZ,20251127,94.6,95.16,94.22,94.29,95.09,-0.8,-0.8413,202279.96,1915349.541,0.5,0.5,,,,,
002594.SZ,20251128,94.6,95.23,94.2,95.17,94.29,0.88,0.9333,219350.62,2080615.71,0.5,0.5,,,,,
002594.SZ,20251201,95.39,96.3,95.14,95.77,95.17,0.6,0.6305,233712.72,2237016.414,0.5,0.5,,,,,
002594.SZ,20251202,96.42,97.8,96.25,96.62,95.77,0.85,0.8875,359217.46,3483571.735,0.5,0.5,,,,,
002594.SZ,20251203,96.64,96.65,94.89,95.05,96.62,-1.57,-1.6249,231572.84,2207429.346,0.5,0.5,,,,,
002594.SZ,20251204,94.92,95.29,94.2,95.24,95.05,0.19,0.1999,166141.64,1576759.405,0.5,0.5,,,,,
002594.SZ,20251205,95.29,96.22,94.71,95.98,95.24,0.74,0.777,211618.47,2021250.209,0.5,0.5,,,,,
002594.SZ,20251208,96.21,97.15,96.21,96.53,95.98,0.55,0.573,247804.98,2397261.754,0.5,0.5,,,,,
002594.SZ,20251209,96.21,96.66,95.7,96.03,96.53,-0.5,-0.518,163227.02,1568057.388,0.5,0.5,,,,,
002594.SZ,20251210,95.6,96.65,94.9,96.47,96.03,0.44,0.4582,198402.24,1902988.18,0.5,0.5,,,,,
002594.SZ,20251211,96.98,97.12,95.85,96.23,96.47,-0.24,-0.2488,250907.67,2422448.208,0.5,0.5,,,,,
002594.SZ,20251212,96.2,97.7,95.65,97.0,96.23,0.77,0.8002,554620.88,5390456.375,0.5,0.5,,,,,
002594.SZ,20251215,96.55,97.16,95.53,95.53,97.0,-1.47,-1.5155,293300.99,2824248.327,0.5,0.5,,,,,
002594.SZ,20251216,95.5,95.7,94.14,94.25,95.53,-1.28,-1.3399,258767.71,2450336.536,0.5,0.5,,,,,
002594.SZ,20251217,94.5,95.7,93.68,95.21,94.25,0.96,1.0186,272825.0,2584139.145,0.5,0.5,,,,,
002594.SZ,20251218,94.39,94.6,93.5,93.53,95.21,-1.68,-1.7645,252797.34,2376126.962,0.5,0.5,,,,,
002594.SZ,20251219,94.0,95.27,93.73,94.23,93.53,0.7,0.7484,272067.94,2573037.718,0.5,0.5,,,,,
002594.SZ,20251222,94.7,95.36,94.25,94.37,94.23,0.14,0.1486,206234.82,1952361.858,0.5,0.5,,,,,
002594.SZ,20251223,94.5,95.5,94.5,94.81,94.37,0.44,0.4662,236617.41,2247679.864,0.5,0.5,,,,,
002594.SZ,20251224,94.8,94.8,94.05,94.42,94.81,-0.39,-0.4113,192809.95,1819358.259,0.5,0.5,,,,,
002594.SZ,20251225,94.43,95.23,94.12,94.84,94.42,0.42,0.4448,182201.63,1725723.851,0.5,0.5,,,,,
002594.SZ,20251226,95.28,101.45,95.25,100.01,94.84,5.17,5.4513,1020958.95,10178557.962,0.5,0.5,,,,,
002594.SZ,20251229,100.5,101.3,99.6,100.21,100.01,0.2,0.2,519166.96,5209488.142,0.5,0.5,,,,,
002594.SZ,20251230,99.26,100.15,98.74,99.75,100.21,-0.46,-0.459,318756.38,3174697.986,0.5,0.5,,,,,
002594.SZ,20251231,99.98,100.2,97.38,97.72,99.75,-2.03,-2.0351,402858.87,3955310.311,0.5,0.5,,,,,
002594.SZ,20260105,98.4,99.48,97.9,98.11,97.72,0.39,0.3991,382625.21,3762797.878,0.5,0.5,,,,,
002594.SZ,20260106,98.22,100.5,98.12,99.99,98.11,1.88,1.9162,521784.86,5185026.166,0.5,0.5,,,,,
002594.SZ,20260107,99.96,99.96,97.06,97.6,99.99,-2.39,-2.3902,560848.81,5502570.731,0.5,0.5,,,,,
002594.SZ,20260108,97.2,97.2,96.33,96.88,97.6,-0.72,-0.7377,300654.75,2908439.429,0.5,0.5,,,,,
002594.SZ,20260109,97.05,97.95,96.9,97.01,96.88,0.13,0.1342,350340.58,3412630.185,0.5,0.5,,,,,
002594.SZ,20260112,97.01,98.0,96.3,97.47,97.01,0.46,0.4742,425257.19,4125432.529,0.5,0.5,,,,,
002594.SZ,20260113,99.0,99.6,96.88,97.19,97.47,-0.28,-0.2873,498722.72,4905229.942,0.5,0.5,,,,,
002594.SZ,20260114,96.81,97.74,95.51,96.1,97.19,-1.09,-1.1215,514749.73,4975154.616,0.5,0.5,,,,,
002594.SZ,20260115,96.08,96.64,95.6,95.67,96.1,-0.43,-0.4475,295635.46,2835803.09,0.5,0.5,,,,,
002594.SZ,20260116,96.7,97.44,95.6,95.86,95.67,0.19,0.1986,384588.02,3705328.916,0.5,0.5,,,,,
002594.SZ,20260119,96.81,97.3,95.77,96.19,95.86,0.33,0.3443,334927.15,3227653.862,0.5,0.5,,,,,
002594.SZ,20260120,96.22,96.26,94.68,94.74,96.19,-1.45,-1.5074,389149.47,3699337.566,0.5,0.5,,,,,
002594.SZ,20260121,94.01,94.94,94.0,94.1,94.74,-0.64,-0.6755,308333.93,2910327.666,0.5,0.5,,,,,
002594.SZ,20260122,94.72,95.13,93.89,94.12,94.1,0.02,0.0213,291014.25,2741536.605,0.5,0.5,,,,,
002594.SZ,20260123,94.24,94.36,93.51,93.65,94.12,-0.47,-0.4994,383302.72,3598066.421,0.5,0.5,,,,,
002594.SZ,20260126,93.65,93.66,92.5,92.63,93.65,-1.02,-1.0892,375459.61,3485372.554,0.5,0.5,,,,,
002594.SZ,20260127,92.67,92.99,91.8,91.81,92.63,-0.82,-0.8852,362980.92,3340756.01,0.5,0.5,,,,,
002594.SZ,20260128,91.8,93.5,90.01,93.34,91.81,1.53,1.6665,715566.18,6553150.013,0.5,0.5,,,,,
002594.SZ,20260129,92.66,92.92,91.61,92.31,93.34,-1.03,-1.1035,371824.81,3423462.525,0.5,0.5,,,,,
002594.SZ,20260130,92.27,92.27,90.7,90.89,92.31,-1.42,-1.5383,329175.6,3001871.204,0.5,0.5,,,,,
002594.SZ,20260202,88.0,89.09,86.97,87.05,90.89,-3.84,-4.2249,646973.85,5676850.727,0.5,0.5,,,,,
002594.SZ,20260203,87.2,87.4,85.88,87.37,87.05,0.32,0.3676,377826.85,3275997.179,0.5,0.5,,,,,
002594.SZ,20260204,86.99,89.33,86.45,89.14,87.37,1.77,2.0259,376504.71,3322530.225,0.5,0.5,,,,,
002594.SZ,20260205,88.5,91.23,88.33,90.11,89.14,0.97,1.0882,354240.31,3184480.193,0.5,0.5,,,,,
002594.SZ,20260206,89.39,90.66,89.0,89.82,90.11,-0.29,-0.3218,247087.79,2217096.985,0.5,0.5,,,,,
002594.SZ,20260209,90.5,90.65,89.83,90.06,89.82,0.24,0.2672,208179.51,1875980.039,0.5,0.5,,,,,
002594.SZ,20260210,90.0,91.57,89.84,90.81,90.06,0.75,0.8328,267604.81,2434219.975,0.5,0.5,,,,,
002594.SZ,20260211,90.88,92.95,90.88,92.28,90.81,1.47,1.6188,396949.59,3662117.779,0.5,0.5,,,,,
002594.SZ,20260212,92.29,92.35,91.08,91.16,92.28,-1.12,-1.2137,230313.32,2106032.227,0.5,0.5,,,,,
002594.SZ,20260213,90.05,91.09,89.88,90.27,91.16,-0.89,-0.9763,217338.87,1963579.417,0.5,0.5,,,,,
002594.SZ,20260224,91.98,91.99,90.61,90.87,90.27,0.6,0.6647,206444.58,1879888.761,0.5,0.5,,,,,
002594.SZ,20260225,90.89,92.79,90.89,91.45,90.87,0.58,0.6383,324780.1,2985714.58,0.5,0.5,,,,,
002594.SZ,20260226,91.4,91.4,89.61,89.85,91.45,-1.6,-1.7496,291018.94,2619922.211,0.5,0.5,,,,,
002594.SZ,20260227,89.4,89.94,89.1,89.32,89.85,-0.53,-0.5899,219340.83,1962319.079,0.5,0.5,,,,,
002594.SZ,20260302,88.0,97.25,87.72,96.79,89.32,7.47,8.3632,1435136.88,13507227.574,0.5,0.5,,,,,
002594.SZ,20260303,96.39,96.99,93.99,95.21,96.79,-1.58,-1.6324,865741.45,8272503.576,0.5,0.5,,,,,
002594.SZ,20260304,95.2,96.8,93.7,95.99,95.21,0.78,0.8192,700968.92,6674964.518,0.5,0.5,,,,,
002594.SZ,20260305,96.8,96.82,93.89,94.47,95.99,-1.52,-1.5835,552439.97,5235746.09,0.5,0.5,,,,,
002594.SZ,20260306,96.0,96.0,93.25,93.62,94.47,-0.85,-0.8998,503540.37,4743654.925,0.5,0.5,,,,,
002594.SZ,20260309,93.62,98.0,93.0,97.52,93.62,3.9,4.1658,1093408.99,10562485.735,0.5,0.5,,,,,
002594.SZ,20260310,97.18,97.49,96.08,96.6,97.52,-0.92,-0.9434,507462.43,4907397.251,0.5,0.5,,,,,
002594.SZ,20260311,96.75,100.34,95.67,99.22,96.6,2.62,2.7122,903743.75,8925093.668,0.5,0.5,,,,,
002594.SZ,20260312,99.23,100.69,98.7,99.1,99.22,-0.12,-0.1209,502523.57,4995016.177,0.5,0.5,,,,,
002594.SZ,20260313,99.0,100.79,98.3,99.67,99.1,0.57,0.5752,519764.82,5199004.697,0.5,0.5,,,,,
002594.SZ,20260316,99.67,105.0,98.79,104.62,99.67,4.95,4.9664,1087814.26,11184164.655,0.5,0.5,,,,,
002594.SZ,20260317,104.63,106.66,102.71,102.87,104.62,-1.75,-1.6727,841388.6,8793237.613,0.5,0.5,,,,,
002594.SZ,20260318,102.82,102.82,100.05,101.69,102.87,-1.18,-1.1471,617996.48,6257459.33,0.5,0.5,,,,,
002594.SZ,20260319,100.99,103.88,100.47,102.31,101.69,0.62,0.6097,531059.39,5450382.395,0.5,0.5,,,,,
002594.SZ,20260320,102.0,104.45,101.56,103.03,102.31,0.72,0.7037,628783.24,6495105.104,0.5,0.5,,,,,
002594.SZ,20260323,103.87,111.82,103.18,107.63,103.03,4.6,4.4647,1782445.51,19284919.429,0.5,0.5,,,,,
002594.SZ,20260324,108.4,108.4,104.93,106.64,107.63,-0.99,-0.9198,921446.17,9784806.491,0.5,0.5,,,,,
002594.SZ,20260325,106.72,107.66,105.28,106.6,106.64,-0.04,-0.0375,662664.89,7061311.678,0.5,0.5,,,,,
002594.SZ,20260326,106.62,107.68,102.7,103.14,106.6,-3.46,-3.2458,828120.67,8655663.075,0.5,0.5,,,,,
002594.SZ,20260327,103.99,105.89,102.75,105.3,103.14,2.16,2.0942,658454.64,6893710.026,0.5,0.5,,,,,
002594.SZ,20260330,103.51,108.0,103.25,106.05,105.3,0.75,0.7123,727557.23,7713482.118,0.5,0.5,,,,,
002594.SZ,20260331,107.0,108.49,105.1,105.25,106.05,-0.8,-0.7544,588659.01,6283345.063,0.5,0.5,,,,,
002594.SZ,20260401,105.9,106.5,102.37,102.65,105.25,-2.6,-2.4703,715198.11,7383168.512,0.5,0.5,,,,,
002594.SZ,20260402,102.49,103.48,100.5,101.65,102.65,-1.0,-0.9742,604349.47,6153958.208,0.5,0.5,,,,,
002594.SZ,20260403,101.8,102.3,99.0,99.01,101.65,-2.64,-2.5971,491745.16,4921224.066,0.5,0.5,,,,,
002594.SZ,20260407,99.5,99.77,97.45,97.98,99.01,-1.03,-1.0403,379697.46,3731963.03,0.5,0.5,,,,,
002594.SZ,20260408,98.5,101.28,98.11,101.22,97.98,3.24,3.3068,562818.4,5621410.29,0.5,0.5,,,,,
002594.SZ,20260409,100.21,100.21,98.81,99.03,101.22,-2.19,-2.1636,379062.93,3764528.22,0.5,0.5,,,,,
002594.SZ,20260410,99.39,102.2,99.03,101.67,99.03,2.64,2.6659,605731.35,6130392.652,0.5,0.5,,,,,
002594.SZ,20260413,101.57,104.99,100.81,104.25,101.67,2.58,2.5376,663135.98,6887089.022,0.5,0.5,,,,,
002594.SZ,20260414,103.0,104.19,102.5,103.82,104.25,-0.43,-0.4125,543342.83,5614541.232,0.5,0.5,,,,,
002594.SZ,20260415,103.82,104.77,102.5,103.03,103.82,-0.79,-0.7609,428719.17,4431952.62,0.5,0.5,,,,,
002594.SZ,20260416,103.28,105.97,103.28,105.54,103.03,2.51,2.4362,643661.46,6763624.067,0.5,0.5,,,,,
002594.SZ,20260417,104.99,105.46,103.12,103.78,105.54,-1.76,-1.6676,442047.63,4595671.718,0.5,0.5,,,,,
002594.SZ,20260420,103.78,103.95,102.62,102.91,103.78,-0.87,-0.8383,383676.96,3957213.043,0.5,0.5,,,,,
002594.SZ,20260421,102.91,103.19,101.33,101.53,102.91,-1.38,-1.341,432257.69,4398233.495,0.5,0.5,,,,,
002594.SZ,20260422,101.11,102.38,100.6,101.62,101.53,0.09,0.0886,343733.37,3485648.244,0.5,0.5,,,,,
002594.SZ,20260423,101.57,101.59,99.01,99.98,101.62,-1.64,-1.6139,492163.75,4915554.212,0.5,0.5,,,,,
002594.SZ,20260424,99.91,99.91,98.7,99.46,99.98,-0.52,-0.5201,337738.78,3348015.919,0.5,0.5,,,,,
002594.SZ,20260427,100.0,104.0,99.88,102.34,99.46,2.88,2.8956,601670.2,6169037.082,0.5,0.5,,,,,
002594.SZ,20260428,101.85,103.3,101.34,101.48,102.34,-0.86,-0.8403,361550.04,3687912.785,0.5,0.5,,,,,
002594.SZ,20260429,101.47,105.64,101.0,105.4,101.48,3.92,3.8628,1056557.81,11021927.729,0.5,0.5,,,,,
002594.SZ,20260430,104.54,105.45,102.37,102.98,105.4,-2.42,-2.296,600978.53,6206126.903,0.5,0.5,,,,,
002594.SZ,20260506,101.7,101.89,100.2,100.75,102.98,-2.23,-2.1655,670487.11,6746578.445,0.5,0.5,,,,,
002594.SZ,20260507,101.05,101.26,100.01,100.46,100.75,-0.29,-0.2878,468845.96,4708289.851,0.5,0.5,,,,,
002594.SZ,20260508,100.47,101.0,99.8,100.02,100.46,-0.44,-0.438,382157.5,3823821.998,0.5,0.5,,,,,
002594.SZ,20260511,100.02,100.73,99.0,100.44,100.02,0.42,0.4199,482810.04,4812920.715,0.5,0.5,,,,,
002594.SZ,20260512,99.97,100.1,99.1,99.23,100.44,-1.21,-1.2047,353441.29,3514548.836,0.5,0.5,,,,,
002594.SZ,20260513,99.23,99.25,97.81,98.6,99.23,-0.63,-0.6349,456193.52,4481395.884,0.5,0.5,,,,,
002594.SZ,20260514,99.0,100.0,98.45,98.73,98.6,0.13,0.1318,339179.88,3361151.176,0.5,0.5,,,,,
002594.SZ,20260515,98.0,98.03,96.26,96.3,98.73,-2.43,-2.4613,466217.23,4507893.858,0.5,0.5,,,,,
002594.SZ,20260518,95.34,95.94,94.3,94.51,96.3,-1.79,-1.8588,354613.17,3359745.463,0.5,0.5,,,,,
002594.SZ,20260519,94.51,96.08,93.8,96.0,94.51,1.49,1.5766,296184.39,2822346.576,0.5,0.5,,,,,
002594.SZ,20260520,95.3,95.49,93.3,93.36,96.0,-2.64,-2.75,415009.93,3900216.299,0.5,0.5,,,,,
002594.SZ,20260521,93.41,96.2,93.41,93.51,93.36,0.15,0.1607,373949.74,3540792.199,0.5,0.5,,,,,
002594.SZ,20260522,93.55,94.19,92.61,93.75,93.51,0.24,0.2567,268591.77,2510615.944,0.5,0.5,,,,,
002594.SZ,20260525,95.0,97.21,95.0,95.96,93.75,2.21,2.3573,405995.16,3900848.662,0.5,0.5,,,,,
002594.SZ,20260526,95.8,96.92,94.51,96.55,95.96,0.59,0.6148,386524.35,3720039.551,0.5,0.5,,,,,
002594.SZ,20260527,96.0,97.27,94.66,95.22,96.55,-1.33,-1.3775,362373.56,3467882.77,0.5,0.5,,,,,
002594.SZ,20260528,95.22,95.99,94.03,95.88,95.22,0.66,0.6931,314589.76,2991315.17,0.5,0.5,,,,,
002594.SZ,20260529,98.9,99.5,96.13,96.18,95.88,0.3,0.3129,606293.93,5901286.621,0.5,0.5,,,,,
002594.SZ,20260601,96.18,96.22,93.6,93.65,96.18,-2.53,-2.6305,445980.76,4207350.43,0.5,0.5,,,,,
002594.SZ,20260602,96.0,96.88,94.31,96.76,93.65,3.11,3.3209,554964.17,5321331.038,0.5,0.5,,,,,
002594.SZ,20260603,96.0,96.0,94.5,94.82,96.76,-1.94,-2.005,370433.74,3514157.745,0.5,0.5,,,,,
002594.SZ,20260604,93.6,94.39,93.1,93.44,94.82,-1.38,-1.4554,318711.74,2982999.607,0.5,0.5,,,,,
002594.SZ,20260605,93.52,94.0,92.3,93.01,93.44,-0.43,-0.4602,339968.97,3159266.076,0.5,0.5,,,,,
002594.SZ,20260608,91.0,92.02,90.3,91.19,93.01,-1.82,-1.9568,316843.95,2885879.183,0.5,0.5,,,,,
002594.SZ,20260609,91.22,91.92,90.03,91.89,91.19,0.7,0.7676,281926.95,2562232.96109,0.5,0.5,,,,,
002594.SZ,20260610,91.0,91.0,90.1,90.31,91.89,-1.58,-1.7194,241286.6,2182297.13741,0.5,0.5,,,,,
002594.SZ,20260611,90.1,90.8,88.88,89.8,90.31,-0.51,-0.5647,315087.34,2821436.89548,0.5,0.5,,,,,
300750.SZ,20210615,453.0,455.9,435.5,445.0,451.98,-6.98,-1.5443,102521.53,4562143.371,0.5,0.5,,,,,
300750.SZ,20210616,440.91,443.8,417.01,420.18,445.0,-24.82,-5.5775,139693.65,5989483.516,0.5,0.5,,,,,
300750.SZ,20210617,424.25,437.74,424.25,434.51,420.18,14.33,3.4104,102723.98,4433456.914,0.5,0.5,,,,,
300750.SZ,20210618,437.19,455.2,437.19,450.0,434.51,15.49,3.5649,156000.42,7001105.223,0.5,0.5,,,,,
300750.SZ,20210621,451.8,455.9,440.22,452.8,450.0,2.8,0.6222,120823.14,5452180.813,0.5,0.5,,,,,
300750.SZ,20210622,450.18,453.99,440.22,450.23,452.8,-2.57,-0.5676,88470.05,3966367.403,0.5,0.5,,,,,
300750.SZ,20210623,454.08,472.01,451.5,468.45,450.23,18.22,4.0468,124456.99,5774145.63,0.5,0.5,,,,,
300750.SZ,20210624,473.13,474.88,462.01,467.3,468.45,-1.15,-0.2455,92132.46,4302188.924,0.5,0.5,,,,,
300750.SZ,20210625,473.0,477.0,459.0,476.23,467.3,8.93,1.911,99555.34,4686222.357,0.5,0.5,,,,,
300750.SZ,20210628,476.22,502.98,468.31,493.9,476.23,17.67,3.7104,146439.27,7224070.341,0.5,0.5,,,,,
300750.SZ,20210629,513.65,519.6,504.22,508.51,493.9,14.61,2.9581,153401.8,7834685.995,0.5,0.5,,,,,
300750.SZ,20210630,509.01,542.0,498.0,534.8,508.51,26.29,5.17,144556.82,7574604.647,0.5,0.5,,,,,
300750.SZ,20210701,536.8,540.0,518.01,529.5,534.8,-5.3,-0.991,113247.0,5996925.819,0.5,0.5,,,,,
300750.SZ,20210702,524.13,535.16,509.66,519.59,529.5,-9.91,-1.8716,138717.18,7242849.769,0.5,0.5,,,,,
300750.SZ,20210705,515.0,528.68,508.07,519.27,519.35,-0.08,-0.0154,143514.99,7406241.681,0.5,0.5,,,,,
300750.SZ,20210706,520.0,540.97,501.91,515.23,519.27,-4.04,-0.778,180555.4,9395935.106,0.5,0.5,,,,,
300750.SZ,20210707,520.0,542.5,507.13,542.5,515.23,27.27,5.2928,181456.91,9654261.557,0.5,0.5,,,,,
300750.SZ,20210708,550.99,571.5,542.64,559.16,542.5,16.66,3.071,158790.12,8888330.054,0.5,0.5,,,,,
300750.SZ,20210709,558.99,558.99,534.55,545.88,559.16,-13.28,-2.375,156607.3,8521226.651,0.5,0.5,,,,,
300750.SZ,20210712,556.11,577.0,556.11,565.79,545.88,19.91,3.6473,154763.12,8772503.853,0.5,0.5,,,,,
300750.SZ,20210713,560.0,579.6,552.0,563.01,565.79,-2.78,-0.4913,136370.65,7678988.306,0.5,0.5,,,,,
300750.SZ,20210714,555.0,561.88,541.0,551.37,563.01,-11.64,-2.0675,125878.71,6965504.6,0.5,0.5,,,,,
300750.SZ,20210715,545.0,568.88,541.05,568.0,551.37,16.63,3.0161,137333.47,7628510.59,0.5,0.5,,,,,
300750.SZ,20210716,567.0,567.0,528.13,531.0,568.0,-37.0,-6.5141,178494.93,9719489.197,0.5,0.5,,,,,
300750.SZ,20210719,540.0,541.68,516.0,523.5,531.0,-7.5,-1.4124,180129.45,9474773.727,0.5,0.5,,,,,
300750.SZ,20210720,515.0,539.27,515.0,528.04,523.5,4.54,0.8672,130005.47,6869197.468,0.5,0.5,,,,,
300750.SZ,20210721,530.02,556.08,526.01,555.78,528.04,27.74,5.2534,182049.11,9878628.606,0.5,0.5,,,,,
300750.SZ,20210722,556.6,563.69,545.69,557.08,555.78,1.3,0.2339,108835.99,6027459.316,0.5,0.5,,,,,
300750.SZ,20210723,555.0,563.99,546.0,547.01,557.08,-10.07,-1.8076,93328.73,5157401.634,0.5,0.5,,,,,
300750.SZ,20210726,544.0,552.93,522.5,539.78,547.01,-7.23,-1.3217,127289.8,6852321.74,0.5,0.5,,,,,
300750.SZ,20210727,543.02,559.19,495.0,495.0,539.78,-44.78,-8.296,178460.33,9419312.665,0.5,0.5,,,,,
300750.SZ,20210728,496.0,533.3,496.0,525.05,495.0,30.05,6.0707,217247.43,11221667.797,0.5,0.5,,,,,
300750.SZ,20210729,546.0,557.74,529.0,556.8,525.05,31.75,6.047,186202.49,10167714.631,0.5,0.5,,,,,
300750.SZ,20210730,565.0,582.2,540.0,550.4,556.8,-6.4,-1.1494,201810.13,11332846.398,0.5,0.5,,,,,
300750.SZ,20210802,557.0,574.99,532.88,552.0,550.4,1.6,0.2907,182972.79,10131832.068,0.5,0.5,,,,,
300750.SZ,20210803,555.0,556.0,523.0,531.0,552.0,-21.0,-3.8043,122383.08,6535093.739,0.5,0.5,,,,,
300750.SZ,20210804,534.0,570.99,525.0,569.0,531.0,38.0,7.1563,174004.31,9647161.978,0.5,0.5,,,,,
300750.SZ,20210805,566.0,566.0,546.53,557.0,569.0,-12.0,-2.109,129792.33,7197921.132,0.5,0.5,,,,,
300750.SZ,20210806,564.79,567.0,539.0,543.88,557.0,-13.12,-2.3555,143712.45,7918384.463,0.5,0.5,,,,,
300750.SZ,20210809,532.0,532.5,502.99,516.0,543.88,-27.88,-5.1261,185831.11,9534234.24,0.5,0.5,,,,,
300750.SZ,20210810,511.01,519.19,499.0,510.5,516.0,-5.5,-1.0659,180168.53,9152881.562,0.5,0.5,,,,,
300750.SZ,20210811,510.0,523.0,504.88,517.25,510.5,6.75,1.3222,112364.34,5790098.627,0.5,0.5,,,,,
300750.SZ,20210812,512.01,512.99,494.0,502.0,517.25,-15.25,-2.9483,171161.84,8599262.131,0.5,0.5,,,,,
300750.SZ,20210813,480.0,529.9,480.0,502.05,502.0,0.05,0.01,277257.63,14085448.989,0.5,0.5,,,,,
300750.SZ,20210816,494.0,503.89,469.88,477.0,502.05,-25.05,-4.9895,220439.8,10620462.84,0.5,0.5,,,,,
300750.SZ,20210817,485.0,494.8,477.24,480.0,477.0,3.0,0.6289,156106.38,7586087.133,0.5,0.5,,,,,
300750.SZ,20210818,486.54,502.9,477.41,495.0,480.0,15.0,3.125,159574.81,7861906.061,0.5,0.5,,,,,
300750.SZ,20210819,502.0,509.73,484.0,503.0,495.0,8.0,1.6162,144535.18,7215253.955,0.5,0.5,,,,,
300750.SZ,20210820,499.0,499.2,482.5,494.11,503.0,-8.89,-1.7674,125276.06,6160678.537,0.5,0.5,,,,,
300750.SZ,20210823,505.0,523.22,502.01,521.9,494.11,27.79,5.6243,162244.31,8359923.041,0.5,0.5,,,,,
300750.SZ,20210824,516.4,540.1,515.12,523.0,521.9,1.1,0.2108,133137.12,7011227.15,0.5,0.5,,,,,
300750.SZ,20210825,524.0,532.2,511.2,530.24,523.0,7.24,1.3843,95303.47,4963866.861,0.5,0.5,,,,,
300750.SZ,20210826,539.98,558.94,520.89,521.0,530.24,-9.24,-1.7426,167982.55,8951110.526,0.5,0.5,,,,,
300750.SZ,20210827,520.0,524.0,502.0,507.5,521.0,-13.5,-2.5912,119581.57,6098898.952,0.5,0.5,,,,,
300750.SZ,20210830,507.45,525.8,498.86,505.24,507.5,-2.26,-0.4453,157143.33,8036791.726,0.5,0.5,,,,,
300750.SZ,20210831,511.94,511.94,485.85,494.87,505.24,-10.37,-2.0525,147620.87,7288932.626,0.5,0.5,,,,,
300750.SZ,20210901,492.0,494.0,471.5,488.71,494.87,-6.16,-1.2448,144626.75,7006043.909,0.5,0.5,,,,,
300750.SZ,20210902,492.0,496.11,485.78,493.5,488.71,4.79,0.9801,114648.87,5637614.465,0.5,0.5,,,,,
300750.SZ,20210903,498.0,503.88,480.88,486.5,493.5,-7.0,-1.4184,112820.23,5523301.032,0.5,0.5,,,,,
300750.SZ,20210906,493.0,518.0,483.0,516.1,486.5,29.6,6.0843,147919.57,7471544.141,0.5,0.5,,,,,
300750.SZ,20210907,515.0,526.66,510.0,514.01,516.1,-2.09,-0.405,94222.32,4866454.172,0.5,0.5,,,,,
300750.SZ,20210908,519.0,523.58,500.0,503.0,514.01,-11.01,-2.142,97393.95,4960557.751,0.5,0.5,,,,,
300750.SZ,20210909,509.5,518.98,490.8,507.2,503.0,4.2,0.835,110162.09,5541869.353,0.5,0.5,,,,,
300750.SZ,20210910,493.44,503.78,490.68,502.1,507.2,-5.1,-1.0055,112969.36,5625272.662,0.5,0.5,,,,,
300750.SZ,20210913,502.1,512.1,496.0,502.8,502.1,0.7,0.1394,89689.66,4498932.655,0.5,0.5,,,,,
300750.SZ,20210914,507.12,541.0,502.92,529.9,502.8,27.1,5.3898,233836.57,12347086.768,0.5,0.5,,,,,
300750.SZ,20210915,530.0,531.99,511.81,525.35,529.9,-4.55,-0.8587,105014.54,5470153.2,0.5,0.5,,,,,
300750.SZ,20210916,523.0,523.0,498.0,498.0,525.35,-27.35,-5.2061,112604.08,5712849.969,0.5,0.5,,,,,
300750.SZ,20210917,497.0,509.0,492.13,503.0,498.0,5.0,1.004,81938.37,4095076.761,0.5,0.5,,,,,
300750.SZ,20210922,494.6,501.0,488.1,493.31,503.0,-9.69,-1.9264,64239.2,3170987.21,0.5,0.5,,,,,
300750.SZ,20210923,504.86,504.86,491.8,492.99,493.31,-0.32,-0.0649,79714.21,3955499.103,0.5,0.5,,,,,
300750.SZ,20210924,494.87,512.51,490.5,499.98,492.99,6.99,1.4179,102624.92,5155614.316,0.5,0.5,,,,,
300750.SZ,20210927,505.0,519.8,499.79,513.5,499.98,13.52,2.7041,144962.64,7441411.134,0.5,0.5,,,,,
300750.SZ,20210928,512.0,517.95,498.2,500.43,513.5,-13.07,-2.5453,92225.05,4682091.359,0.5,0.5,,,,,
300750.SZ,20210929,496.0,511.8,494.0,502.51,500.43,2.08,0.4156,93954.64,4739177.462,0.5,0.5,,,,,
300750.SZ,20210930,505.0,532.5,502.01,525.73,502.51,23.22,4.6208,167142.35,8696962.248,0.5,0.5,,,,,
300750.SZ,20211008,534.0,550.07,522.9,534.0,525.73,8.27,1.5731,125169.25,6710477.515,0.5,0.5,,,,,
300750.SZ,20211011,535.0,537.6,518.06,521.0,534.0,-13.0,-2.4345,78308.88,4112416.011,0.5,0.5,,,,,
300750.SZ,20211012,521.58,522.62,498.88,505.0,521.0,-16.0,-3.071,95906.83,4879529.812,0.5,0.5,,,,,
300750.SZ,20211013,505.0,522.5,504.0,522.26,505.0,17.26,3.4178,76522.44,3950317.431,0.5,0.5,,,,,
300750.SZ,20211014,525.0,534.88,525.0,532.3,522.26,10.04,1.9224,78415.54,4161069.009,0.5,0.5,,,,,
300750.SZ,20211015,532.0,578.87,528.1,569.0,532.3,36.7,6.8946,229512.99,12822713.734,0.5,0.5,,,,,
300750.SZ,20211018,581.0,595.24,570.0,595.02,569.0,26.02,4.5729,186702.16,10933506.377,0.5,0.5,,,,,
300750.SZ,20211019,604.0,614.98,585.0,590.6,595.02,-4.42,-0.7428,150889.55,8990013.549,0.5,0.5,,,,,
300750.SZ,20211020,595.0,613.38,587.0,589.5,590.6,-1.1,-0.1863,124665.83,7444464.95,0.5,0.5,,,,,
300750.SZ,20211021,590.0,599.0,580.0,596.0,589.5,6.5,1.1026,101422.97,6008461.971,0.5,0.5,,,,,
300750.SZ,20211022,605.98,605.98,590.33,601.4,596.0,5.4,0.906,110216.03,6612493.209,0.5,0.5,,,,,
300750.SZ,20211025,612.0,625.16,603.33,610.77,601.4,9.37,1.558,140520.9,8636989.621,0.5,0.5,,,,,
300750.SZ,20211026,635.76,638.48,595.93,597.99,610.77,-12.78,-2.0924,148276.92,9075608.784,0.5,0.5,,,,,
300750.SZ,20211027,597.99,615.04,593.17,615.04,597.99,17.05,2.8512,135485.74,8191755.889,0.5,0.5,,,,,
300750.SZ,20211028,625.0,635.0,602.93,607.2,615.04,-7.84,-1.2747,172828.68,10650216.882,0.5,0.5,,,,,
300750.SZ,20211029,615.29,645.49,598.94,639.22,607.2,32.02,5.2734,202687.02,12687999.698,0.5,0.5,,,,,
300750.SZ,20211101,641.0,679.0,631.13,650.0,639.22,10.78,1.6864,221796.59,14502525.103,0.5,0.5,,,,,
300750.SZ,20211102,655.0,665.76,648.0,658.0,650.0,8.0,1.2308,131407.89,8630072.694,0.5,0.5,,,,,
300750.SZ,20211103,651.0,656.02,628.0,640.0,658.0,-18.0,-2.7356,127606.3,8165156.864,0.5,0.5,,,,,
300750.SZ,20211104,648.0,655.0,636.05,646.85,640.0,6.85,1.0703,92010.09,5951843.6,0.5,0.5,,,,,
300750.SZ,20211105,639.0,649.78,633.99,634.09,646.85,-12.76,-1.9726,85550.85,5465118.685,0.5,0.5,,,,,
300750.SZ,20211108,637.0,664.98,631.0,660.8,634.09,26.71,4.2123,122695.65,8026800.882,0.5,0.5,,,,,
300750.SZ,20211109,667.74,668.0,653.13,663.28,660.8,2.48,0.3753,66745.83,4413176.64,0.5,0.5,,,,,
300750.SZ,20211110,651.13,656.47,635.0,648.0,663.28,-15.28,-2.3037,127398.26,8216658.651,0.5,0.5,,,,,
300750.SZ,20211111,651.0,665.13,650.1,655.85,648.0,7.85,1.2114,77014.13,5069135.677,0.5,0.5,,,,,
300750.SZ,20211112,657.0,661.86,633.92,641.0,655.85,-14.85,-2.2642,114201.5,7312301.472,0.5,0.5,,,,,
300750.SZ,20211115,640.99,640.99,607.96,620.0,641.0,-21.0,-3.2761,140075.99,8684428.486,0.5,0.5,,,,,
300750.SZ,20211116,620.0,625.12,607.0,614.97,620.0,-5.03,-0.8113,84335.13,5202056.654,0.5,0.5,,,,,
300750.SZ,20211117,623.0,630.43,617.56,625.88,614.97,10.91,1.7741,75616.43,4721304.801,0.5,0.5,,,,,
300750.SZ,20211118,625.88,636.66,613.59,626.0,625.88,0.12,0.0192,75272.74,4697499.805,0.5,0.5,,,,,
300750.SZ,20211119,631.0,639.0,620.05,639.0,626.0,13.0,2.0767,84567.9,5343617.369,0.5,0.5,,,,,
300750.SZ,20211122,644.99,681.0,642.11,681.0,639.0,42.0,6.5728,153089.91,10215261.575,0.5,0.5,,,,,
300750.SZ,20211123,680.31,680.31,666.0,672.0,681.0,-9.0,-1.3216,99311.74,6671378.514,0.5,0.5,,,,,
300750.SZ,20211124,670.17,675.8,650.34,658.8,672.0,-13.2,-1.9643,85503.54,5653890.107,0.5,0.5,,,,,
300750.SZ,20211125,653.0,658.5,645.29,654.0,658.8,-4.8,-0.7286,58220.28,3798078.532,0.5,0.5,,,,,
300750.SZ,20211126,651.0,668.8,651.0,658.0,654.0,4.0,0.6116,58502.22,3865245.64,0.5,0.5,,,,,
300750.SZ,20211129,654.0,684.5,653.0,679.8,658.0,21.8,3.3131,114652.61,7758115.212,0.5,0.5,,,,,
300750.SZ,20211130,684.76,685.66,673.33,680.0,679.8,0.2,0.0294,71881.31,4874671.005,0.5,0.5,,,,,
300750.SZ,20211201,680.0,684.99,664.11,672.0,680.0,-8.0,-1.1765,69845.71,4696868.393,0.5,0.5,,,,,
300750.SZ,20211202,671.98,689.2,669.0,688.0,672.0,16.0,2.381,91789.56,6268320.478,0.5,0.5,,,,,
300750.SZ,20211203,688.96,692.0,671.0,687.0,688.0,-1.0,-0.1453,80781.64,5501798.477,0.5,0.5,,,,,
300750.SZ,20211206,676.1,680.2,656.0,657.28,687.0,-29.72,-4.3261,112612.15,7509355.191,0.5,0.5,,,,,
300750.SZ,20211207,662.0,663.0,612.2,629.0,657.28,-28.28,-4.3026,221391.47,13913426.092,0.5,0.5,,,,,
300750.SZ,20211208,634.79,644.78,626.25,639.0,629.0,10.0,1.5898,118866.02,7580712.087,0.5,0.5,,,,,
300750.SZ,20211209,639.0,640.0,622.9,633.8,639.0,-5.2,-0.8138,134272.09,8443913.158,0.5,0.5,,,,,
300750.SZ,20211210,622.22,653.36,621.18,639.95,633.8,6.15,0.9703,213844.18,13738235.947,0.5,0.5,,,,,
300750.SZ,20211213,639.9,660.66,630.08,658.36,639.95,18.41,2.8768,160827.78,10409792.154,0.5,0.5,,,,,
300750.SZ,20211214,657.34,657.34,643.98,651.01,658.36,-7.35,-1.1164,87810.8,5704000.135,0.5,0.5,,,,,
300750.SZ,20211215,649.43,661.0,646.95,649.0,651.01,-2.01,-0.3088,70480.16,4606545.054,0.5,0.5,,,,,
300750.SZ,20211216,657.3,657.3,647.08,655.06,649.0,6.06,0.9337,61502.22,4018260.859,0.5,0.5,,,,,
300750.SZ,20211217,651.01,653.99,639.7,651.19,655.06,-3.87,-0.5908,136490.81,8863377.8,0.5,0.5,,,,,
300750.SZ,20211220,649.0,649.0,607.68,610.21,651.19,-40.98,-6.2931,155113.52,9648533.093,0.5,0.5,,,,,
300750.SZ,20211221,606.0,614.69,594.08,604.07,610.21,-6.14,-1.0062,125657.8,7553655.489,0.5,0.5,,,,,
300750.SZ,20211222,608.8,617.0,603.0,610.24,604.07,6.17,1.0214,83618.4,5103433.201,0.5,0.5,,,,,
300750.SZ,20211223,618.98,630.8,612.08,622.07,610.24,11.83,1.9386,79718.19,4954754.967,0.5,0.5,,,,,
300750.SZ,20211224,624.0,625.25,563.0,576.8,622.07,-45.27,-7.2773,246080.84,14321299.32,0.5,0.5,,,,,
300750.SZ,20211227,574.2,587.99,573.5,578.6,576.8,1.8,0.3121,101835.43,5915820.121,0.5,0.5,,,,,
300750.SZ,20211228,578.0,587.28,569.91,585.0,578.6,6.4,1.1061,96595.74,5589310.23,0.5,0.5,,,,,
300750.SZ,20211229,585.0,585.99,569.78,575.55,585.0,-9.45,-1.6154,99639.63,5731323.286,0.5,0.5,,,,,
300750.SZ,20211230,577.0,596.29,575.57,590.0,575.55,14.45,2.5106,124209.46,7323088.709,0.5,0.5,,,,,
300750.SZ,20211231,598.3,605.99,582.0,588.0,590.0,-2.0,-0.339,93711.17,5540408.92,0.5,0.5,,,,,
300750.SZ,20220104,606.0,607.0,561.0,568.88,588.0,-19.12,-3.2517,174568.45,9975828.427,0.5,0.5,,,,,
300750.SZ,20220105,566.4,566.88,540.0,547.5,568.88,-21.38,-3.7583,166578.81,9167983.226,0.5,0.5,,,,,
300750.SZ,20220106,538.51,547.0,531.79,541.47,547.5,-6.03,-1.1014,138826.02,7480050.944,0.5,0.5,,,,,
300750.SZ,20220107,550.0,556.0,528.0,539.9,541.47,-1.57,-0.29,131694.68,7135966.663,0.5,0.5,,,,,
300750.SZ,20220110,534.98,549.0,524.24,538.4,539.9,-1.5,-0.2778,148629.06,7964179.734,0.5,0.5,,,,,
300750.SZ,20220111,541.11,549.9,536.41,536.7,538.4,-1.7,-0.3158,84722.77,4582697.695,0.5,0.5,,,,,
300750.SZ,20220112,551.0,569.96,550.9,565.04,536.7,28.34,5.2804,191641.63,10752974.048,0.5,0.5,,,,,
300750.SZ,20220113,571.0,582.0,554.74,565.0,565.04,-0.04,-0.0071,138997.42,7924626.26,0.5,0.5,,,,,
300750.SZ,20220114,557.06,580.8,556.0,577.4,565.0,12.4,2.1947,116128.18,6663124.572,0.5,0.5,,,,,
300750.SZ,20220117,588.86,608.5,578.8,606.85,577.4,29.45,5.1005,143528.44,8591412.091,0.5,0.5,,,,,
300750.SZ,20220118,606.85,607.77,586.0,586.8,606.85,-20.05,-3.3039,107016.72,6345099.027,0.5,0.5,,,,,
300750.SZ,20220119,589.5,595.0,558.5,569.99,586.8,-16.81,-2.8647,144874.39,8273655.033,0.5,0.5,,,,,
300750.SZ,20220120,566.0,578.0,563.35,569.13,569.99,-0.86,-0.1509,80653.61,4600905.692,0.5,0.5,,,,,
300750.SZ,20220121,563.0,579.6,552.0,569.49,569.13,0.36,0.0633,99173.98,5620817.937,0.5,0.5,,,,,
300750.SZ,20220124,564.0,592.26,559.01,580.99,569.49,11.5,2.0194,115621.29,6686725.178,0.5,0.5,,,,,
300750.SZ,20220125,573.21,583.33,565.0,565.6,580.99,-15.39,-2.6489,71992.29,4119696.709,0.5,0.5,,,,,
300750.SZ,20220126,571.8,590.6,566.5,587.5,565.6,21.9,3.872,116036.76,6718821.593,0.5,0.5,,,,,
300750.SZ,20220127,585.0,594.99,570.0,574.99,587.5,-12.51,-2.1294,129481.88,7546107.243,0.5,0.5,,,,,
300750.SZ,20220128,594.6,604.0,570.44,592.6,574.99,17.61,3.0627,243317.34,14395957.436,0.5,0.5,,,,,
300750.SZ,20220207,606.0,609.98,574.18,579.44,592.6,-13.16,-2.2207,145288.59,8588397.059,0.5,0.5,,,,,
300750.SZ,20220208,579.44,579.44,521.82,540.86,579.44,-38.58,-6.6582,206502.97,11166726.687,0.5,0.5,,,,,
300750.SZ,20220209,539.0,550.9,527.0,547.2,540.86,6.34,1.1722,114947.12,6212329.182,0.5,0.5,,,,,
300750.SZ,20220210,551.8,552.0,499.89,518.1,547.2,-29.1,-5.318,292335.87,14959750.643,0.5,0.5,,,,,
300750.SZ,20220211,506.0,513.58,489.0,489.99,518.1,-28.11,-5.4256,239798.47,11994983.924,0.5,0.5,,,,,
300750.SZ,20220214,486.0,512.89,485.06,508.0,489.99,18.01,3.6756,196285.64,9914026.667,0.5,0.5,,,,,
300750.SZ,20220215,519.0,530.33,511.0,527.0,508.0,19.0,3.7402,151508.28,7915477.348,0.5,0.5,,,,,
300750.SZ,20220216,528.0,542.43,523.99,530.8,527.0,3.8,0.7211,127067.94,6783859.294,0.5,0.5,,,,,
300750.SZ,20220217,529.98,543.5,525.58,535.0,530.8,4.2,0.7913,107472.19,5758516.46,0.5,0.5,,,,,
300750.SZ,20220218,530.0,535.0,522.98,527.5,535.0,-7.5,-1.4019,113847.79,5993089.911,0.5,0.5,,,,,
300750.SZ,20220221,526.5,526.5,505.47,510.0,527.5,-17.5,-3.3175,156306.31,8011219.92,0.5,0.5,,,,,
300750.SZ,20220222,506.65,508.0,492.37,504.0,510.0,-6.0,-1.1765,136328.51,6788745.089,0.5,0.5,,,,,
300750.SZ,20220223,506.0,519.05,502.48,519.0,504.0,15.0,2.9762,154332.3,7922652.049,0.5,0.5,,,,,
300750.SZ,20220224,508.0,521.58,501.0,507.7,519.0,-11.3,-2.1773,161600.23,8252994.692,0.5,0.5,,,,,
300750.SZ,20220225,521.0,535.0,520.89,528.8,507.7,21.1,4.156,169672.38,8978907.317,0.5,0.5,,,,,
300750.SZ,20220228,524.0,536.5,524.0,533.36,528.8,4.56,0.8623,99657.01,5284369.459,0.5,0.5,,,,,
300750.SZ,20220301,539.2,548.08,530.0,536.18,533.36,2.82,0.5287,97490.32,5244201.447,0.5,0.5,,,,,
300750.SZ,20220302,531.0,531.79,508.88,513.84,536.18,-22.34,-4.1665,134129.32,6925800.187,0.5,0.5,,,,,
300750.SZ,20220303,517.2,518.8,506.97,512.99,513.84,-0.85,-0.1654,86989.27,4456406.594,0.5,0.5,,,,,
300750.SZ,20220304,505.0,509.0,488.0,491.79,512.99,-21.2,-4.1326,162833.5,8081812.311,0.5,0.5,,,,,
300750.SZ,20220307,475.0,485.0,454.01,454.89,491.79,-36.9,-7.5032,245992.64,11425969.374,0.5,0.5,,,,,
300750.SZ,20220308,463.98,466.46,443.01,455.45,454.89,0.56,0.1231,227540.6,10355465.375,0.5,0.5,,,,,
300750.SZ,20220309,456.0,474.0,448.0,473.47,455.45,18.02,3.9565,234574.19,10851981.839,0.5,0.5,,,,,
300750.SZ,20220310,490.0,505.55,485.31,490.81,473.47,17.34,3.6623,239616.93,11860996.849,0.5,0.5,,,,,
300750.SZ,20220311,480.83,495.0,474.1,493.55,490.81,2.74,0.5583,171021.72,8275317.081,0.5,0.5,,,,,
300750.SZ,20220314,483.0,487.23,463.0,463.0,493.55,-30.55,-6.1898,162910.14,7715325.213,0.5,0.5,,,,,
300750.SZ,20220315,461.0,481.29,450.6,463.2,463.0,0.2,0.0432,212686.88,9944131.722,0.5,0.5,,,,,
300750.SZ,20220316,476.2,503.47,468.49,503.1,463.2,39.9,8.614,282236.53,13816433.731,0.5,0.5,,,,,
300750.SZ,20220317,517.5,535.0,515.1,524.5,503.1,21.4,4.2536,276300.79,14545565.578,0.5,0.5,,,,,
300750.SZ,20220318,519.0,524.47,504.0,510.5,524.5,-14.0,-2.6692,163918.07,8401871.659,0.5,0.5,,,,,
300750.SZ,20220321,520.0,534.2,517.6,520.0,510.5,9.5,1.8609,136340.76,7164824.307,0.5,0.5,,,,,
300750.SZ,20220322,520.0,520.0,507.0,513.0,520.0,-7.0,-1.3462,102282.57,5229898.248,0.5,0.5,,,,,
300750.SZ,20220323,520.0,522.98,509.9,515.29,513.0,2.29,0.4464,84109.66,4336729.378,0.5,0.5,,,,,
300750.SZ,20220324,509.95,517.68,498.38,514.0,515.29,-1.29,-0.2503,84805.8,4303359.299,0.5,0.5,,,,,
300750.SZ,20220325,511.92,518.18,502.0,502.07,514.0,-11.93,-2.321,92836.39,4724122.668,0.5,0.5,,,,,
300750.SZ,20220328,508.88,508.88,478.08,487.0,502.07,-15.07,-3.0016,149465.12,7277413.365,0.5,0.5,,,,,
300750.SZ,20220329,487.0,500.0,482.0,486.9,487.0,-0.1,-0.0205,112359.47,5508775.198,0.5,0.5,,,,,
300750.SZ,20220330,492.0,519.0,492.0,519.0,486.9,32.1,6.5927,162169.79,8276504.323,0.5,0.5,,,,,
300750.SZ,20220331,515.15,518.0,503.15,512.3,519.0,-6.7,-1.2909,96239.22,4899473.611,0.5,0.5,,,,,
300750.SZ,20220401,508.0,524.5,505.13,518.9,512.3,6.6,1.2883,95182.41,4923473.198,0.5,0.5,,,,,
300750.SZ,20220406,516.52,518.0,503.0,508.17,518.9,-10.73,-2.0678,85428.1,4336158.375,0.5,0.5,,,,,
300750.SZ,20220407,500.55,505.0,487.05,495.22,508.17,-12.95,-2.5484,119580.82,5909983.777,0.5,0.5,,,,,
300750.SZ,20220408,492.7,504.87,489.0,495.0,495.22,-0.22,-0.0444,93571.3,4635752.788,0.5,0.5,,,,,
300750.SZ,20220411,475.27,478.0,452.1,459.0,495.0,-36.0,-7.2727,207382.05,9541686.135,0.5,0.5,,,,,
300750.SZ,20220412,460.77,472.78,460.5,472.0,459.0,13.0,2.8322,124982.01,5825410.117,0.5,0.5,,,,,
300750.SZ,20220413,465.89,481.8,462.0,466.0,472.0,-6.0,-1.2712,95231.22,4479994.702,0.5,0.5,,,,,
300750.SZ,20220414,475.0,476.0,454.0,459.8,466.0,-6.2,-1.3305,137523.7,6360122.75,0.5,0.5,,,,,
300750.SZ,20220415,451.14,456.99,432.77,450.86,459.8,-8.94,-1.9443,199891.04,8854163.487,0.5,0.5,,,,,
300750.SZ,20220418,442.0,451.98,435.3,451.0,450.86,0.14,0.0311,119576.17,5318801.159,0.5,0.5,,,,,
300750.SZ,20220419,450.46,459.58,438.45,440.26,451.0,-10.74,-2.3814,143821.33,6429594.317,0.5,0.5,,,,,
300750.SZ,20220420,439.01,443.0,405.78,407.0,440.26,-33.26,-7.5546,311996.15,12923538.889,0.5,0.5,,,,,
300750.SZ,20220421,411.88,417.5,398.9,409.11,407.0,2.11,0.5184,211165.68,8609961.842,0.5,0.5,,,,,
300750.SZ,20220422,408.0,423.18,405.0,415.34,409.11,6.23,1.5228,201366.51,8387810.458,0.5,0.5,,,,,
300750.SZ,20220425,397.8,406.1,390.0,390.1,415.34,-25.24,-6.0769,213165.08,8439172.173,0.5,0.5,,,,,
300750.SZ,20220426,386.11,392.0,377.0,377.0,390.1,-13.1,-3.3581,185105.1,7103865.395,0.5,0.5,,,,,
300750.SZ,20220427,367.0,408.76,366.74,407.05,377.0,30.05,7.9708,316124.06,12266669.602,0.5,0.5,,,,,
300750.SZ,20220428,399.98,402.5,382.0,387.5,407.05,-19.55,-4.8028,259177.27,10137614.863,0.5,0.5,,,,,
300750.SZ,20220429,394.0,409.98,375.02,409.35,387.5,21.85,5.6387,336476.57,13205553.635,0.5,0.5,,,,,
300750.SZ,20220505,365.0,385.28,353.0,376.0,409.35,-33.35,-8.1471,602772.07,22255526.266,0.5,0.5,,,,,
300750.SZ,20220506,362.0,386.73,361.82,375.99,376.0,-0.01,-0.0027,240800.95,9064522.986,0.5,0.5,,,,,
300750.SZ,20220509,374.0,376.96,363.71,368.5,375.99,-7.49,-1.9921,166680.32,6152776.454,0.5,0.5,,,,,
300750.SZ,20220510,359.3,385.0,357.14,379.17,368.5,10.67,2.8955,244377.91,9143581.643,0.5,0.5,,,,,
300750.SZ,20220511,379.97,418.78,379.5,409.75,379.17,30.58,8.065,317539.74,12827256.128,0.5,0.5,,,,,
300750.SZ,20220512,404.4,409.2,397.88,403.51,409.75,-6.24,-1.5229,134208.05,5425822.344,0.5,0.5,,,,,
300750.SZ,20220513,407.0,418.45,400.51,414.8,403.51,11.29,2.7979,148546.35,6105079.498,0.5,0.5,,,,,
300750.SZ,20220516,416.99,427.8,407.01,407.01,414.8,-7.79,-1.878,143878.09,5996721.4,0.5,0.5,,,,,
300750.SZ,20220517,409.98,424.58,408.25,422.56,407.01,15.55,3.8205,138898.53,5834497.816,0.5,0.5,,,,,
300750.SZ,20220518,424.44,426.0,414.44,419.0,422.56,-3.56,-0.8425,107120.14,4495183.512,0.5,0.5,,,,,
300750.SZ,20220519,414.45,421.9,408.66,419.0,419.0,0.0,0.0,126329.56,5249401.699,0.5,0.5,,,,,
300750.SZ,20220520,428.0,432.0,417.5,426.9,419.0,7.9,1.8854,158267.54,6751273.074,0.5,0.5,,,,,
300750.SZ,20220523,426.9,426.9,410.0,416.7,426.9,-10.2,-2.3893,137917.72,5750871.727,0.5,0.5,,,,,
300750.SZ,20220524,413.66,413.67,401.83,402.04,416.7,-14.66,-3.5181,150126.8,6109883.602,0.5,0.5,,,,,
300750.SZ,20220525,404.5,406.06,394.5,398.98,402.04,-3.06,-0.7611,139348.82,5567079.615,0.5,0.5,,,,,
300750.SZ,20220526,398.49,401.83,388.88,390.01,398.98,-8.97,-2.2482,140598.1,5535883.499,0.5,0.5,,,,,
300750.SZ,20220527,396.0,409.14,392.13,394.4,390.01,4.39,1.1256,187801.91,7541807.254,0.5,0.5,,,,,
300750.SZ,20220530,402.29,407.2,398.8,401.8,394.4,7.4,1.8763,125295.44,5046715.321,0.5,0.5,,,,,
300750.SZ,20220531,399.9,411.99,393.5,408.0,401.8,6.2,1.5431,177995.22,7205121.141,0.5,0.5,,,,,
300750.SZ,20220601,410.1,431.0,406.0,425.03,408.0,17.03,4.174,191784.59,8078892.456,0.5,0.5,,,,,
300750.SZ,20220602,422.78,443.78,421.01,436.8,425.03,11.77,2.7692,174477.74,7640886.792,0.5,0.5,,,,,
300750.SZ,20220606,437.0,469.01,437.0,465.99,436.8,29.19,6.6827,190378.06,8745175.35,0.5,0.5,,,,,
300750.SZ,20220607,465.19,466.99,450.8,459.0,465.99,-6.99,-1.5,127595.09,5850493.85,0.5,0.5,,,,,
300750.SZ,20220608,456.0,460.0,425.99,460.0,459.0,1.0,0.2179,405414.28,17870045.928,0.5,0.5,,,,,
300750.SZ,20220609,445.01,448.0,430.5,431.35,460.0,-28.65,-6.2283,202557.38,8867551.604,0.5,0.5,,,,,
300750.SZ,20220610,427.97,455.8,427.97,454.0,431.35,22.65,5.251,247663.36,11049948.03,0.5,0.5,,,,,
300750.SZ,20220613,444.01,454.18,438.26,443.03,454.0,-10.97,-2.4163,186215.82,8285211.256,0.5,0.5,,,,,
300750.SZ,20220614,438.22,442.6,428.7,441.82,443.03,-1.21,-0.2731,174810.68,7624999.753,0.5,0.5,,,,,
300750.SZ,20220615,452.0,478.0,446.11,465.66,441.82,23.84,5.3959,378619.47,17488407.041,0.5,0.5,,,,,
300750.SZ,20220616,466.0,474.11,454.51,460.3,465.66,-5.36,-1.1511,240202.26,11103375.0,0.5,0.5,,,,,
300750.SZ,20220617,452.3,490.68,451.22,486.06,460.3,25.76,5.5964,282938.69,13595198.658,0.5,0.5,,,,,
300750.SZ,20220620,493.83,516.11,493.83,506.52,486.06,20.46,4.2094,251142.85,12753850.233,0.5,0.5,,,,,
300750.SZ,20220621,504.0,512.88,496.11,507.85,506.52,1.33,0.2626,145666.08,7338298.828,0.5,0.5,,,,,
300750.SZ,20220622,514.0,522.25,506.9,507.0,507.85,-0.85,-0.1674,146631.73,7542601.019,0.5,0.5,,,,,
300750.SZ,20220623,515.0,536.97,511.88,536.97,507.0,29.97,5.9112,177138.62,9275986.878,0.5,0.5,,,,,
300750.SZ,20220624,548.0,563.5,529.79,563.5,536.97,26.53,4.9407,193012.35,10593589.951,0.5,0.5,,,,,
300750.SZ,20220627,563.99,564.97,544.99,549.0,563.5,-14.5,-2.5732,166239.83,9200423.08,0.5,0.5,,,,,
300750.SZ,20220628,545.0,549.36,525.1,544.0,549.0,-5.0,-0.9107,186432.67,9996283.502,0.5,0.5,,,,,
300750.SZ,20220629,532.99,542.5,525.99,532.54,544.0,-11.46,-2.1066,145829.86,7781239.268,0.5,0.5,,,,,
300750.SZ,20220630,532.52,539.8,526.67,534.0,532.54,1.46,0.2742,130761.19,6974435.836,0.5,0.5,,,,,
300750.SZ,20220701,532.98,536.0,517.7,522.64,534.0,-11.36,-2.1273,122927.8,6449278.118,0.5,0.5,,,,,
300750.SZ,20220704,510.01,525.67,510.0,522.0,522.64,-0.64,-0.1225,121932.09,6343210.12,0.5,0.5,,,,,
300750.SZ,20220705,524.5,536.17,512.68,523.87,522.0,1.87,0.3582,154594.04,8098493.521,0.5,0.5,,,,,
300750.SZ,20220706,527.11,533.48,514.58,522.0,523.87,-1.87,-0.357,130813.52,6860550.182,0.5,0.5,,,,,
300750.SZ,20220707,531.85,554.55,531.0,550.0,522.0,28.0,5.364,246014.36,13437832.045,0.5,0.5,,,,,
300750.SZ,20220708,555.0,564.97,535.23,541.0,550.0,-9.0,-1.6364,165770.09,9078792.373,0.5,0.5,,,,,
300750.SZ,20220711,534.24,535.5,516.3,518.5,541.0,-22.5,-4.159,138070.42,7190790.422,0.5,0.5,,,,,
300750.SZ,20220712,519.0,525.3,499.62,503.69,518.5,-14.81,-2.8563,151302.47,7699493.189,0.5,0.5,,,,,
300750.SZ,20220713,508.3,543.23,501.77,539.0,503.69,35.31,7.0103,245644.72,12933672.94,0.5,0.5,,,,,
300750.SZ,20220714,535.5,562.0,530.25,556.01,539.0,17.01,3.1558,199556.44,10980995.202,0.5,0.5,,,,,
300750.SZ,20220715,549.5,563.45,533.0,533.0,556.01,-23.01,-4.1384,158628.19,8689665.142,0.5,0.5,,,,,
300750.SZ,20220718,542.0,552.05,530.35,551.66,533.0,18.66,3.5009,143710.55,7799775.032,0.5,0.5,,,,,
300750.SZ,20220719,550.56,550.56,524.0,524.61,551.66,-27.05,-4.9034,163087.11,8687404.439,0.5,0.5,,,,,
300750.SZ,20220720,529.98,535.14,522.86,526.0,524.61,1.39,0.265,78359.06,4141353.786,0.5,0.5,,,,,
300750.SZ,20220721,523.0,538.05,518.22,521.0,526.0,-5.0,-0.9506,88070.88,4636560.562,0.5,0.5,,,,,
300750.SZ,20220722,537.72,543.99,526.04,532.0,521.0,11.0,2.1113,142817.47,7665508.993,0.5,0.5,,,,,
300750.SZ,20220725,532.0,533.95,519.0,521.75,532.0,-10.25,-1.9267,86488.58,4524233.836,0.5,0.5,,,,,
300750.SZ,20220726,521.78,528.0,515.25,522.0,521.75,0.25,0.0479,79692.69,4162433.402,0.5,0.5,,,,,
300750.SZ,20220727,521.5,522.1,511.2,515.2,522.0,-6.8,-1.3027,93355.28,4814402.386,0.5,0.5,,,,,
300750.SZ,20220728,518.5,526.7,513.02,515.6,515.2,0.4,0.0776,92675.16,4813731.201,0.5,0.5,,,,,
300750.SZ,20220729,523.95,524.0,503.11,508.6,515.6,-7.0,-1.3576,119124.82,6111548.922,0.5,0.5,,,,,
300750.SZ,20220801,507.87,535.8,504.6,534.92,508.6,26.32,5.175,162992.26,8555439.34,0.5,0.5,,,,,
300750.SZ,20220802,522.28,532.44,519.45,523.87,534.92,-11.05,-2.0657,121430.04,6378119.035,0.5,0.5,,,,,
300750.SZ,20220803,524.0,533.88,498.8,504.0,523.87,-19.87,-3.7929,170255.69,8730930.401,0.5,0.5,,,,,
300750.SZ,20220804,507.0,509.09,495.1,500.9,504.0,-3.1,-0.6151,113650.73,5688825.507,0.5,0.5,,,,,
300750.SZ,20220805,500.0,513.9,495.0,505.65,500.9,4.75,0.9483,121830.74,6150342.343,0.5,0.5,,,,,
300750.SZ,20220808,496.0,506.18,489.0,501.5,505.65,-4.15,-0.8207,89646.93,4476021.798,0.5,0.5,,,,,
300750.SZ,20220809,501.0,518.6,497.5,511.56,501.5,10.06,2.006,113078.7,5783358.776,0.5,0.5,,,,,
300750.SZ,20220810,510.1,512.8,500.0,503.98,511.56,-7.58,-1.4817,80490.83,4052412.586,0.5,0.5,,,,,
300750.SZ,20220811,504.14,513.02,494.0,510.0,503.98,6.02,1.1945,98007.1,4937131.682,0.5,0.5,,,,,
300750.SZ,20220812,510.2,512.0,497.92,502.0,510.0,-8.0,-1.5686,73838.05,3710909.399,0.5,0.5,,,,,
300750.SZ,20220815,504.89,523.0,502.88,516.1,502.0,14.1,2.8088,137575.41,7097079.972,0.5,0.5,,,,,
300750.SZ,20220816,519.9,538.0,518.18,523.8,516.1,7.7,1.492,160973.67,8515873.353,0.5,0.5,,,,,
300750.SZ,20220817,527.48,549.97,523.98,547.0,523.8,23.2,4.4292,183506.57,9888546.881,0.5,0.5,,,,,
300750.SZ,20220818,547.0,560.0,542.45,544.8,547.0,-2.2,-0.4022,142800.44,7867922.33,0.5,0.5,,,,,
300750.SZ,20220819,549.0,549.69,530.02,532.0,544.8,-12.8,-2.3495,107696.08,5767786.049,0.5,0.5,,,,,
300750.SZ,20220822,534.0,555.66,527.2,551.53,532.0,19.53,3.6711,143053.61,7811232.13,0.5,0.5,,,,,
300750.SZ,20220823,549.98,564.66,545.45,556.89,551.53,5.36,0.9718,131561.77,7304906.011,0.5,0.5,,,,,
300750.SZ,20220824,573.03,575.0,522.0,524.0,556.89,-32.89,-5.906,300683.94,16294721.095,0.5,0.5,,,,,
300750.SZ,20220825,525.0,526.53,505.09,514.0,524.0,-10.0,-1.9084,180175.23,9216432.422,0.5,0.5,,,,,
300750.SZ,20220826,513.0,518.98,503.0,506.78,514.0,-7.22,-1.4047,122169.84,6216728.235,0.5,0.5,,,,,
300750.SZ,20220829,502.99,506.78,496.32,502.0,506.78,-4.78,-0.9432,112609.93,5635359.01,0.5,0.5,,,,,
300750.SZ,20220830,502.0,502.0,485.8,491.5,502.0,-10.5,-2.0916,156160.79,7672805.177,0.5,0.5,,,,,
300750.SZ,20220831,481.69,489.8,474.52,483.0,491.5,-8.5,-1.7294,174501.58,8386004.45,0.5,0.5,,,,,
300750.SZ,20220901,480.0,485.0,466.66,467.54,483.0,-15.46,-3.2008,154765.59,7331268.726,0.5,0.5,,,,,
300750.SZ,20220902,474.88,476.0,461.78,466.26,467.54,-1.28,-0.2738,115608.77,5408298.592,0.5,0.5,,,,,
300750.SZ,20220905,462.01,472.0,459.01,468.36,466.26,2.1,0.4504,91100.09,4237267.563,0.5,0.5,,,,,
300750.SZ,20220906,468.0,468.36,443.88,455.2,468.36,-13.16,-2.8098,275245.67,12407748.956,0.5,0.5,,,,,
300750.SZ,20220907,451.49,476.49,450.0,473.92,455.2,18.72,4.1125,216777.12,10095265.237,0.5,0.5,,,,,
300750.SZ,20220908,468.35,471.0,448.5,449.5,473.92,-24.42,-5.1528,215526.31,9838886.097,0.5,0.5,,,,,
300750.SZ,20220909,452.6,454.43,446.5,452.22,449.5,2.72,0.6051,122467.52,5523516.959,0.5,0.5,,,,,
300750.SZ,20220913,459.0,460.2,446.85,456.91,452.22,4.69,1.0371,102028.9,4632953.568,0.5,0.5,,,,,
300750.SZ,20220914,450.0,453.0,428.28,434.3,456.91,-22.61,-4.9485,258937.86,11348915.618,0.5,0.5,,,,,
300750.SZ,20220915,434.3,435.0,411.2,414.35,434.3,-19.95,-4.5936,253835.94,10651219.57,0.5,0.5,,,,,
300750.SZ,20220916,414.3,418.3,409.0,410.0,414.35,-4.35,-1.0498,149632.08,6192462.42,0.5,0.5,,,,,
300750.SZ,20220919,409.63,421.6,409.04,413.67,410.0,3.67,0.8951,139643.59,5802232.518,0.5,0.5,,,,,
300750.SZ,20220920,418.0,430.0,415.0,421.01,413.67,7.34,1.7744,165690.3,7024157.607,0.5,0.5,,,,,
300750.SZ,20220921,417.0,423.46,413.37,420.3,421.01,-0.71,-0.1686,88098.61,3695152.639,0.5,0.5,,,,,
300750.SZ,20220922,415.3,420.0,406.0,414.99,420.3,-5.31,-1.2634,96420.94,3992662.501,0.5,0.5,,,,,
300750.SZ,20220923,415.96,424.8,410.05,417.34,414.99,2.35,0.5663,120184.88,5009444.373,0.5,0.5,,,,,
300750.SZ,20220926,413.04,435.0,413.04,428.66,417.34,11.32,2.7124,188351.51,8081168.715,0.5,0.5,,,,,
300750.SZ,20220927,433.89,435.33,423.01,429.5,428.66,0.84,0.196,115619.28,4948766.643,0.5,0.5,,,,,
300750.SZ,20220928,427.0,428.83,412.79,416.79,428.85,-12.06,-2.8122,106974.41,4464647.186,0.5,0.5,,,,,
300750.SZ,20220929,424.22,425.5,415.08,419.0,416.79,2.21,0.5302,88947.78,3723447.021,0.5,0.5,,,,,
300750.SZ,20220930,419.28,420.2,400.5,400.89,419.0,-18.11,-4.3222,118140.11,4808089.72,0.5,0.5,,,,,
300750.SZ,20221010,402.0,404.5,391.23,392.86,400.89,-8.03,-2.003,114653.53,4534844.088,0.5,0.5,,,,,
300750.SZ,20221011,404.0,416.3,402.89,416.3,392.86,23.44,5.9665,184441.38,7582938.838,0.5,0.5,,,,,
300750.SZ,20221012,416.0,438.28,413.49,437.83,416.3,21.53,5.1718,185147.47,7894831.67,0.5,0.5,,,,,
300750.SZ,20221013,434.0,438.28,429.01,432.0,437.83,-5.83,-1.3316,104434.11,4521426.256,0.5,0.5,,,,,
300750.SZ,20221014,438.0,442.34,428.58,436.91,432.0,4.91,1.1366,135653.44,5900627.938,0.5,0.5,,,,,
300750.SZ,20221017,433.0,433.0,420.75,429.35,436.91,-7.56,-1.7303,105372.58,4492096.855,0.5,0.5,,,,,
300750.SZ,20221018,433.03,438.88,428.44,429.54,429.35,0.19,0.0443,91019.2,3937490.987,0.5,0.5,,,,,
300750.SZ,20221019,430.02,442.0,429.68,431.34,429.54,1.8,0.4191,123330.44,5381599.274,0.5,0.5,,,,,
300750.SZ,20221020,420.28,423.67,404.0,415.0,431.34,-16.34,-3.7882,171201.83,7066412.983,0.5,0.5,,,,,
300750.SZ,20221021,408.0,416.96,407.2,413.0,415.0,-2.0,-0.4819,82598.82,3412503.681,0.5,0.5,,,,,
300750.SZ,20221024,406.62,414.0,399.01,404.02,413.0,-8.98,-2.1743,145327.27,5885833.136,0.5,0.5,,,,,
300750.SZ,20221025,403.0,408.07,391.98,401.7,404.02,-2.32,-0.5742,140390.5,5599142.147,0.5,0.5,,,,,
300750.SZ,20221026,405.0,408.56,398.08,401.06,401.7,-0.64,-0.1593,140723.86,5666134.369,0.5,0.5,,,,,
300750.SZ,20221027,398.0,402.07,390.0,390.3,401.06,-10.76,-2.6829,152817.36,6026009.209,0.5,0.5,,,,,
300750.SZ,20221028,385.3,387.5,365.0,365.5,390.3,-24.8,-6.3541,240712.25,8960919.233,0.5,0.5,,,,,
300750.SZ,20221031,360.0,380.22,356.58,372.88,365.5,7.38,2.0192,165546.0,6168694.637,0.5,0.5,,,,,
300750.SZ,20221101,376.5,388.88,368.12,386.2,372.88,13.32,3.5722,199164.86,7598072.35,0.5,0.5,,,,,
300750.SZ,20221102,385.0,396.39,380.01,391.5,386.2,5.3,1.3723,142669.69,5554821.785,0.5,0.5,,,,,
300750.SZ,20221103,390.0,394.0,381.03,384.12,391.5,-7.38,-1.8851,147174.51,5672637.394,0.5,0.5,,,,,
300750.SZ,20221104,385.8,408.31,384.0,404.4,384.12,20.28,5.2796,209711.41,8386135.001,0.5,0.5,,,,,
300750.SZ,20221107,408.0,414.54,405.0,410.5,404.4,6.1,1.5084,147781.12,6063354.15,0.5,0.5,,,,,
300750.SZ,20221108,410.5,422.8,403.5,409.8,410.5,-0.7,-0.1705,120808.78,4982583.901,0.5,0.5,,,,,
300750.SZ,20221109,406.0,407.58,395.0,397.06,409.8,-12.74,-3.1088,109410.91,4370881.067,0.5,0.5,,,,,
300750.SZ,20221110,393.0,394.0,384.0,385.3,397.06,-11.76,-2.9618,129241.78,4995761.138,0.5,0.5,,,,,
300750.SZ,20221111,401.0,405.69,394.22,402.48,385.3,17.18,4.4589,194819.69,7814365.729,0.5,0.5,,,,,
300750.SZ,20221114,404.1,408.0,385.55,387.18,402.48,-15.3,-3.8014,184817.01,7242184.172,0.5,0.5,,,,,
300750.SZ,20221115,388.16,397.48,378.0,396.18,387.18,9.0,2.3245,172739.87,6711717.38,0.5,0.5,,,,,
300750.SZ,20221116,393.01,394.18,383.28,384.07,396.18,-12.11,-3.0567,136036.63,5261351.647,0.5,0.5,,,,,
300750.SZ,20221117,381.62,381.99,370.01,375.12,384.07,-8.95,-2.3303,142171.64,5314975.792,0.5,0.5,,,,,
300750.SZ,20221118,378.0,387.0,371.0,380.79,375.12,5.67,1.5115,164073.34,6269734.686,0.5,0.5,,,,,
300750.SZ,20221121,375.12,385.85,374.3,382.4,380.79,1.61,0.4228,80387.09,3060476.256,0.5,0.5,,,,,
300750.SZ,20221122,380.0,382.87,373.0,375.0,382.4,-7.4,-1.9351,98362.41,3701483.129,0.5,0.5,,,,,
300750.SZ,20221123,375.0,382.89,373.5,379.52,375.0,4.52,1.2053,88294.27,3343581.161,0.5,0.5,,,,,
300750.SZ,20221124,383.12,383.22,375.01,376.62,379.52,-2.9,-0.7641,85465.3,3229088.1,0.5,0.5,,,,,
300750.SZ,20221125,373.06,375.0,371.0,372.2,376.62,-4.42,-1.1736,61389.45,2286870.203,0.5,0.5,,,,,
300750.SZ,20221128,365.0,372.31,360.02,370.31,372.2,-1.89,-0.5078,111140.51,4052491.292,0.5,0.5,,,,,
300750.SZ,20221129,372.01,381.4,367.5,377.9,370.31,7.59,2.0496,117172.22,4394005.282,0.5,0.5,,,,,
300750.SZ,20221130,379.0,385.0,372.17,385.0,377.9,7.1,1.8788,140419.56,5331830.946,0.5,0.5,,,,,
300750.SZ,20221201,397.15,402.15,394.92,395.25,385.0,10.25,2.6623,209374.98,8341109.691,0.5,0.5,,,,,
300750.SZ,20221202,397.0,399.29,391.8,391.88,395.25,-3.37,-0.8526,82925.66,3280784.282,0.5,0.5,,,,,
300750.SZ,20221205,391.88,396.87,388.0,392.31,391.88,0.43,0.1097,120984.74,4739442.184,0.5,0.5,,,,,
300750.SZ,20221206,389.12,404.04,389.0,400.02,392.31,7.71,1.9653,136611.64,5426417.623,0.5,0.5,,,,,
300750.SZ,20221207,400.0,421.68,399.0,418.31,400.02,18.29,4.5723,244108.39,10135126.0,0.5,0.5,,,,,
300750.SZ,20221208,418.32,425.0,414.01,420.47,418.31,2.16,0.5164,104337.49,4388660.431,0.5,0.5,,,,,
300750.SZ,20221209,421.58,425.7,420.5,424.6,420.47,4.13,0.9822,93539.4,3960316.859,0.5,0.5,,,,,
300750.SZ,20221212,421.1,423.53,414.14,414.35,424.6,-10.25,-2.414,87899.53,3671244.196,0.5,0.5,,,,,
300750.SZ,20221213,415.0,415.9,402.05,405.41,414.35,-8.94,-2.1576,112707.07,4592141.158,0.5,0.5,,,,,
300750.SZ,20221214,410.0,411.95,399.28,402.3,405.41,-3.11,-0.7671,91972.82,3697346.495,0.5,0.5,,,,,
300750.SZ,20221215,402.11,424.17,401.0,423.8,402.3,21.5,5.3443,172987.75,7174962.345,0.5,0.5,,,,,
300750.SZ,20221216,418.51,422.8,413.88,418.01,423.8,-5.79,-1.3662,89422.49,3733194.676,0.5,0.5,,,,,
300750.SZ,20221219,419.0,430.1,418.06,420.4,418.01,2.39,0.5718,101058.6,4284899.628,0.5,0.5,,,,,
300750.SZ,20221220,420.0,420.6,409.0,409.52,420.4,-10.88,-2.588,81207.95,3362795.549,0.5,0.5,,,,,
300750.SZ,20221221,410.0,412.47,404.51,406.82,409.52,-2.7,-0.6593,54030.52,2201256.4,0.5,0.5,,,,,
300750.SZ,20221222,410.99,410.99,400.0,402.0,406.82,-4.82,-1.1848,73904.6,2976952.977,0.5,0.5,,,,,
300750.SZ,20221223,396.9,402.83,394.1,398.48,402.0,-3.52,-0.8756,73857.6,2939594.066,0.5,0.5,,,,,
300750.SZ,20221226,398.48,407.25,391.1,403.92,398.48,5.44,1.3652,115123.45,4606937.09,0.5,0.5,,,,,
300750.SZ,20221227,402.23,405.99,396.66,403.57,403.92,-0.35,-0.0867,81397.1,3268646.819,0.5,0.5,,,,,
300750.SZ,20221228,398.06,398.3,380.28,394.0,403.57,-9.57,-2.3713,185293.22,7206541.527,0.5,0.5,,,,,
300750.SZ,20221229,391.0,397.8,390.4,393.96,394.0,-0.04,-0.0102,98974.72,3909060.456,0.5,0.5,,,,,
300750.SZ,20221230,398.5,402.0,393.0,393.42,393.96,-0.54,-0.1371,74052.49,2943110.662,0.5,0.5,,,,,
300750.SZ,20230103,392.0,392.57,381.72,389.64,393.42,-3.78,-0.9608,104820.36,4056787.274,0.5,0.5,,,,,
300750.SZ,20230104,386.5,387.0,382.05,384.01,389.64,-5.63,-1.4449,196022.62,7527791.631,0.5,0.5,,,,,
300750.SZ,20230105,388.0,410.17,385.01,407.51,384.01,23.5,6.1196,260432.6,10371713.858,0.5,0.5,,,,,
300750.SZ,20230106,406.0,424.98,404.06,416.66,407.51,9.15,2.2453,183924.95,7641585.134,0.5,0.5,,,,,
300750.SZ,20230109,422.88,422.88,414.0,416.6,416.66,-0.06,-0.0144,128403.02,5373244.036,0.5,0.5,,,,,
300750.SZ,20230110,417.66,435.0,413.3,432.0,416.6,15.4,3.6966,182606.52,7781973.49,0.5,0.5,,,,,
300750.SZ,20230111,430.5,436.0,424.0,427.86,432.0,-4.14,-0.9583,122418.06,5252326.721,0.5,0.5,,,,,
300750.SZ,20230112,432.0,438.78,429.68,433.5,427.86,5.64,1.3182,111367.98,4837460.193,0.5,0.5,,,,,
300750.SZ,20230113,444.0,452.52,430.0,439.5,433.5,6.0,1.3841,207574.96,9140635.814,0.5,0.5,,,,,
300750.SZ,20230116,438.5,449.5,435.11,446.63,439.5,7.13,1.6223,168090.99,7451169.295,0.5,0.5,,,,,
300750.SZ,20230117,446.93,451.87,443.61,445.61,446.63,-1.02,-0.2284,98958.01,4416180.658,0.5,0.5,,,,,
300750.SZ,20230118,448.51,450.88,443.11,448.5,445.61,2.89,0.6485,73443.25,3292955.688,0.5,0.5,,,,,
300750.SZ,20230119,445.33,451.5,442.19,446.77,448.5,-1.73,-0.3857,73099.9,3254123.919,0.5,0.5,,,,,
300750.SZ,20230120,446.77,452.2,444.26,452.0,446.77,5.23,1.1706,107656.5,4841543.971,0.5,0.5,,,,,
300750.SZ,20230130,479.37,490.56,467.47,470.65,452.0,18.65,4.1261,211743.07,10102385.367,0.5,0.5,,,,,
300750.SZ,20230131,469.88,477.5,462.44,465.2,470.65,-5.45,-1.158,139540.34,6565989.151,0.5,0.5,,,,,
300750.SZ,20230201,470.99,479.36,470.48,476.8,465.2,11.6,2.4936,115021.67,5464594.494,0.5,0.5,,,,,
300750.SZ,20230202,478.87,479.7,464.88,466.1,476.8,-10.7,-2.2441,134557.12,6339908.128,0.5,0.5,,,,,
300750.SZ,20230203,464.0,466.2,451.38,456.2,466.1,-9.9,-2.124,120200.01,5495174.744,0.5,0.5,,,,,
300750.SZ,20230206,452.0,453.52,441.09,450.6,456.2,-5.6,-1.2275,107529.18,4811799.061,0.5,0.5,,,,,
300750.SZ,20230207,450.49,453.8,444.66,448.1,450.6,-2.5,-0.5548,72112.37,3231274.19,0.5,0.5,,,,,
300750.SZ,20230208,449.6,453.45,445.0,447.21,448.1,-0.89,-0.1986,73298.53,3293742.444,0.5,0.5,,,,,
300750.SZ,20230209,447.21,455.99,441.5,452.99,447.21,5.78,1.2925,80314.4,3627030.215,0.5,0.5,,,,,
300750.SZ,20230210,453.0,455.68,445.01,445.95,452.99,-7.04,-1.5541,83977.9,3773477.539,0.5,0.5,,,,,
300750.SZ,20230213,450.98,461.57,447.01,460.0,445.95,14.05,3.1506,134185.43,6143224.997,0.5,0.5,,,,,
300750.SZ,20230214,469.0,469.3,445.79,451.05,460.0,-8.95,-1.9457,128121.9,5816558.282,0.5,0.5,,,,,
300750.SZ,20230215,453.1,457.0,448.0,448.6,451.05,-2.45,-0.5432,77733.87,3508461.573,0.5,0.5,,,,,
300750.SZ,20230216,451.99,454.5,438.0,443.2,448.6,-5.4,-1.2037,100910.69,4514542.232,0.5,0.5,,,,,
300750.SZ,20230217,442.0,442.0,420.0,420.19,443.2,-23.01,-5.1918,214695.51,9171648.847,0.5,0.5,,,,,
300750.SZ,20230220,416.0,421.88,406.33,420.47,420.19,0.28,0.0666,168298.72,6992852.567,0.5,0.5,,,,,
300750.SZ,20230221,417.48,422.49,412.0,415.01,420.47,-5.46,-1.2985,131845.96,5490561.031,0.5,0.5,,,,,
300750.SZ,20230222,409.0,414.1,406.67,409.47,415.01,-5.54,-1.3349,123639.2,5069312.344,0.5,0.5,,,,,
300750.SZ,20230223,410.0,415.13,407.4,413.23,409.47,3.76,0.9183,95372.65,3922375.682,0.5,0.5,,,,,
300750.SZ,20230224,411.0,411.8,404.02,405.4,413.23,-7.83,-1.8948,99893.88,4060495.07,0.5,0.5,,,,,
300750.SZ,20230227,402.73,405.48,400.1,401.1,405.4,-4.3,-1.0607,92206.33,3705001.334,0.5,0.5,,,,,
300750.SZ,20230228,403.99,408.3,401.5,403.9,401.1,2.8,0.6981,93230.92,3769996.772,0.5,0.5,,,,,
300750.SZ,20230301,403.1,414.18,403.03,411.78,403.9,7.88,1.951,126020.05,5166296.898,0.5,0.5,,,,,
300750.SZ,20230302,409.5,411.0,396.2,400.8,411.78,-10.98,-2.6665,161452.7,6483446.93,0.5,0.5,,,,,
300750.SZ,20230303,402.3,405.71,400.0,402.32,400.8,1.52,0.3792,82030.9,3300669.921,0.5,0.5,,,,,
300750.SZ,20230306,402.17,408.87,392.01,408.42,402.32,6.1,1.5162,166266.62,6674565.924,0.5,0.5,,,,,
300750.SZ,20230307,404.0,408.99,401.83,402.2,408.42,-6.22,-1.5229,99183.5,4014218.859,0.5,0.5,,,,,
300750.SZ,20230308,400.01,402.93,395.11,397.73,402.2,-4.47,-1.1114,81293.73,3231604.462,0.5,0.5,,,,,
300750.SZ,20230309,396.2,401.28,388.24,397.01,397.73,-0.72,-0.181,81366.84,3228769.655,0.5,0.5,,,,,
300750.SZ,20230310,401.69,409.93,395.9,405.79,397.01,8.78,2.2115,191425.96,7722447.89,0.5,0.5,,,,,
300750.SZ,20230313,403.03,406.66,390.0,392.0,405.79,-13.79,-3.3983,188331.97,7424578.06,0.5,0.5,,,,,
300750.SZ,20230314,390.88,391.0,378.0,387.23,392.0,-4.77,-1.2168,184846.63,7095007.8,0.5,0.5,,,,,
300750.SZ,20230315,393.0,395.74,383.62,388.0,387.23,0.77,0.1988,129682.91,5046344.791,0.5,0.5,,,,,
300750.SZ,20230316,384.0,389.91,383.5,385.11,388.0,-2.89,-0.7448,101131.55,3897781.768,0.5,0.5,,,,,
300750.SZ,20230317,389.0,389.99,375.5,375.98,385.11,-9.13,-2.3708,201447.47,7641555.518,0.5,0.5,,,,,
300750.SZ,20230320,374.54,384.6,368.0,379.95,375.98,3.97,1.0559,158369.74,6002000.932,0.5,0.5,,,,,
300750.SZ,20230321,382.2,394.18,378.7,393.78,379.95,13.83,3.64,172923.73,6720740.862,0.5,0.5,,,,,
300750.SZ,20230322,398.74,408.66,397.02,399.2,393.78,5.42,1.3764,176872.41,7125770.901,0.5,0.5,,,,,
300750.SZ,20230323,398.0,401.92,394.43,398.38,399.2,-0.82,-0.2054,100288.67,3981184.718,0.5,0.5,,,,,
300750.SZ,20230324,398.4,402.26,390.0,393.58,398.38,-4.8,-1.2049,117652.52,4645723.682,0.5,0.5,,,,,
300750.SZ,20230327,391.11,398.6,384.42,396.5,393.58,2.92,0.7419,161157.21,6311744.703,0.5,0.5,,,,,
300750.SZ,20230328,394.0,396.18,390.2,392.6,396.5,-3.9,-0.9836,75905.61,2976678.086,0.5,0.5,,,,,
300750.SZ,20230329,395.21,404.28,393.03,400.18,392.6,7.58,1.9307,137546.11,5508159.641,0.5,0.5,,,,,
300750.SZ,20230330,400.99,402.0,397.35,400.11,400.18,-0.07,-0.0175,86819.22,3465633.465,0.5,0.5,,,,,
300750.SZ,20230331,404.5,414.98,404.5,406.05,400.11,5.94,1.4846,196075.72,8033742.42,0.5,0.5,,,,,
300750.SZ,20230403,406.11,406.8,396.0,398.71,406.05,-7.34,-1.8077,167632.18,6698371.581,0.5,0.5,,,,,
300750.SZ,20230404,399.99,399.99,381.81,388.0,398.71,-10.71,-2.6862,200897.01,7782699.959,0.5,0.5,,,,,
300750.SZ,20230406,384.0,389.55,380.15,388.02,388.0,0.02,0.0052,105815.89,4064823.971,0.5,0.5,,,,,
300750.SZ,20230407,386.15,394.0,384.36,390.51,388.02,2.49,0.6417,100581.14,3923098.225,0.5,0.5,,,,,
300750.SZ,20230410,393.89,402.11,388.0,402.01,390.51,11.5,2.9449,172379.41,6844475.287,0.5,0.5,,,,,
300750.SZ,20230411,400.01,409.87,398.0,399.95,402.01,-2.06,-0.5124,143662.94,5785418.238,0.5,0.5,,,,,
300750.SZ,20230412,400.0,400.0,392.0,392.01,399.95,-7.94,-1.9852,87367.33,3443470.021,0.5,0.5,,,,,
300750.SZ,20230413,390.0,391.36,385.0,388.26,392.01,-3.75,-0.9566,100464.45,3896072.549,0.5,0.5,,,,,
300750.SZ,20230414,387.9,402.37,387.5,397.29,388.26,9.03,2.3258,159236.54,6337229.777,0.5,0.5,,,,,
300750.SZ,20230417,396.33,410.0,395.8,407.88,397.29,10.59,2.6656,176631.58,7173869.979,0.5,0.5,,,,,
300750.SZ,20230418,407.89,418.0,407.29,409.0,407.88,1.12,0.2746,140605.17,5793046.444,0.5,0.5,,,,,
300750.SZ,20230419,414.5,414.84,406.0,410.37,409.0,1.37,0.335,116223.55,4770263.895,0.5,0.5,,,,,
300750.SZ,20230420,410.3,410.3,396.0,396.0,410.37,-14.37,-3.5017,158437.9,6335888.039,0.5,0.5,,,,,
300750.SZ,20230421,404.5,414.92,399.0,404.99,396.0,8.99,2.2702,252759.78,10288953.392,0.5,0.5,,,,,
300750.SZ,20230424,405.1,406.0,392.88,396.88,404.99,-8.11,-2.0025,173773.84,6922771.298,0.5,0.5,,,,,
300750.SZ,20230425,398.0,398.0,380.0,385.9,396.88,-10.98,-2.7666,168989.29,6532955.962,0.5,0.5,,,,,
300750.SZ,20230426,213.0,227.95,210.01,224.5,212.99,11.51,5.404,397075.29,8801110.231,0.5,0.5,,,,,
300750.SZ,20230427,224.0,232.48,222.31,231.0,224.5,6.5,2.8953,339690.78,7764148.296,0.5,0.5,,,,,
300750.SZ,20230428,234.0,237.33,226.89,230.85,231.0,-0.15,-0.0649,271048.0,6269727.389,0.5,0.5,,,,,
300750.SZ,20230504,231.0,232.5,224.55,225.52,230.85,-5.33,-2.3089,194090.8,4416464.195,0.5,0.5,,,,,
300750.SZ,20230505,225.0,230.0,223.72,227.0,225.52,1.48,0.6563,167408.79,3793534.213,0.5,0.5,,,,,
300750.SZ,20230508,230.0,233.79,226.06,230.81,227.0,3.81,1.6784,227531.35,5237667.345,0.5,0.5,,,,,
300750.SZ,20230509,230.38,230.38,224.05,225.83,230.81,-4.98,-2.1576,196537.72,4447695.098,0.5,0.5,,,,,
300750.SZ,20230510,225.8,234.25,221.21,232.52,225.83,6.69,2.9624,289568.1,6637247.354,0.5,0.5,,,,,
300750.SZ,20230511,232.55,242.98,231.2,240.4,232.52,7.88,3.389,347473.71,8292776.227,0.5,0.5,,,,,
300750.SZ,20230512,241.99,244.56,237.98,237.98,240.4,-2.42,-1.0067,223099.79,5363787.91,0.5,0.5,,,,,
300750.SZ,20230515,241.01,244.0,235.1,238.29,237.98,0.31,0.1303,267064.71,6408351.582,0.5,0.5,,,,,
300750.SZ,20230516,238.4,240.97,236.77,239.0,238.29,0.71,0.298,139739.53,3336944.402,0.5,0.5,,,,,
300750.SZ,20230517,239.0,241.68,236.06,240.0,239.0,1.0,0.4184,182464.32,4350981.987,0.5,0.5,,,,,
300750.SZ,20230518,241.3,241.37,231.04,232.4,240.0,-7.6,-3.1667,241238.8,5653225.269,0.5,0.5,,,,,
300750.SZ,20230519,231.75,234.18,230.0,230.0,232.4,-2.4,-1.0327,194721.68,4503095.903,0.5,0.5,,,,,
300750.SZ,20230522,229.0,232.5,227.0,230.3,230.0,0.3,0.1304,146791.14,3373155.581,0.5,0.5,,,,,
300750.SZ,20230523,230.88,231.71,225.15,225.42,230.3,-4.88,-2.119,196131.96,4466450.819,0.5,0.5,,,,,
300750.SZ,20230524,224.8,228.51,223.72,225.25,225.42,-0.17,-0.0754,147857.35,3347225.922,0.5,0.5,,,,,
300750.SZ,20230525,224.85,227.68,222.49,224.09,225.25,-1.16,-0.515,137532.72,3096261.721,0.5,0.5,,,,,
300750.SZ,20230526,224.2,224.5,217.5,220.0,224.09,-4.09,-1.8252,182116.95,4001016.009,0.5,0.5,,,,,
300750.SZ,20230529,222.2,222.22,215.6,217.06,220.0,-2.94,-1.3364,165371.61,3599743.504,0.5,0.5,,,,,
300750.SZ,20230530,217.0,224.99,216.01,224.99,217.06,7.93,3.6534,264670.83,5890767.209,0.5,0.5,,,,,
300750.SZ,20230531,225.05,226.89,220.16,221.17,224.99,-3.82,-1.6979,188697.44,4194067.555,0.5,0.5,,,,,
300750.SZ,20230601,222.64,228.0,221.51,222.9,221.17,1.73,0.7822,159410.49,3583431.679,0.5,0.5,,,,,
300750.SZ,20230602,224.9,229.99,224.0,228.44,222.9,5.54,2.4854,231814.83,5283702.827,0.5,0.5,,,,,
300750.SZ,20230605,225.9,225.9,216.39,219.8,228.44,-8.64,-3.7822,335951.14,7357059.963,0.5,0.5,,,,,
300750.SZ,20230606,218.01,222.3,216.98,219.28,219.8,-0.52,-0.2366,172425.26,3782524.816,0.5,0.5,,,,,
300750.SZ,20230607,216.38,216.5,204.45,207.3,219.28,-11.98,-5.4633,500939.39,10438080.445,0.5,0.5,,,,,
300750.SZ,20230608,212.75,213.3,207.0,208.01,207.3,0.71,0.3425,238579.4,5007821.21,0.5,0.5,,,,,
300750.SZ,20230609,208.55,213.13,208.55,212.04,208.01,4.03,1.9374,242617.28,5126984.498,0.5,0.5,,,,,
300750.SZ,20230612,211.95,214.0,208.9,211.95,212.04,-0.09,-0.0424,181316.32,3835654.849,0.5,0.5,,,,,
300750.SZ,20230613,211.01,213.93,210.68,213.1,211.95,1.15,0.5426,132436.99,2813381.281,0.5,0.5,,,,,
300750.SZ,20230614,217.15,217.63,213.0,213.4,213.1,0.3,0.1408,163629.27,3508630.636,0.5,0.5,,,,,
300750.SZ,20230615,214.99,230.88,214.89,230.88,213.4,17.48,8.1912,504956.82,11301760.757,0.5,0.5,,,,,
300750.SZ,20230616,232.0,234.17,228.3,231.1,230.88,0.22,0.0953,296398.28,6849470.34,0.5,0.5,,,,,
300750.SZ,20230619,232.99,232.99,226.0,227.88,231.1,-3.22,-1.3933,187070.81,4271126.762,0.5,0.5,,,,,
300750.SZ,20230620,227.87,231.31,225.77,228.0,227.88,0.12,0.0527,179605.01,4094614.886,0.5,0.5,,,,,
300750.SZ,20230621,228.81,230.5,224.9,224.91,228.0,-3.09,-1.3553,171184.38,3897370.633,0.5,0.5,,,,,
300750.SZ,20230626,219.91,226.95,219.68,225.17,224.91,0.26,0.1156,159106.09,3564403.987,0.5,0.5,,,,,
300750.SZ,20230627,223.98,226.3,221.18,223.47,225.17,-1.7,-0.755,134206.48,2996519.807,0.5,0.5,,,,,
300750.SZ,20230628,222.22,226.5,222.0,224.5,223.47,1.03,0.4609,135586.44,3044798.943,0.5,0.5,,,,,
300750.SZ,20230629,223.51,226.91,222.5,222.5,224.5,-2.0,-0.8909,99302.33,2228285.745,0.5,0.5,,,,,
300750.SZ,20230630,223.99,229.99,220.35,228.79,222.5,6.29,2.827,215515.22,4901528.28,0.5,0.5,,,,,
300750.SZ,20230703,231.95,233.95,228.55,229.88,228.79,1.09,0.4764,155543.52,3592766.61,0.5,0.5,,,,,
300750.SZ,20230704,228.5,230.05,227.68,229.25,229.88,-0.63,-0.2741,101556.73,2322971.862,0.5,0.5,,,,,
300750.SZ,20230705,229.26,230.41,225.5,227.51,229.25,-1.74,-0.759,86364.14,1968738.617,0.5,0.5,,,,,
300750.SZ,20230706,227.0,228.48,223.97,224.85,227.51,-2.66,-1.1692,102835.68,2323630.149,0.5,0.5,,,,,
300750.SZ,20230707,224.8,224.85,221.6,222.25,224.85,-2.6,-1.1563,98083.77,2186457.551,0.5,0.5,,,,,
300750.SZ,20230710,223.0,230.0,223.0,228.8,222.25,6.55,2.9471,160938.31,3674535.625,0.5,0.5,,,,,
300750.SZ,20230711,229.65,229.99,226.58,229.09,228.8,0.29,0.1267,91587.87,2094183.189,0.5,0.5,,,,,
300750.SZ,20230712,228.5,229.4,226.5,226.99,229.09,-2.1,-0.9167,86932.6,1976029.055,0.5,0.5,,,,,
300750.SZ,20230713,228.21,235.0,228.21,230.0,226.99,3.01,1.326,222576.72,5166809.846,0.5,0.5,,,,,
300750.SZ,20230714,230.15,230.93,226.55,228.28,230.0,-1.72,-0.7478,130040.91,2971007.806,0.5,0.5,,,,,
300750.SZ,20230717,227.01,228.0,223.6,225.65,228.28,-2.63,-1.1521,104525.22,2354412.854,0.5,0.5,,,,,
300750.SZ,20230718,227.8,227.88,224.5,225.5,225.65,-0.15,-0.0665,85757.76,1934097.474,0.5,0.5,,,,,
300750.SZ,20230719,224.0,224.95,218.58,219.5,225.5,-6.0,-2.6608,176001.82,3880774.172,0.5,0.5,,,,,
300750.SZ,20230720,219.0,226.69,219.0,221.05,219.5,1.55,0.7062,144416.48,3226693.428,0.5,0.5,,,,,
300750.SZ,20230721,220.85,222.98,219.76,221.59,221.05,0.54,0.2443,83935.26,1858027.959,0.5,0.5,,,,,
300750.SZ,20230724,217.15,220.88,214.14,218.98,221.59,-2.61,-1.1779,137193.39,2990356.787,0.5,0.5,,,,,
300750.SZ,20230725,224.9,227.64,221.02,226.35,218.98,7.37,3.3656,192862.45,4336672.444,0.5,0.5,,,,,
300750.SZ,20230726,225.12,227.0,223.66,226.66,226.35,0.31,0.137,154567.86,3484702.635,0.5,0.5,,,,,
300750.SZ,20230727,231.0,232.88,226.88,226.98,226.66,0.32,0.1412,208592.35,4786800.628,0.5,0.5,,,,,
300750.SZ,20230728,226.98,231.0,225.05,230.05,226.98,3.07,1.3525,188030.95,4304001.295,0.5,0.5,,,,,
300750.SZ,20230731,234.0,239.5,233.1,237.75,230.05,7.7,3.3471,299027.54,7103701.375,0.5,0.5,,,,,
300750.SZ,20230801,237.4,239.1,234.5,235.5,237.75,-2.25,-0.9464,156151.68,3695389.757,0.5,0.5,,,,,
300750.SZ,20230802,237.0,239.49,235.5,236.5,235.5,1.0,0.4246,141471.85,3350493.845,0.5,0.5,,,,,
300750.SZ,20230803,236.0,239.97,235.53,239.14,236.5,2.64,1.1163,161805.26,3859823.089,0.5,0.5,,,,,
300750.SZ,20230804,245.0,249.96,241.11,245.51,239.14,6.37,2.6637,315696.75,7737835.221,0.5,0.5,,,,,
300750.SZ,20230807,244.5,246.94,243.31,246.49,245.51,0.98,0.3992,149277.49,3665507.786,0.5,0.5,,,,,
300750.SZ,20230808,245.98,249.33,244.88,247.14,246.49,0.65,0.2637,150666.76,3733050.029,0.5,0.5,,,,,
300750.SZ,20230809,245.5,247.68,243.14,247.0,247.14,-0.14,-0.0566,116846.61,2873152.335,0.5,0.5,,,,,
300750.SZ,20230810,247.9,251.33,244.12,246.5,247.0,-0.5,-0.2024,140409.64,3469375.411,0.5,0.5,,,,,
300750.SZ,20230811,248.95,248.95,241.5,241.5,246.5,-5.0,-2.0284,172040.64,4212036.44,0.5,0.5,,,,,
300750.SZ,20230814,239.2,239.98,230.21,232.9,241.5,-8.6,-3.5611,256932.18,6000203.547,0.5,0.5,,,,,
300750.SZ,20230815,232.88,234.6,229.4,231.3,232.9,-1.6,-0.687,146100.73,3378905.588,0.5,0.5,,,,,
300750.SZ,20230816,231.52,234.38,230.11,232.6,231.3,1.3,0.562,140090.45,3263663.519,0.5,0.5,,,,,
300750.SZ,20230817,234.99,236.5,228.88,235.25,232.6,2.65,1.1393,204427.73,4767790.092,0.5,0.5,,,,,
300750.SZ,20230818,235.29,239.12,234.42,235.87,235.25,0.62,0.2635,167699.98,3977909.566,0.5,0.5,,,,,
300750.SZ,20230821,233.99,235.87,232.2,232.96,235.87,-2.91,-1.2337,107804.39,2524111.214,0.5,0.5,,,,,
300750.SZ,20230822,234.8,235.18,227.51,230.75,232.96,-2.21,-0.9487,151889.41,3507619.5,0.5,0.5,,,,,
300750.SZ,20230823,230.7,231.9,227.0,227.5,230.75,-3.25,-1.4085,118749.11,2721026.998,0.5,0.5,,,,,
300750.SZ,20230824,228.88,231.54,226.5,228.95,227.5,1.45,0.6374,141577.16,3254958.7,0.5,0.5,,,,,
300750.SZ,20230825,227.93,229.97,225.81,228.34,228.95,-0.61,-0.2664,111851.29,2549494.197,0.5,0.5,,,,,
300750.SZ,20230828,241.5,243.96,229.5,230.5,228.34,2.16,0.946,223115.15,5230083.38,0.5,0.5,,,,,
300750.SZ,20230829,231.2,243.0,230.92,238.5,230.5,8.0,3.4707,291749.95,6966379.986,0.5,0.5,,,,,
300750.SZ,20230830,239.4,242.0,237.5,237.5,238.5,-1.0,-0.4193,145916.37,3492477.898,0.5,0.5,,,,,
300750.SZ,20230831,237.1,238.5,236.13,236.55,237.5,-0.95,-0.4,96715.27,2294576.162,0.5,0.5,,,,,
300750.SZ,20230901,236.6,239.51,234.6,236.4,236.55,-0.15,-0.0634,91011.32,2157778.481,0.5,0.5,,,,,
300750.SZ,20230904,238.21,238.76,233.4,237.65,236.4,1.25,0.5288,140523.87,3327817.522,0.5,0.5,,,,,
300750.SZ,20230905,237.0,239.5,236.16,236.82,237.65,-0.83,-0.3493,115816.65,2752197.345,0.5,0.5,,,,,
300750.SZ,20230906,236.05,237.17,232.8,234.42,236.82,-2.4,-1.0134,124747.83,2921536.582,0.5,0.5,,,,,
300750.SZ,20230907,233.0,233.75,226.51,226.51,234.42,-7.91,-3.3743,192660.9,4405103.044,0.5,0.5,,,,,
300750.SZ,20230908,225.0,227.2,220.5,222.94,226.51,-3.57,-1.5761,164994.43,3670618.815,0.5,0.5,,,,,
300750.SZ,20230911,222.9,223.55,219.68,221.53,222.94,-1.41,-0.6325,170608.97,3774798.959,0.5,0.5,,,,,
300750.SZ,20230912,222.0,222.41,217.54,217.93,221.53,-3.6,-1.6251,182312.09,3994776.422,0.5,0.5,,,,,
300750.SZ,20230913,217.0,219.15,215.03,216.6,217.93,-1.33,-0.6103,151356.93,3278699.755,0.5,0.5,,,,,
300750.SZ,20230914,213.68,216.3,213.03,214.93,216.6,-1.67,-0.771,182941.04,3919045.406,0.5,0.5,,,,,
300750.SZ,20230915,212.0,214.0,206.6,207.76,214.93,-7.17,-3.336,336799.92,7033151.411,0.5,0.5,,,,,
300750.SZ,20230918,206.0,214.69,206.0,213.06,207.76,5.3,2.551,265934.85,5645065.103,0.5,0.5,,,,,
300750.SZ,20230919,213.06,213.48,210.6,212.32,213.06,-0.74,-0.3473,150243.95,3183848.137,0.5,0.5,,,,,
300750.SZ,20230920,213.0,213.33,208.68,209.9,212.32,-2.42,-1.1398,130874.85,2750166.643,0.5,0.5,,,,,
300750.SZ,20230921,210.01,210.95,206.67,206.73,209.9,-3.17,-1.5102,162149.29,3368171.87,0.5,0.5,,,,,
300750.SZ,20230922,205.5,211.45,205.5,210.93,206.73,4.2,2.0316,225090.65,4696859.644,0.5,0.5,,,,,
300750.SZ,20230925,213.02,213.62,208.71,209.28,210.93,-1.65,-0.7823,136053.55,2864421.9,0.5,0.5,,,,,
300750.SZ,20230926,206.67,207.35,203.5,204.5,209.28,-4.78,-2.284,202537.82,4150919.715,0.5,0.5,,,,,
300750.SZ,20230927,206.3,208.49,202.45,203.66,204.5,-0.84,-0.4108,218489.59,4470658.973,0.5,0.5,,,,,
300750.SZ,20230928,204.0,206.5,202.58,203.03,203.66,-0.63,-0.3093,158095.24,3223265.861,0.5,0.5,,,,,
300750.SZ,20231009,201.0,201.28,193.0,195.5,203.03,-7.53,-3.7088,337428.26,6617775.154,0.5,0.5,,,,,
300750.SZ,20231010,197.88,198.0,194.72,194.72,195.5,-0.78,-0.399,198654.6,3895932.692,0.5,0.5,,,,,
300750.SZ,20231011,197.87,198.6,194.1,194.77,194.72,0.05,0.0257,202482.45,3964353.023,0.5,0.5,,,,,
300750.SZ,20231012,195.01,197.8,194.0,195.94,194.77,1.17,0.6007,242059.12,4744179.131,0.5,0.5,,,,,
300750.SZ,20231013,193.85,194.83,189.6,190.6,195.94,-5.34,-2.7253,284222.38,5429864.563,0.5,0.5,,,,,
300750.SZ,20231016,190.34,190.53,183.91,184.76,190.6,-5.84,-3.064,246836.49,4603170.883,0.5,0.5,,,,,
300750.SZ,20231017,185.51,189.3,184.57,185.44,184.76,0.68,0.368,215583.0,4027297.388,0.5,0.5,,,,,
300750.SZ,20231018,185.1,188.25,183.6,186.3,185.44,0.86,0.4638,176519.25,3284047.971,0.5,0.5,,,,,
300750.SZ,20231019,184.41,185.68,182.28,182.7,186.3,-3.6,-1.9324,174541.6,3209465.7,0.5,0.5,,,,,
300750.SZ,20231020,179.0,187.69,179.0,181.0,182.7,-1.7,-0.9305,300268.93,5478351.217,0.5,0.5,,,,,
300750.SZ,20231023,180.3,180.3,175.8,177.26,181.0,-3.74,-2.0663,202233.21,3597554.198,0.5,0.5,,,,,
300750.SZ,20231024,178.0,179.2,175.3,176.42,177.26,-0.84,-0.4739,243794.59,4310104.361,0.5,0.5,,,,,
300750.SZ,20231025,178.2,179.5,175.68,175.98,176.42,-0.44,-0.2494,215341.81,3818928.277,0.5,0.5,,,,,
300750.SZ,20231026,174.0,178.3,168.81,178.07,175.98,2.09,1.1876,414205.67,7175542.947,0.5,0.5,,,,,
300750.SZ,20231027,177.85,185.88,176.02,184.72,178.07,6.65,3.7345,477952.83,8729936.698,0.5,0.5,,,,,
300750.SZ,20231030,187.0,189.88,184.8,188.02,184.72,3.3,1.7865,322594.92,6050993.029,0.5,0.5,,,,,
300750.SZ,20231031,186.68,187.22,184.6,185.6,188.02,-2.42,-1.2871,181525.35,3369355.372,0.5,0.5,,,,,
300750.SZ,20231101,185.79,190.3,184.5,187.54,185.6,1.94,1.0453,197272.65,3695120.176,0.5,0.5,,,,,
300750.SZ,20231102,188.5,189.88,185.57,185.57,187.54,-1.97,-1.0504,137626.77,2577685.559,0.5,0.5,,,,,
300750.SZ,20231103,186.0,188.68,184.6,187.44,185.57,1.87,1.0077,143654.5,2683301.612,0.5,0.5,,,,,
300750.SZ,20231106,188.57,197.1,188.45,197.08,187.44,9.64,5.143,349684.3,6798069.247,0.5,0.5,,,,,
300750.SZ,20231107,195.99,196.11,190.12,191.24,197.08,-5.84,-2.9633,260802.93,5008846.046,0.5,0.5,,,,,
300750.SZ,20231108,190.18,192.94,190.0,191.84,191.24,0.6,0.3137,146521.66,2809047.605,0.5,0.5,,,,,
300750.SZ,20231109,190.63,192.58,190.53,191.45,191.84,-0.39,-0.2033,109970.97,2104229.338,0.5,0.5,,,,,
300750.SZ,20231110,189.0,189.97,188.05,189.03,191.45,-2.42,-1.264,116099.56,2189830.819,0.5,0.5,,,,,
300750.SZ,20231113,192.0,192.2,187.02,187.85,189.03,-1.18,-0.6242,125195.95,2362258.976,0.5,0.5,,,,,
300750.SZ,20231114,187.85,188.8,183.0,183.68,187.85,-4.17,-2.2199,234882.84,4346598.777,0.5,0.5,,,,,
300750.SZ,20231115,186.89,188.59,183.58,184.48,183.68,0.8,0.4355,238071.91,4423251.195,0.5,0.5,,,,,
300750.SZ,20231116,185.48,185.49,180.1,181.15,184.48,-3.33,-1.8051,174662.0,3180032.495,0.5,0.5,,,,,
300750.SZ,20231117,179.85,181.25,179.49,180.73,181.15,-0.42,-0.2319,110840.35,2000359.414,0.5,0.5,,,,,
300750.SZ,20231120,180.74,181.8,179.01,180.3,180.73,-0.43,-0.2379,124087.19,2235037.633,0.5,0.5,,,,,
300750.SZ,20231121,182.0,184.0,180.01,180.61,180.3,0.31,0.1719,197662.21,3601130.91,0.5,0.5,,,,,
300750.SZ,20231122,179.55,181.3,177.0,177.0,180.61,-3.61,-1.9988,186885.69,3332638.164,0.5,0.5,,,,,
300750.SZ,20231123,176.01,177.7,174.89,177.7,177.0,0.7,0.3955,157202.53,2771265.525,0.5,0.5,,,,,
300750.SZ,20231124,177.03,178.2,174.5,175.0,177.7,-2.7,-1.5194,166212.48,2918741.661,0.5,0.5,,,,,
300750.SZ,20231127,174.29,174.5,170.6,170.7,175.0,-4.3,-2.4571,184220.07,3161041.988,0.5,0.5,,,,,
300750.SZ,20231128,170.03,171.97,168.87,171.92,170.7,1.22,0.7147,202107.3,3443539.75,0.5,0.5,,,,,
300750.SZ,20231129,171.0,171.38,166.37,166.85,171.92,-5.07,-2.949,251885.27,4235346.582,0.5,0.5,,,,,
300750.SZ,20231130,165.22,168.66,164.49,167.0,166.85,0.15,0.0899,230271.61,3834512.349,0.5,0.5,,,,,
300750.SZ,20231201,167.29,167.7,164.43,165.5,167.0,-1.5,-0.8982,169622.09,2816101.715,0.5,0.5,,,,,
300750.SZ,20231204,163.5,164.44,161.24,161.65,165.5,-3.85,-2.3263,239304.01,3892529.225,0.5,0.5,,,,,
300750.SZ,20231205,160.15,162.37,158.65,158.81,161.65,-2.84,-1.7569,248077.39,3978910.664,0.5,0.5,,,,,
300750.SZ,20231206,158.65,166.86,158.22,162.88,158.81,4.07,2.5628,367692.76,6024339.62,0.5,0.5,,,,,
300750.SZ,20231207,162.0,166.36,161.6,164.49,162.88,1.61,0.9885,269084.27,4410841.808,0.5,0.5,,,,,
300750.SZ,20231208,165.0,166.33,163.12,163.59,164.49,-0.9,-0.5471,245020.47,4030383.347,0.5,0.5,,,,,
300750.SZ,20231211,162.01,165.69,160.16,165.35,163.59,1.76,1.0759,214895.69,3497265.74,0.5,0.5,,,,,
300750.SZ,20231212,164.0,165.22,162.98,163.63,165.35,-1.72,-1.0402,147338.77,2415527.909,0.5,0.5,,,,,
300750.SZ,20231213,162.55,163.59,158.71,159.35,163.63,-4.28,-2.6157,252593.99,4045085.654,0.5,0.5,,,,,
300750.SZ,20231214,160.88,161.49,156.44,156.63,159.35,-2.72,-1.7069,227514.0,3596263.196,0.5,0.5,,,,,
300750.SZ,20231215,157.2,158.68,154.6,155.0,156.63,-1.63,-1.0407,202046.35,3158101.585,0.5,0.5,,,,,
300750.SZ,20231218,153.11,153.69,146.28,146.97,155.0,-8.03,-5.1806,429129.2,6398809.829,0.5,0.5,,,,,
300750.SZ,20231219,146.31,149.98,146.27,149.0,146.97,2.03,1.3812,251851.81,3734066.913,0.5,0.5,,,,,
300750.SZ,20231220,149.2,151.2,148.32,148.45,149.0,-0.55,-0.3691,212493.68,3174602.188,0.5,0.5,,,,,
300750.SZ,20231221,147.57,155.33,147.57,154.39,148.45,5.94,4.0013,421315.01,6433383.993,0.5,0.5,,,,,
300750.SZ,20231222,153.5,158.41,152.2,156.29,154.39,1.9,1.2306,280321.27,4359921.762,0.5,0.5,,,,,
300750.SZ,20231225,155.5,157.88,154.8,157.54,156.29,1.25,0.7998,130056.08,2036117.775,0.5,0.5,,,,,
300750.SZ,20231226,156.97,157.5,154.74,156.13,157.54,-1.41,-0.895,127672.52,1994477.782,0.5,0.5,,,,,
300750.SZ,20231227,157.53,158.0,153.87,154.33,156.13,-1.8,-1.1529,173564.6,2686313.989,0.5,0.5,,,,,
300750.SZ,20231228,154.22,163.16,153.57,162.99,154.33,8.66,5.6114,378501.79,6079407.755,0.5,0.5,,,,,
300750.SZ,20231229,163.98,165.0,162.0,163.26,162.99,0.27,0.1657,226837.82,3707101.874,0.5,0.5,,,,,
300750.SZ,20240102,162.22,162.53,156.62,156.83,163.26,-6.43,-3.9385,214032.68,3390080.35,0.5,0.5,,,,,
300750.SZ,20240103,156.1,157.28,154.4,155.8,156.83,-1.03,-0.6568,197575.81,3070016.674,0.5,0.5,,,,,
300750.SZ,20240104,155.5,155.72,149.77,151.2,155.8,-4.6,-2.9525,272417.62,4114835.335,0.5,0.5,,,,,
300750.SZ,20240105,150.99,154.73,149.49,150.9,151.2,-0.3,-0.1984,210353.18,3195235.677,0.5,0.5,,,,,
300750.SZ,20240108,150.2,153.39,149.08,150.0,150.9,-0.9,-0.5964,193854.05,2926528.362,0.5,0.5,,,,,
300750.SZ,20240109,149.96,151.37,145.75,148.7,150.0,-1.3,-0.8667,233916.25,3473507.46,0.5,0.5,,,,,
300750.SZ,20240110,146.94,153.11,146.55,150.66,148.7,1.96,1.3181,232119.6,3500326.62,0.5,0.5,,,,,
300750.SZ,20240111,150.66,157.77,148.51,154.82,150.66,4.16,2.7612,328018.02,5037065.544,0.5,0.5,,,,,
300750.SZ,20240112,154.0,157.33,152.2,154.63,154.82,-0.19,-0.1227,254622.28,3943737.151,0.5,0.5,,,,,
300750.SZ,20240115,153.5,153.7,149.35,151.7,154.63,-2.93,-1.8948,172721.93,2618158.008,0.5,0.5,,,,,
300750.SZ,20240116,151.66,157.25,150.56,156.95,151.7,5.25,3.4608,284692.7,4421625.829,0.5,0.5,,,,,
300750.SZ,20240117,156.86,156.86,151.75,152.24,156.95,-4.71,-3.001,217615.25,3343384.132,0.5,0.5,,,,,
300750.SZ,20240118,150.1,155.2,150.01,154.61,152.24,2.37,1.5568,307787.79,4688436.698,0.5,0.5,,,,,
300750.SZ,20240119,153.8,157.89,153.4,154.9,154.61,0.29,0.1876,265949.08,4136034.233,0.5,0.5,,,,,
300750.SZ,20240122,153.5,159.95,150.65,155.66,154.9,0.76,0.4906,404888.1,6323471.153,0.5,0.5,,,,,
300750.SZ,20240123,155.0,158.8,153.19,153.91,155.66,-1.75,-1.1242,323058.95,5033058.276,0.5,0.5,,,,,
300750.SZ,20240124,154.5,154.99,149.51,153.48,153.91,-0.43,-0.2794,248709.83,3776131.708,0.5,0.5,,,,,
300750.SZ,20240125,152.0,155.1,149.71,155.0,153.48,1.52,0.9904,294796.09,4503492.568,0.5,0.5,,,,,
300750.SZ,20240126,152.5,154.48,150.0,150.0,155.0,-5.0,-3.2258,271812.7,4118576.148,0.5,0.5,,,,,
300750.SZ,20240129,149.44,150.78,147.02,147.02,150.0,-2.98,-1.9867,217675.0,3235910.043,0.5,0.5,,,,,
300750.SZ,20240130,145.5,147.44,140.4,140.75,147.02,-6.27,-4.2647,327274.25,4680164.654,0.5,0.5,,,,,
300750.SZ,20240131,145.0,152.96,144.0,151.59,140.75,10.84,7.7016,595221.08,8943013.793,0.5,0.5,,,,,
300750.SZ,20240201,151.58,152.52,148.58,149.02,151.59,-2.57,-1.6954,279688.44,4197978.843,0.5,0.5,,,,,
300750.SZ,20240202,148.0,149.0,143.37,146.0,149.02,-3.02,-2.0266,307060.37,4494266.568,0.5,0.5,,,,,
300750.SZ,20240205,142.61,154.5,142.3,151.94,146.0,5.94,4.0685,471326.13,7035622.773,0.5,0.5,,,,,
300750.SZ,20240206,151.19,159.26,150.82,158.33,151.94,6.39,4.2056,437459.26,6828296.924,0.5,0.5,,,,,
300750.SZ,20240207,158.0,159.79,156.0,159.6,158.33,1.27,0.8021,366070.4,5800699.416,0.5,0.5,,,,,
300750.SZ,20240208,159.5,165.0,158.88,162.84,159.6,3.24,2.0301,309011.56,5016344.779,0.5,0.5,,,,,
300750.SZ,20240219,164.96,164.96,159.09,160.09,162.84,-2.75,-1.6888,270924.76,4355156.563,0.5,0.5,,,,,
300750.SZ,20240220,161.88,161.88,156.07,158.33,160.09,-1.76,-1.0994,221947.91,3506366.283,0.5,0.5,,,,,
300750.SZ,20240221,157.38,163.3,156.34,161.2,158.33,2.87,1.8127,257826.63,4135575.624,0.5,0.5,,,,,
300750.SZ,20240222,161.33,161.33,158.88,160.35,161.2,-0.85,-0.5273,209559.47,3349275.887,0.5,0.5,,,,,
300750.SZ,20240223,161.97,162.0,159.06,160.5,160.35,0.15,0.0935,210176.39,3368773.226,0.5,0.5,,,,,
300750.SZ,20240226,159.23,159.99,154.7,156.0,160.5,-4.5,-2.8037,360664.25,5638931.754,0.5,0.5,,,,,
300750.SZ,20240227,155.08,157.85,154.54,157.83,156.0,1.83,1.1731,290400.75,4531078.101,0.5,0.5,,,,,
300750.SZ,20240228,158.18,163.3,157.01,157.01,157.83,-0.82,-0.5195,400917.11,6423464.926,0.5,0.5,,,,,
300750.SZ,20240229,156.1,163.77,155.66,163.51,157.01,6.5,4.1399,391675.04,6315294.345,0.5,0.5,,,,,
300750.SZ,20240301,163.53,165.56,162.4,164.55,163.51,1.04,0.636,281013.36,4610970.231,0.5,0.5,,,,,
300750.SZ,20240304,165.0,167.86,162.77,163.9,164.55,-0.65,-0.395,268085.77,4424835.39,0.5,0.5,,,,,
300750.SZ,20240305,162.1,165.2,160.0,164.65,163.9,0.75,0.4576,275495.99,4478109.344,0.5,0.5,,,,,
300750.SZ,20240306,162.58,166.9,161.7,163.64,164.65,-1.01,-0.6134,187180.09,3067856.205,0.5,0.5,,,,,
300750.SZ,20240307,163.0,164.17,159.48,160.15,163.64,-3.49,-2.1327,221450.21,3568786.297,0.5,0.5,,,,,
300750.SZ,20240308,159.13,160.8,156.65,158.0,160.15,-2.15,-1.3425,202170.23,3194520.067,0.5,0.5,,,,,
300750.SZ,20240311,165.0,181.65,164.1,180.85,158.0,22.85,14.462,763350.47,13248182.793,0.5,0.5,,,,,
300750.SZ,20240312,183.34,186.43,180.0,185.84,180.85,4.99,2.7592,621649.0,11428112.945,0.5,0.5,,,,,
300750.SZ,20240313,187.0,187.69,183.3,185.18,185.84,-0.66,-0.3551,347957.98,6444102.062,0.5,0.5,,,,,
300750.SZ,20240314,184.89,187.96,182.96,183.81,185.18,-1.37,-0.7398,305356.46,5642924.971,0.5,0.5,,,,,
300750.SZ,20240315,183.63,183.9,176.85,181.0,183.81,-2.81,-1.5288,354836.44,6371462.215,0.5,0.5,,,,,
300750.SZ,20240318,190.04,193.76,188.95,190.96,181.0,9.96,5.5028,483051.73,9229188.79,0.5,0.5,,,,,
300750.SZ,20240319,190.49,192.3,186.6,187.25,190.96,-3.71,-1.9428,269575.76,5099068.939,0.5,0.5,,,,,
300750.SZ,20240320,185.51,191.24,185.51,189.48,187.25,2.23,1.1909,210315.84,3987105.282,0.5,0.5,,,,,
300750.SZ,20240321,189.51,191.88,189.08,189.08,189.48,-0.4,-0.2111,187567.2,3571619.014,0.5,0.5,,,,,
300750.SZ,20240322,189.09,189.91,184.99,186.51,189.08,-2.57,-1.3592,191033.67,3563063.417,0.5,0.5,,,,,
300750.SZ,20240325,185.57,188.2,184.48,184.8,186.51,-1.71,-0.9168,164133.65,3046334.226,0.5,0.5,,,,,
300750.SZ,20240326,185.7,193.13,185.69,191.8,184.8,7.0,3.7879,302473.08,5746016.496,0.5,0.5,,,,,
300750.SZ,20240327,191.74,191.75,188.0,188.0,191.8,-3.8,-1.9812,206457.04,3910050.276,0.5,0.5,,,,,
300750.SZ,20240328,188.07,191.7,186.6,188.78,188.0,0.78,0.4149,200367.25,3792149.245,0.5,0.5,,,,,
300750.SZ,20240329,190.3,195.0,189.38,190.16,188.78,1.38,0.731,164648.06,3154024.729,0.5,0.5,,,,,
300750.SZ,20240401,194.0,199.83,193.4,197.84,190.16,7.68,4.0387,275131.87,5438688.735,0.5,0.5,,,,,
300750.SZ,20240402,198.1,201.57,196.5,199.7,197.84,1.86,0.9402,240381.1,4793028.387,0.5,0.5,,,,,
300750.SZ,20240403,198.94,198.95,194.6,197.65,199.7,-2.05,-1.0265,234890.41,4635543.376,0.5,0.5,,,,,
300750.SZ,20240408,197.65,199.9,194.6,194.6,197.65,-3.05,-1.5431,189575.56,3729974.587,0.5,0.5,,,,,
300750.SZ,20240409,194.0,196.5,193.71,196.0,194.6,1.4,0.7194,145700.01,2845224.467,0.5,0.5,,,,,
300750.SZ,20240410,194.11,195.0,191.53,192.74,196.0,-3.26,-1.6633,179614.95,3459617.611,0.5,0.5,,,,,
300750.SZ,20240411,190.81,194.3,187.0,192.6,192.74,-0.14,-0.0726,192954.44,3681659.228,0.5,0.5,,,,,
300750.SZ,20240412,191.0,191.98,188.01,188.39,192.6,-4.21,-2.1859,166256.45,3153751.599,0.5,0.5,,,,,
300750.SZ,20240415,193.85,197.14,191.86,197.14,188.39,8.75,4.6446,305482.5,5978911.501,0.5,0.5,,,,,
300750.SZ,20240416,199.0,199.3,194.92,197.15,197.14,0.01,0.0051,276231.2,5450235.801,0.5,0.5,,,,,
300750.SZ,20240417,195.35,196.93,193.02,195.99,197.15,-1.16,-0.5884,216191.64,4211033.978,0.5,0.5,,,,,
300750.SZ,20240418,193.97,197.45,191.39,195.56,195.99,-0.43,-0.2194,195395.76,3808772.287,0.5,0.5,,,,,
300750.SZ,20240419,193.06,194.46,189.51,190.8,195.56,-4.76,-2.434,184914.72,3533488.436,0.5,0.5,,,,,
300750.SZ,20240422,192.8,194.89,190.57,190.6,190.8,-0.2,-0.1048,150987.43,2903026.006,0.5,0.5,,,,,
300750.SZ,20240423,191.13,192.5,187.88,189.93,190.6,-0.67,-0.3515,111137.96,2113386.95,0.5,0.5,,,,,
300750.SZ,20240424,192.0,192.4,186.4,189.6,189.93,-0.33,-0.1737,151542.79,2865374.635,0.5,0.5,,,,,
300750.SZ,20240425,188.57,194.35,187.89,193.2,189.6,3.6,1.8987,164183.23,3150746.112,0.5,0.5,,,,,
300750.SZ,20240426,192.01,198.88,192.01,198.48,193.2,5.28,2.7329,224880.71,4413524.313,0.5,0.5,,,,,
300750.SZ,20240429,200.57,213.5,200.0,209.63,198.48,11.15,5.6177,438630.35,9119637.969,0.5,0.5,,,,,
300750.SZ,20240430,205.76,205.76,202.0,202.6,204.62,-2.02,-0.9872,214330.24,4377316.692,0.5,0.5,,,,,
300750.SZ,20240506,211.0,211.7,206.03,206.98,202.6,4.38,2.1619,270998.99,5634660.01,0.5,0.5,,,,,
300750.SZ,20240507,206.18,207.88,205.15,206.88,206.98,-0.1,-0.0483,131799.02,2722386.148,0.5,0.5,,,,,
300750.SZ,20240508,207.0,207.8,203.11,203.23,206.88,-3.65,-1.7643,124329.97,2544539.626,0.5,0.5,,,,,
300750.SZ,20240509,206.27,210.51,206.2,209.4,203.23,6.17,3.036,219216.28,4575999.96,0.5,0.5,,,,,
300750.SZ,20240510,209.4,209.4,203.0,203.5,209.4,-5.9,-2.8176,228011.32,4675581.9,0.5,0.5,,,,,
300750.SZ,20240513,196.3,201.77,195.51,199.35,203.5,-4.15,-2.0393,221967.23,4425713.328,0.5,0.5,,,,,
300750.SZ,20240514,200.6,201.2,198.12,199.01,199.35,-0.34,-0.1706,106947.12,2131826.964,0.5,0.5,,,,,
300750.SZ,20240515,199.01,203.33,197.5,197.89,199.01,-1.12,-0.5628,130741.16,2607766.832,0.5,0.5,,,,,
300750.SZ,20240516,198.8,201.64,196.98,199.67,197.89,1.78,0.8995,153782.04,3065019.509,0.5,0.5,,,,,
300750.SZ,20240517,199.7,203.0,198.58,203.0,199.67,3.33,1.6678,184962.01,3727316.446,0.5,0.5,,,,,
300750.SZ,20240520,207.2,207.88,203.01,203.45,203.0,0.45,0.2217,199171.71,4083626.153,0.5,0.5,,,,,
300750.SZ,20240521,203.67,204.58,200.56,201.56,203.45,-1.89,-0.929,122963.58,2480343.31,0.5,0.5,,,,,
300750.SZ,20240522,202.5,207.0,201.6,204.89,201.56,3.33,1.6521,252365.61,5153120.079,0.5,0.5,,,,,
300750.SZ,20240523,204.2,205.65,203.13,204.34,204.89,-0.55,-0.2684,176548.2,3602986.569,0.5,0.5,,,,,
300750.SZ,20240524,202.8,204.86,200.79,200.98,204.34,-3.36,-1.6443,155106.93,3136303.497,0.5,0.5,,,,,
300750.SZ,20240527,201.8,201.8,198.5,200.01,200.98,-0.97,-0.4826,163617.85,3261446.783,0.5,0.5,,,,,
300750.SZ,20240528,199.46,200.58,197.6,197.8,200.01,-2.21,-1.1049,126899.94,2517505.166,0.5,0.5,,,,,
300750.SZ,20240529,198.01,202.5,197.8,198.79,197.8,0.99,0.5005,133387.55,2663801.635,0.5,0.5,,,,,
300750.SZ,20240530,199.05,200.88,197.66,199.35,198.79,0.56,0.2817,127840.04,2548445.865,0.5,0.5,,,,,
300750.SZ,20240531,199.35,202.25,197.76,197.76,199.35,-1.59,-0.7976,138086.27,2760668.471,0.5,0.5,,,,,
300750.SZ,20240603,197.76,203.6,195.8,202.5,197.76,4.74,2.3968,187180.68,3757638.84,0.5,0.5,,,,,
300750.SZ,20240604,201.99,207.24,201.0,205.97,202.5,3.47,1.7136,177149.39,3639805.938,0.5,0.5,,,,,
300750.SZ,20240605,205.7,207.85,204.01,204.12,205.97,-1.85,-0.8982,117773.9,2420867.502,0.5,0.5,,,,,
300750.SZ,20240606,203.98,206.88,202.2,204.79,204.12,0.67,0.3282,124125.7,2544442.658,0.5,0.5,,,,,
300750.SZ,20240607,198.86,202.45,187.59,193.2,204.79,-11.59,-5.6595,516867.6,10008885.041,0.5,0.5,,,,,
300750.SZ,20240611,189.0,192.0,184.61,188.77,193.2,-4.43,-2.293,420723.63,7876263.876,0.5,0.5,,,,,
300750.SZ,20240612,186.0,189.76,185.48,185.6,188.77,-3.17,-1.6793,203103.92,3788449.182,0.5,0.5,,,,,
300750.SZ,20240613,187.0,190.01,185.12,185.18,185.6,-0.42,-0.2263,221176.37,4134985.666,0.5,0.5,,,,,
300750.SZ,20240614,186.1,186.58,178.58,184.89,185.18,-0.29,-0.1566,371849.49,6764196.086,0.5,0.5,,,,,
300750.SZ,20240617,182.55,190.5,182.31,188.2,184.89,3.31,1.7903,269293.18,5044213.365,0.5,0.5,,,,,
300750.SZ,20240618,188.15,190.47,187.02,190.33,188.2,2.13,1.1318,156529.09,2959271.843,0.5,0.5,,,,,
300750.SZ,20240619,190.6,190.7,187.68,189.01,190.33,-1.32,-0.6935,107539.75,2030697.6,0.5,0.5,,,,,
300750.SZ,20240620,189.99,190.11,187.1,187.99,189.01,-1.02,-0.5397,115623.7,2172637.229,0.5,0.5,,,,,
300750.SZ,20240621,188.31,188.96,182.37,185.16,187.99,-2.83,-1.5054,184677.17,3416688.22,0.5,0.5,,,,,
300750.SZ,20240624,183.0,187.99,183.0,186.98,185.16,1.82,0.9829,180354.9,3363422.626,0.5,0.5,,,,,
300750.SZ,20240625,187.0,189.2,185.6,186.32,186.98,-0.66,-0.353,144144.12,2696969.882,0.5,0.5,,,,,
300750.SZ,20240626,185.12,186.63,183.2,185.51,186.32,-0.81,-0.4347,104813.98,1940490.559,0.5,0.5,,,,,
300750.SZ,20240627,185.51,185.88,183.01,185.0,185.51,-0.51,-0.2749,126535.77,2330478.211,0.5,0.5,,,,,
300750.SZ,20240628,183.8,185.48,179.84,180.03,185.0,-4.97,-2.6865,194205.06,3539244.333,0.5,0.5,,,,,
300750.SZ,20240701,179.19,179.28,171.17,176.07,180.03,-3.96,-2.1996,269957.44,4709620.521,0.5,0.5,,,,,
300750.SZ,20240702,173.85,176.96,172.11,176.08,176.07,0.01,0.0057,144155.86,2529552.189,0.5,0.5,,,,,
300750.SZ,20240703,177.0,182.5,176.31,179.5,176.08,3.42,1.9423,162053.21,2906473.774,0.5,0.5,,,,,
300750.SZ,20240704,180.39,182.99,179.2,179.6,179.5,0.1,0.0557,118346.46,2137596.47,0.5,0.5,,,,,
300750.SZ,20240705,181.0,182.49,176.5,177.62,179.6,-1.98,-1.1024,135247.07,2414693.954,0.5,0.5,,,,,
300750.SZ,20240708,176.01,178.37,175.01,175.91,177.62,-1.71,-0.9627,108063.97,1907514.42,0.5,0.5,,,,,
300750.SZ,20240709,175.3,177.3,173.09,175.77,175.91,-0.14,-0.0796,164439.15,2876833.39,0.5,0.5,,,,,
300750.SZ,20240710,175.01,180.09,173.05,173.05,175.77,-2.72,-1.5475,177729.19,3123226.777,0.5,0.5,,,,,
300750.SZ,20240711,175.0,178.98,173.49,177.01,173.05,3.96,2.2884,208111.48,3678618.34,0.5,0.5,,,,,
300750.SZ,20240712,177.85,181.77,177.0,179.8,177.01,2.79,1.5762,195504.6,3523525.354,0.5,0.5,,,,,
300750.SZ,20240715,178.3,179.95,177.11,178.12,179.8,-1.68,-0.9344,114696.96,2041627.402,0.5,0.5,,,,,
300750.SZ,20240716,177.5,180.5,177.3,179.3,178.12,1.18,0.6625,151487.37,2710034.963,0.5,0.5,,,,,
300750.SZ,20240717,178.0,182.66,175.94,180.89,179.3,1.59,0.8868,185901.41,3346445.646,0.5,0.5,,,,,
300750.SZ,20240718,180.0,189.1,179.68,188.35,180.89,7.46,4.1241,319944.01,5957621.426,0.5,0.5,,,,,
300750.SZ,20240719,186.35,190.09,186.2,189.44,188.35,1.09,0.5787,208476.31,3929663.335,0.5,0.5,,,,,
300750.SZ,20240722,191.19,194.18,187.4,189.52,189.44,0.08,0.0422,171682.52,3259890.053,0.5,0.5,,,,,
300750.SZ,20240723,189.01,189.7,186.2,186.2,189.52,-3.32,-1.7518,119031.04,2233862.306,0.5,0.5,,,,,
300750.SZ,20240724,186.0,189.09,185.39,186.32,186.2,0.12,0.0644,144681.36,2708577.543,0.5,0.5,,,,,
300750.SZ,20240725,186.12,190.73,185.06,187.73,186.32,1.41,0.7568,205958.88,3863507.112,0.5,0.5,,,,,
300750.SZ,20240726,190.0,193.3,188.05,189.35,187.73,1.62,0.8629,233477.18,4436931.315,0.5,0.5,,,,,
300750.SZ,20240729,187.0,187.0,180.0,184.53,189.35,-4.82,-2.5456,213623.66,3918833.598,0.5,0.5,,,,,
300750.SZ,20240730,183.22,185.33,183.22,184.89,184.53,0.36,0.1951,127251.63,2349179.518,0.5,0.5,,,,,
300750.SZ,20240731,182.0,186.88,182.0,186.31,184.89,1.42,0.768,198969.4,3690880.179,0.5,0.5,,,,,
300750.SZ,20240801,185.0,186.0,180.1,180.3,186.31,-6.01,-3.2258,230126.59,4180640.118,0.5,0.5,,,,,
300750.SZ,20240802,179.0,180.0,176.74,177.09,180.3,-3.21,-1.7804,154936.85,2753866.402,0.5,0.5,,,,,
300750.SZ,20240805,175.01,180.19,175.0,177.0,177.09,-0.09,-0.0508,193476.59,3451887.572,0.5,0.5,,,,,
300750.SZ,20240806,178.41,179.39,173.71,174.95,177.0,-2.05,-1.1582,157687.03,2771240.102,0.5,0.5,,,,,
300750.SZ,20240807,174.95,176.23,173.67,173.67,174.95,-1.28,-0.7316,127539.59,2230380.711,0.5,0.5,,,,,
300750.SZ,20240808,173.01,173.6,170.12,172.4,173.67,-1.27,-0.7313,146589.96,2520197.34,0.5,0.5,,,,,
300750.SZ,20240809,173.6,174.87,170.0,170.0,172.4,-2.4,-1.3921,154129.89,2646422.84,0.5,0.5,,,,,
300750.SZ,20240812,170.57,171.12,166.8,169.0,170.0,-1.0,-0.5882,174155.81,2934605.438,0.5,0.5,,,,,
300750.SZ,20240813,168.89,174.96,168.38,173.78,169.0,4.78,2.8284,193892.56,3336604.796,0.5,0.5,,,,,
300750.SZ,20240814,172.99,174.45,171.72,172.21,173.78,-1.57,-0.9034,99662.85,1720375.362,0.5,0.5,,,,,
300750.SZ,20240815,172.0,174.6,171.29,173.4,172.21,1.19,0.691,144812.02,2511442.939,0.5,0.5,,,,,
300750.SZ,20240816,173.4,176.0,172.88,173.62,173.4,0.22,0.1269,111506.41,1941327.489,0.5,0.5,,,,,
300750.SZ,20240819,173.35,177.94,173.15,175.6,173.62,1.98,1.1404,140358.43,2473581.501,0.5,0.5,,,,,
300750.SZ,20240820,175.0,176.0,173.66,174.87,175.6,-0.73,-0.4157,84369.55,1475662.466,0.5,0.5,,,,,
300750.SZ,20240821,174.0,175.41,172.0,174.01,174.87,-0.86,-0.4918,111474.05,1940113.038,0.5,0.5,,,,,
300750.SZ,20240822,174.98,179.97,174.3,178.8,174.01,4.79,2.7527,199011.36,3536569.764,0.5,0.5,,,,,
300750.SZ,20240823,177.0,182.52,177.0,181.8,178.8,3.0,1.6779,184151.76,3332172.741,0.5,0.5,,,,,
300750.SZ,20240826,181.9,184.56,181.0,183.92,181.8,2.12,1.1661,148387.49,2717728.514,0.5,0.5,,,,,
300750.SZ,20240827,182.52,184.49,181.5,183.5,183.92,-0.42,-0.2284,99769.92,1827225.122,0.5,0.5,,,,,
300750.SZ,20240828,182.8,183.69,181.28,182.82,183.5,-0.68,-0.3706,106390.15,1940292.275,0.5,0.5,,,,,
300750.SZ,20240829,179.17,182.99,179.17,180.8,182.82,-2.02,-1.1049,156702.42,2839993.927,0.5,0.5,,,,,
300750.SZ,20240830,180.8,185.96,180.8,184.34,180.8,3.54,1.958,254291.71,4689604.094,0.5,0.5,,,,,
300750.SZ,20240902,184.44,185.59,181.0,181.19,184.34,-3.15,-1.7088,129851.76,2371406.002,0.5,0.5,,,,,
300750.SZ,20240903,180.3,186.7,180.02,185.65,181.19,4.46,2.4615,181968.86,3362146.073,0.5,0.5,,,,,
300750.SZ,20240904,185.32,189.0,184.85,187.15,185.65,1.5,0.808,165645.24,3101382.415,0.5,0.5,,,,,
300750.SZ,20240905,187.15,189.55,185.8,186.8,187.15,-0.35,-0.187,123182.15,2302962.597,0.5,0.5,,,,,
300750.SZ,20240906,186.12,188.5,185.4,185.95,186.8,-0.85,-0.455,75254.86,1404159.125,0.5,0.5,,,,,
300750.SZ,20240909,185.11,188.66,183.47,185.15,185.95,-0.8,-0.4302,134753.55,2494206.446,0.5,0.5,,,,,
300750.SZ,20240910,185.5,185.5,181.05,181.16,185.15,-3.99,-2.155,154244.13,2809100.737,0.5,0.5,,,,,
300750.SZ,20240911,182.4,187.78,181.16,186.56,181.16,5.4,2.9808,211970.83,3938430.663,0.5,0.5,,,,,
300750.SZ,20240912,188.0,192.16,186.71,189.35,186.56,2.79,1.4955,207099.86,3931885.573,0.5,0.5,,,,,
300750.SZ,20240913,188.88,188.88,183.5,183.5,189.35,-5.85,-3.0895,172872.88,3202147.524,0.5,0.5,,,,,
300750.SZ,20240918,183.6,187.43,183.29,186.4,183.5,2.9,1.5804,113778.95,2116044.596,0.5,0.5,,,,,
300750.SZ,20240919,187.0,188.22,183.6,186.9,186.4,0.5,0.2682,157694.09,2940618.897,0.5,0.5,,,,,
300750.SZ,20240920,186.9,187.9,183.68,185.6,186.9,-1.3,-0.6956,155027.03,2874252.972,0.5,0.5,,,,,
300750.SZ,20240923,186.66,189.43,185.5,188.2,185.6,2.6,1.4009,157925.49,2968348.168,0.5,0.5,,,,,
300750.SZ,20240924,191.96,198.17,188.89,197.52,188.2,9.32,4.9522,354517.35,6891613.102,0.5,0.5,,,,,
300750.SZ,20240925,207.39,207.4,202.59,203.1,197.52,5.58,2.825,420101.19,8606648.806,0.5,0.5,,,,,
300750.SZ,20240926,203.7,207.33,198.93,205.51,203.1,2.41,1.1866,354893.46,7190132.217,0.5,0.5,,,,,
300750.SZ,20240927,212.0,231.68,211.67,226.81,205.51,21.3,10.3645,701813.26,15567947.397,0.5,0.5,,,,,
300750.SZ,20240930,233.02,255.0,232.0,251.89,226.81,25.08,11.0577,913611.45,22246725.636,0.5,0.5,,,,,
300750.SZ,20241008,296.0,301.5,267.66,299.0,251.89,47.11,18.7026,1376464.79,39285155.658,0.5,0.5,,,,,
300750.SZ,20241009,279.9,279.99,255.0,255.0,299.0,-44.0,-14.7157,1086915.94,29017394.645,0.5,0.5,,,,,
300750.SZ,20241010,255.0,265.99,250.16,258.0,255.0,3.0,1.1765,608338.33,15786972.611,0.5,0.5,,,,,
300750.SZ,20241011,255.5,255.5,237.93,241.79,258.0,-16.21,-6.2829,476402.3,11668275.358,0.5,0.5,,,,,
300750.SZ,20241014,249.99,252.8,244.94,249.72,241.79,7.93,3.2797,467598.63,11671765.786,0.5,0.5,,,,,
300750.SZ,20241015,249.81,250.84,241.13,241.22,249.72,-8.5,-3.4038,327653.34,8057930.637,0.5,0.5,,,,,
300750.SZ,20241016,238.82,238.82,233.33,233.85,241.22,-7.37,-3.0553,335859.54,7918107.276,0.5,0.5,,,,,
300750.SZ,20241017,234.0,238.88,230.86,231.5,233.85,-2.35,-1.0049,261646.72,6135626.737,0.5,0.5,,,,,
300750.SZ,20241018,230.0,258.88,229.6,249.89,231.5,18.39,7.9438,680137.87,16734812.13,0.5,0.5,,,,,
300750.SZ,20241021,259.0,262.53,251.75,253.36,249.89,3.47,1.3886,584558.09,14972853.36,0.5,0.5,,,,,
300750.SZ,20241022,254.0,254.56,247.26,250.55,253.36,-2.81,-1.1091,278760.33,6986426.719,0.5,0.5,,,,,
300750.SZ,20241023,247.81,254.94,246.86,249.3,250.55,-1.25,-0.4989,321541.22,8076690.148,0.5,0.5,,,,,
300750.SZ,20241024,249.77,251.5,245.0,246.16,249.3,-3.14,-1.2595,214657.9,5297733.386,0.5,0.5,,,,,
300750.SZ,20241025,252.34,265.0,246.3,258.88,246.16,12.72,5.1674,578985.51,14887536.978,0.5,0.5,,,,,
300750.SZ,20241028,256.13,258.61,253.0,256.24,258.88,-2.64,-1.0198,276019.35,7053002.72,0.5,0.5,,,,,
300750.SZ,20241029,256.24,257.71,251.24,251.78,256.24,-4.46,-1.7406,269948.08,6853075.171,0.5,0.5,,,,,
300750.SZ,20241030,250.0,252.3,244.5,248.03,251.78,-3.75,-1.4894,271343.74,6734690.047,0.5,0.5,,,,,
300750.SZ,20241031,246.99,250.5,244.0,245.98,248.03,-2.05,-0.8265,255002.79,6286268.643,0.5,0.5,,,,,
300750.SZ,20241101,246.53,249.82,245.18,246.2,245.98,0.22,0.0894,259158.29,6418140.473,0.5,0.5,,,,,
300750.SZ,20241104,244.0,254.3,244.0,251.2,246.2,5.0,2.0309,242472.22,6074686.403,0.5,0.5,,,,,
300750.SZ,20241105,250.58,262.82,249.13,261.39,251.2,10.19,4.0565,484820.94,12547431.635,0.5,0.5,,,,,
300750.SZ,20241106,258.99,269.5,253.5,256.5,261.39,-4.89,-1.8708,452393.1,11840068.81,0.5,0.5,,,,,
300750.SZ,20241107,258.0,262.8,253.88,262.8,256.5,6.3,2.4561,335710.27,8698717.049,0.5,0.5,,,,,
300750.SZ,20241108,269.66,272.0,257.1,257.5,262.8,-5.3,-2.0167,402941.27,10612727.375,0.5,0.5,,,,,
300750.SZ,20241111,252.35,268.99,251.01,267.5,257.5,10.0,3.8835,491539.07,12844920.272,0.5,0.5,,,,,
300750.SZ,20241112,278.28,285.2,270.98,273.02,267.5,5.52,2.0636,744030.08,20764206.51,0.5,0.5,,,,,
300750.SZ,20241113,269.0,288.2,266.77,282.0,273.02,8.98,3.2891,557736.88,15410247.018,0.5,0.5,,,,,
300750.SZ,20241114,283.0,284.99,274.66,275.0,282.0,-7.0,-2.4823,426572.1,11940874.424,0.5,0.5,,,,,
300750.SZ,20241115,269.5,275.0,265.56,265.56,275.0,-9.44,-3.4327,351983.17,9488134.618,0.5,0.5,,,,,
300750.SZ,20241118,265.56,270.95,261.0,262.92,265.56,-2.64,-0.9941,306500.1,8135717.136,0.5,0.5,,,,,
300750.SZ,20241119,262.02,272.0,258.0,268.72,262.92,5.8,2.206,348128.87,9211079.121,0.5,0.5,,,,,
300750.SZ,20241120,266.95,269.9,264.6,267.55,268.72,-1.17,-0.4354,227087.78,6060616.029,0.5,0.5,,,,,
300750.SZ,20241121,265.66,271.43,263.66,268.26,267.55,0.71,0.2654,205508.27,5510533.65,0.5,0.5,,,,,
300750.SZ,20241122,267.93,269.0,258.88,259.1,268.26,-9.16,-3.4146,225551.01,5937579.845,0.5,0.5,,,,,
300750.SZ,20241125,263.06,266.56,261.18,264.1,259.1,5.0,1.9298,262390.71,6923644.963,0.5,0.5,,,,,
300750.SZ,20241126,261.57,263.97,255.66,256.72,264.1,-7.38,-2.7944,273604.05,7076484.876,0.5,0.5,,,,,
300750.SZ,20241127,254.7,260.9,251.47,259.9,256.72,3.18,1.2387,274006.65,7033615.362,0.5,0.5,,,,,
300750.SZ,20241128,259.2,259.53,253.5,254.7,259.9,-5.2,-2.0008,223555.98,5728197.56,0.5,0.5,,,,,
300750.SZ,20241129,251.23,267.99,251.23,261.24,254.7,6.54,2.5677,313662.72,8192074.188,0.5,0.5,,,,,
300750.SZ,20241202,258.64,263.55,257.21,262.19,261.24,0.95,0.3637,206475.47,5387882.834,0.5,0.5,,,,,
300750.SZ,20241203,261.0,262.99,259.0,261.84,262.19,-0.35,-0.1335,173107.89,4514867.562,0.5,0.5,,,,,
300750.SZ,20241204,260.0,262.0,257.5,258.97,261.84,-2.87,-1.0961,161813.95,4186965.339,0.5,0.5,,,,,
300750.SZ,20241205,257.99,258.95,255.01,256.0,258.97,-2.97,-1.1469,160215.8,4109014.222,0.5,0.5,,,,,
300750.SZ,20241206,256.0,269.9,255.0,266.55,256.0,10.55,4.1211,330381.36,8719647.874,0.5,0.5,,,,,
300750.SZ,20241209,266.99,269.66,264.41,268.05,266.55,1.5,0.5627,224560.9,6005103.479,0.5,0.5,,,,,
300750.SZ,20241210,281.28,281.5,269.33,270.57,268.05,2.52,0.9401,329044.36,9035442.04,0.5,0.5,,,,,
300750.SZ,20241211,273.96,279.5,266.52,267.1,270.57,-3.47,-1.2825,194008.21,5262014.872,0.5,0.5,,,,,
300750.SZ,20241212,265.9,275.38,265.2,273.71,267.1,6.61,2.4747,223295.14,6055502.392,0.5,0.5,,,,,
300750.SZ,20241213,269.88,272.0,266.0,267.03,273.71,-6.68,-2.4405,283164.41,7596460.115,0.5,0.5,,,,,
300750.SZ,20241216,266.22,269.5,264.05,267.2,267.03,0.17,0.0637,162575.08,4333963.457,0.5,0.5,,,,,
300750.SZ,20241217,267.0,278.0,266.54,273.8,267.2,6.6,2.4701,282146.1,7746201.691,0.5,0.5,,,,,
300750.SZ,20241218,274.31,274.73,270.31,271.41,273.8,-2.39,-0.8729,150853.29,4110472.403,0.5,0.5,,,,,
300750.SZ,20241219,269.26,272.35,266.62,269.79,271.41,-1.62,-0.5969,153460.18,4137668.599,0.5,0.5,,,,,
300750.SZ,20241220,269.79,270.8,260.32,262.71,269.79,-7.08,-2.6243,277400.98,7313368.051,0.5,0.5,,,,,
300750.SZ,20241223,262.71,268.88,262.71,263.5,262.71,0.79,0.3007,206393.83,5482614.221,0.5,0.5,,,,,
300750.SZ,20241224,263.0,268.25,263.0,268.23,263.5,4.73,1.7951,196153.52,5229920.632,0.5,0.5,,,,,
300750.SZ,20241225,268.91,270.91,266.26,267.97,268.23,-0.26,-0.0969,114138.1,3058526.68,0.5,0.5,,,,,
300750.SZ,20241226,267.2,267.2,261.0,261.25,267.97,-6.72,-2.5077,224437.62,5898437.344,0.5,0.5,,,,,
300750.SZ,20241227,260.57,263.42,255.0,262.0,261.25,0.75,0.2871,243519.18,6338085.457,0.5,0.5,,,,,
300750.SZ,20241230,260.88,267.5,260.51,266.58,262.0,4.58,1.7481,226313.52,6013633.017,0.5,0.5,,,,,
300750.SZ,20241231,265.09,270.5,265.09,266.0,266.58,-0.58,-0.2176,249339.52,6694555.731,0.5,0.5,,,,,
300750.SZ,20250102,266.25,266.3,257.0,258.78,266.0,-7.22,-2.7143,233545.76,6090661.831,0.5,0.5,,,,,
300750.SZ,20250103,258.78,263.0,257.21,257.63,258.78,-1.15,-0.4444,185237.58,4812148.522,0.5,0.5,,,,,
300750.SZ,20250106,258.0,260.0,253.0,256.75,257.63,-0.88,-0.3416,172890.77,4433101.113,0.5,0.5,,,,,
300750.SZ,20250107,243.0,252.0,241.08,249.45,256.75,-7.3,-2.8432,401035.99,9934923.664,0.5,0.5,,,,,
300750.SZ,20250108,245.99,248.31,243.32,245.34,249.45,-4.11,-1.6476,271857.52,6681628.785,0.5,0.5,,,,,
300750.SZ,20250109,241.35,250.25,241.16,247.33,245.34,1.99,0.8111,169328.78,4168600.176,0.5,0.5,,,,,
300750.SZ,20250110,246.5,249.95,244.68,246.0,247.33,-1.33,-0.5377,147294.33,3643092.329,0.5,0.5,,,,,
300750.SZ,20250113,243.5,250.0,242.0,246.91,246.0,0.91,0.3699,180922.26,4467775.091,0.5,0.5,,,,,
300750.SZ,20250114,247.71,257.0,245.21,256.2,246.91,9.29,3.7625,202467.34,5108567.635,0.5,0.5,,,,,
300750.SZ,20250115,256.2,256.4,249.67,250.87,256.2,-5.33,-2.0804,150626.65,3798504.6,0.5,0.5,,,,,
300750.SZ,20250116,252.0,254.6,248.26,249.93,250.87,-0.94,-0.3747,161883.78,4056598.314,0.5,0.5,,,,,
300750.SZ,20250117,248.5,253.5,248.08,251.5,249.93,1.57,0.6282,111066.0,2786220.135,0.5,0.5,,,,,
300750.SZ,20250120,256.5,267.61,256.31,265.52,251.5,14.02,5.5746,342834.97,9048642.227,0.5,0.5,,,,,
300750.SZ,20250121,268.5,268.76,263.22,264.18,265.52,-1.34,-0.5047,138933.06,3681448.144,0.5,0.5,,,,,
300750.SZ,20250122,262.0,264.9,254.21,258.0,264.18,-6.18,-2.3393,250407.37,6440345.376,0.5,0.5,,,,,
300750.SZ,20250123,259.85,262.5,256.98,257.5,258.0,-0.5,-0.1938,165536.88,4291744.662,0.5,0.5,,,,,
300750.SZ,20250124,256.01,264.78,256.01,260.62,256.27,4.35,1.6974,224397.96,5876198.26,0.5,0.5,,,,,
300750.SZ,20250127,260.63,262.97,257.0,257.0,260.62,-3.62,-1.389,171026.37,4460049.869,0.5,0.5,,,,,
300750.SZ,20250205,260.0,262.0,251.05,252.12,257.0,-4.88,-1.8988,240481.4,6141794.779,0.5,0.5,,,,,
300750.SZ,20250206,251.0,253.49,249.2,253.1,252.12,0.98,0.3887,248961.01,6261792.98,0.5,0.5,,,,,
300750.SZ,20250207,257.0,262.56,251.62,261.28,253.1,8.18,3.2319,344412.54,8922582.684,0.5,0.5,,,,,
300750.SZ,20250210,261.28,261.47,255.18,258.45,261.28,-2.83,-1.0831,229267.1,5928297.101,0.5,0.5,,,,,
300750.SZ,20250211,260.44,260.5,251.06,251.8,258.45,-6.65,-2.573,247919.8,6268157.35,0.5,0.5,,,,,
300750.SZ,20250212,250.01,256.0,247.08,255.3,251.8,3.5,1.39,273822.14,6902713.445,0.5,0.5,,,,,
300750.SZ,20250213,255.99,263.99,255.1,261.39,255.3,6.09,2.3854,375349.67,9803005.761,0.5,0.5,,,,,
300750.SZ,20250214,261.53,273.0,261.53,269.71,261.39,8.32,3.183,387800.3,10409880.413,0.5,0.5,,,,,
300750.SZ,20250217,274.9,274.9,266.02,269.4,269.71,-0.31,-0.1149,241829.6,6513084.026,0.5,0.5,,,,,
300750.SZ,20250218,272.96,275.5,269.0,270.77,269.4,1.37,0.5085,238457.55,6497674.093,0.5,0.5,,,,,
300750.SZ,20250219,268.57,276.0,268.55,273.55,270.77,2.78,1.0267,204455.39,5580141.096,0.5,0.5,,,,,
300750.SZ,20250220,272.8,272.8,267.0,270.2,273.55,-3.35,-1.2246,195890.01,5267400.819,0.5,0.5,,,,,
300750.SZ,20250221,268.58,276.88,267.78,275.55,270.2,5.35,1.98,309519.06,8443562.273,0.5,0.5,,,,,
300750.SZ,20250224,273.01,274.7,268.16,271.5,275.55,-4.05,-1.4698,277537.62,7510840.228,0.5,0.5,,,,,
300750.SZ,20250225,267.48,274.0,264.51,269.48,271.5,-2.02,-0.744,232093.75,6243748.571,0.5,0.5,,,,,
300750.SZ,20250226,271.45,272.88,267.18,268.62,269.48,-0.86,-0.3191,211730.74,5698649.75,0.5,0.5,,,,,
300750.SZ,20250227,270.27,271.7,267.67,270.0,268.62,1.38,0.5137,231851.1,6250587.95,0.5,0.5,,,,,
300750.SZ,20250228,269.6,271.31,263.61,264.3,270.0,-5.7,-2.1111,222654.58,5935077.345,0.5,0.5,,,,,
300750.SZ,20250303,265.0,279.3,262.24,273.53,264.3,9.23,3.4922,387364.03,10603328.988,0.5,0.5,,,,,
300750.SZ,20250304,270.0,271.0,262.73,263.0,273.53,-10.53,-3.8497,268365.42,7115460.892,0.5,0.5,,,,,
300750.SZ,20250305,263.0,263.89,258.5,260.99,263.0,-2.01,-0.7643,208696.1,5438997.026,0.5,0.5,,,,,
300750.SZ,20250306,262.25,265.53,261.0,264.31,260.99,3.32,1.2721,250273.21,6601078.272,0.5,0.5,,,,,
300750.SZ,20250307,262.96,263.58,258.68,260.76,264.31,-3.55,-1.3431,222871.08,5812794.649,0.5,0.5,,,,,
300750.SZ,20250310,261.8,261.86,253.61,256.5,260.76,-4.26,-1.6337,286750.74,7355227.161,0.5,0.5,,,,,
300750.SZ,20250311,253.07,255.5,253.05,255.2,256.5,-1.3,-0.5068,171350.77,4355529.583,0.5,0.5,,,,,
300750.SZ,20250312,256.01,256.62,251.49,254.5,255.2,-0.7,-0.2743,199146.9,5058919.204,0.5,0.5,,,,,
300750.SZ,20250313,254.0,259.2,253.0,253.22,254.5,-1.28,-0.5029,168851.5,4316530.459,0.5,0.5,,,,,
300750.SZ,20250314,253.0,264.85,252.65,262.0,253.22,8.78,3.4673,351089.35,9148092.797,0.5,0.5,,,,,
300750.SZ,20250317,263.1,265.47,255.74,256.0,262.0,-6.0,-2.2901,335154.86,8685706.367,0.5,0.5,,,,,
300750.SZ,20250318,258.0,260.78,255.5,257.0,256.0,1.0,0.3906,225767.32,5817534.421,0.5,0.5,,,,,
300750.SZ,20250319,257.2,266.97,256.78,265.39,257.0,8.39,3.2646,369541.2,9737109.379,0.5,0.5,,,,,
300750.SZ,20250320,265.39,266.5,261.02,262.15,265.39,-3.24,-1.2208,144246.53,3794188.02,0.5,0.5,,,,,
300750.SZ,20250321,262.68,264.53,255.67,256.0,262.15,-6.15,-2.346,194320.06,5026360.932,0.5,0.5,,,,,
300750.SZ,20250324,257.7,258.98,256.28,258.16,256.0,2.16,0.8438,167302.17,4311680.873,0.5,0.5,,,,,
300750.SZ,20250325,257.71,260.0,255.29,259.48,258.16,1.32,0.5113,127857.78,3303477.32,0.5,0.5,,,,,
300750.SZ,20250326,259.4,262.7,256.7,256.92,259.48,-2.56,-0.9866,129046.26,3336108.308,0.5,0.5,,,,,
300750.SZ,20250327,256.19,262.8,254.25,258.88,256.92,1.96,0.7629,141792.06,3675726.42,0.5,0.5,,,,,
300750.SZ,20250328,256.11,258.88,255.8,256.8,258.88,-2.08,-0.8035,112420.68,2888588.258,0.5,0.5,,,,,
300750.SZ,20250331,256.06,257.98,252.12,252.94,256.8,-3.86,-1.5031,194633.55,4951863.266,0.5,0.5,,,,,
300750.SZ,20250401,252.94,254.5,248.58,249.06,252.94,-3.88,-1.534,194162.08,4862442.756,0.5,0.5,,,,,
300750.SZ,20250402,250.2,252.46,247.56,249.14,249.06,0.08,0.0321,137321.12,3433096.886,0.5,0.5,,,,,
300750.SZ,20250403,245.0,247.7,242.55,243.08,249.14,-6.06,-2.4324,232816.39,5693962.717,0.5,0.5,,,,,
300750.SZ,20250407,226.09,230.0,209.11,215.22,243.08,-27.86,-11.4612,723645.82,15811389.636,0.5,0.5,,,,,
300750.SZ,20250408,219.95,225.0,216.4,219.05,215.22,3.83,1.7796,476594.21,10471952.816,0.5,0.5,,,,,
300750.SZ,20250409,212.92,218.75,210.09,211.39,219.05,-7.66,-3.4969,536023.39,11459705.354,0.5,0.5,,,,,
300750.SZ,20250410,221.0,222.79,215.46,217.98,211.39,6.59,3.1175,372741.19,8168675.412,0.5,0.5,,,,,
300750.SZ,20250411,216.0,225.55,214.7,224.0,217.98,6.02,2.7617,302991.15,6696905.325,0.5,0.5,,,,,
300750.SZ,20250414,227.15,228.0,222.68,224.0,224.0,0.0,0.0,206965.04,4642121.045,0.5,0.5,,,,,
300750.SZ,20250415,226.0,230.45,225.12,228.15,224.0,4.15,1.8527,266865.42,6087451.73,0.5,0.5,,,,,
300750.SZ,20250416,227.0,227.18,221.55,224.89,228.15,-3.26,-1.4289,216550.96,4838764.472,0.5,0.5,,,,,
300750.SZ,20250417,223.0,227.33,222.22,226.0,224.89,1.11,0.4936,157376.59,3551280.611,0.5,0.5,,,,,
300750.SZ,20250418,225.21,226.5,223.66,225.46,226.0,-0.54,-0.2389,115127.94,2588857.715,0.5,0.5,,,,,
300750.SZ,20250421,225.46,235.0,224.18,231.36,225.46,5.9,2.6169,220081.91,5088523.082,0.5,0.5,,,,,
300750.SZ,20250422,230.0,231.16,227.2,230.69,226.82,3.87,1.7062,169354.23,3885729.764,0.5,0.5,,,,,
300750.SZ,20250423,235.0,238.75,233.0,233.35,230.69,2.66,1.1531,191979.8,4507058.716,0.5,0.5,,,,,
300750.SZ,20250424,234.5,238.66,232.25,236.87,233.35,3.52,1.5085,181554.39,4297351.278,0.5,0.5,,,,,
300750.SZ,20250425,237.2,237.92,235.09,236.6,236.87,-0.27,-0.114,127619.89,3016796.565,0.5,0.5,,,,,
300750.SZ,20250428,238.25,238.26,233.2,234.85,236.6,-1.75,-0.7396,143124.32,3357178.149,0.5,0.5,,,,,
300750.SZ,20250429,234.0,234.8,230.72,232.03,234.85,-2.82,-1.2008,167424.35,3892978.724,0.5,0.5,,,,,
300750.SZ,20250430,233.05,234.38,231.5,231.5,232.03,-0.53,-0.2284,156328.35,3635403.837,0.5,0.5,,,,,
300750.SZ,20250506,233.91,236.3,231.2,231.63,231.5,0.13,0.0562,196876.79,4591289.27,0.5,0.5,,,,,
300750.SZ,20250507,236.45,240.88,236.08,238.61,231.63,6.98,3.0134,312809.85,7444719.327,0.5,0.5,,,,,
300750.SZ,20250508,239.49,248.68,237.98,244.57,238.61,5.96,2.4978,312856.4,7666995.082,0.5,0.5,,,,,
300750.SZ,20250509,246.07,249.77,244.65,248.27,244.57,3.7,1.5129,236933.17,5858468.264,0.5,0.5,,,,,
300750.SZ,20250512,255.0,257.99,253.0,257.0,248.27,8.73,3.5163,302315.06,7731591.601,0.5,0.5,,,,,
300750.SZ,20250513,262.0,262.0,255.02,258.77,257.0,1.77,0.6887,204805.91,5281511.475,0.5,0.5,,,,,
300750.SZ,20250514,258.77,264.46,256.01,262.6,258.77,3.83,1.4801,231463.07,6020688.165,0.5,0.5,,,,,
300750.SZ,20250515,262.62,262.87,259.6,260.18,262.6,-2.42,-0.9216,141118.93,3685574.614,0.5,0.5,,,,,
300750.SZ,20250516,259.14,261.73,257.73,259.36,260.18,-0.82,-0.3152,189000.58,4904611.048,0.5,0.5,,,,,
300750.SZ,20250519,260.5,260.54,257.27,260.0,259.36,0.64,0.2468,169740.17,4399897.903,0.5,0.5,,,,,
300750.SZ,20250520,264.44,265.5,255.2,263.0,260.0,3.0,1.1538,346423.64,9053425.367,0.5,0.5,,,,,
300750.SZ,20250521,266.99,279.99,265.8,274.08,263.0,11.08,4.2129,565245.17,15470587.405,0.5,0.5,,,,,
300750.SZ,20250522,277.8,277.94,268.27,270.37,274.08,-3.71,-1.3536,276081.18,7470701.467,0.5,0.5,,,,,
300750.SZ,20250523,271.01,274.0,266.95,266.99,270.37,-3.38,-1.2501,230003.52,6218224.097,0.5,0.5,,,,,
300750.SZ,20250526,265.0,266.38,252.9,255.9,266.99,-11.09,-4.1537,330122.15,8477228.63,0.5,0.5,,,,,
300750.SZ,20250527,255.89,257.21,252.39,253.99,255.9,-1.91,-0.7464,176679.95,4491281.266,0.5,0.5,,,,,
300750.SZ,20250528,255.61,258.27,253.32,253.6,253.99,-0.39,-0.1535,154562.65,3946773.465,0.5,0.5,,,,,
300750.SZ,20250529,253.0,253.98,249.0,251.85,253.6,-1.75,-0.6901,217882.85,5487937.548,0.5,0.5,,,,,
300750.SZ,20250530,250.9,252.65,247.47,250.0,251.85,-1.85,-0.7346,204337.47,5107325.148,0.5,0.5,,,,,
300750.SZ,20250603,252.0,253.9,250.44,251.15,250.0,1.15,0.46,158411.66,3989341.996,0.5,0.5,,,,,
300750.SZ,20250604,252.5,253.6,250.7,251.05,251.15,-0.1,-0.0398,130401.95,3285855.859,0.5,0.5,,,,,
300750.SZ,20250605,251.36,252.44,248.27,251.5,251.05,0.45,0.1792,135258.51,3386751.735,0.5,0.5,,,,,
300750.SZ,20250606,252.0,253.33,248.5,248.88,251.5,-2.62,-1.0417,165514.74,4138221.07,0.5,0.5,,,,,
300750.SZ,20250609,248.88,250.88,245.5,245.58,248.88,-3.3,-1.3259,185497.57,4593124.638,0.5,0.5,,,,,
300750.SZ,20250610,245.0,246.86,242.22,243.14,245.58,-2.44,-0.9936,139324.59,3406606.343,0.5,0.5,,,,,
300750.SZ,20250611,246.09,252.44,244.8,250.5,243.14,7.36,3.0271,279934.04,7006354.613,0.5,0.5,,,,,
300750.SZ,20250612,252.0,252.5,248.77,249.81,250.5,-0.69,-0.2754,175696.17,4386403.721,0.5,0.5,,,,,
300750.SZ,20250613,248.1,250.41,246.37,248.2,249.81,-1.61,-0.6445,174032.45,4322411.796,0.5,0.5,,,,,
300750.SZ,20250616,248.0,248.7,245.8,246.66,248.2,-1.54,-0.6205,122175.71,3013514.215,0.5,0.5,,,,,
300750.SZ,20250617,246.96,248.43,245.22,246.26,246.66,-0.4,-0.1622,97650.24,2407928.75,0.5,0.5,,,,,
300750.SZ,20250618,246.98,249.58,245.57,245.57,246.26,-0.69,-0.2802,104605.61,2586543.839,0.5,0.5,,,,,
300750.SZ,20250619,245.3,246.16,241.6,242.1,245.57,-3.47,-1.413,147984.56,3604508.604,0.5,0.5,,,,,
300750.SZ,20250620,241.06,243.12,239.5,240.26,242.1,-1.84,-0.76,136883.4,3293985.957,0.5,0.5,,,,,
300750.SZ,20250623,239.3,240.6,238.03,239.61,240.26,-0.65,-0.2705,127099.27,3040680.713,0.5,0.5,,,,,
300750.SZ,20250624,240.58,248.08,240.58,245.92,239.61,6.31,2.6334,235010.81,5767361.454,0.5,0.5,,,,,
300750.SZ,20250625,246.5,255.88,246.0,254.9,245.92,8.98,3.6516,315377.23,7930320.892,0.5,0.5,,,,,
300750.SZ,20250626,255.88,256.29,252.36,252.79,254.9,-2.11,-0.8278,199145.3,5062386.537,0.5,0.5,,,,,
300750.SZ,20250627,256.5,257.45,250.11,250.99,252.79,-1.8,-0.7121,236200.67,5985026.676,0.5,0.5,,,,,
300750.SZ,20250630,251.5,253.5,249.7,252.22,250.99,1.23,0.4901,176233.7,4434817.078,0.5,0.5,,,,,
300750.SZ,20250701,252.5,252.74,249.88,251.5,252.22,-0.72,-0.2855,95322.58,2395104.336,0.5,0.5,,,,,
300750.SZ,20250702,251.5,252.01,249.19,250.45,251.5,-1.05,-0.4175,115713.74,2897311.834,0.5,0.5,,,,,
300750.SZ,20250703,251.47,263.21,250.59,262.59,250.45,12.14,4.8473,338037.47,8746803.693,0.5,0.5,,,,,
300750.SZ,20250704,265.01,269.98,260.98,265.8,262.59,3.21,1.2224,272060.13,7214227.943,0.5,0.5,,,,,
300750.SZ,20250707,265.8,268.88,258.88,260.89,265.8,-4.91,-1.8473,174664.98,4568972.965,0.5,0.5,,,,,
300750.SZ,20250708,260.7,265.9,259.82,263.31,260.89,2.42,0.9276,155922.92,4104293.094,0.5,0.5,,,,,
300750.SZ,20250709,262.2,274.46,262.1,270.8,263.31,7.49,2.8446,293883.71,7948423.739,0.5,0.5,,,,,
300750.SZ,20250710,274.99,274.99,268.5,272.0,270.8,1.2,0.4431,242393.49,6594201.202,0.5,0.5,,,,,
300750.SZ,20250711,271.5,274.0,270.1,271.5,272.0,-0.5,-0.1838,213281.53,5798544.034,0.5,0.5,,,,,
300750.SZ,20250714,271.0,271.32,266.1,268.5,271.5,-3.0,-1.105,149788.84,4013693.003,0.5,0.5,,,,,
300750.SZ,20250715,268.5,272.5,266.0,267.75,268.5,-0.75,-0.2793,169526.49,4553827.628,0.5,0.5,,,,,
300750.SZ,20250716,268.5,268.7,263.04,264.4,267.75,-3.35,-1.2512,156264.79,4135841.242,0.5,0.5,,,,,
300750.SZ,20250717,265.37,267.75,264.36,265.5,264.4,1.1,0.416,145110.17,3852746.251,0.5,0.5,,,,,
300750.SZ,20250718,268.7,272.45,265.8,271.2,265.5,5.7,2.1469,221865.58,5981601.235,0.5,0.5,,,,,
300750.SZ,20250721,277.0,282.0,273.55,279.66,271.2,8.46,3.1195,324862.75,9047295.149,0.5,0.5,,,,,
300750.SZ,20250722,280.0,290.0,279.18,286.66,279.66,7.0,2.503,333090.29,9468912.161,0.5,0.5,,,,,
300750.SZ,20250723,288.16,290.75,286.59,287.02,286.66,0.36,0.1256,200189.74,5772653.126,0.5,0.5,,,,,
300750.SZ,20250724,289.0,289.2,282.91,285.2,287.02,-1.82,-0.6341,223891.14,6394082.072,0.5,0.5,,,,,
300750.SZ,20250725,285.2,285.2,281.75,282.8,285.2,-2.4,-0.8415,134326.01,3802835.26,0.5,0.5,,,,,
300750.SZ,20250728,283.02,289.09,281.3,286.3,282.8,3.5,1.2376,238973.36,6830867.029,0.5,0.5,,,,,
300750.SZ,20250729,286.7,292.0,286.68,291.82,286.3,5.52,1.928,233945.55,6785427.583,0.5,0.5,,,,,
300750.SZ,20250730,292.2,292.2,276.36,277.09,291.82,-14.73,-5.0476,415943.01,11712764.593,0.5,0.5,,,,,
300750.SZ,20250731,280.8,281.98,264.62,264.62,277.09,-12.47,-4.5003,447103.55,12088514.551,0.5,0.5,,,,,
300750.SZ,20250801,264.8,266.6,262.75,263.07,264.62,-1.55,-0.5857,252500.02,6682814.646,0.5,0.5,,,,,
300750.SZ,20250804,263.0,268.0,261.7,266.48,263.07,3.41,1.2962,237681.68,6286238.371,0.5,0.5,,,,,
300750.SZ,20250805,267.5,269.0,263.5,265.7,266.48,-0.78,-0.2927,219760.4,5844478.67,0.5,0.5,,,,,
300750.SZ,20250806,265.22,266.9,263.23,265.0,265.7,-0.7,-0.2635,153233.11,4058482.396,0.5,0.5,,,,,
300750.SZ,20250807,265.0,266.49,262.2,263.05,265.0,-1.95,-0.7358,165481.04,4363462.114,0.5,0.5,,,,,
300750.SZ,20250808,264.0,266.16,262.01,263.48,263.05,0.43,0.1635,174282.16,4604736.203,0.5,0.5,,,,,
300750.SZ,20250811,263.48,266.15,262.5,263.66,263.48,0.18,0.0683,213308.76,5627553.11,0.5,0.5,,,,,
300750.SZ,20250812,263.5,265.18,257.72,263.25,263.66,-0.41,-0.1555,222407.39,5829140.856,0.5,0.5,,,,,
300750.SZ,20250813,264.77,275.0,264.51,273.6,263.25,10.35,3.9316,394667.69,10661084.797,0.5,0.5,,,,,
300750.SZ,20250814,276.89,282.0,274.48,279.89,273.6,6.29,2.299,371707.57,10378442.059,0.5,0.5,,,,,
300750.SZ,20250815,278.38,282.3,276.1,280.67,279.89,0.78,0.2787,241091.69,6735591.187,0.5,0.5,,,,,
300750.SZ,20250818,280.67,285.48,278.02,283.0,280.67,2.33,0.8302,285287.93,8056186.542,0.5,0.5,,,,,
300750.SZ,20250819,283.0,284.0,276.22,277.8,283.0,-5.2,-1.8375,244285.85,6816442.573,0.5,0.5,,,,,
300750.SZ,20250820,277.5,279.99,272.05,279.2,276.8,2.4,0.8671,233534.92,6414344.337,0.5,0.5,,,,,
300750.SZ,20250821,279.27,281.8,278.0,279.0,279.2,-0.2,-0.0716,182698.14,5103914.721,0.5,0.5,,,,,
300750.SZ,20250822,278.93,289.35,278.6,287.18,279.0,8.18,2.9319,264218.51,7543698.628,0.5,0.5,,,,,
300750.SZ,20250825,290.0,293.88,286.78,290.28,287.18,3.1,1.0795,312297.2,9046692.965,0.5,0.5,,,,,
300750.SZ,20250826,287.02,290.99,285.58,289.5,290.28,-0.78,-0.2687,230244.62,6648848.315,0.5,0.5,,,,,
300750.SZ,20250827,289.0,289.54,278.19,278.3,289.5,-11.2,-3.8687,382584.29,10859010.3,0.5,0.5,,,,,
300750.SZ,20250828,276.06,278.99,272.72,277.41,278.3,-0.89,-0.3198,304664.01,8407974.991,0.5,0.5,,,,,
300750.SZ,20250829,278.31,316.66,277.95,306.18,277.41,28.77,10.3709,780138.92,23482893.637,0.5,0.5,,,,,
300750.SZ,20250901,306.5,306.9,299.3,304.0,306.18,-2.18,-0.712,429964.21,13012795.663,0.5,0.5,,,,,
300750.SZ,20250902,304.03,311.1,299.03,302.87,304.0,-1.13,-0.3717,371168.89,11289093.083,0.5,0.5,,,,,
300750.SZ,20250903,303.5,311.65,303.03,309.0,302.87,6.13,2.024,508974.73,15640548.986,0.5,0.5,,,,,
300750.SZ,20250904,313.47,323.33,300.63,304.03,309.0,-4.97,-1.6084,657547.54,20442631.453,0.5,0.5,,,,,
300750.SZ,20250905,299.9,325.11,299.82,325.11,304.03,21.08,6.9335,708197.79,22440211.716,0.5,0.5,,,,,
300750.SZ,20250908,334.0,337.65,323.5,325.37,325.11,0.26,0.08,588345.78,19349632.049,0.5,0.5,,,,,
300750.SZ,20250909,322.8,334.58,317.16,320.0,325.37,-5.37,-1.6504,434023.97,14085497.658,0.5,0.5,,,,,
300750.SZ,20250910,317.99,322.0,313.0,316.04,320.0,-3.96,-1.2375,367526.83,11649703.595,0.5,0.5,,,,,
300750.SZ,20250911,315.55,322.98,309.04,322.55,316.04,6.51,2.0599,380344.6,12060756.827,0.5,0.5,,,,,
300750.SZ,20250912,325.9,329.9,322.2,325.0,322.55,2.45,0.7596,338713.16,11031032.653,0.5,0.5,,,,,
300750.SZ,20250915,346.01,371.52,344.02,354.7,325.0,29.7,9.1385,718410.23,25586615.241,0.5,0.5,,,,,
300750.SZ,20250916,356.11,359.0,348.5,353.42,354.7,-1.28,-0.3609,377444.65,13325722.242,0.5,0.5,,,,,
300750.SZ,20250917,356.8,381.88,354.0,377.1,353.42,23.68,6.7002,543771.0,20113064.234,0.5,0.5,,,,,
300750.SZ,20250918,374.59,380.0,360.8,366.89,377.1,-10.21,-2.7075,518896.9,19308545.614,0.5,0.5,,,,,
300750.SZ,20250919,365.0,375.71,361.72,368.49,366.89,1.6,0.4361,339148.86,12515443.887,0.5,0.5,,,,,
300750.SZ,20250922,370.5,372.72,362.78,370.05,368.49,1.56,0.4233,285277.63,10474484.764,0.5,0.5,,,,,
300750.SZ,20250923,368.0,376.96,360.0,368.15,370.05,-1.9,-0.5134,348493.15,12813882.35,0.5,0.5,,,,,
300750.SZ,20250924,371.0,380.0,366.06,379.93,368.15,11.78,3.1998,383145.48,14311189.086,0.5,0.5,,,,,
300750.SZ,20250925,376.6,402.59,376.47,392.85,379.93,12.92,3.4006,466393.38,18251421.708,0.5,0.5,,,,,
300750.SZ,20250926,392.02,399.99,380.0,380.4,392.85,-12.45,-3.1691,362633.26,14106499.742,0.5,0.5,,,,,
300750.SZ,20250929,386.34,399.89,386.01,397.37,380.4,16.97,4.4611,389647.45,15381134.07,0.5,0.5,,,,,
300750.SZ,20250930,396.0,408.88,396.0,402.0,397.37,4.63,1.1652,330313.1,13278445.667,0.5,0.5,,,,,
300750.SZ,20251009,399.98,424.36,399.74,409.89,402.0,7.89,1.9627,412088.23,16989122.538,0.5,0.5,,,,,
300750.SZ,20251010,401.0,403.8,379.01,381.95,409.89,-27.94,-6.8165,533117.98,20684330.795,0.5,0.5,,,,,
300750.SZ,20251013,362.86,384.6,362.86,374.5,381.95,-7.45,-1.9505,471509.98,17618650.277,0.5,0.5,,,,,
300750.SZ,20251014,381.0,385.8,355.77,358.0,374.5,-16.5,-4.4059,496399.39,18319370.881,0.5,0.5,,,,,
300750.SZ,20251015,358.5,369.71,354.76,369.3,358.0,11.3,3.1564,369933.55,13383852.917,0.5,0.5,,,,,
300750.SZ,20251016,367.5,373.9,364.5,368.5,369.3,-0.8,-0.2166,276294.67,10185159.269,0.5,0.5,,,,,
300750.SZ,20251017,367.5,375.0,356.99,358.14,368.5,-10.36,-2.8114,319057.61,11588825.855,0.5,0.5,,,,,
300750.SZ,20251020,365.0,368.89,359.53,366.5,358.14,8.36,2.3343,284324.2,10372513.059,0.5,0.5,,,,,
300750.SZ,20251021,373.0,381.35,363.1,375.9,366.5,9.4,2.5648,446328.7,16784956.526,0.5,0.5,,,,,
300750.SZ,20251022,375.9,378.88,368.2,372.86,375.9,-3.04,-0.8087,219458.79,8178934.535,0.5,0.5,,,,,
300750.SZ,20251023,373.8,378.8,369.0,376.45,372.86,3.59,0.9628,239980.98,8982628.027,0.5,0.5,,,,,
300750.SZ,20251024,379.97,387.8,378.0,385.77,376.45,9.32,2.4758,320415.78,12276721.104,0.5,0.5,,,,,
300750.SZ,20251027,393.0,393.0,376.57,386.18,385.77,0.41,0.1063,404510.18,15542852.577,0.5,0.5,,,,,
300750.SZ,20251028,386.16,393.8,383.02,386.48,386.18,0.3,0.0777,287082.95,11160796.766,0.5,0.5,,,,,
300750.SZ,20251029,386.0,400.04,384.7,400.0,386.48,13.52,3.4982,344740.46,13644645.226,0.5,0.5,,,,,
300750.SZ,20251030,405.98,409.08,396.83,398.29,400.0,-1.71,-0.4275,343060.88,13797530.229,0.5,0.5,,,,,
300750.SZ,20251031,398.0,406.8,388.2,388.77,398.29,-9.52,-2.3902,340483.5,13515773.431,0.5,0.5,,,,,
300750.SZ,20251103,387.0,391.91,375.77,386.86,388.77,-1.91,-0.4913,263681.77,10106566.781,0.5,0.5,,,,,
300750.SZ,20251104,383.06,386.5,374.0,378.95,386.86,-7.91,-2.0447,239390.74,9091842.153,0.5,0.5,,,,,
300750.SZ,20251105,372.85,393.0,372.0,388.7,378.95,9.75,2.5729,311425.32,11937586.811,0.5,0.5,,,,,
300750.SZ,20251106,390.0,399.49,388.7,394.68,388.7,5.98,1.5385,234474.77,9261688.312,0.5,0.5,,,,,
300750.SZ,20251107,393.5,397.51,388.88,395.37,394.68,0.69,0.1748,165548.92,6516185.371,0.5,0.5,,,,,
300750.SZ,20251110,398.4,400.31,383.32,384.51,395.37,-10.86,-2.7468,238959.91,9267204.047,0.5,0.5,,,,,
300750.SZ,20251111,386.0,394.77,384.5,385.6,384.51,1.09,0.2835,193031.75,7500041.113,0.5,0.5,,,,,
300750.SZ,20251112,390.78,392.99,383.98,386.38,385.6,0.78,0.2023,212998.25,8261238.197,0.5,0.5,,,,,
300750.SZ,20251113,385.05,421.3,385.05,415.6,386.38,29.22,7.5625,562654.49,22945441.956,0.5,0.5,,,,,
300750.SZ,20251114,407.0,414.6,403.88,404.12,415.6,-11.48,-2.7623,241721.2,9879119.548,0.5,0.5,,,,,
300750.SZ,20251117,388.0,392.4,382.5,390.78,404.12,-13.34,-3.301,476855.03,18542294.255,0.5,0.5,,,,,
300750.SZ,20251118,389.0,398.63,381.0,385.0,390.78,-5.78,-1.4791,395658.14,15353867.657,0.5,0.5,,,,,
300750.SZ,20251119,385.5,398.44,384.96,391.1,385.0,6.1,1.5844,292666.86,11462348.543,0.5,0.5,,,,,
300750.SZ,20251120,394.9,395.0,377.01,379.39,391.1,-11.71,-2.9941,336742.85,12895238.923,0.5,0.5,,,,,
300750.SZ,20251121,375.0,383.0,370.0,370.0,379.39,-9.39,-2.475,316313.35,11850710.342,0.5,0.5,,,,,
300750.SZ,20251124,373.8,374.9,367.18,370.55,370.0,0.55,0.1486,228458.19,8464724.008,0.5,0.5,,,,,
300750.SZ,20251125,375.0,379.66,370.59,372.36,370.55,1.81,0.4885,206332.46,7733117.132,0.5,0.5,,,,,
300750.SZ,20251126,375.5,375.5,370.07,372.82,372.36,0.46,0.1235,189106.6,7048903.988,0.5,0.5,,,,,
300750.SZ,20251127,373.0,378.88,370.0,371.2,372.82,-1.62,-0.4345,222002.59,8289124.681,0.5,0.5,,,,,
300750.SZ,20251128,370.5,375.48,366.16,373.2,371.2,2.0,0.5388,203402.63,7542337.298,0.5,0.5,,,,,
300750.SZ,20251201,374.76,382.97,374.03,382.97,373.2,9.77,2.6179,267510.13,10120862.871,0.5,0.5,,,,,
300750.SZ,20251202,383.5,384.98,377.4,380.08,382.97,-2.89,-0.7546,163484.61,6220569.502,0.5,0.5,,,,,
300750.SZ,20251203,380.09,383.37,375.0,376.08,380.08,-4.0,-1.0524,139911.35,5294871.743,0.5,0.5,,,,,
300750.SZ,20251204,379.19,383.6,375.15,383.35,376.08,7.27,1.9331,191658.09,7299943.081,0.5,0.5,,,,,
300750.SZ,20251205,387.2,389.31,382.0,389.09,383.35,5.74,1.4973,232915.59,9004580.816,0.5,0.5,,,,,
300750.SZ,20251208,390.43,395.38,385.5,392.5,389.09,3.41,0.8764,216597.58,8476698.7,0.5,0.5,,,,,
300750.SZ,20251209,391.5,392.26,386.0,387.59,392.5,-4.91,-1.251,186917.73,7255076.087,0.5,0.5,,,,,
300750.SZ,20251210,385.05,388.0,377.26,382.38,387.59,-5.21,-1.3442,194334.05,7399361.241,0.5,0.5,,,,,
300750.SZ,20251211,384.9,398.86,383.38,388.99,382.38,6.61,1.7286,282153.78,11089031.995,0.5,0.5,,,,,
300750.SZ,20251212,392.0,393.39,385.5,391.8,388.99,2.81,0.7224,240020.22,9355490.916,0.5,0.5,,,,,
300750.SZ,20251215,391.5,394.97,385.21,385.5,391.8,-6.3,-1.608,182749.93,7099251.459,0.5,0.5,,,,,
300750.SZ,20251216,386.0,389.08,378.03,378.41,385.5,-7.09,-1.8392,191216.76,7292054.835,0.5,0.5,,,,,
300750.SZ,20251217,376.45,384.5,375.06,383.42,378.41,5.01,1.324,222574.08,8453303.234,0.5,0.5,,,,,
300750.SZ,20251218,379.57,380.95,370.01,372.0,383.42,-11.42,-2.9785,296392.83,11079385.459,0.5,0.5,,,,,
300750.SZ,20251219,374.08,377.68,370.8,374.0,372.0,2.0,0.5376,175599.45,6572807.89,0.5,0.5,,,,,
300750.SZ,20251222,376.0,377.99,368.1,371.84,374.0,-2.16,-0.5775,254935.38,9489773.616,0.5,0.5,,,,,
300750.SZ,20251223,372.0,380.5,371.6,378.1,371.84,6.26,1.6835,236040.86,8879315.764,0.5,0.5,,,,,
300750.SZ,20251224,378.08,378.08,372.0,375.6,378.1,-2.5,-0.6612,210883.87,7902857.946,0.5,0.5,,,,,
300750.SZ,20251225,374.21,374.21,369.12,373.01,375.6,-2.59,-0.6896,203431.44,7559336.244,0.5,0.5,,,,,
300750.SZ,20251226,372.96,378.0,370.1,374.43,373.01,1.42,0.3807,257236.89,9616116.053,0.5,0.5,,,,,
300750.SZ,20251229,374.0,374.43,368.0,369.31,374.43,-5.12,-1.3674,241240.72,8924502.783,0.5,0.5,,,,,
300750.SZ,20251230,367.1,371.0,366.56,369.2,369.31,-0.11,-0.0298,190308.21,7014015.794,0.5,0.5,,,,,
300750.SZ,20251231,369.79,372.0,367.15,367.26,369.2,-1.94,-0.5255,160265.97,5920431.545,0.5,0.5,,,,,
300750.SZ,20260105,370.0,378.0,368.19,377.5,367.26,10.24,2.7882,336881.35,12583419.574,0.5,0.5,,,,,
300750.SZ,20260106,380.0,380.5,369.04,373.99,377.5,-3.51,-0.9298,341477.1,12764795.667,0.5,0.5,,,,,
300750.SZ,20260107,372.95,375.48,368.49,371.01,373.99,-2.98,-0.7968,262285.35,9730943.679,0.5,0.5,,,,,
300750.SZ,20260108,368.0,373.33,367.0,369.21,371.01,-1.8,-0.4852,269590.35,9962397.48,0.5,0.5,,,,,
300750.SZ,20260109,369.17,377.63,367.01,369.23,369.21,0.02,0.0054,314771.87,11681035.309,0.5,0.5,,,,,
300750.SZ,20260112,368.0,368.0,351.66,361.68,369.23,-7.55,-2.0448,488307.39,17505537.199,0.5,0.5,,,,,
300750.SZ,20260113,366.25,367.77,357.0,359.0,361.68,-2.68,-0.741,296709.2,10745692.37,0.5,0.5,,,,,
300750.SZ,20260114,360.03,361.22,351.71,353.98,359.0,-5.02,-1.3983,380833.65,13553362.724,0.5,0.5,,,,,
300750.SZ,20260115,352.75,358.28,351.8,353.75,353.98,-0.23,-0.065,323709.12,11474019.06,0.5,0.5,,,,,
300750.SZ,20260116,357.99,361.72,351.51,352.32,353.75,-1.43,-0.4042,319818.42,11350569.563,0.5,0.5,,,,,
300750.SZ,20260119,351.47,355.34,345.33,348.9,352.32,-3.42,-0.9707,338642.84,11842421.264,0.5,0.5,,,,,
300750.SZ,20260120,350.0,356.91,347.9,349.6,348.9,0.7,0.2006,354405.89,12466608.9,0.5,0.5,,,,,
300750.SZ,20260121,351.94,357.69,349.0,349.81,349.6,0.21,0.0601,393935.73,13919426.405,0.5,0.5,,,,,
300750.SZ,20260122,351.03,353.73,339.5,345.8,349.81,-4.01,-1.1463,459948.18,15851213.229,0.5,0.5,,,,,
300750.SZ,20260123,348.01,350.0,343.25,347.0,345.8,1.2,0.347,339761.27,11775914.386,0.5,0.5,,,,,
300750.SZ,20260126,352.02,352.55,341.21,342.05,347.0,-4.95,-1.4265,332913.86,11468681.279,0.5,0.5,,,,,
300750.SZ,20260127,344.89,344.9,334.02,339.4,342.05,-2.65,-0.7747,322948.85,10953698.562,0.5,0.5,,,,,
300750.SZ,20260128,337.88,344.0,333.01,339.99,339.4,0.59,0.1738,463081.71,15638344.009,0.5,0.5,,,,,
300750.SZ,20260129,340.5,345.16,338.16,341.89,339.99,1.9,0.5588,338444.19,11569006.794,0.5,0.5,,,,,
300750.SZ,20260130,348.4,353.76,344.1,350.0,341.89,8.11,2.3721,486501.15,17048600.0,0.5,0.5,,,,,
300750.SZ,20260202,357.0,357.99,344.13,348.98,350.0,-1.02,-0.2914,391917.47,13766144.458,0.5,0.5,,,,,
300750.SZ,20260203,349.0,352.8,343.5,347.91,348.98,-1.07,-0.3066,265163.25,9220045.792,0.5,0.5,,,,,
300750.SZ,20260204,350.96,366.65,347.51,365.03,347.91,17.12,4.9208,485316.85,17369398.062,0.5,0.5,,,,,
300750.SZ,20260205,365.77,366.75,356.02,362.94,365.03,-2.09,-0.5726,284271.57,10268243.283,0.5,0.5,,,,,
300750.SZ,20260206,359.32,372.88,358.01,369.11,362.94,6.17,1.7,393726.18,14514523.059,0.5,0.5,,,,,
300750.SZ,20260209,370.5,372.5,362.6,368.82,369.11,-0.29,-0.0786,274486.3,10080946.319,0.5,0.5,,,,,
300750.SZ,20260210,365.17,370.8,364.0,364.97,368.82,-3.85,-1.0439,185634.99,6798020.174,0.5,0.5,,,,,
300750.SZ,20260211,366.9,370.99,364.5,368.0,364.97,3.03,0.8302,196534.59,7239804.071,0.5,0.5,,,,,
300750.SZ,20260212,370.0,377.88,368.03,375.87,368.0,7.87,2.1386,277545.8,10410892.196,0.5,0.5,,,,,
300750.SZ,20260213,375.61,377.0,365.01,365.34,375.87,-10.53,-2.8015,223145.32,8229700.941,0.5,0.5,,,,,
300750.SZ,20260224,372.64,373.5,361.95,361.95,365.34,-3.39,-0.9279,226951.31,8316534.693,0.5,0.5,,,,,
300750.SZ,20260225,363.69,366.6,360.1,362.18,361.95,0.23,0.0635,187166.39,6802110.619,0.5,0.5,,,,,
300750.SZ,20260226,356.05,358.2,343.5,346.0,362.18,-16.18,-4.4674,435413.81,15108143.01,0.5,0.5,,,,,
300750.SZ,20260227,347.12,348.94,342.01,342.01,346.0,-3.99,-1.1532,254466.2,8775054.149,0.5,0.5,,,,,
300750.SZ,20260302,341.0,344.9,336.68,340.22,342.01,-1.79,-0.5234,283513.26,9643254.984,0.5,0.5,,,,,
300750.SZ,20260303,346.33,354.35,344.03,344.07,340.22,3.85,1.1316,400074.79,13919957.238,0.5,0.5,,,,,
300750.SZ,20260304,341.1,342.02,334.2,338.9,344.07,-5.17,-1.5026,250804.41,8468604.902,0.5,0.5,,,,,
300750.SZ,20260305,344.58,353.85,342.66,350.25,338.9,11.35,3.3491,310060.68,10819502.021,0.5,0.5,,,,,
300750.SZ,20260306,349.0,357.02,344.66,354.77,350.25,4.52,1.2905,209631.13,7388868.682,0.5,0.5,,,,,
300750.SZ,20260309,348.84,359.85,345.06,357.5,354.77,2.73,0.7695,317976.13,11217996.825,0.5,0.5,,,,,
300750.SZ,20260310,375.0,379.77,366.5,376.3,357.5,18.8,5.2587,507417.28,19049080.513,0.5,0.5,,,,,
300750.SZ,20260311,379.58,403.55,378.98,396.8,376.3,20.5,5.4478,575986.85,22642696.276,0.5,0.5,,,,,
300750.SZ,20260312,400.0,400.9,392.7,395.5,396.8,-1.3,-0.3276,291503.75,11537671.607,0.5,0.5,,,,,
300750.SZ,20260313,393.88,403.99,393.8,397.0,395.5,1.5,0.3793,355826.39,14201304.444,0.5,0.5,,,,,
300750.SZ,20260316,401.77,413.17,398.0,408.4,397.0,11.4,2.8715,373521.04,15195015.005,0.5,0.5,,,,,
300750.SZ,20260317,415.78,420.0,404.56,405.0,408.4,-3.4,-0.8325,359806.78,14787230.79,0.5,0.5,,,,,
300750.SZ,20260318,405.36,406.0,396.77,402.02,405.0,-2.98,-0.7358,265299.96,10653633.584,0.5,0.5,,,,,
300750.SZ,20260319,401.94,414.0,400.0,400.5,402.02,-1.52,-0.3781,292866.35,11867380.765,0.5,0.5,,,,,
300750.SZ,20260320,405.08,422.08,400.13,413.0,400.5,12.5,3.1211,537296.77,22252017.693,0.5,0.5,,,,,
300750.SZ,20260323,417.33,417.36,398.75,401.99,413.0,-11.01,-2.6659,446141.45,18193336.487,0.5,0.5,,,,,
300750.SZ,20260324,405.0,411.9,388.0,396.99,401.99,-5.0,-1.2438,364105.25,14439124.61,0.5,0.5,,,,,
300750.SZ,20260325,393.0,400.5,387.8,397.81,396.99,0.82,0.2066,267528.28,10553996.247,0.5,0.5,,,,,
300750.SZ,20260326,393.84,413.72,392.0,402.5,397.81,4.69,1.179,267636.97,10811439.764,0.5,0.5,,,,,
300750.SZ,20260327,406.12,418.33,401.73,416.18,402.5,13.68,3.3988,302580.43,12465856.864,0.5,0.5,,,,,
300750.SZ,20260330,413.0,418.85,405.6,413.0,416.18,-3.18,-0.7641,253484.19,10440376.424,0.5,0.5,,,,,
300750.SZ,20260331,413.0,416.95,401.58,401.7,413.0,-11.3,-2.7361,249256.45,10159878.346,0.5,0.5,,,,,
300750.SZ,20260401,409.73,409.87,396.0,405.71,401.7,4.01,0.9983,231700.73,9384266.504,0.5,0.5,,,,,
300750.SZ,20260402,407.9,411.99,397.2,401.17,405.71,-4.54,-1.119,223056.38,8988161.794,0.5,0.5,,,,,
300750.SZ,20260403,400.0,400.8,385.13,386.46,401.17,-14.71,-3.6668,247515.01,9640031.385,0.5,0.5,,,,,
300750.SZ,20260407,389.98,393.2,381.49,384.59,386.46,-1.87,-0.4839,172576.22,6675632.984,0.5,0.5,,,,,
300750.SZ,20260408,396.5,397.65,388.22,391.3,384.59,6.71,1.7447,364184.43,14315333.338,0.5,0.5,,,,,
300750.SZ,20260409,394.1,394.28,386.66,389.99,391.3,-1.31,-0.3348,259551.99,10132744.607,0.5,0.5,,,,,
300750.SZ,20260410,394.0,419.0,392.68,416.0,389.99,26.01,6.6694,507887.02,20752496.341,0.5,0.5,,,,,
300750.SZ,20260413,418.0,433.33,416.0,427.13,416.0,11.13,2.6755,412399.24,17625505.878,0.5,0.5,,,,,
300750.SZ,20260414,421.5,432.49,414.4,430.79,427.13,3.66,0.8569,442208.26,18663656.303,0.5,0.5,,,,,
300750.SZ,20260415,438.88,439.46,427.07,431.0,430.79,0.21,0.0487,373536.28,16122379.46,0.5,0.5,,,,,
300750.SZ,20260416,441.0,460.0,433.02,453.98,431.0,22.98,5.3318,635062.18,28517416.468,0.5,0.5,,,,,
300750.SZ,20260417,455.96,457.64,441.01,444.2,453.98,-9.78,-2.1543,365358.48,16290232.436,0.5,0.5,,,,,
300750.SZ,20260420,433.0,437.9,426.01,432.5,444.2,-11.7,-2.6339,529278.21,22768028.85,0.5,0.5,,,,,
300750.SZ,20260421,435.0,450.13,425.1,447.6,432.5,15.1,3.4913,577745.62,25412275.749,0.5,0.5,,,,,
300750.SZ,20260422,441.01,447.97,433.13,436.35,440.69,-4.34,-0.9848,460254.32,20173924.648,0.5,0.5,,,,,
300750.SZ,20260423,443.5,443.6,435.0,438.9,436.35,2.55,0.5844,354309.66,15566836.621,0.5,0.5,,,,,
300750.SZ,20260424,442.0,448.45,438.0,444.9,438.9,6.0,1.3671,395424.97,17517374.359,0.5,0.5,,,,,
300750.SZ,20260427,444.63,448.76,433.8,434.88,444.9,-10.02,-2.2522,330612.83,14514326.132,0.5,0.5,,,,,
300750.SZ,20260428,426.19,433.3,423.0,427.67,434.88,-7.21,-1.6579,350121.13,14992134.063,0.5,0.5,,,,,
300750.SZ,20260429,432.0,445.15,428.0,445.0,427.67,17.33,4.0522,376335.6,16473164.318,0.5,0.5,,,,,
300750.SZ,20260430,446.5,449.5,436.0,436.0,445.0,-9.0,-2.0225,298120.94,13127297.982,0.5,0.5,,,,,
300750.SZ,20260506,457.5,465.88,448.63,460.0,436.0,24.0,5.5046,473727.18,21679900.613,0.5,0.5,,,,,
300750.SZ,20260507,468.75,468.75,447.0,451.64,460.0,-8.36,-1.8174,386212.74,17551196.925,0.5,0.5,,,,,
300750.SZ,20260508,449.0,455.5,436.2,437.0,451.64,-14.64,-3.2415,366048.51,16224287.222,0.5,0.5,,,,,
300750.SZ,20260511,440.0,450.51,435.1,446.11,437.0,9.11,2.0847,341901.01,15198345.088,0.5,0.5,,,,,
300750.SZ,20260512,446.59,446.85,429.29,431.25,446.11,-14.86,-3.331,341514.97,14869224.128,0.5,0.5,,,,,
300750.SZ,20260513,431.01,436.58,427.08,434.05,431.25,2.8,0.6493,316858.23,13668347.814,0.5,0.5,,,,,
300750.SZ,20260514,449.38,450.45,427.0,427.0,434.05,-7.05,-1.6242,347046.14,15157645.64,0.5,0.5,,,,,
300750.SZ,20260515,428.08,431.5,421.0,423.6,427.0,-3.4,-0.7963,297048.93,12638150.862,0.5,0.5,,,,,
300750.SZ,20260518,420.58,422.9,414.0,417.23,423.6,-6.37,-1.5038,284983.47,11894351.176,0.5,0.5,,,,,
300750.SZ,20260519,415.86,419.9,406.8,417.92,417.23,0.69,0.1654,260876.68,10805349.153,0.5,0.5,,,,,
300750.SZ,20260520,417.0,422.99,412.66,414.75,417.92,-3.17,-0.7585,281190.31,11734883.868,0.5,0.5,,,,,
300750.SZ,20260521,419.87,427.62,411.42,411.63,414.75,-3.12,-0.7523,338671.72,14239107.293,0.5,0.5,,,,,
300750.SZ,20260522,414.7,416.5,410.0,411.16,411.63,-0.47,-0.1142,277883.81,11472585.703,0.5,0.5,,,,,
300750.SZ,20260525,411.28,414.5,400.0,402.88,411.16,-8.28,-2.0138,381977.1,15479408.962,0.5,0.5,,,,,
300750.SZ,20260526,406.19,408.77,400.36,402.5,402.88,-0.38,-0.0943,350627.03,14152427.064,0.5,0.5,,,,,
300750.SZ,20260527,413.92,428.9,411.29,414.8,402.5,12.3,3.0559,533728.88,22373358.897,0.5,0.5,,,,,
300750.SZ,20260528,420.0,420.58,406.2,415.68,414.8,0.88,0.2122,327771.49,13502296.107,0.5,0.5,,,,,
300750.SZ,20260529,423.0,430.86,416.55,424.0,415.68,8.32,2.0015,498118.91,21139031.904,0.5,0.5,,,,,
300750.SZ,20260601,432.1,438.24,418.18,420.1,424.0,-3.9,-0.9198,386004.52,16554495.936,0.5,0.5,,,,,
300750.SZ,20260602,425.0,437.75,423.0,433.89,420.1,13.79,3.2826,387981.6,16719046.201,0.5,0.5,,,,,
300750.SZ,20260603,437.0,437.0,420.1,426.42,433.89,-7.47,-1.7216,385526.08,16460790.913,0.5,0.5,,,,,
300750.SZ,20260604,426.42,426.9,407.18,408.2,426.42,-18.22,-4.2728,431154.62,17788218.035,0.5,0.5,,,,,
300750.SZ,20260605,407.89,412.65,402.7,403.0,408.2,-5.2,-1.2739,287389.3,11711423.57,0.5,0.5,,,,,
300750.SZ,20260608,395.8,402.68,390.7,393.02,403.0,-9.98,-2.4764,286526.36,11335280.87,0.5,0.5,,,,,
300750.SZ,20260609,399.99,401.87,388.0,399.5,393.02,6.48,1.6488,277351.47,10926469.6166,0.5,0.5,,,,,
300750.SZ,20260610,395.28,399.0,385.12,388.5,399.5,-11.0,-2.7534,244357.15,9535581.22717,0.5,0.5,,,,,
300750.SZ,20260611,386.98,391.34,380.03,382.2,388.5,-6.3,-1.6216,268654.47,10301875.9156,0.5,0.5,,,,,
601857.SH,20210615,5.21,5.35,5.15,5.23,5.19,0.04,0.7707,3298847.58,1728374.393,0.5,0.5,,,,,
601857.SH,20210616,5.33,5.43,5.21,5.31,5.23,0.08,1.5296,3272438.36,1744749.37,0.5,0.5,,,,,
601857.SH,20210617,5.25,5.25,5.1,5.23,5.31,-0.08,-1.5066,2822193.17,1465022.882,0.5,0.5,,,,,
601857.SH,20210618,5.15,5.21,5.09,5.15,5.23,-0.08,-1.5296,1966819.69,1011534.02,0.5,0.5,,,,,
601857.SH,20210621,5.2,5.22,5.06,5.11,5.15,-0.04,-0.7767,1862332.61,957016.79,0.5,0.5,,,,,
601857.SH,20210622,5.2,5.45,5.19,5.38,5.11,0.27,5.2838,3011015.3,1608917.197,0.5,0.5,,,,,
601857.SH,20210623,5.38,5.42,5.29,5.38,5.38,0.0,0.0,1797703.1,962719.687,0.5,0.5,,,,,
601857.SH,20210624,5.38,5.42,5.32,5.39,5.38,0.01,0.1859,1323523.59,710331.109,0.5,0.5,,,,,
601857.SH,20210625,5.4,5.55,5.34,5.41,5.39,0.02,0.3711,2171729.6,1180095.239,0.5,0.5,,,,,
601857.SH,20210628,5.48,5.52,5.35,5.35,5.41,-0.06,-1.1091,1604963.95,867318.776,0.5,0.5,,,,,
601857.SH,20210629,5.22,5.31,5.1,5.24,5.26,-0.02,-0.3802,1660825.69,866051.018,0.5,0.5,,,,,
601857.SH,20210630,5.25,5.31,5.2,5.29,5.24,0.05,0.9542,1041356.16,546913.891,0.5,0.5,,,,,
601857.SH,20210701,5.31,5.32,5.17,5.24,5.29,-0.05,-0.9452,1318342.25,692114.094,0.5,0.5,,,,,
601857.SH,20210702,5.35,5.44,5.21,5.23,5.24,-0.01,-0.1908,2282633.66,1211280.204,0.5,0.5,,,,,
601857.SH,20210705,5.21,5.24,5.08,5.19,5.23,-0.04,-0.7648,1685006.55,868896.544,0.5,0.5,,,,,
601857.SH,20210706,5.24,5.27,5.21,5.25,5.19,0.06,1.1561,1084488.75,568334.154,0.5,0.5,,,,,
601857.SH,20210707,5.11,5.16,5.06,5.12,5.25,-0.13,-2.4762,1767699.71,903264.205,0.5,0.5,,,,,
601857.SH,20210708,5.05,5.09,4.94,4.99,5.12,-0.13,-2.5391,2014392.06,1009462.443,0.5,0.5,,,,,
601857.SH,20210709,5.02,5.05,4.94,4.99,4.99,0.0,0.0,1403228.42,698251.837,0.5,0.5,,,,,
601857.SH,20210712,5.05,5.06,4.92,4.93,4.99,-0.06,-1.2024,1511921.47,753096.063,0.5,0.5,,,,,
601857.SH,20210713,4.93,5.0,4.88,4.95,4.93,0.02,0.4057,1302438.25,642536.856,0.5,0.5,,,,,
601857.SH,20210714,4.95,4.96,4.86,4.88,4.95,-0.07,-1.4141,1326310.65,649847.162,0.5,0.5,,,,,
601857.SH,20210715,4.8,4.9,4.76,4.86,4.88,-0.02,-0.4098,1635330.47,788464.465,0.5,0.5,,,,,
601857.SH,20210716,4.82,4.86,4.8,4.82,4.86,-0.04,-0.823,1094562.78,528485.696,0.5,0.5,,,,,
601857.SH,20210719,4.81,4.81,4.69,4.74,4.82,-0.08,-1.6598,1323064.96,627354.808,0.5,0.5,,,,,
601857.SH,20210720,4.65,4.71,4.58,4.7,4.74,-0.04,-0.8439,1895540.43,878353.031,0.5,0.5,,,,,
601857.SH,20210721,4.7,4.72,4.63,4.68,4.7,-0.02,-0.4255,919567.8,429424.98,0.5,0.5,,,,,
601857.SH,20210722,4.75,4.84,4.72,4.74,4.68,0.06,1.2821,1681878.65,803299.566,0.5,0.5,,,,,
601857.SH,20210723,4.74,4.8,4.7,4.71,4.74,-0.03,-0.6329,1138083.7,539374.779,0.5,0.5,,,,,
601857.SH,20210726,4.71,4.72,4.6,4.63,4.71,-0.08,-1.6985,1409861.48,654604.782,0.5,0.5,,,,,
601857.SH,20210727,4.65,4.78,4.64,4.7,4.63,0.07,1.5119,1852508.83,873168.522,0.5,0.5,,,,,
601857.SH,20210728,4.65,4.73,4.58,4.65,4.7,-0.05,-1.0638,1562980.96,726249.916,0.5,0.5,,,,,
601857.SH,20210729,4.67,4.68,4.6,4.64,4.65,-0.01,-0.2151,1267602.8,586599.299,0.5,0.5,,,,,
601857.SH,20210730,4.64,4.73,4.6,4.68,4.64,0.04,0.8621,1206528.88,563748.253,0.5,0.5,,,,,
601857.SH,20210802,4.65,4.68,4.55,4.67,4.68,-0.01,-0.2137,1454451.21,672397.772,0.5,0.5,,,,,
601857.SH,20210803,4.6,4.63,4.57,4.58,4.67,-0.09,-1.9272,1280180.0,588495.804,0.5,0.5,,,,,
601857.SH,20210804,4.58,4.63,4.56,4.61,4.58,0.03,0.655,829718.88,381465.322,0.5,0.5,,,,,
601857.SH,20210805,4.57,4.6,4.55,4.56,4.61,-0.05,-1.0846,999712.48,456895.567,0.5,0.5,,,,,
601857.SH,20210806,4.57,4.58,4.51,4.55,4.56,-0.01,-0.2193,940952.56,427064.484,0.5,0.5,,,,,
601857.SH,20210809,4.51,4.57,4.5,4.54,4.55,-0.01,-0.2198,800721.42,363554.51,0.5,0.5,,,,,
601857.SH,20210810,4.53,4.56,4.5,4.55,4.54,0.01,0.2203,898599.5,406666.146,0.5,0.5,,,,,
601857.SH,20210811,4.57,4.64,4.57,4.61,4.55,0.06,1.3187,1433989.23,660651.456,0.5,0.5,,,,,
601857.SH,20210812,4.61,4.64,4.57,4.6,4.61,-0.01,-0.2169,937873.58,432269.709,0.5,0.5,,,,,
601857.SH,20210813,4.6,4.61,4.54,4.55,4.6,-0.05,-1.087,953219.27,436110.66,0.5,0.5,,,,,
601857.SH,20210816,4.54,4.62,4.52,4.6,4.55,0.05,1.0989,1284903.59,590009.947,0.5,0.5,,,,,
601857.SH,20210817,4.59,4.62,4.51,4.53,4.6,-0.07,-1.5217,1414045.92,644469.367,0.5,0.5,,,,,
601857.SH,20210818,4.51,4.55,4.48,4.54,4.53,0.01,0.2208,1145506.77,516395.75,0.5,0.5,,,,,
601857.SH,20210819,4.5,4.51,4.43,4.44,4.54,-0.1,-2.2026,1410525.08,629432.572,0.5,0.5,,,,,
601857.SH,20210820,4.43,4.45,4.37,4.4,4.44,-0.04,-0.9009,1324969.51,582751.338,0.5,0.5,,,,,
601857.SH,20210823,4.39,4.46,4.39,4.43,4.4,0.03,0.6818,1002810.56,444226.409,0.5,0.5,,,,,
601857.SH,20210824,4.49,4.52,4.47,4.51,4.43,0.08,1.8059,1345909.94,605311.583,0.5,0.5,,,,,
601857.SH,20210825,4.54,4.61,4.5,4.61,4.51,0.1,2.2173,1369774.6,623849.148,0.5,0.5,,,,,
601857.SH,20210826,4.61,4.7,4.59,4.65,4.61,0.04,0.8677,1588484.6,738955.852,0.5,0.5,,,,,
601857.SH,20210827,4.67,4.73,4.65,4.73,4.65,0.08,1.7204,1648294.67,774002.542,0.5,0.5,,,,,
601857.SH,20210830,4.78,4.88,4.77,4.86,4.73,0.13,2.7484,2403491.4,1159501.187,0.5,0.5,,,,,
601857.SH,20210831,4.84,4.95,4.78,4.94,4.86,0.08,1.6461,2166718.18,1056313.801,0.5,0.5,,,,,
601857.SH,20210901,4.96,5.0,4.87,4.93,4.94,-0.01,-0.2024,1773358.23,874749.967,0.5,0.5,,,,,
601857.SH,20210902,4.92,4.99,4.89,4.96,4.93,0.03,0.6085,1471800.93,727690.565,0.5,0.5,,,,,
601857.SH,20210903,5.02,5.08,5.01,5.05,4.96,0.09,1.8145,1800423.94,908595.05,0.5,0.5,,,,,
601857.SH,20210906,5.03,5.1,5.0,5.01,5.05,-0.04,-0.7921,1338878.27,673689.559,0.5,0.5,,,,,
601857.SH,20210907,5.02,5.15,5.0,5.13,5.01,0.12,2.3952,2047434.89,1042099.266,0.5,0.5,,,,,
601857.SH,20210908,5.1,5.23,5.08,5.16,5.13,0.03,0.5848,1431153.01,736914.148,0.5,0.5,,,,,
601857.SH,20210909,5.16,5.33,5.15,5.27,5.16,0.11,2.1318,2552545.4,1342188.798,0.5,0.5,,,,,
601857.SH,20210910,5.24,5.3,5.16,5.19,5.27,-0.08,-1.518,2113730.7,1102471.882,0.5,0.5,,,,,
601857.SH,20210913,5.26,5.51,5.24,5.5,5.19,0.31,5.973,3914450.4,2116002.014,0.5,0.5,,,,,
601857.SH,20210914,5.53,5.99,5.46,5.71,5.5,0.21,3.8182,6600459.26,3766091.328,0.5,0.5,,,,,
601857.SH,20210915,5.62,6.11,5.6,5.99,5.71,0.28,4.9037,5927286.13,3515749.153,0.5,0.5,,,,,
601857.SH,20210916,6.15,6.19,5.86,5.95,5.99,-0.04,-0.6678,5418312.29,3263725.748,0.5,0.5,,,,,
601857.SH,20210917,5.78,5.94,5.5,5.7,5.82,-0.12,-2.0619,4317243.14,2471115.038,0.5,0.5,,,,,
601857.SH,20210922,5.63,6.15,5.58,6.11,5.7,0.41,7.193,4905011.84,2884718.062,0.5,0.5,,,,,
601857.SH,20210923,6.15,6.18,5.92,5.99,6.11,-0.12,-1.964,4337376.38,2613908.671,0.5,0.5,,,,,
601857.SH,20210924,6.05,6.25,5.94,5.97,5.99,-0.02,-0.3339,3700975.07,2248674.025,0.5,0.5,,,,,
601857.SH,20210927,6.1,6.36,6.06,6.21,5.97,0.24,4.0201,5651826.28,3500043.157,0.5,0.5,,,,,
601857.SH,20210928,6.3,6.49,6.09,6.49,6.21,0.28,4.5089,5588387.49,3530201.595,0.5,0.5,,,,,
601857.SH,20210929,6.29,6.29,5.86,6.04,6.49,-0.45,-6.9337,5801199.31,3537612.512,0.5,0.5,,,,,
601857.SH,20210930,5.94,6.07,5.79,6.01,6.04,-0.03,-0.4967,3316225.35,1970997.786,0.5,0.5,,,,,
601857.SH,20211008,6.36,6.47,6.13,6.28,6.01,0.27,4.4925,3762907.74,2371218.867,0.5,0.5,,,,,
601857.SH,20211011,6.33,6.39,6.11,6.15,6.28,-0.13,-2.0701,2638856.57,1634055.374,0.5,0.5,,,,,
601857.SH,20211012,6.12,6.26,5.91,6.0,6.15,-0.15,-2.439,3008476.19,1822498.094,0.5,0.5,,,,,
601857.SH,20211013,5.9,5.93,5.54,5.75,6.0,-0.25,-4.1667,3831237.61,2194026.564,0.5,0.5,,,,,
601857.SH,20211014,5.74,5.8,5.66,5.7,5.75,-0.05,-0.8696,1937261.94,1110525.677,0.5,0.5,,,,,
601857.SH,20211015,5.75,6.0,5.68,5.95,5.7,0.25,4.386,3019901.21,1766343.322,0.5,0.5,,,,,
601857.SH,20211018,5.99,6.08,5.86,6.01,5.95,0.06,1.0084,2036432.68,1219266.186,0.5,0.5,,,,,
601857.SH,20211019,5.9,5.99,5.84,5.96,6.01,-0.05,-0.8319,1800807.88,1067329.539,0.5,0.5,,,,,
601857.SH,20211020,5.85,5.92,5.81,5.85,5.96,-0.11,-1.8456,1612080.47,943179.965,0.5,0.5,,,,,
601857.SH,20211021,5.91,5.98,5.85,5.88,5.85,0.03,0.5128,1541797.71,911696.083,0.5,0.5,,,,,
601857.SH,20211022,5.83,5.88,5.66,5.7,5.88,-0.18,-3.0612,1998793.02,1147465.48,0.5,0.5,,,,,
601857.SH,20211025,5.76,6.02,5.7,5.91,5.7,0.21,3.6842,2156761.03,1271729.15,0.5,0.5,,,,,
601857.SH,20211026,5.97,5.98,5.82,5.85,5.91,-0.06,-1.0152,1326763.44,782663.25,0.5,0.5,,,,,
601857.SH,20211027,5.82,5.9,5.74,5.81,5.85,-0.04,-0.6838,1480118.78,859622.836,0.5,0.5,,,,,
601857.SH,20211028,5.7,5.7,5.41,5.45,5.81,-0.36,-6.1962,3090018.78,1696123.896,0.5,0.5,,,,,
601857.SH,20211029,5.51,5.53,5.33,5.48,5.45,0.03,0.5505,2165149.84,1174390.872,0.5,0.5,,,,,
601857.SH,20211101,5.47,5.51,5.36,5.38,5.48,-0.1,-1.8248,1750522.21,947709.783,0.5,0.5,,,,,
601857.SH,20211102,5.43,5.44,5.16,5.27,5.38,-0.11,-2.0446,2082806.49,1100757.03,0.5,0.5,,,,,
601857.SH,20211103,5.19,5.26,5.13,5.18,5.27,-0.09,-1.7078,1654093.06,858111.095,0.5,0.5,,,,,
601857.SH,20211104,5.1,5.11,5.01,5.07,5.18,-0.11,-2.1236,2040285.43,1031993.755,0.5,0.5,,,,,
601857.SH,20211105,5.02,5.05,4.9,4.9,5.07,-0.17,-3.3531,1899815.93,941446.497,0.5,0.5,,,,,
601857.SH,20211108,4.95,5.03,4.91,4.93,4.9,0.03,0.6122,1548334.69,768503.892,0.5,0.5,,,,,
601857.SH,20211109,4.93,4.94,4.83,4.85,4.93,-0.08,-1.6227,1491918.54,725611.13,0.5,0.5,,,,,
601857.SH,20211110,4.9,4.91,4.79,4.85,4.85,0.0,0.0,1788556.53,865339.06,0.5,0.5,,,,,
601857.SH,20211111,4.8,4.85,4.77,4.82,4.85,-0.03,-0.6186,1678931.08,808301.034,0.5,0.5,,,,,
601857.SH,20211112,4.83,4.85,4.78,4.81,4.82,-0.01,-0.2075,1450042.16,697528.182,0.5,0.5,,,,,
601857.SH,20211115,4.8,4.83,4.76,4.81,4.81,0.0,0.0,1231063.08,590162.938,0.5,0.5,,,,,
601857.SH,20211116,4.81,4.85,4.77,4.77,4.81,-0.04,-0.8316,1725119.11,828369.196,0.5,0.5,,,,,
601857.SH,20211117,4.77,4.83,4.74,4.83,4.77,0.06,1.2579,1275660.8,612273.06,0.5,0.5,,,,,
601857.SH,20211118,4.78,4.81,4.76,4.77,4.83,-0.06,-1.2422,1368661.13,653996.314,0.5,0.5,,,,,
601857.SH,20211119,4.77,4.85,4.74,4.83,4.77,0.06,1.2579,1502051.21,721496.841,0.5,0.5,,,,,
601857.SH,20211122,4.79,4.85,4.78,4.85,4.83,0.02,0.4141,1711208.39,823435.481,0.5,0.5,,,,,
601857.SH,20211123,4.83,4.92,4.83,4.86,4.85,0.01,0.2062,1550650.58,756515.037,0.5,0.5,,,,,
601857.SH,20211124,4.92,5.02,4.92,4.95,4.86,0.09,1.8519,1707299.97,846303.799,0.5,0.5,,,,,
601857.SH,20211125,4.95,4.97,4.86,4.87,4.95,-0.08,-1.6162,1163868.44,569104.242,0.5,0.5,,,,,
601857.SH,20211126,4.85,4.85,4.75,4.77,4.87,-0.1,-2.0534,1547646.64,740648.389,0.5,0.5,,,,,
601857.SH,20211129,4.66,4.78,4.64,4.74,4.77,-0.03,-0.6289,1502001.97,706559.126,0.5,0.5,,,,,
601857.SH,20211130,4.73,4.78,4.69,4.71,4.74,-0.03,-0.6329,1201127.4,568513.536,0.5,0.5,,,,,
601857.SH,20211201,4.7,4.87,4.69,4.86,4.71,0.15,3.1847,1505730.17,722644.589,0.5,0.5,,,,,
601857.SH,20211202,4.83,4.95,4.82,4.89,4.86,0.03,0.6173,1254351.5,613948.053,0.5,0.5,,,,,
601857.SH,20211203,4.93,4.97,4.85,4.92,4.89,0.03,0.6135,1152176.82,565984.614,0.5,0.5,,,,,
601857.SH,20211206,4.91,4.97,4.88,4.89,4.92,-0.03,-0.6098,1001081.72,492309.572,0.5,0.5,,,,,
601857.SH,20211207,4.94,4.97,4.9,4.96,4.89,0.07,1.4315,1295641.19,639942.66,0.5,0.5,,,,,
601857.SH,20211208,4.99,5.04,4.97,5.01,4.96,0.05,1.0081,1409221.37,704781.963,0.5,0.5,,,,,
601857.SH,20211209,5.02,5.09,5.0,5.08,5.01,0.07,1.3972,1346193.49,681697.403,0.5,0.5,,,,,
601857.SH,20211210,5.06,5.06,4.93,4.97,5.08,-0.11,-2.1654,1592310.77,793767.524,0.5,0.5,,,,,
601857.SH,20211213,4.96,5.01,4.94,4.96,4.97,-0.01,-0.2012,1158115.88,575072.359,0.5,0.5,,,,,
601857.SH,20211214,4.94,4.94,4.82,4.86,4.96,-0.1,-2.0161,1584250.15,770081.281,0.5,0.5,,,,,
601857.SH,20211215,4.83,4.85,4.79,4.83,4.86,-0.03,-0.6173,943576.33,455152.807,0.5,0.5,,,,,
601857.SH,20211216,4.85,4.95,4.84,4.94,4.83,0.11,2.2774,1346471.9,660270.736,0.5,0.5,,,,,
601857.SH,20211217,4.93,4.99,4.91,4.94,4.94,0.0,0.0,1057375.21,522552.581,0.5,0.5,,,,,
601857.SH,20211220,4.9,4.92,4.85,4.85,4.94,-0.09,-1.8219,1069757.0,522262.155,0.5,0.5,,,,,
601857.SH,20211221,4.85,4.91,4.84,4.9,4.85,0.05,1.0309,760045.96,370761.031,0.5,0.5,,,,,
601857.SH,20211222,4.93,4.99,4.89,4.89,4.9,-0.01,-0.2041,1097239.3,540769.098,0.5,0.5,,,,,
601857.SH,20211223,4.92,5.05,4.9,5.03,4.89,0.14,2.863,2116516.75,1054923.701,0.5,0.5,,,,,
601857.SH,20211224,5.04,5.05,4.93,4.94,5.03,-0.09,-1.7893,1071869.65,532242.643,0.5,0.5,,,,,
601857.SH,20211227,4.92,5.0,4.92,4.95,4.94,0.01,0.2024,773640.82,383846.871,0.5,0.5,,,,,
601857.SH,20211228,5.0,5.02,4.91,4.93,4.95,-0.02,-0.404,1143253.69,565165.071,0.5,0.5,,,,,
601857.SH,20211229,4.93,4.94,4.9,4.91,4.93,-0.02,-0.4057,751128.09,369162.142,0.5,0.5,,,,,
601857.SH,20211230,4.92,4.95,4.9,4.9,4.91,-0.01,-0.2037,906080.53,445570.05,0.5,0.5,,,,,
601857.SH,20211231,4.9,4.93,4.88,4.91,4.9,0.01,0.2041,745480.57,365839.904,0.5,0.5,,,,,
601857.SH,20220104,4.92,4.95,4.9,4.94,4.91,0.03,0.611,1240414.16,611133.22,0.5,0.5,,,,,
601857.SH,20220105,4.93,4.98,4.92,4.96,4.94,0.02,0.4049,1401265.63,694345.515,0.5,0.5,,,,,
601857.SH,20220106,4.94,5.02,4.92,4.98,4.96,0.02,0.4032,1437800.27,717103.003,0.5,0.5,,,,,
601857.SH,20220107,5.03,5.32,5.02,5.27,4.98,0.29,5.8233,4216157.54,2190315.196,0.5,0.5,,,,,
601857.SH,20220110,5.23,5.37,5.17,5.3,5.27,0.03,0.5693,2706297.82,1425931.364,0.5,0.5,,,,,
601857.SH,20220111,5.28,5.33,5.23,5.24,5.3,-0.06,-1.1321,1274730.24,672188.076,0.5,0.5,,,,,
601857.SH,20220112,5.38,5.44,5.29,5.33,5.24,0.09,1.7176,2805586.23,1505850.85,0.5,0.5,,,,,
601857.SH,20220113,5.44,5.58,5.41,5.48,5.33,0.15,2.8143,3063673.97,1682746.717,0.5,0.5,,,,,
601857.SH,20220114,5.46,5.46,5.28,5.29,5.48,-0.19,-3.4672,2103849.11,1121965.653,0.5,0.5,,,,,
601857.SH,20220117,5.39,5.42,5.21,5.32,5.29,0.03,0.5671,1822126.76,965912.179,0.5,0.5,,,,,
601857.SH,20220118,5.32,5.52,5.3,5.49,5.32,0.17,3.1955,2400137.73,1302118.003,0.5,0.5,,,,,
601857.SH,20220119,5.53,5.57,5.41,5.5,5.49,0.01,0.1821,2990874.76,1642503.627,0.5,0.5,,,,,
601857.SH,20220120,5.29,5.44,5.25,5.4,5.5,-0.1,-1.8182,2739628.17,1470115.27,0.5,0.5,,,,,
601857.SH,20220121,5.31,5.32,5.13,5.17,5.4,-0.23,-4.2593,2829948.72,1470192.624,0.5,0.5,,,,,
601857.SH,20220124,5.2,5.32,5.16,5.3,5.17,0.13,2.5145,1564771.17,820494.374,0.5,0.5,,,,,
601857.SH,20220125,5.22,5.26,5.14,5.14,5.3,-0.16,-3.0189,1669051.01,867155.239,0.5,0.5,,,,,
601857.SH,20220126,5.25,5.29,5.18,5.28,5.14,0.14,2.7237,1805415.43,947424.801,0.5,0.5,,,,,
601857.SH,20220127,5.31,5.37,5.22,5.24,5.28,-0.04,-0.7576,1556820.51,825570.124,0.5,0.5,,,,,
601857.SH,20220128,5.23,5.27,4.99,5.02,5.24,-0.22,-4.1985,2900570.98,1471544.839,0.5,0.5,,,,,
601857.SH,20220207,5.19,5.5,5.18,5.48,5.02,0.46,9.1633,3996823.64,2148159.548,0.5,0.5,,,,,
601857.SH,20220208,5.41,5.55,5.39,5.53,5.48,0.05,0.9124,2476786.1,1356727.519,0.5,0.5,,,,,
601857.SH,20220209,5.45,5.52,5.43,5.48,5.53,-0.05,-0.9042,1748857.7,957223.018,0.5,0.5,,,,,
601857.SH,20220210,5.49,5.61,5.43,5.52,5.48,0.04,0.7299,2172502.16,1199388.726,0.5,0.5,,,,,
601857.SH,20220211,5.5,5.87,5.49,5.8,5.52,0.28,5.0725,4576501.1,2619387.301,0.5,0.5,,,,,
601857.SH,20220214,5.99,6.04,5.76,5.82,5.8,0.02,0.3448,3313170.41,1943458.857,0.5,0.5,,,,,
601857.SH,20220215,5.78,5.78,5.58,5.65,5.82,-0.17,-2.921,2585321.49,1465627.934,0.5,0.5,,,,,
601857.SH,20220216,5.5,5.67,5.45,5.64,5.65,-0.01,-0.177,2375093.03,1320619.882,0.5,0.5,,,,,
601857.SH,20220217,5.58,5.75,5.54,5.7,5.64,0.06,1.0638,2456602.09,1384281.435,0.5,0.5,,,,,
601857.SH,20220218,5.61,5.67,5.54,5.63,5.7,-0.07,-1.2281,1889898.89,1058818.777,0.5,0.5,,,,,
601857.SH,20220221,5.64,5.66,5.53,5.57,5.63,-0.06,-1.0657,1369936.64,761733.091,0.5,0.5,,,,,
601857.SH,20220222,5.7,5.8,5.64,5.8,5.57,0.23,4.1293,3705774.73,2120971.56,0.5,0.5,,,,,
601857.SH,20220223,5.68,5.72,5.59,5.67,5.8,-0.13,-2.2414,2506085.85,1413266.239,0.5,0.5,,,,,
601857.SH,20220224,5.67,6.08,5.63,5.91,5.67,0.24,4.2328,6077027.44,3568694.591,0.5,0.5,,,,,
601857.SH,20220225,5.74,5.81,5.63,5.73,5.91,-0.18,-3.0457,3974931.97,2275530.316,0.5,0.5,,,,,
601857.SH,20220228,5.75,5.88,5.73,5.77,5.73,0.04,0.6981,2582706.22,1494400.574,0.5,0.5,,,,,
601857.SH,20220301,5.77,5.77,5.65,5.73,5.77,-0.04,-0.6932,2142102.56,1220164.547,0.5,0.5,,,,,
601857.SH,20220302,5.92,5.96,5.81,5.84,5.73,0.11,1.9197,3274135.48,1920291.586,0.5,0.5,,,,,
601857.SH,20220303,5.9,6.02,5.88,5.93,5.84,0.09,1.5411,3804172.5,2260470.245,0.5,0.5,,,,,
601857.SH,20220304,5.85,5.89,5.75,5.81,5.93,-0.12,-2.0236,2445656.28,1421202.527,0.5,0.5,,,,,
601857.SH,20220307,6.0,6.03,5.9,5.94,5.81,0.13,2.2375,3793406.39,2261667.61,0.5,0.5,,,,,
601857.SH,20220308,5.88,6.0,5.76,5.9,5.94,-0.04,-0.6734,3069427.66,1803427.827,0.5,0.5,,,,,
601857.SH,20220309,5.92,5.97,5.55,5.74,5.9,-0.16,-2.7119,3602255.6,2092346.519,0.5,0.5,,,,,
601857.SH,20220310,5.55,5.68,5.5,5.66,5.74,-0.08,-1.3937,2961434.22,1656891.897,0.5,0.5,,,,,
601857.SH,20220311,5.57,5.58,5.4,5.58,5.66,-0.08,-1.4134,2679130.96,1474349.759,0.5,0.5,,,,,
601857.SH,20220314,5.46,5.63,5.45,5.46,5.58,-0.12,-2.1505,1771881.89,981229.493,0.5,0.5,,,,,
601857.SH,20220315,5.38,5.38,5.0,5.0,5.46,-0.46,-8.4249,3475313.71,1789253.472,0.5,0.5,,,,,
601857.SH,20220316,5.02,5.1,4.86,5.08,5.0,0.08,1.6,2833017.19,1411043.242,0.5,0.5,,,,,
601857.SH,20220317,5.1,5.15,5.03,5.13,5.08,0.05,0.9843,2529723.3,1288119.761,0.5,0.5,,,,,
601857.SH,20220318,5.21,5.3,5.19,5.25,5.13,0.12,2.3392,2357895.22,1237072.284,0.5,0.5,,,,,
601857.SH,20220321,5.27,5.29,5.16,5.2,5.25,-0.05,-0.9524,1769336.75,922136.27,0.5,0.5,,,,,
601857.SH,20220322,5.27,5.37,5.27,5.35,5.2,0.15,2.8846,2107440.22,1122790.822,0.5,0.5,,,,,
601857.SH,20220323,5.3,5.36,5.26,5.32,5.35,-0.03,-0.5607,1300493.29,691336.838,0.5,0.5,,,,,
601857.SH,20220324,5.41,5.47,5.34,5.35,5.32,0.03,0.5639,1573707.7,850596.273,0.5,0.5,,,,,
601857.SH,20220325,5.3,5.42,5.28,5.37,5.35,0.02,0.3738,1266488.67,680087.357,0.5,0.5,,,,,
601857.SH,20220328,5.4,5.64,5.36,5.56,5.37,0.19,3.5382,2496192.17,1378987.142,0.5,0.5,,,,,
601857.SH,20220329,5.48,5.64,5.46,5.62,5.56,0.06,1.0791,1612804.76,896083.578,0.5,0.5,,,,,
601857.SH,20220330,5.6,5.6,5.45,5.53,5.62,-0.09,-1.6014,2007888.55,1106057.771,0.5,0.5,,,,,
601857.SH,20220331,5.5,5.57,5.46,5.52,5.53,-0.01,-0.1808,1604904.22,884331.831,0.5,0.5,,,,,
601857.SH,20220401,5.4,5.5,5.34,5.47,5.52,-0.05,-0.9058,1781467.39,966531.797,0.5,0.5,,,,,
601857.SH,20220406,5.47,5.64,5.44,5.61,5.47,0.14,2.5594,1981057.75,1100751.78,0.5,0.5,,,,,
601857.SH,20220407,5.56,5.68,5.55,5.56,5.61,-0.05,-0.8913,1593784.75,892401.689,0.5,0.5,,,,,
601857.SH,20220408,5.58,5.65,5.52,5.58,5.56,0.02,0.3597,1167660.97,651070.422,0.5,0.5,,,,,
601857.SH,20220411,5.6,5.66,5.47,5.5,5.58,-0.08,-1.4337,1444356.08,804562.74,0.5,0.5,,,,,
601857.SH,20220412,5.45,5.49,5.34,5.46,5.5,-0.04,-0.7273,1742594.57,944636.059,0.5,0.5,,,,,
601857.SH,20220413,5.51,5.59,5.5,5.52,5.46,0.06,1.0989,1583064.77,878165.822,0.5,0.5,,,,,
601857.SH,20220414,5.56,5.62,5.54,5.6,5.52,0.08,1.4493,1333181.56,745071.873,0.5,0.5,,,,,
601857.SH,20220415,5.67,5.7,5.54,5.54,5.6,-0.06,-1.0714,1305146.86,731917.448,0.5,0.5,,,,,
601857.SH,20220418,5.55,5.62,5.39,5.4,5.54,-0.14,-2.5271,1459858.4,800685.561,0.5,0.5,,,,,
601857.SH,20220419,5.4,5.61,5.37,5.6,5.4,0.2,3.7037,2182906.12,1206365.554,0.5,0.5,,,,,
601857.SH,20220420,5.52,5.58,5.4,5.41,5.6,-0.19,-3.3929,1612460.5,881412.223,0.5,0.5,,,,,
601857.SH,20220421,5.41,5.46,5.12,5.16,5.41,-0.25,-4.6211,2799732.21,1469169.159,0.5,0.5,,,,,
601857.SH,20220422,5.09,5.32,5.07,5.28,5.16,0.12,2.3256,1831624.38,960613.061,0.5,0.5,,,,,
601857.SH,20220425,5.18,5.26,5.04,5.05,5.28,-0.23,-4.3561,2173065.51,1117316.149,0.5,0.5,,,,,
601857.SH,20220426,5.05,5.12,4.95,4.99,5.05,-0.06,-1.1881,1834246.27,920463.561,0.5,0.5,,,,,
601857.SH,20220427,4.99,5.09,4.96,5.08,4.99,0.09,1.8036,1857740.41,934677.382,0.5,0.5,,,,,
601857.SH,20220428,5.08,5.21,5.04,5.18,5.08,0.1,1.9685,1551008.03,797468.44,0.5,0.5,,,,,
601857.SH,20220429,5.25,5.39,5.17,5.38,5.18,0.2,3.861,2035597.21,1075245.842,0.5,0.5,,,,,
601857.SH,20220505,5.41,5.49,5.39,5.45,5.38,0.07,1.3011,2101203.64,1144826.697,0.5,0.5,,,,,
601857.SH,20220506,5.34,5.37,5.24,5.29,5.45,-0.16,-2.9358,1380164.4,733109.004,0.5,0.5,,,,,
601857.SH,20220509,5.29,5.36,5.26,5.34,5.29,0.05,0.9452,866497.14,460910.345,0.5,0.5,,,,,
601857.SH,20220510,5.15,5.2,5.07,5.18,5.34,-0.16,-2.9963,2240503.74,1150308.091,0.5,0.5,,,,,
601857.SH,20220511,5.15,5.21,5.13,5.19,5.18,0.01,0.1931,1423396.72,736444.984,0.5,0.5,,,,,
601857.SH,20220512,5.21,5.23,5.1,5.13,5.19,-0.06,-1.1561,1276640.3,659143.734,0.5,0.5,,,,,
601857.SH,20220513,5.18,5.2,5.13,5.16,5.13,0.03,0.5848,1399083.02,722474.364,0.5,0.5,,,,,
601857.SH,20220516,5.2,5.21,5.13,5.17,5.16,0.01,0.1938,1042247.79,538342.558,0.5,0.5,,,,,
601857.SH,20220517,5.2,5.26,5.19,5.23,5.17,0.06,1.1605,1429405.1,746165.755,0.5,0.5,,,,,
601857.SH,20220518,5.2,5.21,5.13,5.18,5.23,-0.05,-0.956,1244808.13,643253.395,0.5,0.5,,,,,
601857.SH,20220519,5.1,5.14,5.05,5.14,5.18,-0.04,-0.7722,1486892.36,757342.915,0.5,0.5,,,,,
601857.SH,20220520,5.15,5.22,5.13,5.22,5.14,0.08,1.5564,1581820.9,820898.012,0.5,0.5,,,,,
601857.SH,20220523,5.23,5.24,5.19,5.22,5.22,0.0,0.0,1034249.39,539762.117,0.5,0.5,,,,,
601857.SH,20220524,5.23,5.29,5.17,5.18,5.22,-0.04,-0.7663,1583884.01,830107.523,0.5,0.5,,,,,
601857.SH,20220525,5.2,5.35,5.19,5.32,5.18,0.14,2.7027,1601250.94,846648.652,0.5,0.5,,,,,
601857.SH,20220526,5.35,5.38,5.28,5.36,5.32,0.04,0.7519,1137062.52,606352.573,0.5,0.5,,,,,
601857.SH,20220527,5.41,5.6,5.41,5.55,5.36,0.19,3.5448,2833646.11,1561958.616,0.5,0.5,,,,,
601857.SH,20220530,5.59,5.63,5.49,5.53,5.55,-0.02,-0.3604,1505443.09,834789.437,0.5,0.5,,,,,
601857.SH,20220531,5.59,5.67,5.57,5.66,5.53,0.13,2.3508,1967615.57,1109759.253,0.5,0.5,,,,,
601857.SH,20220601,5.6,5.61,5.5,5.55,5.66,-0.11,-1.9435,1194523.25,663222.69,0.5,0.5,,,,,
601857.SH,20220602,5.47,5.5,5.41,5.47,5.55,-0.08,-1.4414,1172709.48,639713.642,0.5,0.5,,,,,
601857.SH,20220606,5.58,5.58,5.45,5.5,5.47,0.03,0.5484,1688920.65,927432.052,0.5,0.5,,,,,
601857.SH,20220607,5.5,5.54,5.46,5.5,5.5,0.0,0.0,1406882.9,773916.604,0.5,0.5,,,,,
601857.SH,20220608,5.53,5.64,5.52,5.64,5.5,0.14,2.5455,1763437.26,985233.71,0.5,0.5,,,,,
601857.SH,20220609,5.7,5.88,5.7,5.8,5.64,0.16,2.8369,2738423.89,1592285.172,0.5,0.5,,,,,
601857.SH,20220610,5.74,5.91,5.72,5.89,5.8,0.09,1.5517,2094474.19,1222107.082,0.5,0.5,,,,,
601857.SH,20220613,5.83,6.03,5.8,5.89,5.89,0.0,0.0,2297696.81,1353928.628,0.5,0.5,,,,,
601857.SH,20220614,5.84,6.22,5.82,6.21,5.89,0.32,5.4329,4145919.65,2516716.554,0.5,0.5,,,,,
601857.SH,20220615,6.18,6.32,6.13,6.13,6.21,-0.08,-1.2882,3875247.93,2411257.598,0.5,0.5,,,,,
601857.SH,20220616,6.1,6.14,5.89,5.92,6.13,-0.21,-3.4258,2977296.4,1770849.492,0.5,0.5,,,,,
601857.SH,20220617,5.84,5.93,5.76,5.83,5.92,-0.09,-1.5203,2756744.55,1609253.527,0.5,0.5,,,,,
601857.SH,20220620,5.69,5.69,5.39,5.45,5.83,-0.38,-6.518,5169373.77,2829470.27,0.5,0.5,,,,,
601857.SH,20220621,5.45,5.49,5.41,5.44,5.45,-0.01,-0.1835,1952107.51,1064545.56,0.5,0.5,,,,,
601857.SH,20220622,5.45,5.46,5.31,5.32,5.44,-0.12,-2.2059,2279190.33,1225150.322,0.5,0.5,,,,,
601857.SH,20220623,5.29,5.4,5.25,5.4,5.32,0.08,1.5038,2131412.06,1134453.671,0.5,0.5,,,,,
601857.SH,20220624,5.37,5.39,5.3,5.34,5.4,-0.06,-1.1111,1650822.4,880934.325,0.5,0.5,,,,,
601857.SH,20220627,5.36,5.41,5.34,5.39,5.34,0.05,0.9363,1642770.04,884171.732,0.5,0.5,,,,,
601857.SH,20220628,5.34,5.36,5.3,5.36,5.29,0.07,1.3233,1454288.39,775085.904,0.5,0.5,,,,,
601857.SH,20220629,5.37,5.4,5.3,5.31,5.36,-0.05,-0.9328,1704059.74,909708.571,0.5,0.5,,,,,
601857.SH,20220630,5.28,5.31,5.28,5.3,5.31,-0.01,-0.1883,1229093.43,650754.471,0.5,0.5,,,,,
601857.SH,20220701,5.26,5.27,5.22,5.27,5.3,-0.03,-0.566,944725.41,495762.14,0.5,0.5,,,,,
601857.SH,20220704,5.27,5.32,5.27,5.31,5.27,0.04,0.759,992341.92,526008.503,0.5,0.5,,,,,
601857.SH,20220705,5.35,5.44,5.35,5.4,5.31,0.09,1.6949,1831665.25,988893.668,0.5,0.5,,,,,
601857.SH,20220706,5.24,5.27,5.17,5.22,5.4,-0.18,-3.3333,2602926.99,1357046.903,0.5,0.5,,,,,
601857.SH,20220707,5.19,5.2,5.15,5.16,5.22,-0.06,-1.1494,1735136.57,896039.374,0.5,0.5,,,,,
601857.SH,20220708,5.22,5.24,5.17,5.19,5.16,0.03,0.5814,1014627.29,527116.173,0.5,0.5,,,,,
601857.SH,20220711,5.19,5.2,5.12,5.13,5.19,-0.06,-1.1561,1139812.65,585700.915,0.5,0.5,,,,,
601857.SH,20220712,5.13,5.15,5.11,5.12,5.13,-0.01,-0.1949,846901.84,434052.132,0.5,0.5,,,,,
601857.SH,20220713,5.08,5.09,5.04,5.09,5.12,-0.03,-0.5859,1279890.82,648483.748,0.5,0.5,,,,,
601857.SH,20220714,5.08,5.08,5.04,5.07,5.09,-0.02,-0.3929,800396.53,405141.164,0.5,0.5,,,,,
601857.SH,20220715,5.05,5.06,5.0,5.01,5.07,-0.06,-1.1834,1345345.54,676264.899,0.5,0.5,,,,,
601857.SH,20220718,5.06,5.16,5.06,5.15,5.01,0.14,2.7944,1313670.35,671775.928,0.5,0.5,,,,,
601857.SH,20220719,5.18,5.21,5.15,5.2,5.15,0.05,0.9709,1108164.02,574197.756,0.5,0.5,,,,,
601857.SH,20220720,5.24,5.28,5.23,5.24,5.2,0.04,0.7692,1010403.01,530715.977,0.5,0.5,,,,,
601857.SH,20220721,5.24,5.24,5.16,5.19,5.24,-0.05,-0.9542,892754.77,463824.475,0.5,0.5,,,,,
601857.SH,20220722,5.17,5.24,5.16,5.2,5.19,0.01,0.1927,778309.58,404616.436,0.5,0.5,,,,,
601857.SH,20220725,5.2,5.23,5.17,5.19,5.2,-0.01,-0.1923,634400.7,329940.409,0.5,0.5,,,,,
601857.SH,20220726,5.21,5.26,5.21,5.25,5.19,0.06,1.1561,795169.11,416541.554,0.5,0.5,,,,,
601857.SH,20220727,5.23,5.26,5.2,5.21,5.25,-0.04,-0.7619,726270.7,379251.676,0.5,0.5,,,,,
601857.SH,20220728,5.26,5.29,5.23,5.25,5.21,0.04,0.7678,797316.6,418939.168,0.5,0.5,,,,,
601857.SH,20220729,5.24,5.3,5.19,5.2,5.25,-0.05,-0.9524,807011.34,422263.579,0.5,0.5,,,,,
601857.SH,20220801,5.2,5.24,5.17,5.22,5.2,0.02,0.3846,745000.32,388110.864,0.5,0.5,,,,,
601857.SH,20220802,5.16,5.16,5.04,5.12,5.22,-0.1,-1.9157,1319034.57,672221.13,0.5,0.5,,,,,
601857.SH,20220803,5.11,5.16,5.08,5.08,5.12,-0.04,-0.7813,812798.74,416168.996,0.5,0.5,,,,,
601857.SH,20220804,5.08,5.1,5.04,5.07,5.08,-0.01,-0.1969,797983.53,404384.596,0.5,0.5,,,,,
601857.SH,20220805,5.05,5.06,5.0,5.05,5.07,-0.02,-0.3945,1500536.92,754377.749,0.5,0.5,,,,,
601857.SH,20220808,5.03,5.07,5.02,5.06,5.05,0.01,0.198,692014.7,349378.377,0.5,0.5,,,,,
601857.SH,20220809,5.07,5.13,5.06,5.1,5.06,0.04,0.7905,762813.23,389265.116,0.5,0.5,,,,,
601857.SH,20220810,5.1,5.17,5.09,5.13,5.1,0.03,0.5882,714482.52,366763.264,0.5,0.5,,,,,
601857.SH,20220811,5.16,5.2,5.14,5.19,5.13,0.06,1.1696,698639.6,361707.089,0.5,0.5,,,,,
601857.SH,20220812,5.22,5.25,5.2,5.24,5.19,0.05,0.9634,803578.15,420496.952,0.5,0.5,,,,,
601857.SH,20220815,5.17,5.23,5.13,5.19,5.24,-0.05,-0.9542,850920.28,442255.008,0.5,0.5,,,,,
601857.SH,20220816,5.15,5.17,5.1,5.14,5.19,-0.05,-0.9634,912829.17,468653.52,0.5,0.5,,,,,
601857.SH,20220817,5.14,5.17,5.11,5.16,5.14,0.02,0.3891,553783.78,284827.284,0.5,0.5,,,,,
601857.SH,20220818,5.16,5.19,5.1,5.11,5.16,-0.05,-0.969,725385.88,372035.376,0.5,0.5,,,,,
601857.SH,20220819,5.14,5.22,5.13,5.18,5.11,0.07,1.3699,1019166.16,528030.662,0.5,0.5,,,,,
601857.SH,20220822,5.18,5.24,5.17,5.23,5.18,0.05,0.9653,945467.55,493577.896,0.5,0.5,,,,,
601857.SH,20220823,5.23,5.32,5.19,5.3,5.23,0.07,1.3384,1437970.03,757985.634,0.5,0.5,,,,,
601857.SH,20220824,5.39,5.43,5.31,5.33,5.3,0.03,0.566,1830262.91,980940.666,0.5,0.5,,,,,
601857.SH,20220825,5.37,5.49,5.35,5.49,5.33,0.16,3.0019,2373405.66,1288967.398,0.5,0.5,,,,,
601857.SH,20220826,5.48,5.5,5.4,5.44,5.49,-0.05,-0.9107,1893490.11,1031633.184,0.5,0.5,,,,,
601857.SH,20220829,5.43,5.49,5.4,5.48,5.44,0.04,0.7353,1360982.4,741597.416,0.5,0.5,,,,,
601857.SH,20220830,5.53,5.57,5.43,5.47,5.48,-0.01,-0.1825,1140078.67,625140.664,0.5,0.5,,,,,
601857.SH,20220831,5.38,5.39,5.31,5.34,5.47,-0.13,-2.3766,1353302.57,723995.969,0.5,0.5,,,,,
601857.SH,20220901,5.32,5.43,5.3,5.36,5.34,0.02,0.3745,1203355.91,646181.913,0.5,0.5,,,,,
601857.SH,20220902,5.36,5.45,5.34,5.42,5.36,0.06,1.1194,1016597.02,550012.301,0.5,0.5,,,,,
601857.SH,20220905,5.45,5.58,5.44,5.56,5.42,0.14,2.583,1820156.94,1005539.897,0.5,0.5,,,,,
601857.SH,20220906,5.57,5.63,5.53,5.61,5.56,0.05,0.8993,1439710.49,804798.025,0.5,0.5,,,,,
601857.SH,20220907,5.56,5.6,5.52,5.58,5.61,-0.03,-0.5348,1063078.05,590529.659,0.5,0.5,,,,,
601857.SH,20220908,5.51,5.57,5.44,5.53,5.58,-0.05,-0.8961,1320467.76,727985.431,0.5,0.5,,,,,
601857.SH,20220909,5.58,5.63,5.55,5.59,5.53,0.06,1.085,1229275.86,687255.668,0.5,0.5,,,,,
601857.SH,20220913,5.63,5.65,5.55,5.55,5.59,-0.04,-0.7156,1049312.06,586175.305,0.5,0.5,,,,,
601857.SH,20220914,5.5,5.59,5.47,5.52,5.55,-0.03,-0.5405,976924.48,541043.603,0.5,0.5,,,,,
601857.SH,20220915,5.56,5.6,5.47,5.54,5.52,0.02,0.3623,1040331.35,576123.075,0.5,0.5,,,,,
601857.SH,20220916,5.49,5.5,5.35,5.37,5.54,-0.17,-3.0686,2677402.6,1444287.797,0.5,0.5,,,,,
601857.SH,20220919,5.34,5.37,5.27,5.35,5.37,-0.02,-0.3724,1322585.92,703667.351,0.5,0.5,,,,,
601857.SH,20220920,5.19,5.22,5.15,5.16,5.15,0.01,0.1942,1020964.18,529009.334,0.5,0.5,,,,,
601857.SH,20220921,5.14,5.24,5.09,5.23,5.16,0.07,1.3566,1002924.3,518874.389,0.5,0.5,,,,,
601857.SH,20220922,5.2,5.36,5.17,5.34,5.23,0.11,2.1033,1331561.34,704153.654,0.5,0.5,,,,,
601857.SH,20220923,5.31,5.52,5.31,5.44,5.34,0.1,1.8727,1984611.71,1082860.166,0.5,0.5,,,,,
601857.SH,20220926,5.34,5.37,5.11,5.11,5.44,-0.33,-6.0662,1990242.48,1042257.114,0.5,0.5,,,,,
601857.SH,20220927,5.11,5.17,5.03,5.1,5.11,-0.01,-0.1957,1606135.42,814547.851,0.5,0.5,,,,,
601857.SH,20220928,5.09,5.13,5.04,5.07,5.1,-0.03,-0.5882,966269.22,490629.917,0.5,0.5,,,,,
601857.SH,20220929,5.14,5.18,5.06,5.11,5.07,0.04,0.789,948557.11,486091.349,0.5,0.5,,,,,
601857.SH,20220930,5.08,5.16,5.08,5.13,5.11,0.02,0.3914,819572.3,420427.454,0.5,0.5,,,,,
601857.SH,20221010,5.29,5.37,5.24,5.27,5.13,0.14,2.729,1891524.08,1004290.297,0.5,0.5,,,,,
601857.SH,20221011,5.28,5.29,5.19,5.21,5.27,-0.06,-1.1385,1121147.2,586118.578,0.5,0.5,,,,,
601857.SH,20221012,5.18,5.21,5.13,5.2,5.21,-0.01,-0.1919,1092707.14,564699.4,0.5,0.5,,,,,
601857.SH,20221013,5.17,5.18,5.1,5.13,5.2,-0.07,-1.3462,1451128.26,743335.955,0.5,0.5,,,,,
601857.SH,20221014,5.17,5.19,5.15,5.17,5.13,0.04,0.7797,1104542.19,571103.257,0.5,0.5,,,,,
601857.SH,20221017,5.13,5.19,5.08,5.18,5.17,0.01,0.1934,999636.26,513878.411,0.5,0.5,,,,,
601857.SH,20221018,5.16,5.19,5.13,5.16,5.18,-0.02,-0.3861,711518.6,366763.748,0.5,0.5,,,,,
601857.SH,20221019,5.12,5.17,5.11,5.11,5.16,-0.05,-0.969,726316.96,372904.323,0.5,0.5,,,,,
601857.SH,20221020,5.13,5.17,5.1,5.16,5.11,0.05,0.9785,934018.74,479892.955,0.5,0.5,,,,,
601857.SH,20221021,5.14,5.19,5.14,5.19,5.16,0.03,0.5814,906783.02,468794.627,0.5,0.5,,,,,
601857.SH,20221024,5.19,5.23,5.12,5.17,5.19,-0.02,-0.3854,1104971.88,570885.154,0.5,0.5,,,,,
601857.SH,20221025,5.17,5.18,5.09,5.12,5.17,-0.05,-0.9671,865143.92,443829.113,0.5,0.5,,,,,
601857.SH,20221026,5.12,5.14,5.07,5.08,5.12,-0.04,-0.7813,1161039.63,592150.856,0.5,0.5,,,,,
601857.SH,20221027,5.1,5.12,5.07,5.11,5.08,0.03,0.5906,863300.56,440285.168,0.5,0.5,,,,,
601857.SH,20221028,5.12,5.15,5.07,5.07,5.11,-0.04,-0.7828,1310206.48,669389.984,0.5,0.5,,,,,
601857.SH,20221031,5.05,5.06,4.76,4.79,5.07,-0.28,-5.5227,3205796.33,1565377.081,0.5,0.5,,,,,
601857.SH,20221101,4.77,4.85,4.77,4.85,4.79,0.06,1.2526,1358447.78,654137.255,0.5,0.5,,,,,
601857.SH,20221102,4.85,4.9,4.82,4.89,4.85,0.04,0.8247,1060959.21,516021.778,0.5,0.5,,,,,
601857.SH,20221103,4.86,4.91,4.85,4.89,4.89,0.0,0.0,972994.73,474624.809,0.5,0.5,,,,,
601857.SH,20221104,4.89,4.97,4.88,4.95,4.89,0.06,1.227,1033840.83,510325.932,0.5,0.5,,,,,
601857.SH,20221107,4.97,5.08,4.97,5.05,4.95,0.1,2.0202,1188760.54,598486.095,0.5,0.5,,,,,
601857.SH,20221108,5.06,5.08,5.03,5.06,5.05,0.01,0.198,691758.57,349353.568,0.5,0.5,,,,,
601857.SH,20221109,5.02,5.06,5.0,5.02,5.06,-0.04,-0.7905,600640.63,301993.26,0.5,0.5,,,,,
601857.SH,20221110,4.97,4.98,4.9,4.95,5.02,-0.07,-1.3944,1095406.47,540991.511,0.5,0.5,,,,,
601857.SH,20221111,5.0,5.05,4.98,5.05,4.95,0.1,2.0202,1144431.25,574087.734,0.5,0.5,,,,,
601857.SH,20221114,5.05,5.11,5.02,5.03,5.05,-0.02,-0.396,1062604.08,538174.893,0.5,0.5,,,,,
601857.SH,20221115,5.0,5.05,4.98,5.03,5.03,0.0,0.0,785991.68,394664.312,0.5,0.5,,,,,
601857.SH,20221116,5.03,5.1,5.03,5.06,5.03,0.03,0.5964,1005223.66,509102.562,0.5,0.5,,,,,
601857.SH,20221117,5.06,5.06,5.01,5.04,5.06,-0.02,-0.3953,785345.12,395189.857,0.5,0.5,,,,,
601857.SH,20221118,5.01,5.03,4.99,5.0,5.04,-0.04,-0.7937,804964.43,403148.749,0.5,0.5,,,,,
601857.SH,20221121,4.98,4.99,4.94,4.97,5.0,-0.03,-0.6,678548.87,336726.319,0.5,0.5,,,,,
601857.SH,20221122,4.98,5.1,4.97,5.07,4.97,0.1,2.0121,1389390.2,702533.871,0.5,0.5,,,,,
601857.SH,20221123,5.1,5.18,5.09,5.14,5.07,0.07,1.3807,1532839.04,787554.703,0.5,0.5,,,,,
601857.SH,20221124,5.09,5.14,5.08,5.11,5.14,-0.03,-0.5837,811206.36,414613.676,0.5,0.5,,,,,
601857.SH,20221125,5.12,5.2,5.1,5.18,5.11,0.07,1.3699,1114228.54,576177.366,0.5,0.5,,,,,
601857.SH,20221128,5.13,5.15,5.07,5.11,5.18,-0.07,-1.3514,1021154.33,521716.698,0.5,0.5,,,,,
601857.SH,20221129,5.14,5.2,5.12,5.19,5.11,0.08,1.5656,1267210.93,655844.18,0.5,0.5,,,,,
601857.SH,20221130,5.18,5.24,5.17,5.24,5.19,0.05,0.9634,1281765.82,669028.494,0.5,0.5,,,,,
601857.SH,20221201,5.27,5.28,5.19,5.19,5.24,-0.05,-0.9542,1044701.11,545472.68,0.5,0.5,,,,,
601857.SH,20221202,5.2,5.23,5.17,5.2,5.19,0.01,0.1927,876848.41,455819.077,0.5,0.5,,,,,
601857.SH,20221205,5.23,5.35,5.22,5.32,5.2,0.12,2.3077,1719654.99,911416.976,0.5,0.5,,,,,
601857.SH,20221206,5.28,5.31,5.25,5.28,5.32,-0.04,-0.7519,1176086.7,620424.044,0.5,0.5,,,,,
601857.SH,20221207,5.24,5.25,5.17,5.19,5.28,-0.09,-1.7045,1295106.62,674021.358,0.5,0.5,,,,,
601857.SH,20221208,5.18,5.2,5.13,5.15,5.19,-0.04,-0.7707,1137146.34,587271.356,0.5,0.5,,,,,
601857.SH,20221209,5.16,5.18,5.12,5.14,5.15,-0.01,-0.1942,954340.7,490964.2,0.5,0.5,,,,,
601857.SH,20221212,5.14,5.16,5.08,5.09,5.14,-0.05,-0.9728,1175123.2,600057.345,0.5,0.5,,,,,
601857.SH,20221213,5.11,5.13,5.08,5.1,5.09,0.01,0.1965,897679.43,457994.166,0.5,0.5,,,,,
601857.SH,20221214,5.11,5.15,5.09,5.14,5.1,0.04,0.7843,821934.54,420972.754,0.5,0.5,,,,,
601857.SH,20221215,5.16,5.17,5.08,5.09,5.14,-0.05,-0.9728,760146.05,388116.796,0.5,0.5,,,,,
601857.SH,20221216,5.07,5.13,5.05,5.11,5.09,0.02,0.3929,718330.99,366146.063,0.5,0.5,,,,,
601857.SH,20221219,5.1,5.11,5.01,5.02,5.11,-0.09,-1.7613,904358.93,456061.879,0.5,0.5,,,,,
601857.SH,20221220,5.01,5.05,4.98,5.0,5.02,-0.02,-0.3984,766549.52,383635.592,0.5,0.5,,,,,
601857.SH,20221221,5.01,5.02,4.98,4.99,5.0,-0.01,-0.2,501735.34,250868.41,0.5,0.5,,,,,
601857.SH,20221222,5.03,5.05,4.99,5.0,4.99,0.01,0.2004,596826.72,299427.656,0.5,0.5,,,,,
601857.SH,20221223,4.98,5.01,4.97,4.98,5.0,-0.02,-0.4,594996.7,296821.483,0.5,0.5,,,,,
601857.SH,20221226,5.0,5.03,4.97,4.98,4.98,0.0,0.0,683453.86,340746.851,0.5,0.5,,,,,
601857.SH,20221227,5.0,5.01,4.98,5.01,4.98,0.03,0.6024,573567.38,286865.086,0.5,0.5,,,,,
601857.SH,20221228,5.0,5.07,4.98,5.05,5.01,0.04,0.7984,837272.85,421366.246,0.5,0.5,,,,,
601857.SH,20221229,5.03,5.03,4.96,4.96,5.05,-0.09,-1.7822,1248618.88,621860.485,0.5,0.5,,,,,
601857.SH,20221230,4.96,4.98,4.95,4.97,4.96,0.01,0.2016,736795.68,366223.379,0.5,0.5,,,,,
601857.SH,20230103,4.98,5.01,4.95,5.01,4.97,0.04,0.8048,746730.18,372173.228,0.5,0.5,,,,,
601857.SH,20230104,4.98,5.0,4.96,4.99,5.01,-0.02,-0.3992,854072.62,425278.877,0.5,0.5,,,,,
601857.SH,20230105,4.97,4.99,4.96,4.98,4.99,-0.01,-0.2004,764220.7,380338.343,0.5,0.5,,,,,
601857.SH,20230106,4.98,4.99,4.97,4.97,4.98,-0.01,-0.2008,640459.63,318747.371,0.5,0.5,,,,,
601857.SH,20230109,4.99,4.99,4.97,4.98,4.97,0.01,0.2012,664376.61,330873.003,0.5,0.5,,,,,
601857.SH,20230110,4.98,4.99,4.96,4.96,4.98,-0.02,-0.4016,530173.58,263568.386,0.5,0.5,,,,,
601857.SH,20230111,4.97,5.0,4.96,4.97,4.96,0.01,0.2016,769815.35,383423.924,0.5,0.5,,,,,
601857.SH,20230112,4.99,5.05,4.98,5.04,4.97,0.07,1.4085,1134670.56,570154.115,0.5,0.5,,,,,
601857.SH,20230113,5.04,5.1,5.03,5.09,5.04,0.05,0.9921,1033609.76,524451.518,0.5,0.5,,,,,
601857.SH,20230116,5.11,5.13,5.07,5.11,5.09,0.02,0.3929,1029217.32,525867.95,0.5,0.5,,,,,
601857.SH,20230117,5.11,5.11,5.06,5.08,5.11,-0.03,-0.5871,734994.27,373258.241,0.5,0.5,,,,,
601857.SH,20230118,5.09,5.12,5.07,5.09,5.08,0.01,0.1969,737496.09,375479.195,0.5,0.5,,,,,
601857.SH,20230119,5.09,5.1,5.06,5.1,5.09,0.01,0.1965,836184.04,424551.11,0.5,0.5,,,,,
601857.SH,20230120,5.13,5.21,5.13,5.19,5.1,0.09,1.7647,1657264.26,857520.771,0.5,0.5,,,,,
601857.SH,20230130,5.24,5.25,5.17,5.21,5.19,0.02,0.3854,1390743.98,724596.969,0.5,0.5,,,,,
601857.SH,20230131,5.19,5.22,5.16,5.17,5.21,-0.04,-0.7678,1019934.34,528747.266,0.5,0.5,,,,,
601857.SH,20230201,5.18,5.21,5.16,5.2,5.17,0.03,0.5803,1186952.54,615762.967,0.5,0.5,,,,,
601857.SH,20230202,5.19,5.19,5.15,5.18,5.2,-0.02,-0.3846,1001027.2,517674.069,0.5,0.5,,,,,
601857.SH,20230203,5.16,5.18,5.13,5.17,5.18,-0.01,-0.1931,1104655.88,569107.325,0.5,0.5,,,,,
601857.SH,20230206,5.14,5.16,5.12,5.15,5.17,-0.02,-0.3868,824794.79,423853.32,0.5,0.5,,,,,
601857.SH,20230207,5.16,5.19,5.15,5.17,5.15,0.02,0.3883,683316.85,353259.942,0.5,0.5,,,,,
601857.SH,20230208,5.21,5.21,5.14,5.15,5.17,-0.02,-0.3868,814751.38,422281.18,0.5,0.5,,,,,
601857.SH,20230209,5.16,5.18,5.15,5.17,5.15,0.02,0.3883,550235.01,284175.674,0.5,0.5,,,,,
601857.SH,20230210,5.16,5.17,5.13,5.14,5.17,-0.03,-0.5803,658020.0,338556.924,0.5,0.5,,,,,
601857.SH,20230213,5.15,5.17,5.13,5.15,5.14,0.01,0.1946,776966.87,400015.798,0.5,0.5,,,,,
601857.SH,20230214,5.16,5.17,5.14,5.17,5.15,0.02,0.3883,509600.59,262841.506,0.5,0.5,,,,,
601857.SH,20230215,5.16,5.17,5.13,5.15,5.17,-0.02,-0.3868,690212.72,355163.751,0.5,0.5,,,,,
601857.SH,20230216,5.15,5.21,5.14,5.15,5.15,0.0,0.0,1453961.69,753082.101,0.5,0.5,,,,,
601857.SH,20230217,5.15,5.19,5.14,5.15,5.15,0.0,0.0,817739.43,422054.818,0.5,0.5,,,,,
601857.SH,20230220,5.15,5.25,5.14,5.24,5.15,0.09,1.7476,1519569.87,792181.63,0.5,0.5,,,,,
601857.SH,20230221,5.24,5.3,5.23,5.26,5.24,0.02,0.3817,1266275.88,666045.211,0.5,0.5,,,,,
601857.SH,20230222,5.25,5.28,5.23,5.24,5.26,-0.02,-0.3802,710108.01,372941.351,0.5,0.5,,,,,
601857.SH,20230223,5.25,5.28,5.22,5.25,5.24,0.01,0.1908,931992.81,489305.725,0.5,0.5,,,,,
601857.SH,20230224,5.25,5.26,5.21,5.23,5.25,-0.02,-0.381,706267.1,369312.965,0.5,0.5,,,,,
601857.SH,20230227,5.22,5.25,5.21,5.21,5.23,-0.02,-0.3824,619284.71,323920.0,0.5,0.5,,,,,
601857.SH,20230228,5.22,5.23,5.19,5.23,5.21,0.02,0.3839,780918.59,407149.028,0.5,0.5,,,,,
601857.SH,20230301,5.22,5.29,5.21,5.28,5.23,0.05,0.956,1190146.26,626730.73,0.5,0.5,,,,,
601857.SH,20230302,5.28,5.39,5.26,5.36,5.28,0.08,1.5152,1913891.57,1022773.481,0.5,0.5,,,,,
601857.SH,20230303,5.37,5.52,5.35,5.5,5.36,0.14,2.6119,2395040.45,1307700.11,0.5,0.5,,,,,
601857.SH,20230306,5.52,5.62,5.48,5.51,5.5,0.01,0.1818,1980120.47,1094943.856,0.5,0.5,,,,,
601857.SH,20230307,5.53,5.84,5.52,5.64,5.51,0.13,2.3593,4481967.26,2558295.973,0.5,0.5,,,,,
601857.SH,20230308,5.55,5.6,5.51,5.57,5.64,-0.07,-1.2411,1922833.34,1068594.051,0.5,0.5,,,,,
601857.SH,20230309,5.55,5.67,5.55,5.57,5.57,0.0,0.0,1534063.99,858210.571,0.5,0.5,,,,,
601857.SH,20230310,5.54,5.59,5.43,5.44,5.57,-0.13,-2.3339,1797839.88,988683.903,0.5,0.5,,,,,
601857.SH,20230313,5.48,5.68,5.47,5.68,5.44,0.24,4.4118,2510706.16,1406885.454,0.5,0.5,,,,,
601857.SH,20230314,5.64,5.68,5.51,5.55,5.68,-0.13,-2.2887,2046657.63,1143522.143,0.5,0.5,,,,,
601857.SH,20230315,5.55,5.72,5.5,5.65,5.55,0.1,1.8018,2231514.92,1252531.15,0.5,0.5,,,,,
601857.SH,20230316,5.55,5.57,5.47,5.48,5.65,-0.17,-3.0088,2399968.22,1323381.137,0.5,0.5,,,,,
601857.SH,20230317,5.51,5.89,5.49,5.83,5.48,0.35,6.3869,5235088.36,3004463.767,0.5,0.5,,,,,
601857.SH,20230320,5.8,5.99,5.74,5.77,5.83,-0.06,-1.0292,4261525.16,2502695.464,0.5,0.5,,,,,
601857.SH,20230321,5.8,5.84,5.62,5.68,5.77,-0.09,-1.5598,2255964.45,1283749.32,0.5,0.5,,,,,
601857.SH,20230322,5.7,5.78,5.66,5.7,5.68,0.02,0.3521,1493989.1,853797.496,0.5,0.5,,,,,
601857.SH,20230323,5.69,5.79,5.66,5.77,5.7,0.07,1.2281,1857281.09,1064222.015,0.5,0.5,,,,,
601857.SH,20230324,5.74,5.74,5.63,5.64,5.77,-0.13,-2.253,1823708.63,1031542.148,0.5,0.5,,,,,
601857.SH,20230327,5.6,5.6,5.5,5.58,5.64,-0.06,-1.0638,1589953.23,881552.429,0.5,0.5,,,,,
601857.SH,20230328,5.65,5.73,5.59,5.67,5.58,0.09,1.6129,1745597.98,988182.291,0.5,0.5,,,,,
601857.SH,20230329,5.71,5.71,5.59,5.61,5.67,-0.06,-1.0582,1235271.83,695506.665,0.5,0.5,,,,,
601857.SH,20230330,5.7,6.03,5.69,6.0,5.61,0.39,6.9519,5742409.5,3403189.911,0.5,0.5,,,,,
601857.SH,20230331,5.99,6.01,5.9,5.92,6.0,-0.08,-1.3333,2082518.36,1237145.884,0.5,0.5,,,,,
601857.SH,20230403,6.05,6.18,5.97,6.0,5.92,0.08,1.3514,3411577.13,2071494.157,0.5,0.5,,,,,
601857.SH,20230404,6.04,6.24,6.0,6.17,6.0,0.17,2.8333,2940455.68,1805461.31,0.5,0.5,,,,,
601857.SH,20230406,6.12,6.2,6.08,6.18,6.17,0.01,0.1621,1829100.17,1124653.839,0.5,0.5,,,,,
601857.SH,20230407,6.16,6.21,6.11,6.15,6.18,-0.03,-0.4854,1198063.94,736244.43,0.5,0.5,,,,,
601857.SH,20230410,6.16,6.49,6.16,6.46,6.15,0.31,5.0407,3384283.46,2163040.596,0.5,0.5,,,,,
601857.SH,20230411,6.42,6.6,6.37,6.56,6.46,0.1,1.548,2763521.28,1798648.2,0.5,0.5,,,,,
601857.SH,20230412,6.57,6.87,6.57,6.83,6.56,0.27,4.1159,3115413.27,2106278.659,0.5,0.5,,,,,
601857.SH,20230413,6.86,7.14,6.74,6.78,6.83,-0.05,-0.7321,4540456.41,3135648.701,0.5,0.5,,,,,
601857.SH,20230414,6.78,6.94,6.7,6.9,6.78,0.12,1.7699,2753879.97,1886902.141,0.5,0.5,,,,,
601857.SH,20230417,6.87,7.37,6.82,7.34,6.9,0.44,6.3768,4255723.72,3052584.837,0.5,0.5,,,,,
601857.SH,20230418,7.29,7.34,7.16,7.29,7.34,-0.05,-0.6812,2703989.92,1957647.422,0.5,0.5,,,,,
601857.SH,20230419,7.24,7.45,7.16,7.19,7.29,-0.1,-1.3717,2556749.17,1856897.646,0.5,0.5,,,,,
601857.SH,20230420,7.12,7.36,7.06,7.32,7.19,0.13,1.8081,2801527.65,2017221.138,0.5,0.5,,,,,
601857.SH,20230421,7.25,7.52,7.19,7.29,7.32,-0.03,-0.4098,2745668.05,2023327.497,0.5,0.5,,,,,
601857.SH,20230424,7.29,7.42,7.21,7.32,7.29,0.03,0.4115,2344651.86,1716641.183,0.5,0.5,,,,,
601857.SH,20230425,7.36,7.63,7.35,7.62,7.32,0.3,4.0984,3384197.6,2548347.641,0.5,0.5,,,,,
601857.SH,20230426,7.5,7.6,7.38,7.54,7.62,-0.08,-1.0499,2585257.9,1934923.944,0.5,0.5,,,,,
601857.SH,20230427,7.41,7.55,7.3,7.5,7.54,-0.04,-0.5305,2061084.77,1536494.449,0.5,0.5,,,,,
601857.SH,20230428,7.47,7.89,7.43,7.89,7.5,0.39,5.2,2747828.21,2112599.054,0.5,0.5,,,,,
601857.SH,20230504,7.59,8.16,7.55,8.01,7.89,0.12,1.5209,3555489.01,2784410.997,0.5,0.5,,,,,
601857.SH,20230505,8.01,8.04,7.79,7.97,8.01,-0.04,-0.4994,2361695.61,1866190.077,0.5,0.5,,,,,
601857.SH,20230508,8.02,8.58,8.02,8.58,7.97,0.61,7.6537,3490880.43,2916760.204,0.5,0.5,,,,,
601857.SH,20230509,8.59,8.64,8.09,8.09,8.58,-0.49,-5.711,4124988.64,3452312.934,0.5,0.5,,,,,
601857.SH,20230510,8.09,8.13,7.64,7.77,8.09,-0.32,-3.9555,4139162.89,3230949.147,0.5,0.5,,,,,
601857.SH,20230511,7.75,7.78,7.57,7.63,7.77,-0.14,-1.8018,2017569.76,1546282.627,0.5,0.5,,,,,
601857.SH,20230512,7.66,7.84,7.49,7.5,7.63,-0.13,-1.7038,2689046.03,2053507.037,0.5,0.5,,,,,
601857.SH,20230515,7.42,7.51,7.24,7.47,7.5,-0.03,-0.4,2942770.31,2171734.433,0.5,0.5,,,,,
601857.SH,20230516,7.45,7.75,7.42,7.52,7.47,0.05,0.6693,2174595.51,1647173.396,0.5,0.5,,,,,
601857.SH,20230517,7.43,7.55,7.32,7.47,7.52,-0.05,-0.6649,1235443.42,917987.117,0.5,0.5,,,,,
601857.SH,20230518,7.55,7.82,7.55,7.71,7.47,0.24,3.2129,2038920.37,1570114.278,0.5,0.5,,,,,
601857.SH,20230519,7.68,7.71,7.48,7.53,7.71,-0.18,-2.3346,1496113.55,1133297.414,0.5,0.5,,,,,
601857.SH,20230522,7.49,7.59,7.38,7.49,7.53,-0.04,-0.5312,1296736.36,970143.375,0.5,0.5,,,,,
601857.SH,20230523,7.49,7.58,7.35,7.35,7.49,-0.14,-1.8692,1222603.29,909478.905,0.5,0.5,,,,,
601857.SH,20230524,7.32,7.38,7.19,7.22,7.35,-0.13,-1.7687,1622572.14,1180595.095,0.5,0.5,,,,,
601857.SH,20230525,7.2,7.27,7.02,7.16,7.22,-0.06,-0.831,2281736.45,1622169.026,0.5,0.5,,,,,
601857.SH,20230526,7.15,7.2,7.01,7.11,7.16,-0.05,-0.6983,1241262.2,882285.959,0.5,0.5,,,,,
601857.SH,20230529,7.25,7.71,7.23,7.62,7.11,0.51,7.173,2692567.22,2025538.014,0.5,0.5,,,,,
601857.SH,20230530,7.58,7.9,7.55,7.67,7.62,0.05,0.6562,2169729.52,1672886.525,0.5,0.5,,,,,
601857.SH,20230531,7.58,7.69,7.4,7.5,7.67,-0.17,-2.2164,1884316.86,1416284.067,0.5,0.5,,,,,
601857.SH,20230601,7.53,7.79,7.49,7.63,7.5,0.13,1.7333,1803213.08,1379439.224,0.5,0.5,,,,,
601857.SH,20230602,7.71,7.81,7.62,7.65,7.63,0.02,0.2621,1432496.84,1100956.483,0.5,0.5,,,,,
601857.SH,20230605,7.72,7.85,7.7,7.72,7.65,0.07,0.915,1380727.32,1071486.27,0.5,0.5,,,,,
601857.SH,20230606,7.67,7.8,7.63,7.66,7.72,-0.06,-0.7772,1237333.18,955815.235,0.5,0.5,,,,,
601857.SH,20230607,7.6,7.71,7.5,7.66,7.66,0.0,0.0,1029440.41,783697.064,0.5,0.5,,,,,
601857.SH,20230608,7.66,7.87,7.57,7.82,7.66,0.16,2.0888,1691084.14,1314294.131,0.5,0.5,,,,,
601857.SH,20230609,7.78,7.86,7.72,7.86,7.82,0.04,0.5115,1725687.67,1343450.891,0.5,0.5,,,,,
601857.SH,20230612,7.8,8.05,7.74,7.78,7.86,-0.08,-1.0178,1845869.4,1448406.94,0.5,0.5,,,,,
601857.SH,20230613,7.74,7.76,7.45,7.61,7.78,-0.17,-2.1851,2050491.59,1548413.341,0.5,0.5,,,,,
601857.SH,20230614,7.68,7.77,7.57,7.6,7.61,-0.01,-0.1314,1360192.6,1041567.716,0.5,0.5,,,,,
601857.SH,20230615,7.53,7.58,7.44,7.56,7.6,-0.04,-0.5263,1244005.1,932983.083,0.5,0.5,,,,,
601857.SH,20230616,7.62,7.68,7.5,7.58,7.56,0.02,0.2646,1593428.85,1207846.562,0.5,0.5,,,,,
601857.SH,20230619,7.59,7.59,7.44,7.52,7.58,-0.06,-0.7916,1154892.13,866478.659,0.5,0.5,,,,,
601857.SH,20230620,7.55,7.55,7.3,7.37,7.52,-0.15,-1.9947,1480959.46,1096714.108,0.5,0.5,,,,,
601857.SH,20230621,7.34,7.65,7.29,7.52,7.37,0.15,2.0353,2429416.56,1833499.436,0.5,0.5,,,,,
601857.SH,20230626,7.45,7.59,7.41,7.46,7.52,-0.06,-0.7979,1567127.77,1174811.093,0.5,0.5,,,,,
601857.SH,20230627,7.48,7.81,7.42,7.73,7.46,0.27,3.6193,2167184.88,1656062.302,0.5,0.5,,,,,
601857.SH,20230628,7.53,7.59,7.46,7.54,7.51,0.03,0.3995,1508645.96,1134413.132,0.5,0.5,,,,,
601857.SH,20230629,7.55,7.59,7.45,7.47,7.54,-0.07,-0.9284,965943.06,725031.667,0.5,0.5,,,,,
601857.SH,20230630,7.47,7.55,7.43,7.47,7.47,0.0,0.0,763164.33,571649.566,0.5,0.5,,,,,
601857.SH,20230703,7.49,7.85,7.47,7.82,7.47,0.35,4.6854,1720806.19,1326177.413,0.5,0.5,,,,,
601857.SH,20230704,7.81,8.04,7.74,7.79,7.82,-0.03,-0.3836,1396819.24,1097123.149,0.5,0.5,,,,,
601857.SH,20230705,7.82,7.9,7.72,7.79,7.79,0.0,0.0,796149.15,620086.262,0.5,0.5,,,,,
601857.SH,20230706,7.79,7.85,7.7,7.75,7.79,-0.04,-0.5135,949318.72,736436.467,0.5,0.5,,,,,
601857.SH,20230707,7.71,7.84,7.6,7.73,7.75,-0.02,-0.2581,1034962.95,800094.604,0.5,0.5,,,,,
601857.SH,20230710,7.79,7.82,7.6,7.63,7.73,-0.1,-1.2937,1116973.19,855640.426,0.5,0.5,,,,,
601857.SH,20230711,7.67,7.67,7.58,7.64,7.63,0.01,0.1311,723911.89,552296.874,0.5,0.5,,,,,
601857.SH,20230712,7.68,7.87,7.66,7.78,7.64,0.14,1.8325,1437318.97,1116498.266,0.5,0.5,,,,,
601857.SH,20230713,7.82,8.24,7.79,8.24,7.78,0.46,5.9126,2618371.43,2115647.839,0.5,0.5,,,,,
601857.SH,20230714,8.22,8.35,8.18,8.24,8.24,0.0,0.0,1244158.64,1026037.46,0.5,0.5,,,,,
601857.SH,20230717,8.22,8.23,8.06,8.13,8.24,-0.11,-1.335,805655.48,653946.358,0.5,0.5,,,,,
601857.SH,20230718,8.14,8.14,7.99,8.06,8.13,-0.07,-0.861,763120.91,614220.291,0.5,0.5,,,,,
601857.SH,20230719,8.08,8.24,8.06,8.14,8.06,0.08,0.9926,850579.74,691697.687,0.5,0.5,,,,,
601857.SH,20230720,8.13,8.17,7.99,8.02,8.14,-0.12,-1.4742,871354.71,703490.171,0.5,0.5,,,,,
601857.SH,20230721,8.0,8.07,7.94,8.01,8.02,-0.01,-0.1247,587324.49,470161.462,0.5,0.5,,,,,
601857.SH,20230724,7.95,8.04,7.86,7.96,8.01,-0.05,-0.6242,632844.45,503326.546,0.5,0.5,,,,,
601857.SH,20230725,8.14,8.21,8.0,8.03,7.96,0.07,0.8794,1336450.29,1080696.932,0.5,0.5,,,,,
601857.SH,20230726,8.02,8.05,7.81,7.86,8.03,-0.17,-2.1171,1398929.37,1103422.148,0.5,0.5,,,,,
601857.SH,20230727,7.87,8.02,7.84,7.87,7.86,0.01,0.1272,1041707.95,825482.819,0.5,0.5,,,,,
601857.SH,20230728,7.84,7.97,7.77,7.97,7.87,0.1,1.2706,1230849.21,971164.714,0.5,0.5,,,,,
601857.SH,20230731,7.91,8.06,7.83,7.92,7.97,-0.05,-0.6274,1403416.28,1109332.624,0.5,0.5,,,,,
601857.SH,20230801,7.93,8.08,7.93,8.08,7.92,0.16,2.0202,1294728.83,1038893.839,0.5,0.5,,,,,
601857.SH,20230802,8.09,8.1,7.56,7.63,8.08,-0.45,-5.5693,3351153.64,2597086.992,0.5,0.5,,,,,
601857.SH,20230803,7.55,7.65,7.46,7.58,7.63,-0.05,-0.6553,1523922.16,1152997.958,0.5,0.5,,,,,
601857.SH,20230804,7.62,7.77,7.6,7.62,7.58,0.04,0.5277,1544003.22,1184207.377,0.5,0.5,,,,,
601857.SH,20230807,7.65,7.75,7.59,7.69,7.62,0.07,0.9186,773118.84,593741.434,0.5,0.5,,,,,
601857.SH,20230808,7.65,7.82,7.6,7.79,7.69,0.1,1.3004,1059648.49,821059.376,0.5,0.5,,,,,
601857.SH,20230809,7.78,7.84,7.71,7.8,7.79,0.01,0.1284,809136.18,630596.613,0.5,0.5,,,,,
601857.SH,20230810,7.87,7.98,7.85,7.92,7.8,0.12,1.5385,1092983.95,865728.536,0.5,0.5,,,,,
601857.SH,20230811,7.91,7.94,7.78,7.79,7.92,-0.13,-1.6414,764126.21,599803.87,0.5,0.5,,,,,
601857.SH,20230814,7.73,7.88,7.72,7.84,7.79,0.05,0.6418,808896.13,631516.845,0.5,0.5,,,,,
601857.SH,20230815,7.84,7.87,7.76,7.84,7.84,0.0,0.0,626279.1,488963.052,0.5,0.5,,,,,
601857.SH,20230816,7.79,7.8,7.6,7.65,7.84,-0.19,-2.4235,991037.02,759743.474,0.5,0.5,,,,,
601857.SH,20230817,7.62,7.71,7.55,7.69,7.65,0.04,0.5229,595233.33,454387.623,0.5,0.5,,,,,
601857.SH,20230818,7.66,7.77,7.66,7.68,7.69,-0.01,-0.13,577901.05,446330.112,0.5,0.5,,,,,
601857.SH,20230821,7.69,7.72,7.56,7.56,7.68,-0.12,-1.5625,648949.82,493237.635,0.5,0.5,,,,,
601857.SH,20230822,7.56,7.78,7.5,7.73,7.56,0.17,2.2487,1169790.27,897416.267,0.5,0.5,,,,,
601857.SH,20230823,7.73,7.83,7.7,7.75,7.73,0.02,0.2587,878243.5,683773.671,0.5,0.5,,,,,
601857.SH,20230824,7.73,7.79,7.64,7.66,7.75,-0.09,-1.1613,818382.2,629310.589,0.5,0.5,,,,,
601857.SH,20230825,7.63,7.75,7.6,7.71,7.66,0.05,0.6527,746050.1,573940.089,0.5,0.5,,,,,
601857.SH,20230828,8.02,8.03,7.73,7.83,7.71,0.12,1.5564,1779256.9,1393457.969,0.5,0.5,,,,,
601857.SH,20230829,7.8,7.85,7.72,7.75,7.83,-0.08,-1.0217,1106741.4,860366.527,0.5,0.5,,,,,
601857.SH,20230830,7.79,7.89,7.76,7.76,7.75,0.01,0.129,939484.85,732549.988,0.5,0.5,,,,,
601857.SH,20230831,7.79,7.82,7.67,7.75,7.76,-0.01,-0.1289,962460.53,744508.658,0.5,0.5,,,,,
601857.SH,20230901,7.75,7.81,7.71,7.76,7.75,0.01,0.129,1029251.69,799154.379,0.5,0.5,,,,,
601857.SH,20230904,7.8,7.96,7.8,7.95,7.76,0.19,2.4485,1574662.15,1243756.344,0.5,0.5,,,,,
601857.SH,20230905,7.93,7.98,7.89,7.95,7.95,0.0,0.0,924978.64,733595.76,0.5,0.5,,,,,
601857.SH,20230906,8.02,8.11,7.88,8.08,7.95,0.13,1.6352,1564053.31,1255055.893,0.5,0.5,,,,,
601857.SH,20230907,8.06,8.31,8.06,8.24,8.08,0.16,1.9802,1623637.79,1335213.201,0.5,0.5,,,,,
601857.SH,20230908,8.21,8.23,8.02,8.06,8.24,-0.18,-2.1845,1038510.01,838222.657,0.5,0.5,,,,,
601857.SH,20230911,8.09,8.21,8.06,8.13,8.06,0.07,0.8685,1067282.15,870277.982,0.5,0.5,,,,,
601857.SH,20230912,8.15,8.22,8.06,8.1,8.13,-0.03,-0.369,877928.04,712529.072,0.5,0.5,,,,,
601857.SH,20230913,8.19,8.31,8.14,8.27,8.1,0.17,2.0988,1377366.12,1134786.184,0.5,0.5,,,,,
601857.SH,20230914,8.28,8.37,8.22,8.34,8.27,0.07,0.8464,1502515.17,1249998.058,0.5,0.5,,,,,
601857.SH,20230915,8.42,8.58,8.25,8.29,8.34,-0.05,-0.5995,2033961.12,1708515.557,0.5,0.5,,,,,
601857.SH,20230918,8.29,8.33,8.12,8.23,8.29,-0.06,-0.7238,1669064.16,1365624.416,0.5,0.5,,,,,
601857.SH,20230919,8.22,8.34,8.2,8.32,8.23,0.09,1.0936,1178341.15,978876.835,0.5,0.5,,,,,
601857.SH,20230920,8.14,8.2,8.08,8.12,8.11,0.01,0.1233,1267611.83,1030120.709,0.5,0.5,,,,,
601857.SH,20230921,8.12,8.18,7.99,7.99,8.12,-0.13,-1.601,1063015.36,855116.403,0.5,0.5,,,,,
601857.SH,20230922,8.02,8.12,7.97,8.11,7.99,0.12,1.5019,1111403.49,896236.265,0.5,0.5,,,,,
601857.SH,20230925,8.13,8.16,7.98,8.0,8.11,-0.11,-1.3564,1215911.34,977983.677,0.5,0.5,,,,,
601857.SH,20230926,8.0,8.03,7.96,7.98,8.0,-0.02,-0.25,891331.51,712041.561,0.5,0.5,,,,,
601857.SH,20230927,8.03,8.05,7.98,8.0,7.98,0.02,0.2506,754604.01,604322.971,0.5,0.5,,,,,
601857.SH,20230928,8.15,8.18,7.96,7.98,8.0,-0.02,-0.25,1250172.38,1005081.914,0.5,0.5,,,,,
601857.SH,20231009,7.79,7.94,7.61,7.91,7.98,-0.07,-0.8772,1806691.64,1404770.212,0.5,0.5,,,,,
601857.SH,20231010,7.92,7.97,7.75,7.79,7.91,-0.12,-1.5171,989316.1,775151.074,0.5,0.5,,,,,
601857.SH,20231011,7.81,7.82,7.63,7.66,7.79,-0.13,-1.6688,989972.63,762638.612,0.5,0.5,,,,,
601857.SH,20231012,7.66,7.7,7.6,7.67,7.66,0.01,0.1305,826176.42,632374.068,0.5,0.5,,,,,
601857.SH,20231013,7.61,7.7,7.54,7.67,7.67,0.0,0.0,936652.39,713917.399,0.5,0.5,,,,,
601857.SH,20231016,7.75,7.84,7.71,7.8,7.67,0.13,1.6949,1314716.63,1022840.969,0.5,0.5,,,,,
601857.SH,20231017,7.76,7.95,7.71,7.93,7.8,0.13,1.6667,1085745.13,851852.679,0.5,0.5,,,,,
601857.SH,20231018,7.93,8.02,7.91,7.98,7.93,0.05,0.6305,970316.82,774066.479,0.5,0.5,,,,,
601857.SH,20231019,7.98,7.98,7.71,7.74,7.98,-0.24,-3.0075,1198458.67,933301.993,0.5,0.5,,,,,
601857.SH,20231020,7.78,7.8,7.67,7.69,7.74,-0.05,-0.646,858744.83,663319.205,0.5,0.5,,,,,
601857.SH,20231023,7.63,7.69,7.51,7.57,7.69,-0.12,-1.5605,864693.85,656283.196,0.5,0.5,,,,,
601857.SH,20231024,7.56,7.77,7.55,7.76,7.57,0.19,2.5099,1187571.54,912811.35,0.5,0.5,,,,,
601857.SH,20231025,7.79,7.8,7.31,7.33,7.76,-0.43,-5.5412,2208269.14,1651755.39,0.5,0.5,,,,,
601857.SH,20231026,7.3,7.48,7.29,7.45,7.33,0.12,1.6371,1181436.98,876673.107,0.5,0.5,,,,,
601857.SH,20231027,7.42,7.52,7.4,7.42,7.45,-0.03,-0.4027,949548.82,707619.083,0.5,0.5,,,,,
601857.SH,20231030,7.41,7.42,7.05,7.13,7.42,-0.29,-3.9084,2413077.76,1724093.455,0.5,0.5,,,,,
601857.SH,20231031,7.1,7.15,7.0,7.12,7.13,-0.01,-0.1403,1570334.21,1113276.522,0.5,0.5,,,,,
601857.SH,20231101,7.11,7.18,7.05,7.16,7.12,0.04,0.5618,1217491.47,868143.488,0.5,0.5,,,,,
601857.SH,20231102,7.2,7.3,7.16,7.25,7.16,0.09,1.257,1176056.96,852782.663,0.5,0.5,,,,,
601857.SH,20231103,7.28,7.38,7.22,7.33,7.25,0.08,1.1034,1068222.48,779650.234,0.5,0.5,,,,,
601857.SH,20231106,7.28,7.28,7.03,7.09,7.33,-0.24,-3.2742,2630122.79,1862123.673,0.5,0.5,,,,,
601857.SH,20231107,7.04,7.13,6.91,7.09,7.09,0.0,0.0,1663974.08,1171046.085,0.5,0.5,,,,,
601857.SH,20231108,6.99,7.05,6.95,7.03,7.09,-0.06,-0.8463,1016303.03,711719.54,0.5,0.5,,,,,
601857.SH,20231109,6.99,7.11,6.97,7.09,7.03,0.06,0.8535,1028999.54,726882.954,0.5,0.5,,,,,
601857.SH,20231110,7.08,7.12,7.0,7.08,7.09,-0.01,-0.141,716986.89,507249.998,0.5,0.5,,,,,
601857.SH,20231113,7.11,7.15,7.02,7.14,7.08,0.06,0.8475,839484.51,595332.165,0.5,0.5,,,,,
601857.SH,20231114,7.15,7.21,7.08,7.1,7.14,-0.04,-0.5602,697238.86,495860.249,0.5,0.5,,,,,
601857.SH,20231115,7.11,7.18,7.1,7.18,7.1,0.08,1.1268,834143.43,596331.928,0.5,0.5,,,,,
601857.SH,20231116,7.14,7.21,7.12,7.13,7.18,-0.05,-0.6964,501106.79,358740.507,0.5,0.5,,,,,
601857.SH,20231117,7.06,7.07,6.95,7.04,7.13,-0.09,-1.2623,1080657.08,756466.919,0.5,0.5,,,,,
601857.SH,20231120,7.07,7.14,7.05,7.1,7.04,0.06,0.8523,843359.58,599144.57,0.5,0.5,,,,,
601857.SH,20231121,7.14,7.23,7.11,7.13,7.1,0.03,0.4225,953629.48,683856.169,0.5,0.5,,,,,
601857.SH,20231122,7.14,7.2,7.11,7.12,7.13,-0.01,-0.1403,577260.17,413492.448,0.5,0.5,,,,,
601857.SH,20231123,7.1,7.14,7.05,7.11,7.12,-0.01,-0.1404,604762.78,428857.663,0.5,0.5,,,,,
601857.SH,20231124,7.11,7.17,7.09,7.12,7.11,0.01,0.1406,527176.02,376530.408,0.5,0.5,,,,,
601857.SH,20231127,7.13,7.16,7.04,7.13,7.12,0.01,0.1404,852577.95,605065.026,0.5,0.5,,,,,
601857.SH,20231128,7.12,7.13,7.05,7.07,7.13,-0.06,-0.8415,853112.76,603620.837,0.5,0.5,,,,,
601857.SH,20231129,7.09,7.11,7.01,7.06,7.07,-0.01,-0.1414,1013495.1,715253.671,0.5,0.5,,,,,
601857.SH,20231130,7.07,7.21,7.05,7.18,7.06,0.12,1.6997,1543681.32,1104333.141,0.5,0.5,,,,,
601857.SH,20231201,7.18,7.23,7.13,7.18,7.18,0.0,0.0,981646.55,704325.713,0.5,0.5,,,,,
601857.SH,20231204,7.18,7.29,7.17,7.2,7.18,0.02,0.2786,778993.38,563636.923,0.5,0.5,,,,,
601857.SH,20231205,7.18,7.21,7.05,7.06,7.2,-0.14,-1.9444,737555.36,526154.573,0.5,0.5,,,,,
601857.SH,20231206,7.05,7.09,6.81,6.81,7.06,-0.25,-3.5411,1874733.33,1285485.744,0.5,0.5,,,,,
601857.SH,20231207,6.76,6.82,6.71,6.78,6.81,-0.03,-0.4405,1049996.43,710900.793,0.5,0.5,,,,,
601857.SH,20231208,6.79,6.97,6.76,6.87,6.78,0.09,1.3274,1162014.97,800368.578,0.5,0.5,,,,,
601857.SH,20231211,6.87,6.91,6.67,6.86,6.87,-0.01,-0.1456,1135475.47,772144.373,0.5,0.5,,,,,
601857.SH,20231212,6.85,6.92,6.77,6.91,6.86,0.05,0.7289,837791.97,573794.656,0.5,0.5,,,,,
601857.SH,20231213,6.84,6.86,6.75,6.76,6.91,-0.15,-2.1708,906688.16,615881.7,0.5,0.5,,,,,
601857.SH,20231214,6.79,6.82,6.74,6.75,6.76,-0.01,-0.1479,590996.59,400725.688,0.5,0.5,,,,,
601857.SH,20231215,6.8,6.82,6.71,6.73,6.75,-0.02,-0.2963,717703.39,485491.163,0.5,0.5,,,,,
601857.SH,20231218,6.71,6.8,6.68,6.76,6.73,0.03,0.4458,587152.26,396818.949,0.5,0.5,,,,,
601857.SH,20231219,6.78,6.79,6.71,6.77,6.76,0.01,0.1479,604562.34,408034.602,0.5,0.5,,,,,
601857.SH,20231220,6.77,6.85,6.75,6.77,6.77,0.0,0.0,773174.22,526177.324,0.5,0.5,,,,,
601857.SH,20231221,6.75,6.8,6.71,6.77,6.77,0.0,0.0,647116.09,438099.556,0.5,0.5,,,,,
601857.SH,20231222,6.77,6.87,6.76,6.83,6.77,0.06,0.8863,937391.84,640323.868,0.5,0.5,,,,,
601857.SH,20231225,6.8,6.94,6.79,6.92,6.83,0.09,1.3177,794726.98,545944.105,0.5,0.5,,,,,
601857.SH,20231226,6.92,7.03,6.89,6.99,6.92,0.07,1.0116,949538.25,663657.089,0.5,0.5,,,,,
601857.SH,20231227,7.0,7.17,6.97,7.12,6.99,0.13,1.8598,1077889.64,767431.892,0.5,0.5,,,,,
601857.SH,20231228,7.13,7.18,7.01,7.06,7.12,-0.06,-0.8427,1167204.55,825151.57,0.5,0.5,,,,,
601857.SH,20231229,7.02,7.12,6.96,7.06,7.06,0.0,0.0,1188541.25,836445.198,0.5,0.5,,,,,
601857.SH,20240102,7.06,7.19,7.05,7.14,7.06,0.08,1.1331,1226086.89,873933.752,0.5,0.5,,,,,
601857.SH,20240103,7.14,7.3,7.11,7.28,7.14,0.14,1.9608,1346558.87,975419.831,0.5,0.5,,,,,
601857.SH,20240104,7.33,7.46,7.32,7.43,7.28,0.15,2.0604,1493913.02,1103951.799,0.5,0.5,,,,,
601857.SH,20240105,7.39,7.59,7.35,7.49,7.43,0.06,0.8075,1529002.32,1149424.617,0.5,0.5,,,,,
601857.SH,20240108,7.5,7.57,7.42,7.47,7.49,-0.02,-0.267,1166565.27,873973.695,0.5,0.5,,,,,
601857.SH,20240109,7.38,7.48,7.32,7.46,7.47,-0.01,-0.1339,1069871.84,794234.789,0.5,0.5,,,,,
601857.SH,20240110,7.46,7.55,7.39,7.41,7.46,-0.05,-0.6702,798491.03,594867.513,0.5,0.5,,,,,
601857.SH,20240111,7.37,7.39,7.2,7.23,7.41,-0.18,-2.4291,1287456.12,937044.631,0.5,0.5,,,,,
601857.SH,20240112,7.26,7.3,7.17,7.23,7.23,0.0,0.0,950053.6,686252.13,0.5,0.5,,,,,
601857.SH,20240115,7.21,7.35,7.18,7.33,7.23,0.1,1.3831,872155.01,635988.823,0.5,0.5,,,,,
601857.SH,20240116,7.31,7.37,7.25,7.34,7.33,0.01,0.1364,1006076.2,735850.339,0.5,0.5,,,,,
601857.SH,20240117,7.3,7.34,7.2,7.2,7.34,-0.14,-1.9074,1008841.0,733811.243,0.5,0.5,,,,,
601857.SH,20240118,7.22,7.27,6.89,7.19,7.2,-0.01,-0.1389,1955629.37,1383391.364,0.5,0.5,,,,,
601857.SH,20240119,7.15,7.2,7.05,7.14,7.19,-0.05,-0.6954,1196943.68,854091.376,0.5,0.5,,,,,
601857.SH,20240122,7.14,7.2,6.98,7.05,7.14,-0.09,-1.2605,1309310.82,931752.789,0.5,0.5,,,,,
601857.SH,20240123,7.01,7.08,6.86,7.01,7.05,-0.04,-0.5674,1353854.64,943482.518,0.5,0.5,,,,,
601857.SH,20240124,7.02,7.27,6.99,7.26,7.01,0.25,3.5663,1699854.31,1215700.399,0.5,0.5,,,,,
601857.SH,20240125,7.3,7.99,7.27,7.99,7.26,0.73,10.0551,3780275.34,2909825.46,0.5,0.5,,,,,
601857.SH,20240126,8.05,8.55,7.88,8.5,7.99,0.51,6.383,5930095.59,4823883.68,0.5,0.5,,,,,
601857.SH,20240129,8.39,8.85,8.25,8.4,8.5,-0.1,-1.1765,5863924.63,4976919.504,0.5,0.5,,,,,
601857.SH,20240130,8.32,8.65,8.3,8.4,8.4,0.0,0.0,3644250.93,3082528.804,0.5,0.5,,,,,
601857.SH,20240131,8.34,8.56,8.3,8.36,8.4,-0.04,-0.4762,3218143.04,2709883.367,0.5,0.5,,,,,
601857.SH,20240201,8.2,8.35,8.09,8.15,8.36,-0.21,-2.512,3644043.15,2985635.987,0.5,0.5,,,,,
601857.SH,20240202,8.1,8.3,7.97,8.1,8.15,-0.05,-0.6135,3083388.69,2519513.412,0.5,0.5,,,,,
601857.SH,20240205,8.06,8.42,8.06,8.31,8.1,0.21,2.5926,4355672.39,3600174.086,0.5,0.5,,,,,
601857.SH,20240206,8.25,8.34,8.04,8.12,8.31,-0.19,-2.2864,3280113.83,2674727.053,0.5,0.5,,,,,
601857.SH,20240207,8.1,8.32,7.93,8.31,8.12,0.19,2.3399,3734261.18,3027913.356,0.5,0.5,,,,,
601857.SH,20240208,8.21,8.4,8.13,8.28,8.31,-0.03,-0.361,2687418.0,2220830.979,0.5,0.5,,,,,
601857.SH,20240219,8.28,8.66,8.21,8.65,8.28,0.37,4.4686,3215737.75,2732246.801,0.5,0.5,,,,,
601857.SH,20240220,8.6,8.67,8.52,8.64,8.65,-0.01,-0.1156,1845502.68,1589633.077,0.5,0.5,,,,,
601857.SH,20240221,8.6,8.94,8.58,8.71,8.64,0.07,0.8102,3122878.93,2738330.683,0.5,0.5,,,,,
601857.SH,20240222,8.63,9.21,8.63,9.21,8.71,0.5,5.7405,3224116.6,2885728.609,0.5,0.5,,,,,
601857.SH,20240223,9.29,9.33,9.0,9.07,9.21,-0.14,-1.5201,2824847.04,2570115.752,0.5,0.5,,,,,
601857.SH,20240226,9.0,9.13,8.81,8.84,9.07,-0.23,-2.5358,2487284.63,2223115.168,0.5,0.5,,,,,
601857.SH,20240227,8.84,9.01,8.8,8.88,8.84,0.04,0.4525,2084087.01,1851012.781,0.5,0.5,,,,,
601857.SH,20240228,8.81,8.97,8.68,8.84,8.88,-0.04,-0.4505,2787273.74,2457073.691,0.5,0.5,,,,,
601857.SH,20240229,8.78,8.88,8.74,8.84,8.84,0.0,0.0,2069395.63,1822502.487,0.5,0.5,,,,,
601857.SH,20240301,8.78,8.88,8.72,8.78,8.84,-0.06,-0.6787,1767140.38,1552046.718,0.5,0.5,,,,,
601857.SH,20240304,8.81,9.15,8.78,9.12,8.78,0.34,3.8724,3135454.01,2822418.974,0.5,0.5,,,,,
601857.SH,20240305,9.05,9.14,8.93,9.05,9.12,-0.07,-0.7675,2499298.65,2258240.356,0.5,0.5,,,,,
601857.SH,20240306,9.03,9.18,8.92,8.98,9.05,-0.07,-0.7735,1919105.08,1735199.602,0.5,0.5,,,,,
601857.SH,20240307,8.95,9.24,8.95,9.07,8.98,0.09,1.0022,2129867.31,1939805.586,0.5,0.5,,,,,
601857.SH,20240308,9.05,9.21,8.96,9.18,9.07,0.11,1.2128,2027216.0,1845160.428,0.5,0.5,,,,,
601857.SH,20240311,9.1,9.14,8.89,9.0,9.18,-0.18,-1.9608,2231140.02,2006531.744,0.5,0.5,,,,,
601857.SH,20240312,8.95,8.96,8.66,8.68,9.0,-0.32,-3.5556,2569199.02,2250245.327,0.5,0.5,,,,,
601857.SH,20240313,8.63,8.75,8.53,8.69,8.68,0.01,0.1152,1738541.76,1506428.844,0.5,0.5,,,,,
601857.SH,20240314,8.68,8.92,8.67,8.79,8.69,0.1,1.1507,2136977.75,1887040.144,0.5,0.5,,,,,
601857.SH,20240315,8.8,8.88,8.69,8.85,8.79,0.06,0.6826,1610674.15,1417302.911,0.5,0.5,,,,,
601857.SH,20240318,8.83,8.92,8.75,8.86,8.85,0.01,0.113,1084720.56,957393.644,0.5,0.5,,,,,
601857.SH,20240319,8.88,9.05,8.87,8.9,8.86,0.04,0.4515,1548477.75,1389004.779,0.5,0.5,,,,,
601857.SH,20240320,8.93,9.18,8.81,9.14,8.9,0.24,2.6966,1831316.38,1658626.118,0.5,0.5,,,,,
601857.SH,20240321,9.08,9.23,9.03,9.17,9.14,0.03,0.3282,1207836.06,1105290.823,0.5,0.5,,,,,
601857.SH,20240322,9.11,9.23,8.96,9.08,9.17,-0.09,-0.9815,1604447.02,1454068.494,0.5,0.5,,,,,
601857.SH,20240325,9.04,9.38,9.03,9.28,9.08,0.2,2.2026,1802880.68,1667558.403,0.5,0.5,,,,,
601857.SH,20240326,9.29,9.33,9.11,9.21,9.28,-0.07,-0.7543,1909464.91,1756886.631,0.5,0.5,,,,,
601857.SH,20240327,9.14,9.24,9.09,9.17,9.21,-0.04,-0.4343,1324508.04,1213742.88,0.5,0.5,,,,,
601857.SH,20240328,9.18,9.32,9.04,9.25,9.17,0.08,0.8724,1575852.61,1448963.366,0.5,0.5,,,,,
601857.SH,20240329,9.33,9.9,9.32,9.88,9.25,0.63,6.8108,2646470.85,2568975.098,0.5,0.5,,,,,
601857.SH,20240401,9.8,9.9,9.66,9.74,9.88,-0.14,-1.417,1941360.16,1897318.194,0.5,0.5,,,,,
601857.SH,20240402,9.79,10.12,9.78,9.96,9.74,0.22,2.2587,2221506.19,2211912.874,0.5,0.5,,,,,
601857.SH,20240403,10.07,10.34,10.0,10.18,9.96,0.22,2.2088,2828125.51,2879116.081,0.5,0.5,,,,,
601857.SH,20240408,10.05,10.52,10.0,10.27,10.18,0.09,0.8841,2814908.91,2899428.549,0.5,0.5,,,,,
601857.SH,20240409,10.23,10.42,9.97,10.12,10.27,-0.15,-1.4606,1981017.47,2010125.333,0.5,0.5,,,,,
601857.SH,20240410,10.06,10.33,10.03,10.27,10.12,0.15,1.4822,1790332.47,1826061.454,0.5,0.5,,,,,
601857.SH,20240411,10.24,10.37,10.18,10.23,10.27,-0.04,-0.3895,1588784.99,1629392.486,0.5,0.5,,,,,
601857.SH,20240412,10.19,10.31,10.14,10.27,10.23,0.04,0.391,1583924.36,1621717.959,0.5,0.5,,,,,
601857.SH,20240415,10.17,10.73,10.12,10.67,10.27,0.4,3.8948,2676635.7,2809133.935,0.5,0.5,,,,,
601857.SH,20240416,10.6,11.02,10.59,10.9,10.67,0.23,2.1556,3185850.62,3453312.34,0.5,0.5,,,,,
601857.SH,20240417,10.75,10.93,10.58,10.93,10.9,0.03,0.2752,2439975.34,2623289.378,0.5,0.5,,,,,
601857.SH,20240418,10.72,10.84,10.56,10.62,10.93,-0.31,-2.8362,2600512.76,2775276.178,0.5,0.5,,,,,
601857.SH,20240419,10.69,11.06,10.68,10.92,10.62,0.3,2.8249,3417663.33,3718370.991,0.5,0.5,,,,,
601857.SH,20240422,10.8,11.05,10.57,10.63,10.92,-0.29,-2.6557,2571758.36,2763287.873,0.5,0.5,,,,,
601857.SH,20240423,10.54,10.54,10.22,10.35,10.63,-0.28,-2.6341,2494548.37,2584610.112,0.5,0.5,,,,,
601857.SH,20240424,10.39,10.45,10.24,10.43,10.35,0.08,0.7729,1582284.08,1639942.725,0.5,0.5,,,,,
601857.SH,20240425,10.36,10.55,10.28,10.54,10.43,0.11,1.0547,1620017.12,1687183.981,0.5,0.5,,,,,
601857.SH,20240426,10.61,10.85,10.58,10.68,10.54,0.14,1.3283,2449801.02,2625222.861,0.5,0.5,,,,,
601857.SH,20240429,10.59,10.59,10.2,10.22,10.68,-0.46,-4.3071,3321670.31,3421211.088,0.5,0.5,,,,,
601857.SH,20240430,10.12,10.4,10.06,10.27,10.22,0.05,0.4892,2450672.06,2520669.927,0.5,0.5,,,,,
601857.SH,20240506,10.0,10.04,9.82,10.01,10.27,-0.26,-2.5316,4179527.03,4142433.777,0.5,0.5,,,,,
601857.SH,20240507,9.96,10.12,9.94,10.12,10.01,0.11,1.0989,2426159.26,2439617.96,0.5,0.5,,,,,
601857.SH,20240508,10.07,10.32,10.06,10.13,10.12,0.01,0.0988,2045592.97,2083992.061,0.5,0.5,,,,,
601857.SH,20240509,10.16,10.2,10.02,10.07,10.13,-0.06,-0.5923,1705341.87,1720816.934,0.5,0.5,,,,,
601857.SH,20240510,10.11,10.17,10.05,10.08,10.07,0.01,0.0993,1555789.91,1571078.59,0.5,0.5,,,,,
601857.SH,20240513,9.93,10.1,9.91,10.02,10.08,-0.06,-0.5952,1671123.41,1674881.462,0.5,0.5,,,,,
601857.SH,20240514,10.04,10.06,9.86,9.93,10.02,-0.09,-0.8982,2108588.26,2092693.112,0.5,0.5,,,,,
601857.SH,20240515,9.88,9.97,9.8,9.89,9.93,-0.04,-0.4028,1449595.1,1432059.273,0.5,0.5,,,,,
601857.SH,20240516,9.92,9.94,9.81,9.83,9.89,-0.06,-0.6067,1299529.52,1279126.308,0.5,0.5,,,,,
601857.SH,20240517,9.83,9.96,9.79,9.92,9.83,0.09,0.9156,1556887.87,1539362.564,0.5,0.5,,,,,
601857.SH,20240520,9.95,10.28,9.88,10.21,9.92,0.29,2.9234,2877406.53,2905889.837,0.5,0.5,,,,,
601857.SH,20240521,10.13,10.18,9.98,10.13,10.21,-0.08,-0.7835,1655795.72,1673080.165,0.5,0.5,,,,,
601857.SH,20240522,10.1,10.17,10.01,10.05,10.13,-0.08,-0.7897,1314605.54,1323570.324,0.5,0.5,,,,,
601857.SH,20240523,9.98,10.0,9.89,9.91,10.05,-0.14,-1.393,1281721.37,1274158.042,0.5,0.5,,,,,
601857.SH,20240524,9.91,10.06,9.89,9.97,9.91,0.06,0.6054,1310329.08,1307904.544,0.5,0.5,,,,,
601857.SH,20240527,9.98,10.3,9.98,10.24,9.97,0.27,2.7081,2248013.7,2292678.374,0.5,0.5,,,,,
601857.SH,20240528,10.25,10.5,10.22,10.39,10.24,0.15,1.4648,2115890.81,2201043.402,0.5,0.5,,,,,
601857.SH,20240529,10.46,10.53,10.32,10.49,10.39,0.1,0.9625,1453698.63,1520595.893,0.5,0.5,,,,,
601857.SH,20240530,10.36,10.53,10.16,10.2,10.49,-0.29,-2.7645,1733541.42,1790480.148,0.5,0.5,,,,,
601857.SH,20240531,10.11,10.22,10.08,10.14,10.2,-0.06,-0.5882,1353944.99,1374058.265,0.5,0.5,,,,,
601857.SH,20240603,10.16,10.28,10.09,10.16,10.14,0.02,0.1972,1817872.12,1851083.078,0.5,0.5,,,,,
601857.SH,20240604,9.96,10.02,9.85,9.99,10.16,-0.17,-1.6732,2141284.44,2130211.897,0.5,0.5,,,,,
601857.SH,20240605,9.95,10.02,9.7,9.77,9.99,-0.22,-2.2022,2175947.66,2140009.482,0.5,0.5,,,,,
601857.SH,20240606,9.8,10.08,9.76,9.99,9.77,0.22,2.2518,2547537.43,2539095.882,0.5,0.5,,,,,
601857.SH,20240607,10.06,10.12,9.9,9.99,9.99,0.0,0.0,1453143.01,1453898.755,0.5,0.5,,,,,
601857.SH,20240611,10.08,10.11,9.78,9.82,9.99,-0.17,-1.7017,1973929.85,1953839.971,0.5,0.5,,,,,
601857.SH,20240612,9.79,10.01,9.72,10.0,9.82,0.18,1.833,1724169.42,1706992.691,0.5,0.5,,,,,
601857.SH,20240613,10.01,10.03,9.86,9.91,10.0,-0.09,-0.9,1207755.59,1199428.285,0.5,0.5,,,,,
601857.SH,20240614,9.87,9.9,9.8,9.83,9.91,-0.08,-0.8073,1258439.05,1239005.989,0.5,0.5,,,,,
601857.SH,20240617,9.8,9.83,9.64,9.65,9.83,-0.18,-1.8311,1553835.1,1508379.575,0.5,0.5,,,,,
601857.SH,20240618,9.69,9.76,9.54,9.76,9.65,0.11,1.1399,1431450.64,1385664.532,0.5,0.5,,,,,
601857.SH,20240619,9.76,9.94,9.74,9.89,9.76,0.13,1.332,1479238.71,1461070.285,0.5,0.5,,,,,
601857.SH,20240620,9.87,10.08,9.86,10.06,9.89,0.17,1.7189,2264309.22,2258647.251,0.5,0.5,,,,,
601857.SH,20240621,10.05,10.23,9.94,9.97,10.06,-0.09,-0.8946,1772746.2,1785322.174,0.5,0.5,,,,,
601857.SH,20240624,9.95,10.07,9.95,10.03,9.97,0.06,0.6018,1185026.94,1188036.678,0.5,0.5,,,,,
601857.SH,20240625,10.03,10.2,9.97,10.05,10.03,0.02,0.1994,1598439.32,1609730.622,0.5,0.5,,,,,
601857.SH,20240626,9.83,9.84,9.63,9.7,9.82,-0.12,-1.222,1302946.12,1264405.921,0.5,0.5,,,,,
601857.SH,20240627,9.66,9.75,9.56,9.69,9.7,-0.01,-0.1031,1386924.37,1340837.541,0.5,0.5,,,,,
601857.SH,20240628,9.71,10.34,9.7,10.32,9.69,0.63,6.5015,2702549.46,2723612.874,0.5,0.5,,,,,
601857.SH,20240701,10.29,10.54,10.24,10.43,10.32,0.11,1.0659,1743307.15,1809272.313,0.5,0.5,,,,,
601857.SH,20240702,10.53,10.75,10.42,10.66,10.43,0.23,2.2052,1771949.19,1874149.29,0.5,0.5,,,,,
601857.SH,20240703,10.65,10.74,10.47,10.57,10.66,-0.09,-0.8443,1384818.09,1466419.334,0.5,0.5,,,,,
601857.SH,20240704,10.58,10.72,10.58,10.64,10.57,0.07,0.6623,1203806.62,1282164.407,0.5,0.5,,,,,
601857.SH,20240705,10.63,10.7,10.34,10.54,10.64,-0.1,-0.9398,1650690.07,1729155.526,0.5,0.5,,,,,
601857.SH,20240708,10.44,10.75,10.41,10.67,10.54,0.13,1.2334,1390777.89,1479551.353,0.5,0.5,,,,,
601857.SH,20240709,10.66,10.69,10.53,10.64,10.67,-0.03,-0.2812,1128519.26,1199119.687,0.5,0.5,,,,,
601857.SH,20240710,10.62,10.66,10.31,10.33,10.64,-0.31,-2.9135,1567583.93,1635268.559,0.5,0.5,,,,,
601857.SH,20240711,10.35,10.47,10.25,10.46,10.33,0.13,1.2585,1397590.18,1450536.535,0.5,0.5,,,,,
601857.SH,20240712,10.43,10.58,10.27,10.33,10.46,-0.13,-1.2428,1359350.64,1412404.284,0.5,0.5,,,,,
601857.SH,20240715,10.24,10.5,10.14,10.47,10.33,0.14,1.3553,1534145.21,1594666.896,0.5,0.5,,,,,
601857.SH,20240716,10.44,10.56,10.36,10.51,10.47,0.04,0.382,1114835.75,1168563.677,0.5,0.5,,,,,
601857.SH,20240717,10.46,10.5,10.05,10.09,10.51,-0.42,-3.9962,2139499.5,2184469.848,0.5,0.5,,,,,
601857.SH,20240718,10.12,10.22,10.01,10.2,10.09,0.11,1.0902,1486272.46,1506784.061,0.5,0.5,,,,,
601857.SH,20240719,10.1,10.11,9.88,9.97,10.2,-0.23,-2.2549,1876459.19,1868948.688,0.5,0.5,,,,,
601857.SH,20240722,9.86,9.86,9.48,9.63,9.97,-0.34,-3.4102,2576414.29,2478545.193,0.5,0.5,,,,,
601857.SH,20240723,9.58,9.63,9.5,9.51,9.63,-0.12,-1.2461,1444746.35,1380092.475,0.5,0.5,,,,,
601857.SH,20240724,9.5,9.64,9.42,9.56,9.51,0.05,0.5258,1718396.06,1636607.951,0.5,0.5,,,,,
601857.SH,20240725,9.55,9.55,9.13,9.16,9.56,-0.4,-4.1841,2261720.07,2089178.544,0.5,0.5,,,,,
601857.SH,20240726,9.13,9.22,9.02,9.1,9.16,-0.06,-0.655,1659726.43,1509720.705,0.5,0.5,,,,,
601857.SH,20240729,9.03,9.16,8.95,9.14,9.1,0.04,0.4396,1309562.11,1187012.036,0.5,0.5,,,,,
601857.SH,20240730,9.06,9.06,8.78,8.78,9.14,-0.36,-3.9387,2183524.03,1936105.494,0.5,0.5,,,,,
601857.SH,20240731,8.75,8.99,8.74,8.97,8.78,0.19,2.164,2009305.36,1786098.511,0.5,0.5,,,,,
601857.SH,20240801,9.07,9.17,8.95,9.03,8.97,0.06,0.6689,1600744.94,1449132.223,0.5,0.5,,,,,
601857.SH,20240802,8.87,8.91,8.78,8.86,9.03,-0.17,-1.8826,1346720.28,1191228.816,0.5,0.5,,,,,
601857.SH,20240805,8.65,8.75,8.39,8.42,8.86,-0.44,-4.9661,2933267.77,2506938.476,0.5,0.5,,,,,
601857.SH,20240806,8.48,8.57,8.42,8.49,8.42,0.07,0.8314,1358303.97,1152287.288,0.5,0.5,,,,,
601857.SH,20240807,8.44,8.72,8.38,8.59,8.49,0.1,1.1779,1577568.43,1357786.434,0.5,0.5,,,,,
601857.SH,20240808,8.65,8.72,8.54,8.55,8.59,-0.04,-0.4657,992500.02,854385.928,0.5,0.5,,,,,
601857.SH,20240809,8.58,8.78,8.56,8.74,8.55,0.19,2.2222,1599886.41,1394823.876,0.5,0.5,,,,,
601857.SH,20240812,8.73,8.8,8.67,8.71,8.74,-0.03,-0.3432,909479.14,793562.497,0.5,0.5,,,,,
601857.SH,20240813,8.79,8.88,8.69,8.79,8.71,0.08,0.9185,1261014.91,1105109.224,0.5,0.5,,,,,
601857.SH,20240814,8.71,8.79,8.66,8.78,8.79,-0.01,-0.1138,780732.02,682838.065,0.5,0.5,,,,,
601857.SH,20240815,8.75,8.91,8.71,8.86,8.78,0.08,0.9112,1139332.32,1007999.859,0.5,0.5,,,,,
601857.SH,20240816,8.88,9.05,8.87,9.01,8.86,0.15,1.693,1268546.14,1139101.885,0.5,0.5,,,,,
601857.SH,20240819,8.98,9.12,8.93,9.07,9.01,0.06,0.6659,1056188.02,955618.123,0.5,0.5,,,,,
601857.SH,20240820,9.04,9.09,8.81,8.89,9.07,-0.18,-1.9846,1405325.24,1254182.355,0.5,0.5,,,,,
601857.SH,20240821,8.84,8.93,8.8,8.93,8.89,0.04,0.4499,845655.39,750297.73,0.5,0.5,,,,,
601857.SH,20240822,8.88,8.94,8.81,8.9,8.93,-0.03,-0.3359,878912.99,781318.037,0.5,0.5,,,,,
601857.SH,20240823,8.92,9.09,8.86,8.93,8.9,0.03,0.3371,959815.06,859537.312,0.5,0.5,,,,,
601857.SH,20240826,9.01,9.09,8.92,9.05,8.93,0.12,1.3438,1137326.44,1022443.901,0.5,0.5,,,,,
601857.SH,20240827,9.11,9.35,9.05,9.32,9.05,0.27,2.9834,2174499.74,2011545.766,0.5,0.5,,,,,
601857.SH,20240828,9.25,9.35,9.12,9.18,9.32,-0.14,-1.5021,1360484.4,1254670.844,0.5,0.5,,,,,
601857.SH,20240829,9.14,9.16,8.84,8.9,9.18,-0.28,-3.0501,1458572.94,1305475.81,0.5,0.5,,,,,
601857.SH,20240830,8.9,9.04,8.8,8.93,8.9,0.03,0.3371,1549531.62,1385639.932,0.5,0.5,,,,,
601857.SH,20240902,8.85,9.07,8.7,9.01,8.93,0.08,0.8959,1452107.93,1300193.607,0.5,0.5,,,,,
601857.SH,20240903,8.98,9.04,8.67,8.71,9.01,-0.3,-3.3296,1647423.0,1443072.088,0.5,0.5,,,,,
601857.SH,20240904,8.49,8.49,8.17,8.25,8.71,-0.46,-5.2813,2342152.59,1939151.036,0.5,0.5,,,,,
601857.SH,20240905,8.21,8.28,8.05,8.13,8.25,-0.12,-1.4545,1653424.72,1342872.183,0.5,0.5,,,,,
601857.SH,20240906,8.11,8.21,8.04,8.04,8.13,-0.09,-1.107,1110479.36,901374.546,0.5,0.5,,,,,
601857.SH,20240909,7.99,8.0,7.71,7.82,8.04,-0.22,-2.7363,1830158.42,1428680.734,0.5,0.5,,,,,
601857.SH,20240910,7.85,7.95,7.82,7.9,7.82,0.08,1.023,1255346.5,989432.353,0.5,0.5,,,,,
601857.SH,20240911,7.72,7.77,7.55,7.75,7.9,-0.15,-1.8987,2023977.41,1545930.431,0.5,0.5,,,,,
601857.SH,20240912,7.73,7.87,7.69,7.84,7.75,0.09,1.1613,1331868.01,1037762.145,0.5,0.5,,,,,
601857.SH,20240913,7.88,7.98,7.88,7.9,7.84,0.06,0.7653,1297171.94,1029572.481,0.5,0.5,,,,,
601857.SH,20240918,7.91,8.1,7.91,8.06,7.9,0.16,2.0253,1174422.01,941347.769,0.5,0.5,,,,,
601857.SH,20240919,7.9,7.9,7.7,7.85,7.84,0.01,0.1276,1153688.18,899950.256,0.5,0.5,,,,,
601857.SH,20240920,7.89,8.01,7.83,7.91,7.85,0.06,0.7643,1334880.8,1058130.225,0.5,0.5,,,,,
601857.SH,20240923,7.91,8.09,7.86,8.01,7.91,0.1,1.2642,965866.03,772046.984,0.5,0.5,,,,,
601857.SH,20240924,8.11,8.37,8.04,8.36,8.01,0.35,4.3695,1839363.23,1513319.694,0.5,0.5,,,,,
601857.SH,20240925,8.51,8.66,8.37,8.4,8.36,0.04,0.4785,2124735.16,1805556.499,0.5,0.5,,,,,
601857.SH,20240926,8.3,8.45,8.25,8.39,8.4,-0.01,-0.119,2957529.68,2464797.43,0.5,0.5,,,,,
601857.SH,20240927,8.39,8.4,8.28,8.38,8.39,-0.01,-0.1192,1794093.73,1496451.827,0.5,0.5,,,,,
601857.SH,20240930,8.53,9.17,8.53,9.02,8.38,0.64,7.6372,5409261.89,4758267.275,0.5,0.5,,,,,
601857.SH,20241008,9.92,9.92,8.9,9.34,9.02,0.32,3.5477,6429853.22,6034716.233,0.5,0.5,,,,,
601857.SH,20241009,9.1,9.13,8.45,8.45,9.34,-0.89,-9.5289,4449018.25,3873797.994,0.5,0.5,,,,,
601857.SH,20241010,8.47,9.01,8.47,8.74,8.45,0.29,3.432,3934855.53,3451721.238,0.5,0.5,,,,,
601857.SH,20241011,8.85,8.89,8.63,8.7,8.74,-0.04,-0.4577,2514851.77,2204108.994,0.5,0.5,,,,,
601857.SH,20241014,8.7,8.84,8.62,8.75,8.7,0.05,0.5747,2214551.25,1934312.204,0.5,0.5,,,,,
601857.SH,20241015,8.58,8.61,8.42,8.43,8.75,-0.32,-3.6571,2255166.56,1918310.046,0.5,0.5,,,,,
601857.SH,20241016,8.4,8.5,8.32,8.42,8.43,-0.01,-0.1186,1669120.34,1404550.565,0.5,0.5,,,,,
601857.SH,20241017,8.41,8.59,8.35,8.35,8.42,-0.07,-0.8314,1798041.41,1522345.25,0.5,0.5,,,,,
601857.SH,20241018,8.39,8.6,8.35,8.54,8.35,0.19,2.2754,2402183.41,2036682.441,0.5,0.5,,,,,
601857.SH,20241021,8.5,8.59,8.41,8.46,8.54,-0.08,-0.9368,2292546.26,1942472.507,0.5,0.5,,,,,
601857.SH,20241022,8.46,8.51,8.43,8.46,8.46,0.0,0.0,1670435.06,1414903.217,0.5,0.5,,,,,
601857.SH,20241023,8.5,8.53,8.43,8.48,8.46,0.02,0.2364,1955565.24,1657075.962,0.5,0.5,,,,,
601857.SH,20241024,8.46,8.47,8.38,8.45,8.48,-0.03,-0.3538,978372.61,825453.466,0.5,0.5,,,,,
601857.SH,20241025,8.41,8.45,8.38,8.39,8.45,-0.06,-0.7101,1218970.08,1024342.011,0.5,0.5,,,,,
601857.SH,20241028,8.33,8.37,8.18,8.37,8.39,-0.02,-0.2384,2260084.81,1865061.282,0.5,0.5,,,,,
601857.SH,20241029,8.29,8.33,8.2,8.2,8.37,-0.17,-2.0311,1590375.56,1313118.647,0.5,0.5,,,,,
601857.SH,20241030,8.2,8.25,8.08,8.11,8.2,-0.09,-1.0976,1584254.31,1290071.545,0.5,0.5,,,,,
601857.SH,20241031,8.13,8.16,8.06,8.1,8.11,-0.01,-0.1233,1283101.5,1039938.547,0.5,0.5,,,,,
601857.SH,20241101,8.13,8.38,8.11,8.3,8.1,0.2,2.4691,2805246.59,2322035.822,0.5,0.5,,,,,
601857.SH,20241104,8.31,8.34,8.13,8.2,8.3,-0.1,-1.2048,1949854.82,1593503.765,0.5,0.5,,,,,
601857.SH,20241105,8.2,8.29,8.14,8.28,8.2,0.08,0.9756,2036944.83,1676962.49,0.5,0.5,,,,,
601857.SH,20241106,8.23,8.4,8.22,8.26,8.28,-0.02,-0.2415,2373457.22,1969970.799,0.5,0.5,,,,,
601857.SH,20241107,8.22,8.35,8.16,8.35,8.26,0.09,1.0896,2446810.6,2019718.751,0.5,0.5,,,,,
601857.SH,20241108,8.35,8.39,8.22,8.25,8.35,-0.1,-1.1976,2061592.31,1710854.042,0.5,0.5,,,,,
601857.SH,20241111,8.2,8.2,8.02,8.09,8.25,-0.16,-1.9394,2487678.11,2009778.978,0.5,0.5,,,,,
601857.SH,20241112,8.03,8.16,7.99,8.0,8.09,-0.09,-1.1125,2130889.44,1716917.877,0.5,0.5,,,,,
601857.SH,20241113,7.99,8.16,7.97,8.07,8.0,0.07,0.875,2233180.88,1803260.184,0.5,0.5,,,,,
601857.SH,20241114,8.03,8.15,8.02,8.03,8.07,-0.04,-0.4957,1850581.27,1497145.402,0.5,0.5,,,,,
601857.SH,20241115,8.03,8.1,7.98,8.03,8.03,0.0,0.0,1853546.6,1489484.687,0.5,0.5,,,,,
601857.SH,20241118,8.04,8.23,8.03,8.15,8.03,0.12,1.4944,2782130.49,2270719.679,0.5,0.5,,,,,
601857.SH,20241119,8.19,8.2,8.06,8.13,8.15,-0.02,-0.2454,1697556.27,1375912.252,0.5,0.5,,,,,
601857.SH,20241120,8.1,8.15,8.06,8.13,8.13,0.0,0.0,1175676.57,953324.0,0.5,0.5,,,,,
601857.SH,20241121,8.11,8.16,8.08,8.11,8.13,-0.02,-0.246,1034575.9,840590.756,0.5,0.5,,,,,
601857.SH,20241122,8.13,8.19,8.01,8.01,8.11,-0.1,-1.233,1664004.15,1345765.046,0.5,0.5,,,,,
601857.SH,20241125,8.05,8.15,8.0,8.03,8.01,0.02,0.2497,1515802.29,1222692.183,0.5,0.5,,,,,
601857.SH,20241126,7.97,8.03,7.84,8.02,8.03,-0.01,-0.1245,1313712.51,1044289.9,0.5,0.5,,,,,
601857.SH,20241127,7.98,8.04,7.94,8.03,8.02,0.01,0.1247,960155.37,767807.338,0.5,0.5,,,,,
601857.SH,20241128,8.02,8.06,7.99,8.03,8.03,0.0,0.0,756555.0,607167.983,0.5,0.5,,,,,
601857.SH,20241129,8.04,8.11,8.03,8.04,8.03,0.01,0.1245,1291504.25,1042135.82,0.5,0.5,,,,,
601857.SH,20241202,8.06,8.07,7.99,8.02,8.04,-0.02,-0.2488,1300252.01,1042573.213,0.5,0.5,,,,,
601857.SH,20241203,8.01,8.1,7.98,8.1,8.02,0.08,0.9975,1599734.33,1286566.304,0.5,0.5,,,,,
601857.SH,20241204,8.1,8.45,8.1,8.44,8.1,0.34,4.1975,4325549.98,3600733.255,0.5,0.5,,,,,
601857.SH,20241205,8.32,8.38,8.26,8.29,8.44,-0.15,-1.7773,1827162.02,1517775.073,0.5,0.5,,,,,
601857.SH,20241206,8.28,8.39,8.27,8.32,8.29,0.03,0.3619,1598333.36,1330524.079,0.5,0.5,,,,,
601857.SH,20241209,8.29,8.48,8.24,8.43,8.32,0.11,1.3221,2126592.43,1789796.053,0.5,0.5,,,,,
601857.SH,20241210,8.53,8.58,8.35,8.36,8.43,-0.07,-0.8304,1914230.22,1612096.547,0.5,0.5,,,,,
601857.SH,20241211,8.34,8.47,8.33,8.45,8.36,0.09,1.0766,1503909.14,1264886.129,0.5,0.5,,,,,
601857.SH,20241212,8.46,8.54,8.42,8.45,8.45,0.0,0.0,1392177.88,1178253.733,0.5,0.5,,,,,
601857.SH,20241213,8.41,8.43,8.27,8.28,8.45,-0.17,-2.0118,1627296.05,1355494.586,0.5,0.5,,,,,
601857.SH,20241216,8.26,8.49,8.25,8.45,8.28,0.17,2.0531,2072054.56,1745663.828,0.5,0.5,,,,,
601857.SH,20241217,8.43,8.59,8.43,8.48,8.45,0.03,0.355,1625591.32,1382591.696,0.5,0.5,,,,,
601857.SH,20241218,8.52,8.59,8.48,8.51,8.48,0.03,0.3538,1324766.89,1130071.894,0.5,0.5,,,,,
601857.SH,20241219,8.46,8.55,8.4,8.42,8.51,-0.09,-1.0576,1261273.93,1067693.429,0.5,0.5,,,,,
601857.SH,20241220,8.41,8.44,8.33,8.34,8.42,-0.08,-0.9501,1060721.26,887490.575,0.5,0.5,,,,,
601857.SH,20241223,8.38,8.62,8.37,8.58,8.34,0.24,2.8777,2236032.68,1909500.531,0.5,0.5,,,,,
601857.SH,20241224,8.54,8.82,8.5,8.78,8.58,0.2,2.331,2386242.72,2083028.591,0.5,0.5,,,,,
601857.SH,20241225,8.76,9.05,8.75,9.02,8.78,0.24,2.7335,2503520.51,2241802.966,0.5,0.5,,,,,
601857.SH,20241226,9.02,9.02,8.85,8.97,9.02,-0.05,-0.5543,1845506.97,1647425.131,0.5,0.5,,,,,
601857.SH,20241227,8.98,9.07,8.81,8.92,8.97,-0.05,-0.5574,1451990.07,1291502.032,0.5,0.5,,,,,
601857.SH,20241230,8.92,9.08,8.91,9.0,8.92,0.08,0.8969,1459250.07,1311769.433,0.5,0.5,,,,,
601857.SH,20241231,9.02,9.05,8.92,8.94,9.0,-0.06,-0.6667,1554073.59,1396986.883,0.5,0.5,,,,,
601857.SH,20250102,8.91,9.01,8.73,8.77,8.94,-0.17,-1.9016,1849814.42,1636853.877,0.5,0.5,,,,,
601857.SH,20250103,8.81,8.95,8.8,8.85,8.77,0.08,0.9122,1789653.1,1589925.43,0.5,0.5,,,,,
601857.SH,20250106,8.87,8.95,8.68,8.91,8.85,0.06,0.678,1704628.04,1509884.54,0.5,0.5,,,,,
601857.SH,20250107,8.86,8.93,8.75,8.84,8.91,-0.07,-0.7856,1222673.27,1077809.048,0.5,0.5,,,,,
601857.SH,20250108,8.86,9.17,8.84,9.05,8.84,0.21,2.3756,2275089.32,2057337.764,0.5,0.5,,,,,
601857.SH,20250109,8.99,9.03,8.7,8.82,9.05,-0.23,-2.5414,1536295.38,1361696.664,0.5,0.5,,,,,
601857.SH,20250110,8.86,8.91,8.69,8.75,8.82,-0.07,-0.7937,1434638.02,1258431.039,0.5,0.5,,,,,
601857.SH,20250113,8.9,8.95,8.72,8.87,8.75,0.12,1.3714,1781679.45,1578493.988,0.5,0.5,,,,,
601857.SH,20250114,8.81,8.91,8.75,8.9,8.87,0.03,0.3382,1588846.8,1407341.963,0.5,0.5,,,,,
601857.SH,20250115,8.86,9.02,8.79,8.86,8.9,-0.04,-0.4494,1414869.0,1258878.298,0.5,0.5,,,,,
601857.SH,20250116,8.93,9.04,8.88,9.0,8.86,0.14,1.5801,1534548.11,1378337.203,0.5,0.5,,,,,
601857.SH,20250117,8.95,8.98,8.82,8.83,9.0,-0.17,-1.8889,1502696.86,1334267.977,0.5,0.5,,,,,
601857.SH,20250120,8.82,8.82,8.55,8.57,8.83,-0.26,-2.9445,2354035.62,2033703.848,0.5,0.5,,,,,
601857.SH,20250121,8.53,8.56,8.41,8.45,8.57,-0.12,-1.4002,1522666.47,1288524.298,0.5,0.5,,,,,
601857.SH,20250122,8.41,8.44,8.2,8.23,8.45,-0.22,-2.6036,1922712.49,1592888.788,0.5,0.5,,,,,
601857.SH,20250123,8.26,8.37,8.24,8.26,8.23,0.03,0.3645,1523745.77,1262909.903,0.5,0.5,,,,,
601857.SH,20250124,8.23,8.29,8.17,8.22,8.26,-0.04,-0.4843,1491771.43,1228142.328,0.5,0.5,,,,,
601857.SH,20250127,8.22,8.35,8.19,8.33,8.22,0.11,1.3382,1553731.68,1288482.458,0.5,0.5,,,,,
601857.SH,20250205,8.33,8.34,8.11,8.15,8.33,-0.18,-2.1609,1525252.62,1244000.94,0.5,0.5,,,,,
601857.SH,20250206,8.15,8.22,8.13,8.2,8.15,0.05,0.6135,1075761.08,879061.201,0.5,0.5,,,,,
601857.SH,20250207,8.18,8.27,8.14,8.26,8.2,0.06,0.7317,1382160.08,1135260.197,0.5,0.5,,,,,
601857.SH,20250210,8.25,8.28,8.2,8.23,8.26,-0.03,-0.3632,1106241.45,911054.683,0.5,0.5,,,,,
601857.SH,20250211,8.25,8.35,8.23,8.29,8.23,0.06,0.729,1479381.77,1225927.515,0.5,0.5,,,,,
601857.SH,20250212,8.3,8.3,8.23,8.28,8.29,-0.01,-0.1206,1095269.61,904916.887,0.5,0.5,,,,,
601857.SH,20250213,8.21,8.27,8.19,8.23,8.28,-0.05,-0.6039,1339343.69,1102558.946,0.5,0.5,,,,,
601857.SH,20250214,8.23,8.24,8.08,8.11,8.23,-0.12,-1.4581,2476827.14,2010647.106,0.5,0.5,,,,,
601857.SH,20250217,8.08,8.09,8.02,8.06,8.11,-0.05,-0.6165,1784355.93,1435086.28,0.5,0.5,,,,,
601857.SH,20250218,8.05,8.14,8.0,8.07,8.06,0.01,0.1241,2101961.49,1697319.133,0.5,0.5,,,,,
601857.SH,20250219,8.07,8.07,7.96,7.98,8.07,-0.09,-1.1152,2269005.64,1814932.772,0.5,0.5,,,,,
601857.SH,20250220,7.98,8.04,7.95,8.01,7.98,0.03,0.3759,1332230.14,1065418.434,0.5,0.5,,,,,
601857.SH,20250221,8.03,8.03,7.94,7.99,8.01,-0.02,-0.2497,1375608.96,1097409.77,0.5,0.5,,,,,
601857.SH,20250224,7.94,7.96,7.88,7.9,7.99,-0.09,-1.1264,1794475.66,1419342.285,0.5,0.5,,,,,
601857.SH,20250225,7.9,7.95,7.8,7.81,7.9,-0.09,-1.1392,1792672.07,1410284.452,0.5,0.5,,,,,
601857.SH,20250226,7.77,7.85,7.75,7.79,7.81,-0.02,-0.2561,1600730.74,1245567.492,0.5,0.5,,,,,
601857.SH,20250227,7.78,7.88,7.73,7.88,7.79,0.09,1.1553,2098979.58,1641711.814,0.5,0.5,,,,,
601857.SH,20250228,7.85,7.97,7.84,7.86,7.88,-0.02,-0.2538,2016126.95,1596440.424,0.5,0.5,,,,,
601857.SH,20250303,7.9,7.94,7.8,7.83,7.86,-0.03,-0.3817,1550702.51,1217326.47,0.5,0.5,,,,,
601857.SH,20250304,7.78,7.78,7.61,7.62,7.83,-0.21,-2.682,2474927.04,1893446.278,0.5,0.5,,,,,
601857.SH,20250305,7.6,7.68,7.58,7.65,7.62,0.03,0.3937,1404066.7,1071286.269,0.5,0.5,,,,,
601857.SH,20250306,7.59,7.66,7.56,7.65,7.65,0.0,0.0,1856581.63,1412400.099,0.5,0.5,,,,,
601857.SH,20250307,7.63,7.74,7.62,7.69,7.65,0.04,0.5229,1766140.24,1356045.916,0.5,0.5,,,,,
601857.SH,20250310,7.68,7.73,7.63,7.66,7.69,-0.03,-0.3901,1205262.69,924338.346,0.5,0.5,,,,,
601857.SH,20250311,7.61,7.7,7.6,7.7,7.66,0.04,0.5222,1041782.19,797682.491,0.5,0.5,,,,,
601857.SH,20250312,7.7,7.73,7.65,7.67,7.7,-0.03,-0.3896,946387.19,726258.456,0.5,0.5,,,,,
601857.SH,20250313,7.72,7.83,7.7,7.82,7.67,0.15,1.9557,2243719.62,1744753.007,0.5,0.5,,,,,
601857.SH,20250314,7.79,7.85,7.79,7.84,7.82,0.02,0.2558,1748714.84,1368910.024,0.5,0.5,,,,,
601857.SH,20250317,7.88,7.94,7.87,7.92,7.84,0.08,1.0204,1483619.49,1174748.017,0.5,0.5,,,,,
601857.SH,20250318,7.93,7.94,7.86,7.9,7.92,-0.02,-0.2525,955414.5,754855.979,0.5,0.5,,,,,
601857.SH,20250319,7.86,7.92,7.86,7.88,7.9,-0.02,-0.2532,783274.3,618022.362,0.5,0.5,,,,,
601857.SH,20250320,7.88,7.97,7.88,7.95,7.88,0.07,0.8883,1304212.68,1036316.553,0.5,0.5,,,,,
601857.SH,20250321,7.98,8.09,7.94,7.96,7.95,0.01,0.1258,2092424.75,1679500.175,0.5,0.5,,,,,
601857.SH,20250324,7.96,8.0,7.9,7.99,7.96,0.03,0.3769,1263745.62,1005792.729,0.5,0.5,,,,,
601857.SH,20250325,7.99,8.08,7.97,8.08,7.99,0.09,1.1264,1167963.22,939927.147,0.5,0.5,,,,,
601857.SH,20250326,8.08,8.15,8.06,8.11,8.08,0.03,0.3713,1046474.29,847715.415,0.5,0.5,,,,,
601857.SH,20250327,8.11,8.19,8.1,8.18,8.11,0.07,0.8631,1258087.49,1026676.485,0.5,0.5,,,,,
601857.SH,20250328,8.16,8.17,8.07,8.08,8.18,-0.1,-1.2225,1294322.2,1049584.431,0.5,0.5,,,,,
601857.SH,20250331,8.1,8.24,8.07,8.22,8.08,0.14,1.7327,2032177.73,1665459.41,0.5,0.5,,,,,
601857.SH,20250401,8.25,8.3,8.2,8.25,8.22,0.03,0.365,1367109.92,1126953.122,0.5,0.5,,,,,
601857.SH,20250402,8.25,8.27,8.15,8.17,8.25,-0.08,-0.9697,1030759.12,843487.312,0.5,0.5,,,,,
601857.SH,20250403,8.04,8.17,8.02,8.14,8.17,-0.03,-0.3672,1195079.42,968689.499,0.5,0.5,,,,,
601857.SH,20250407,7.54,7.66,7.33,7.34,8.14,-0.8,-9.828,3955674.56,2938412.876,0.5,0.5,,,,,
601857.SH,20250408,7.41,7.75,7.33,7.7,7.34,0.36,4.9046,3366438.08,2532699.725,0.5,0.5,,,,,
601857.SH,20250409,7.6,7.6,7.4,7.54,7.7,-0.16,-2.0779,3461384.48,2589234.38,0.5,0.5,,,,,
601857.SH,20250410,7.64,7.67,7.52,7.58,7.54,0.04,0.5305,2508697.67,1900985.48,0.5,0.5,,,,,
601857.SH,20250411,7.56,7.58,7.49,7.56,7.58,-0.02,-0.2639,1474061.06,1111267.395,0.5,0.5,,,,,
601857.SH,20250414,7.56,7.7,7.55,7.69,7.56,0.13,1.7196,1697705.57,1296243.743,0.5,0.5,,,,,
601857.SH,20250415,7.68,7.76,7.66,7.75,7.69,0.06,0.7802,1336538.03,1030930.858,0.5,0.5,,,,,
601857.SH,20250416,7.73,8.0,7.7,7.98,7.75,0.23,2.9677,2156863.88,1690796.516,0.5,0.5,,,,,
601857.SH,20250417,7.97,8.0,7.91,7.99,7.98,0.01,0.1253,1022839.76,814511.027,0.5,0.5,,,,,
601857.SH,20250418,8.0,8.08,7.95,7.99,7.99,0.0,0.0,1071083.27,857490.198,0.5,0.5,,,,,
601857.SH,20250421,7.96,8.01,7.92,7.94,7.99,-0.05,-0.6258,804014.23,639785.891,0.5,0.5,,,,,
601857.SH,20250422,7.92,8.05,7.91,8.01,7.94,0.07,0.8816,1079580.84,864868.192,0.5,0.5,,,,,
601857.SH,20250423,8.06,8.07,7.98,8.0,8.01,-0.01,-0.1248,745146.41,597164.691,0.5,0.5,,,,,
601857.SH,20250424,7.98,8.03,7.97,8.0,8.0,0.0,0.0,641254.64,513493.485,0.5,0.5,,,,,
601857.SH,20250425,8.02,8.04,7.95,7.96,8.0,-0.04,-0.5,764798.28,610264.607,0.5,0.5,,,,,
601857.SH,20250428,7.97,8.04,7.92,8.02,7.96,0.06,0.7538,892856.58,714439.798,0.5,0.5,,,,,
601857.SH,20250429,7.96,8.01,7.92,7.94,8.02,-0.08,-0.9975,806642.29,641738.823,0.5,0.5,,,,,
601857.SH,20250430,7.95,8.03,7.94,7.99,7.94,0.05,0.6297,893545.21,714431.984,0.5,0.5,,,,,
601857.SH,20250506,7.97,7.98,7.89,7.96,7.99,-0.03,-0.3755,1224980.58,972670.118,0.5,0.5,,,,,
601857.SH,20250507,8.1,8.11,7.99,8.1,7.96,0.14,1.7588,1418987.67,1143322.917,0.5,0.5,,,,,
601857.SH,20250508,8.05,8.14,8.04,8.05,8.1,-0.05,-0.6173,745340.2,602788.804,0.5,0.5,,,,,
601857.SH,20250509,8.1,8.15,8.09,8.1,8.05,0.05,0.6211,738469.09,599432.206,0.5,0.5,,,,,
601857.SH,20250512,8.15,8.17,8.09,8.14,8.1,0.04,0.4938,704514.07,573215.256,0.5,0.5,,,,,
601857.SH,20250513,8.16,8.24,8.13,8.2,8.14,0.06,0.7371,944138.7,773688.233,0.5,0.5,,,,,
601857.SH,20250514,8.22,8.35,8.19,8.33,8.2,0.13,1.5854,1278807.96,1059911.365,0.5,0.5,,,,,
601857.SH,20250515,8.29,8.35,8.25,8.28,8.33,-0.05,-0.6002,846617.9,702462.453,0.5,0.5,,,,,
601857.SH,20250516,8.25,8.29,8.13,8.15,8.28,-0.13,-1.57,1055128.57,862145.941,0.5,0.5,,,,,
601857.SH,20250519,8.15,8.23,8.15,8.18,8.15,0.03,0.3681,743488.0,609442.364,0.5,0.5,,,,,
601857.SH,20250520,8.22,8.23,8.17,8.2,8.18,0.02,0.2445,535846.65,439205.503,0.5,0.5,,,,,
601857.SH,20250521,8.23,8.3,8.23,8.27,8.2,0.07,0.8537,806758.07,667197.63,0.5,0.5,,,,,
601857.SH,20250522,8.25,8.32,8.24,8.3,8.27,0.03,0.3628,736093.97,610192.484,0.5,0.5,,,,,
601857.SH,20250523,8.3,8.32,8.18,8.18,8.3,-0.12,-1.4458,836929.74,689422.365,0.5,0.5,,,,,
601857.SH,20250526,8.19,8.24,8.15,8.19,8.18,0.01,0.1222,700118.99,573590.681,0.5,0.5,,,,,
601857.SH,20250527,8.18,8.23,8.16,8.17,8.19,-0.02,-0.2442,547481.08,448083.48,0.5,0.5,,,,,
601857.SH,20250528,8.17,8.36,8.15,8.34,8.17,0.17,2.0808,1460101.67,1211705.597,0.5,0.5,,,,,
601857.SH,20250529,8.35,8.41,8.3,8.31,8.34,-0.03,-0.3597,803117.64,670513.033,0.5,0.5,,,,,
601857.SH,20250530,8.3,8.37,8.26,8.29,8.31,-0.02,-0.2407,974241.1,810960.568,0.5,0.5,,,,,
601857.SH,20250603,8.33,8.38,8.28,8.3,8.29,0.01,0.1206,770795.12,640322.213,0.5,0.5,,,,,
601857.SH,20250604,8.32,8.39,8.28,8.39,8.3,0.09,1.0843,770617.54,644458.234,0.5,0.5,,,,,
601857.SH,20250605,8.38,8.44,8.38,8.39,8.39,0.0,0.0,745060.6,625602.487,0.5,0.5,,,,,
601857.SH,20250606,8.4,8.56,8.39,8.51,8.39,0.12,1.4303,1058664.53,899095.869,0.5,0.5,,,,,
601857.SH,20250609,8.56,8.65,8.51,8.63,8.51,0.12,1.4101,1157942.47,994661.587,0.5,0.5,,,,,
601857.SH,20250610,8.66,8.75,8.63,8.72,8.63,0.09,1.0429,1467197.81,1277002.931,0.5,0.5,,,,,
601857.SH,20250611,8.73,8.88,8.71,8.85,8.72,0.13,1.4908,1253627.79,1104332.753,0.5,0.5,,,,,
601857.SH,20250612,8.9,8.93,8.81,8.88,8.85,0.03,0.339,1325072.96,1176127.596,0.5,0.5,,,,,
601857.SH,20250613,9.02,9.14,8.89,8.99,8.88,0.11,1.2387,1916199.2,1720534.448,0.5,0.5,,,,,
601857.SH,20250616,9.03,9.08,8.89,9.02,8.99,0.03,0.3337,1914127.22,1721733.308,0.5,0.5,,,,,
601857.SH,20250617,8.97,9.18,8.96,9.18,9.02,0.16,1.7738,1879554.55,1710699.426,0.5,0.5,,,,,
601857.SH,20250618,9.2,9.26,9.14,9.18,9.18,0.0,0.0,1352390.18,1244301.02,0.5,0.5,,,,,
601857.SH,20250619,9.18,9.26,9.04,9.25,9.18,0.07,0.7625,2294334.29,2102088.607,0.5,0.5,,,,,
601857.SH,20250620,9.2,9.24,9.1,9.16,9.25,-0.09,-0.973,1378424.81,1262271.2,0.5,0.5,,,,,
601857.SH,20250623,9.24,9.28,9.01,9.09,9.16,-0.07,-0.7642,2268612.59,2063231.514,0.5,0.5,,,,,
601857.SH,20250624,8.85,9.0,8.66,8.96,9.09,-0.13,-1.4301,2170967.35,1929393.489,0.5,0.5,,,,,
601857.SH,20250625,8.72,8.75,8.61,8.69,8.71,-0.02,-0.2296,1467849.2,1273066.399,0.5,0.5,,,,,
601857.SH,20250626,8.69,8.78,8.67,8.74,8.69,0.05,0.5754,1152638.94,1007151.515,0.5,0.5,,,,,
601857.SH,20250627,8.74,8.74,8.59,8.62,8.74,-0.12,-1.373,1208817.33,1046804.77,0.5,0.5,,,,,
601857.SH,20250630,8.61,8.64,8.48,8.55,8.62,-0.07,-0.8121,1124288.63,960899.659,0.5,0.5,,,,,
601857.SH,20250701,8.56,8.7,8.5,8.64,8.55,0.09,1.0526,1010750.28,870205.911,0.5,0.5,,,,,
601857.SH,20250702,8.64,8.66,8.59,8.6,8.64,-0.04,-0.463,784194.5,675906.518,0.5,0.5,,,,,
601857.SH,20250703,8.63,8.64,8.54,8.55,8.6,-0.05,-0.5814,800816.4,686039.114,0.5,0.5,,,,,
601857.SH,20250704,8.55,8.61,8.53,8.6,8.55,0.05,0.5848,890424.01,763643.449,0.5,0.5,,,,,
601857.SH,20250707,8.6,8.6,8.45,8.53,8.6,-0.07,-0.814,876281.32,745382.746,0.5,0.5,,,,,
601857.SH,20250708,8.55,8.62,8.51,8.57,8.53,0.04,0.4689,906763.1,777068.037,0.5,0.5,,,,,
601857.SH,20250709,8.59,8.73,8.58,8.58,8.57,0.01,0.1167,1245673.24,1079795.604,0.5,0.5,,,,,
601857.SH,20250710,8.6,8.73,8.6,8.66,8.58,0.08,0.9324,1219338.99,1057905.307,0.5,0.5,,,,,
601857.SH,20250711,8.66,8.82,8.65,8.65,8.66,-0.01,-0.1155,2433816.26,2127927.146,0.5,0.5,,,,,
601857.SH,20250714,8.69,8.92,8.69,8.88,8.65,0.23,2.659,2046116.06,1809087.801,0.5,0.5,,,,,
601857.SH,20250715,8.86,8.96,8.82,8.93,8.88,0.05,0.5631,1633159.04,1452534.859,0.5,0.5,,,,,
601857.SH,20250716,8.93,9.06,8.91,8.98,8.93,0.05,0.5599,1298163.76,1166430.128,0.5,0.5,,,,,
601857.SH,20250717,8.98,9.03,8.87,8.91,8.98,-0.07,-0.7795,1280390.88,1140910.842,0.5,0.5,,,,,
601857.SH,20250718,8.93,8.97,8.87,8.91,8.91,0.0,0.0,727547.38,648388.687,0.5,0.5,,,,,
601857.SH,20250721,8.9,8.97,8.87,8.93,8.91,0.02,0.2245,848143.73,757345.341,0.5,0.5,,,,,
601857.SH,20250722,8.91,9.06,8.86,9.01,8.93,0.08,0.8959,1459047.81,1309021.412,0.5,0.5,,,,,
601857.SH,20250723,8.99,9.06,8.92,8.94,9.01,-0.07,-0.7769,1389099.5,1250633.323,0.5,0.5,,,,,
601857.SH,20250724,8.94,8.94,8.77,8.79,8.94,-0.15,-1.6779,1845178.05,1626594.769,0.5,0.5,,,,,
601857.SH,20250725,8.8,8.88,8.65,8.67,8.79,-0.12,-1.3652,1826028.84,1598068.585,0.5,0.5,,,,,
601857.SH,20250728,8.67,8.67,8.53,8.56,8.67,-0.11,-1.2687,1513013.32,1296504.569,0.5,0.5,,,,,
601857.SH,20250729,8.59,8.74,8.59,8.72,8.56,0.16,1.8692,1639581.94,1420545.793,0.5,0.5,,,,,
601857.SH,20250730,8.76,8.89,8.74,8.88,8.72,0.16,1.8349,1482602.47,1309216.131,0.5,0.5,,,,,
601857.SH,20250731,8.88,8.9,8.73,8.87,8.88,-0.01,-0.1126,1751250.75,1547642.858,0.5,0.5,,,,,
601857.SH,20250801,8.8,8.84,8.5,8.51,8.87,-0.36,-4.0586,2267663.6,1953129.427,0.5,0.5,,,,,
601857.SH,20250804,8.44,8.51,8.4,8.47,8.51,-0.04,-0.47,1148588.03,971456.733,0.5,0.5,,,,,
601857.SH,20250805,8.47,8.64,8.45,8.59,8.47,0.12,1.4168,1361735.8,1166912.016,0.5,0.5,,,,,
601857.SH,20250806,8.59,8.67,8.57,8.64,8.59,0.05,0.5821,941100.9,812093.306,0.5,0.5,,,,,
601857.SH,20250807,8.62,8.68,8.59,8.68,8.64,0.04,0.463,766133.57,662023.169,0.5,0.5,,,,,
601857.SH,20250808,8.65,8.82,8.63,8.77,8.68,0.09,1.0369,983135.24,861667.131,0.5,0.5,,,,,
601857.SH,20250811,8.75,8.79,8.58,8.59,8.77,-0.18,-2.0525,1438293.94,1241471.484,0.5,0.5,,,,,
601857.SH,20250812,8.6,8.86,8.6,8.77,8.59,0.18,2.0955,1797309.1,1574976.229,0.5,0.5,,,,,
601857.SH,20250813,8.75,8.81,8.7,8.71,8.77,-0.06,-0.6842,1123967.86,981180.697,0.5,0.5,,,,,
601857.SH,20250814,8.71,8.77,8.65,8.65,8.71,-0.06,-0.6889,868382.86,756150.062,0.5,0.5,,,,,
601857.SH,20250815,8.67,8.69,8.57,8.63,8.65,-0.02,-0.2312,1224482.92,1056337.506,0.5,0.5,,,,,
601857.SH,20250818,8.62,8.63,8.56,8.58,8.63,-0.05,-0.5794,1553717.92,1333603.748,0.5,0.5,,,,,
601857.SH,20250819,8.58,8.61,8.51,8.52,8.58,-0.06,-0.6993,1196715.52,1022471.464,0.5,0.5,,,,,
601857.SH,20250820,8.52,8.65,8.5,8.62,8.52,0.1,1.1737,1343896.85,1154806.481,0.5,0.5,,,,,
601857.SH,20250821,8.6,8.78,8.59,8.75,8.62,0.13,1.5081,1435735.31,1251312.296,0.5,0.5,,,,,
601857.SH,20250822,8.74,8.77,8.62,8.69,8.75,-0.06,-0.6857,1279087.92,1108616.827,0.5,0.5,,,,,
601857.SH,20250825,8.72,8.78,8.68,8.77,8.69,0.08,0.9206,1341610.8,1172878.404,0.5,0.5,,,,,
601857.SH,20250826,8.78,8.87,8.74,8.77,8.77,0.0,0.0,1139935.19,1003679.309,0.5,0.5,,,,,
601857.SH,20250827,8.79,8.82,8.6,8.63,8.77,-0.14,-1.5964,1937555.12,1684315.811,0.5,0.5,,,,,
601857.SH,20250828,8.65,8.68,8.55,8.64,8.63,0.01,0.1159,1277403.74,1101889.122,0.5,0.5,,,,,
601857.SH,20250829,8.67,8.84,8.66,8.72,8.64,0.08,0.9259,1895082.9,1658203.358,0.5,0.5,,,,,
601857.SH,20250901,8.72,8.78,8.6,8.71,8.72,-0.01,-0.1147,1314851.97,1141958.536,0.5,0.5,,,,,
601857.SH,20250902,8.76,9.11,8.74,9.08,8.71,0.37,4.248,3830300.64,3419809.188,0.5,0.5,,,,,
601857.SH,20250903,9.08,9.25,9.01,9.1,9.08,0.02,0.2203,2405764.68,2192924.034,0.5,0.5,,,,,
601857.SH,20250904,9.01,9.13,8.68,8.99,9.1,-0.11,-1.2088,3789478.96,3370962.216,0.5,0.5,,,,,
601857.SH,20250905,8.9,8.98,8.85,8.9,8.99,-0.09,-1.0011,1553733.4,1382683.767,0.5,0.5,,,,,
601857.SH,20250908,8.82,9.01,8.8,8.89,8.9,-0.01,-0.1124,1821255.6,1627990.287,0.5,0.5,,,,,
601857.SH,20250909,8.89,8.97,8.76,8.79,8.89,-0.1,-1.1249,1287228.24,1137881.788,0.5,0.5,,,,,
601857.SH,20250910,8.83,8.87,8.75,8.76,8.79,-0.03,-0.3413,1244331.6,1093121.308,0.5,0.5,,,,,
601857.SH,20250911,8.77,8.79,8.66,8.73,8.76,-0.03,-0.3425,1983960.19,1725694.281,0.5,0.5,,,,,
601857.SH,20250912,8.71,8.73,8.67,8.69,8.73,-0.04,-0.4582,1429110.96,1242590.925,0.5,0.5,,,,,
601857.SH,20250915,8.7,8.8,8.67,8.77,8.69,0.08,0.9206,1545688.66,1352480.587,0.5,0.5,,,,,
601857.SH,20250916,8.76,8.77,8.63,8.64,8.77,-0.13,-1.4823,1792776.55,1554054.776,0.5,0.5,,,,,
601857.SH,20250917,8.48,8.56,8.41,8.46,8.42,0.04,0.4751,1799903.15,1525112.745,0.5,0.5,,,,,
601857.SH,20250918,8.44,8.44,8.18,8.21,8.46,-0.25,-2.9551,2451960.82,2033727.669,0.5,0.5,,,,,
601857.SH,20250919,8.19,8.24,8.13,8.15,8.21,-0.06,-0.7308,1231908.19,1007099.258,0.5,0.5,,,,,
601857.SH,20250922,8.15,8.18,8.07,8.1,8.15,-0.05,-0.6135,1215953.84,987236.915,0.5,0.5,,,,,
601857.SH,20250923,8.1,8.19,8.05,8.14,8.1,0.04,0.4938,1408234.64,1144091.113,0.5,0.5,,,,,
601857.SH,20250924,8.18,8.22,8.09,8.13,8.14,-0.01,-0.1229,1398258.95,1138515.036,0.5,0.5,,,,,
601857.SH,20250925,8.15,8.17,8.1,8.14,8.13,0.01,0.123,1011104.81,822639.247,0.5,0.5,,,,,
601857.SH,20250926,8.16,8.21,8.12,8.16,8.14,0.02,0.2457,1090929.21,891554.546,0.5,0.5,,,,,
601857.SH,20250929,8.18,8.22,8.08,8.17,8.16,0.01,0.1225,1572104.59,1279359.98,0.5,0.5,,,,,
601857.SH,20250930,8.13,8.16,8.05,8.06,8.17,-0.11,-1.3464,1674630.98,1352876.51,0.5,0.5,,,,,
601857.SH,20251009,8.07,8.29,8.04,8.28,8.06,0.22,2.7295,2121466.62,1735590.724,0.5,0.5,,,,,
601857.SH,20251010,8.23,8.36,8.2,8.28,8.28,0.0,0.0,1314078.71,1089307.832,0.5,0.5,,,,,
601857.SH,20251013,8.14,8.29,8.09,8.23,8.28,-0.05,-0.6039,2025833.62,1659467.172,0.5,0.5,,,,,
601857.SH,20251014,8.24,8.35,8.16,8.33,8.23,0.1,1.2151,1826959.81,1514153.297,0.5,0.5,,,,,
601857.SH,20251015,8.33,8.36,8.23,8.29,8.33,-0.04,-0.4802,1466844.42,1214253.876,0.5,0.5,,,,,
601857.SH,20251016,8.28,8.44,8.26,8.43,8.29,0.14,1.6888,1769523.46,1481988.121,0.5,0.5,,,,,
601857.SH,20251017,8.41,8.5,8.36,8.41,8.43,-0.02,-0.2372,1498353.43,1264055.684,0.5,0.5,,,,,
601857.SH,20251020,8.4,8.63,8.4,8.62,8.41,0.21,2.497,2088175.08,1780170.855,0.5,0.5,,,,,
601857.SH,20251021,8.62,8.78,8.58,8.76,8.62,0.14,1.6241,2248425.78,1958785.244,0.5,0.5,,,,,
601857.SH,20251022,8.75,8.91,8.73,8.9,8.76,0.14,1.5982,1775769.48,1569567.885,0.5,0.5,,,,,
601857.SH,20251023,8.92,9.18,8.92,9.18,8.9,0.28,3.1461,2670712.63,2420808.197,0.5,0.5,,,,,
601857.SH,20251024,9.16,9.17,9.0,9.06,9.18,-0.12,-1.3072,1761636.02,1597311.905,0.5,0.5,,,,,
601857.SH,20251027,9.03,9.2,8.96,9.17,9.06,0.11,1.2141,1684602.9,1534654.713,0.5,0.5,,,,,
601857.SH,20251028,9.17,9.2,9.08,9.12,9.17,-0.05,-0.5453,1018451.1,930130.069,0.5,0.5,,,,,
601857.SH,20251029,9.08,9.14,9.04,9.09,9.12,-0.03,-0.3289,945222.08,859285.793,0.5,0.5,,,,,
601857.SH,20251030,9.12,9.24,9.08,9.1,9.09,0.01,0.11,1117189.85,1022293.436,0.5,0.5,,,,,
601857.SH,20251031,9.16,9.18,9.07,9.15,9.1,0.05,0.5495,1195034.62,1090267.283,0.5,0.5,,,,,
601857.SH,20251103,9.19,9.57,9.16,9.56,9.15,0.41,4.4809,2304429.97,2180347.922,0.5,0.5,,,,,
601857.SH,20251104,9.54,9.7,9.5,9.57,9.56,0.01,0.1046,1696331.64,1629997.344,0.5,0.5,,,,,
601857.SH,20251105,9.5,9.57,9.42,9.53,9.57,-0.04,-0.418,1022523.23,972456.523,0.5,0.5,,,,,
601857.SH,20251106,9.49,9.67,9.44,9.59,9.53,0.06,0.6296,1227833.82,1174997.451,0.5,0.5,,,,,
601857.SH,20251107,9.6,9.75,9.59,9.71,9.59,0.12,1.2513,1294427.61,1253137.738,0.5,0.5,,,,,
601857.SH,20251110,9.71,9.88,9.68,9.87,9.71,0.16,1.6478,1469871.23,1442931.484,0.5,0.5,,,,,
601857.SH,20251111,9.85,9.87,9.68,9.77,9.87,-0.1,-1.0132,1318529.94,1288606.863,0.5,0.5,,,,,
601857.SH,20251112,9.82,10.11,9.82,9.94,9.77,0.17,1.74,2058247.69,2055249.046,0.5,0.5,,,,,
601857.SH,20251113,9.78,9.94,9.77,9.92,9.94,-0.02,-0.2012,1629633.03,1604058.224,0.5,0.5,,,,,
601857.SH,20251114,9.92,10.02,9.81,9.82,9.92,-0.1,-1.0081,1032510.04,1024255.031,0.5,0.5,,,,,
601857.SH,20251117,9.82,9.97,9.66,9.87,9.82,0.05,0.5092,1333107.15,1311091.384,0.5,0.5,,,,,
601857.SH,20251118,9.88,9.95,9.8,9.87,9.87,0.0,0.0,1089063.69,1073966.832,0.5,0.5,,,,,
601857.SH,20251119,9.87,10.32,9.83,10.27,9.87,0.4,4.0527,2265611.12,2305748.936,0.5,0.5,,,,,
601857.SH,20251120,10.16,10.44,10.11,10.12,10.27,-0.15,-1.4606,1814891.59,1863398.397,0.5,0.5,,,,,
601857.SH,20251121,10.11,10.21,10.0,10.03,10.12,-0.09,-0.8893,2216949.91,2238852.106,0.5,0.5,,,,,
601857.SH,20251124,10.03,10.08,9.71,9.78,10.03,-0.25,-2.4925,2427952.29,2383053.861,0.5,0.5,,,,,
601857.SH,20251125,9.77,9.83,9.67,9.8,9.78,0.02,0.2045,1138486.11,1110691.189,0.5,0.5,,,,,
601857.SH,20251126,9.8,9.88,9.66,9.72,9.8,-0.08,-0.8163,1244595.23,1211513.502,0.5,0.5,,,,,
601857.SH,20251127,9.72,9.88,9.59,9.85,9.72,0.13,1.3374,1190049.78,1162008.521,0.5,0.5,,,,,
601857.SH,20251128,9.83,9.89,9.72,9.75,9.85,-0.1,-1.0152,746616.53,729632.867,0.5,0.5,,,,,
601857.SH,20251201,9.78,9.98,9.75,9.96,9.75,0.21,2.1538,1148142.83,1135272.828,0.5,0.5,,,,,
601857.SH,20251202,9.94,10.17,9.92,10.0,9.96,0.04,0.4016,1105500.61,1111677.353,0.5,0.5,,,,,
601857.SH,20251203,9.95,10.02,9.88,9.93,10.0,-0.07,-0.7,702358.22,698740.437,0.5,0.5,,,,,
601857.SH,20251204,9.96,10.13,9.95,10.01,9.93,0.08,0.8056,841998.49,844366.286,0.5,0.5,,,,,
601857.SH,20251205,9.98,10.05,9.85,9.9,10.01,-0.11,-1.0989,868217.89,862173.104,0.5,0.5,,,,,
601857.SH,20251208,9.92,9.94,9.75,9.85,9.9,-0.05,-0.5051,990387.84,975041.783,0.5,0.5,,,,,
601857.SH,20251209,9.85,9.87,9.7,9.72,9.85,-0.13,-1.3198,980174.37,957343.68,0.5,0.5,,,,,
601857.SH,20251210,9.69,9.72,9.57,9.6,9.72,-0.12,-1.2346,928151.74,893588.306,0.5,0.5,,,,,
601857.SH,20251211,9.63,9.75,9.51,9.66,9.6,0.06,0.625,1201029.24,1155700.776,0.5,0.5,,,,,
601857.SH,20251212,9.59,9.59,9.45,9.53,9.66,-0.13,-1.3458,1450302.85,1381863.105,0.5,0.5,,,,,
601857.SH,20251215,9.53,9.58,9.46,9.5,9.53,-0.03,-0.3148,879616.32,837851.956,0.5,0.5,,,,,
601857.SH,20251216,9.47,9.63,9.33,9.56,9.5,0.06,0.6316,1533622.15,1459016.481,0.5,0.5,,,,,
601857.SH,20251217,9.53,9.64,9.43,9.51,9.56,-0.05,-0.523,1026261.05,980483.167,0.5,0.5,,,,,
601857.SH,20251218,9.57,9.78,9.53,9.71,9.51,0.2,2.103,1048267.73,1014012.077,0.5,0.5,,,,,
601857.SH,20251219,9.66,9.75,9.55,9.65,9.71,-0.06,-0.6179,1060864.75,1024968.236,0.5,0.5,,,,,
601857.SH,20251222,9.72,9.75,9.64,9.72,9.65,0.07,0.7254,864092.13,838404.261,0.5,0.5,,,,,
601857.SH,20251223,9.75,9.98,9.75,9.89,9.72,0.17,1.749,1053800.86,1040755.265,0.5,0.5,,,,,
601857.SH,20251224,9.87,9.9,9.73,9.85,9.89,-0.04,-0.4044,840417.86,826028.678,0.5,0.5,,,,,
601857.SH,20251225,9.82,9.94,9.79,9.83,9.85,-0.02,-0.203,706752.85,696854.937,0.5,0.5,,,,,
601857.SH,20251226,9.77,9.9,9.77,9.85,9.83,0.02,0.2035,701094.45,690631.257,0.5,0.5,,,,,
601857.SH,20251229,9.84,10.1,9.81,10.06,9.85,0.21,2.132,1687833.08,1693188.871,0.5,0.5,,,,,
601857.SH,20251230,10.06,10.4,10.02,10.25,10.06,0.19,1.8887,1726055.48,1762680.427,0.5,0.5,,,,,
601857.SH,20251231,10.26,10.47,10.26,10.41,10.25,0.16,1.561,1705610.58,1771227.332,0.5,0.5,,,,,
601857.SH,20260105,10.41,10.41,9.9,10.07,10.41,-0.34,-3.2661,3084015.73,3100499.221,0.5,0.5,,,,,
601857.SH,20260106,10.05,10.3,9.97,10.27,10.07,0.2,1.9861,1883382.12,1913874.76,0.5,0.5,,,,,
601857.SH,20260107,10.15,10.17,9.83,9.9,10.27,-0.37,-3.6027,2318852.17,2306983.415,0.5,0.5,,,,,
601857.SH,20260108,9.89,9.9,9.8,9.8,9.9,-0.1,-1.0101,1214571.55,1194385.967,0.5,0.5,,,,,
601857.SH,20260109,9.98,10.04,9.73,9.87,9.8,0.07,0.7143,2075920.57,2041920.921,0.5,0.5,,,,,
601857.SH,20260112,9.85,9.92,9.78,9.86,9.87,-0.01,-0.1013,1441894.77,1418143.992,0.5,0.5,,,,,
601857.SH,20260113,9.88,10.17,9.88,10.08,9.86,0.22,2.2312,2059373.23,2072278.771,0.5,0.5,,,,,
601857.SH,20260114,10.14,10.22,9.82,9.85,10.08,-0.23,-2.2817,3489625.24,3492868.48,0.5,0.5,,,,,
601857.SH,20260115,9.84,10.13,9.8,9.97,9.85,0.12,1.2183,1934497.45,1936861.743,0.5,0.5,,,,,
601857.SH,20260116,9.9,9.99,9.71,9.8,9.97,-0.17,-1.7051,2006821.37,1973325.482,0.5,0.5,,,,,
601857.SH,20260119,9.72,9.93,9.72,9.82,9.8,0.02,0.2041,1076570.91,1059032.371,0.5,0.5,,,,,
601857.SH,20260120,9.82,9.97,9.82,9.92,9.82,0.1,1.0183,1255945.43,1246556.073,0.5,0.5,,,,,
601857.SH,20260121,9.96,10.06,9.91,10.0,9.92,0.08,0.8065,1553955.08,1551203.924,0.5,0.5,,,,,
601857.SH,20260122,10.08,10.48,10.08,10.15,10.0,0.15,1.5,3005581.52,3074506.073,0.5,0.5,,,,,
601857.SH,20260123,10.17,10.25,9.81,9.83,10.15,-0.32,-3.1527,2684016.77,2666771.278,0.5,0.5,,,,,
601857.SH,20260126,9.9,10.49,9.89,10.39,9.83,0.56,5.6968,4385853.69,4497765.496,0.5,0.5,,,,,
601857.SH,20260127,10.39,10.69,10.31,10.44,10.39,0.05,0.4812,2872682.18,3024205.306,0.5,0.5,,,,,
601857.SH,20260128,10.6,11.08,10.53,10.77,10.44,0.33,3.1609,4947940.28,5364611.647,0.5,0.5,,,,,
601857.SH,20260129,10.9,11.0,10.53,10.89,10.77,0.12,1.1142,4224739.57,4557261.094,0.5,0.5,,,,,
601857.SH,20260130,10.93,11.15,10.74,11.02,10.89,0.13,1.1938,4213905.27,4616525.109,0.5,0.5,,,,,
601857.SH,20260202,10.7,10.97,10.59,10.68,11.02,-0.34,-3.0853,3236793.03,3469664.025,0.5,0.5,,,,,
601857.SH,20260203,10.65,10.68,10.33,10.47,10.68,-0.21,-1.9663,2326549.85,2438294.23,0.5,0.5,,,,,
601857.SH,20260204,10.68,10.7,10.46,10.56,10.47,0.09,0.8596,1815632.7,1919758.909,0.5,0.5,,,,,
601857.SH,20260205,10.61,10.64,10.31,10.53,10.56,-0.03,-0.2841,1622496.36,1699124.918,0.5,0.5,,,,,
601857.SH,20260206,10.3,10.8,10.3,10.77,10.53,0.24,2.2792,1985019.91,2106006.366,0.5,0.5,,,,,
601857.SH,20260209,10.69,10.78,10.65,10.75,10.77,-0.02,-0.1857,1236788.26,1325832.037,0.5,0.5,,,,,
601857.SH,20260210,10.79,10.92,10.73,10.76,10.75,0.01,0.093,1106629.36,1195220.357,0.5,0.5,,,,,
601857.SH,20260211,10.77,10.88,10.64,10.85,10.76,0.09,0.8364,1149356.58,1240821.627,0.5,0.5,,,,,
601857.SH,20260212,10.89,11.12,10.82,11.04,10.85,0.19,1.7512,1626431.91,1786121.808,0.5,0.5,,,,,
601857.SH,20260213,10.8,10.8,10.45,10.54,11.04,-0.5,-4.529,2604602.21,2751660.344,0.5,0.5,,,,,
601857.SH,20260224,10.9,11.25,10.9,11.09,10.54,0.55,5.2182,3251987.73,3610426.233,0.5,0.5,,,,,
601857.SH,20260225,11.14,11.29,10.93,10.99,11.09,-0.1,-0.9017,2503620.86,2775460.705,0.5,0.5,,,,,
601857.SH,20260226,10.92,11.06,10.78,10.89,10.99,-0.1,-0.9099,1352841.8,1472181.112,0.5,0.5,,,,,
601857.SH,20260227,10.88,10.96,10.8,10.86,10.89,-0.03,-0.2755,1613761.23,1755349.382,0.5,0.5,,,,,
601857.SH,20260302,11.8,11.95,11.33,11.95,10.86,1.09,10.0368,8752374.63,10222251.615,0.5,0.5,,,,,
601857.SH,20260303,12.31,13.15,12.3,13.15,11.95,1.2,10.0418,9174675.79,11760287.946,0.5,0.5,,,,,
601857.SH,20260304,13.69,13.69,11.84,13.24,13.15,0.09,0.6844,10747173.49,14020847.688,0.5,0.5,,,,,
601857.SH,20260305,12.65,13.18,12.28,12.69,13.24,-0.55,-4.1541,7067136.24,8952629.983,0.5,0.5,,,,,
601857.SH,20260306,12.38,12.65,12.07,12.3,12.69,-0.39,-3.0733,5103918.25,6266539.004,0.5,0.5,,,,,
601857.SH,20260309,13.48,13.48,12.91,12.92,12.3,0.62,5.0407,8174452.88,10764000.683,0.5,0.5,,,,,
601857.SH,20260310,12.18,12.3,11.78,11.99,12.92,-0.93,-7.1981,5243629.17,6301324.49,0.5,0.5,,,,,
601857.SH,20260311,11.78,12.16,11.65,12.13,11.99,0.14,1.1676,4740545.64,5647611.585,0.5,0.5,,,,,
601857.SH,20260312,12.33,12.39,11.95,12.23,12.13,0.1,0.8244,4035318.4,4926788.541,0.5,0.5,,,,,
601857.SH,20260313,12.32,12.39,11.96,12.05,12.23,-0.18,-1.4718,3448138.61,4185118.567,0.5,0.5,,,,,
601857.SH,20260316,12.09,12.26,11.96,11.99,12.05,-0.06,-0.4979,2527808.5,3052266.703,0.5,0.5,,,,,
601857.SH,20260317,11.87,12.12,11.8,12.02,11.99,0.03,0.2502,2798837.78,3341004.021,0.5,0.5,,,,,
601857.SH,20260318,11.87,11.93,11.61,11.86,12.02,-0.16,-1.3311,2159856.94,2542768.757,0.5,0.5,,,,,
601857.SH,20260319,12.1,12.52,12.07,12.48,11.86,0.62,5.2277,5434173.55,6668172.221,0.5,0.5,,,,,
601857.SH,20260320,12.0,12.35,11.9,12.24,12.48,-0.24,-1.9231,3064078.16,3722916.039,0.5,0.5,,,,,
601857.SH,20260323,12.25,12.46,11.82,12.34,12.24,0.1,0.817,4189739.2,5119735.792,0.5,0.5,,,,,
601857.SH,20260324,12.0,12.1,11.83,11.99,12.34,-0.35,-2.8363,3225913.19,3854205.76,0.5,0.5,,,,,
601857.SH,20260325,11.62,11.73,11.39,11.7,11.99,-0.29,-2.4187,2802175.65,3246384.962,0.5,0.5,,,,,
601857.SH,20260326,11.7,12.03,11.68,11.94,11.7,0.24,2.0513,2738893.33,3252415.842,0.5,0.5,,,,,
601857.SH,20260327,11.94,12.1,11.83,12.07,11.94,0.13,1.0888,2183200.72,2614590.741,0.5,0.5,,,,,
601857.SH,20260330,12.35,12.54,12.23,12.44,12.07,0.37,3.0655,2888201.84,3577709.368,0.5,0.5,,,,,
601857.SH,20260331,12.44,12.62,12.17,12.19,12.44,-0.25,-2.0096,2342004.1,2896051.116,0.5,0.5,,,,,
601857.SH,20260401,12.01,12.44,12.01,12.07,12.19,-0.12,-0.9844,2527357.01,3091522.059,0.5,0.5,,,,,
601857.SH,20260402,12.2,12.39,12.15,12.35,12.07,0.28,2.3198,2587901.47,3176478.963,0.5,0.5,,,,,
601857.SH,20260403,12.35,12.42,12.14,12.33,12.35,-0.02,-0.1619,1634103.45,2007445.746,0.5,0.5,,,,,
601857.SH,20260407,12.3,12.68,12.15,12.56,12.33,0.23,1.8654,1782161.38,2220324.17,0.5,0.5,,,,,
601857.SH,20260408,11.75,12.07,11.61,11.98,12.56,-0.58,-4.6178,3574918.73,4253588.42,0.5,0.5,,,,,
601857.SH,20260409,12.02,12.22,12.01,12.1,11.98,0.12,1.0017,1871446.63,2262853.27,0.5,0.5,,,,,
601857.SH,20260410,12.02,12.07,11.94,11.99,12.1,-0.11,-0.9091,1574713.7,1889024.396,0.5,0.5,,,,,
601857.SH,20260413,12.15,12.19,11.91,12.09,11.99,0.1,0.834,1811090.13,2180761.636,0.5,0.5,,,,,
601857.SH,20260414,11.96,11.99,11.87,11.93,12.09,-0.16,-1.3234,1416085.7,1688770.923,0.5,0.5,,,,,
601857.SH,20260415,11.77,11.8,11.64,11.76,11.93,-0.17,-1.425,1643167.11,1925908.881,0.5,0.5,,,,,
601857.SH,20260416,11.68,11.77,11.56,11.65,11.76,-0.11,-0.9354,1536490.28,1785685.949,0.5,0.5,,,,,
601857.SH,20260417,11.66,11.7,11.48,11.53,11.65,-0.12,-1.03,1329297.02,1536265.81,0.5,0.5,,,,,
601857.SH,20260420,11.48,11.53,11.3,11.48,11.53,-0.05,-0.4337,1457194.8,1666014.618,0.5,0.5,,,,,
601857.SH,20260421,11.44,11.55,11.41,11.47,11.48,-0.01,-0.0871,1139477.85,1307006.088,0.5,0.5,,,,,
601857.SH,20260422,11.49,11.51,11.37,11.45,11.47,-0.02,-0.1744,1229404.74,1405780.84,0.5,0.5,,,,,
601857.SH,20260423,11.46,11.83,11.41,11.82,11.45,0.37,3.2314,2564992.25,2982082.187,0.5,0.5,,,,,
601857.SH,20260424,11.71,12.01,11.7,11.93,11.82,0.11,0.9306,1945605.35,2311432.608,0.5,0.5,,,,,
601857.SH,20260427,11.88,12.05,11.82,11.96,11.93,0.03,0.2515,1821517.16,2180422.832,0.5,0.5,,,,,
601857.SH,20260428,11.92,12.19,11.87,12.18,11.96,0.22,1.8395,1816652.83,2192518.107,0.5,0.5,,,,,
601857.SH,20260429,12.2,12.36,12.15,12.25,12.18,0.07,0.5747,1729879.3,2114391.603,0.5,0.5,,,,,
601857.SH,20260430,12.25,12.34,12.13,12.22,12.25,-0.03,-0.2449,1607274.22,1963636.427,0.5,0.5,,,,,
601857.SH,20260506,11.99,12.0,11.83,11.89,12.22,-0.33,-2.7005,1754400.55,2087379.425,0.5,0.5,,,,,
601857.SH,20260507,11.65,11.73,11.23,11.27,11.89,-0.62,-5.2145,2697783.83,3078353.582,0.5,0.5,,,,,
601857.SH,20260508,11.33,11.34,11.03,11.12,11.27,-0.15,-1.331,1799663.48,2002943.659,0.5,0.5,,,,,
601857.SH,20260511,11.21,11.24,11.02,11.11,11.12,-0.01,-0.0899,1740185.54,1932958.648,0.5,0.5,,,,,
601857.SH,20260512,11.13,11.3,11.09,11.19,11.11,0.08,0.7201,2164021.82,2415497.511,0.5,0.5,,,,,
601857.SH,20260513,11.27,11.3,11.04,11.12,11.19,-0.07,-0.6256,1683271.55,1879849.909,0.5,0.5,,,,,
601857.SH,20260514,11.11,11.32,11.07,11.25,11.12,0.13,1.1691,2022432.41,2266065.902,0.5,0.5,,,,,
601857.SH,20260515,11.21,11.6,11.19,11.51,11.25,0.26,2.3111,2336426.45,2672856.418,0.5,0.5,,,,,
601857.SH,20260518,11.6,11.75,11.43,11.54,11.51,0.03,0.2606,1549238.31,1783612.744,0.5,0.5,,,,,
601857.SH,20260519,11.47,11.59,11.38,11.56,11.54,0.02,0.1733,1283851.66,1476228.942,0.5,0.5,,,,,
601857.SH,20260520,11.57,11.75,11.57,11.63,11.56,0.07,0.6055,1230241.88,1432001.376,0.5,0.5,,,,,
601857.SH,20260521,11.37,11.48,11.17,11.29,11.63,-0.34,-2.9235,2095412.86,2373318.986,0.5,0.5,,,,,
601857.SH,20260522,11.28,11.31,11.01,11.08,11.29,-0.21,-1.8601,1457315.95,1618821.496,0.5,0.5,,,,,
601857.SH,20260525,10.78,10.98,10.7,10.73,11.08,-0.35,-3.1588,1536802.84,1658814.844,0.5,0.5,,,,,
601857.SH,20260526,10.73,10.99,10.71,10.96,10.73,0.23,2.1435,1614188.4,1751669.573,0.5,0.5,,,,,
601857.SH,20260527,10.9,10.93,10.61,10.8,10.96,-0.16,-1.4599,1808210.76,1941637.758,0.5,0.5,,,,,
601857.SH,20260528,10.76,10.96,10.73,10.8,10.8,0.0,0.0,1476740.6,1601279.502,0.5,0.5,,,,,
601857.SH,20260529,10.8,10.94,10.66,10.87,10.8,0.07,0.6481,1896969.9,2050341.595,0.5,0.5,,,,,
601857.SH,20260601,10.85,10.99,10.73,10.82,10.87,-0.05,-0.46,1968312.19,2133913.929,0.5,0.5,,,,,
601857.SH,20260602,10.88,11.08,10.58,10.66,10.82,-0.16,-1.4787,2353927.52,2540576.009,0.5,0.5,,,,,
601857.SH,20260603,10.7,10.87,10.44,10.85,10.66,0.19,1.7824,2299808.72,2446940.042,0.5,0.5,,,,,
601857.SH,20260604,10.69,10.76,10.55,10.65,10.85,-0.2,-1.8433,1349654.95,1438354.002,0.5,0.5,,,,,
601857.SH,20260605,10.6,10.8,10.55,10.61,10.65,-0.04,-0.3756,1371556.07,1463799.172,0.5,0.5,,,,,
601857.SH,20260608,10.59,10.99,10.51,10.95,10.61,0.34,3.2045,2625497.75,2837335.166,0.5,0.5,,,,,
601857.SH,20260609,10.72,10.86,10.3,10.34,10.95,-0.61,-5.5708,2410789.66,2528847.738,0.5,0.5,,,,,
601857.SH,20260610,10.34,10.34,10.14,10.24,10.34,-0.1,-0.9671,1389160.05,1422155.091,0.5,0.5,,,,,
601857.SH,20260611,10.38,10.45,10.21,10.37,10.24,0.13,1.2695,1855875.81,1917510.534,0.5,0.5,,,,,
600050.SH,20210615,4.52,4.56,4.48,4.48,4.55,-0.07,-1.5385,1519355.08,686581.022,0.5,0.5,,,,,
600050.SH,20210616,4.5,4.53,4.46,4.51,4.48,0.03,0.6696,987929.22,444928.177,0.5,0.5,,,,,
600050.SH,20210617,4.52,4.53,4.48,4.52,4.51,0.01,0.2217,982126.43,442575.266,0.5,0.5,,,,,
600050.SH,20210618,4.52,4.57,4.47,4.53,4.52,0.01,0.2212,1625029.29,734026.481,0.5,0.5,,,,,
600050.SH,20210621,4.52,4.52,4.44,4.44,4.53,-0.09,-1.9868,863365.12,385824.924,0.5,0.5,,,,,
600050.SH,20210622,4.45,4.47,4.4,4.42,4.44,-0.02,-0.4505,570337.46,252814.749,0.5,0.5,,,,,
600050.SH,20210623,4.42,4.47,4.38,4.42,4.42,0.0,0.0,588298.84,260214.503,0.5,0.5,,,,,
600050.SH,20210624,4.42,4.44,4.41,4.42,4.42,0.0,0.0,361473.7,159863.228,0.5,0.5,,,,,
600050.SH,20210625,4.41,4.47,4.4,4.46,4.42,0.04,0.905,557442.63,247677.957,0.5,0.5,,,,,
600050.SH,20210628,4.46,4.54,4.44,4.5,4.46,0.04,0.8969,730158.18,328292.462,0.5,0.5,,,,,
600050.SH,20210629,4.49,4.5,4.43,4.43,4.5,-0.07,-1.5556,463014.18,206177.151,0.5,0.5,,,,,
600050.SH,20210630,4.4,4.4,4.32,4.32,4.36,-0.04,-0.9174,486045.05,211096.002,0.5,0.5,,,,,
600050.SH,20210701,4.32,4.37,4.31,4.32,4.32,0.0,0.0,521557.99,226255.715,0.5,0.5,,,,,
600050.SH,20210702,4.31,4.33,4.27,4.28,4.32,-0.04,-0.9259,498644.4,214042.146,0.5,0.5,,,,,
600050.SH,20210705,4.28,4.3,4.25,4.27,4.28,-0.01,-0.2336,379396.27,161849.851,0.5,0.5,,,,,
600050.SH,20210706,4.27,4.31,4.25,4.29,4.27,0.02,0.4684,452257.76,193466.212,0.5,0.5,,,,,
600050.SH,20210707,4.28,4.31,4.25,4.27,4.29,-0.02,-0.4662,514191.32,219652.999,0.5,0.5,,,,,
600050.SH,20210708,4.27,4.27,4.18,4.19,4.27,-0.08,-1.8735,837629.55,352100.728,0.5,0.5,,,,,
600050.SH,20210709,4.19,4.21,4.16,4.19,4.19,0.0,0.0,618600.26,258650.547,0.5,0.5,,,,,
600050.SH,20210712,4.22,4.23,4.17,4.18,4.19,-0.01,-0.2387,653978.37,274608.751,0.5,0.5,,,,,
600050.SH,20210713,4.18,4.21,4.18,4.2,4.18,0.02,0.4785,541522.67,227148.556,0.5,0.5,,,,,
600050.SH,20210714,4.2,4.23,4.17,4.18,4.2,-0.02,-0.4762,711744.32,298580.443,0.5,0.5,,,,,
600050.SH,20210715,4.18,4.21,4.16,4.19,4.18,0.01,0.2392,499194.19,208599.479,0.5,0.5,,,,,
600050.SH,20210716,4.19,4.22,4.18,4.19,4.19,0.0,0.0,504843.64,211947.614,0.5,0.5,,,,,
600050.SH,20210719,4.2,4.32,4.17,4.32,4.19,0.13,3.1026,1314873.93,558875.323,0.5,0.5,,,,,
600050.SH,20210720,4.28,4.29,4.23,4.25,4.32,-0.07,-1.6204,629946.74,267843.43,0.5,0.5,,,,,
600050.SH,20210721,4.25,4.27,4.22,4.23,4.25,-0.02,-0.4706,496880.13,210633.542,0.5,0.5,,,,,
600050.SH,20210722,4.23,4.27,4.22,4.26,4.23,0.03,0.7092,646284.92,274986.302,0.5,0.5,,,,,
600050.SH,20210723,4.26,4.29,4.23,4.24,4.26,-0.02,-0.4695,660751.89,281424.846,0.5,0.5,,,,,
600050.SH,20210726,4.22,4.22,4.12,4.14,4.24,-0.1,-2.3585,1053544.05,439060.909,0.5,0.5,,,,,
600050.SH,20210727,4.15,4.18,4.12,4.13,4.14,-0.01,-0.2415,695008.01,288461.036,0.5,0.5,,,,,
600050.SH,20210728,4.14,4.18,4.06,4.17,4.13,0.04,0.9685,952101.24,395030.989,0.5,0.5,,,,,
600050.SH,20210729,4.17,4.18,4.11,4.12,4.17,-0.05,-1.199,728368.56,300822.775,0.5,0.5,,,,,
600050.SH,20210730,4.11,4.14,4.07,4.12,4.12,0.0,0.0,516175.97,212110.504,0.5,0.5,,,,,
600050.SH,20210802,4.12,4.2,4.08,4.17,4.12,0.05,1.2136,905653.76,375917.782,0.5,0.5,,,,,
600050.SH,20210803,4.16,4.24,4.15,4.23,4.17,0.06,1.4388,878636.04,369159.451,0.5,0.5,,,,,
600050.SH,20210804,4.23,4.23,4.19,4.2,4.23,-0.03,-0.7092,457593.79,192471.316,0.5,0.5,,,,,
600050.SH,20210805,4.2,4.23,4.17,4.19,4.2,-0.01,-0.2381,640775.42,268549.09,0.5,0.5,,,,,
600050.SH,20210806,4.19,4.2,4.14,4.16,4.19,-0.03,-0.716,578998.87,240932.488,0.5,0.5,,,,,
600050.SH,20210809,4.17,4.23,4.16,4.22,4.16,0.06,1.4423,693887.52,292183.636,0.5,0.5,,,,,
600050.SH,20210810,4.21,4.21,4.16,4.19,4.22,-0.03,-0.7109,833349.82,348697.375,0.5,0.5,,,,,
600050.SH,20210811,4.19,4.25,4.17,4.24,4.19,0.05,1.1933,1039555.84,436897.569,0.5,0.5,,,,,
600050.SH,20210812,4.23,4.26,4.22,4.25,4.24,0.01,0.2358,778584.93,330301.074,0.5,0.5,,,,,
600050.SH,20210813,4.25,4.25,4.21,4.23,4.25,-0.02,-0.4706,628025.35,265552.541,0.5,0.5,,,,,
600050.SH,20210816,4.23,4.25,4.21,4.22,4.23,-0.01,-0.2364,533551.61,225537.281,0.5,0.5,,,,,
600050.SH,20210817,4.2,4.22,4.15,4.16,4.22,-0.06,-1.4218,1046043.35,437810.83,0.5,0.5,,,,,
600050.SH,20210818,4.16,4.2,4.14,4.19,4.16,0.03,0.7212,792712.16,330626.992,0.5,0.5,,,,,
600050.SH,20210819,4.23,4.33,4.22,4.33,4.19,0.14,3.3413,2591008.77,1112049.872,0.5,0.5,,,,,
600050.SH,20210820,4.29,4.29,4.14,4.18,4.33,-0.15,-3.4642,2790976.05,1172059.664,0.5,0.5,,,,,
600050.SH,20210823,4.15,4.17,4.13,4.14,4.18,-0.04,-0.9569,1614173.23,669624.893,0.5,0.5,,,,,
600050.SH,20210824,4.14,4.16,4.12,4.15,4.14,0.01,0.2415,1364522.32,564669.105,0.5,0.5,,,,,
600050.SH,20210825,4.16,4.16,4.12,4.15,4.15,0.0,0.0,946039.95,391814.527,0.5,0.5,,,,,
600050.SH,20210826,4.14,4.17,4.12,4.15,4.15,0.0,0.0,1049339.53,434917.072,0.5,0.5,,,,,
600050.SH,20210827,4.15,4.17,4.13,4.15,4.15,0.0,0.0,766506.45,317989.553,0.5,0.5,,,,,
600050.SH,20210830,4.16,4.16,4.13,4.15,4.15,0.0,0.0,845867.64,350551.672,0.5,0.5,,,,,
600050.SH,20210831,4.15,4.19,4.12,4.19,4.15,0.04,0.9639,2192881.25,914141.45,0.5,0.5,,,,,
600050.SH,20210901,4.17,4.28,4.17,4.27,4.19,0.08,1.9093,2211432.94,937533.08,0.5,0.5,,,,,
600050.SH,20210902,4.26,4.26,4.22,4.26,4.27,-0.01,-0.2342,1338894.15,568083.874,0.5,0.5,,,,,
600050.SH,20210903,4.25,4.28,4.22,4.23,4.26,-0.03,-0.7042,1320386.2,561456.526,0.5,0.5,,,,,
600050.SH,20210906,4.24,4.3,4.22,4.26,4.23,0.03,0.7092,1280403.67,546744.061,0.5,0.5,,,,,
600050.SH,20210907,4.27,4.33,4.26,4.33,4.26,0.07,1.6432,1676066.97,721381.836,0.5,0.5,,,,,
600050.SH,20210908,4.32,4.35,4.3,4.33,4.33,0.0,0.0,1359763.93,587239.279,0.5,0.5,,,,,
600050.SH,20210909,4.32,4.4,4.29,4.39,4.33,0.06,1.3857,3026340.97,1317038.578,0.5,0.5,,,,,
600050.SH,20210910,4.37,4.4,4.3,4.32,4.39,-0.07,-1.5945,2070425.33,899691.576,0.5,0.5,,,,,
600050.SH,20210913,4.3,4.33,4.27,4.31,4.32,-0.01,-0.2315,1512251.51,649951.436,0.5,0.5,,,,,
600050.SH,20210914,4.31,4.33,4.21,4.23,4.31,-0.08,-1.8561,1906034.16,811558.382,0.5,0.5,,,,,
600050.SH,20210915,4.21,4.24,4.19,4.22,4.23,-0.01,-0.2364,1275269.14,537827.314,0.5,0.5,,,,,
600050.SH,20210916,4.22,4.26,4.17,4.17,4.22,-0.05,-1.1848,1386098.33,584015.488,0.5,0.5,,,,,
600050.SH,20210917,4.17,4.19,4.13,4.15,4.17,-0.02,-0.4796,1439724.58,598328.621,0.5,0.5,,,,,
600050.SH,20210922,4.12,4.18,4.11,4.16,4.15,0.01,0.241,996049.92,413564.851,0.5,0.5,,,,,
600050.SH,20210923,4.18,4.22,4.16,4.17,4.16,0.01,0.2404,1043848.07,436603.39,0.5,0.5,,,,,
600050.SH,20210924,4.18,4.19,4.14,4.14,4.17,-0.03,-0.7194,932335.4,387927.684,0.5,0.5,,,,,
600050.SH,20210927,4.14,4.17,4.08,4.09,4.14,-0.05,-1.2077,1315483.04,540728.18,0.5,0.5,,,,,
600050.SH,20210928,4.09,4.12,4.08,4.11,4.09,0.02,0.489,716654.07,294211.587,0.5,0.5,,,,,
600050.SH,20210929,4.1,4.11,4.07,4.1,4.11,-0.01,-0.2433,886406.78,362569.738,0.5,0.5,,,,,
600050.SH,20210930,4.1,4.12,4.08,4.11,4.1,0.01,0.2439,816590.35,334985.422,0.5,0.5,,,,,
600050.SH,20211008,4.13,4.18,4.12,4.18,4.11,0.07,1.7032,1119959.96,464998.694,0.5,0.5,,,,,
600050.SH,20211011,4.18,4.23,4.17,4.21,4.18,0.03,0.7177,1241414.19,521612.604,0.5,0.5,,,,,
600050.SH,20211012,4.21,4.21,4.17,4.2,4.21,-0.01,-0.2375,870394.99,364647.0,0.5,0.5,,,,,
600050.SH,20211013,4.2,4.21,4.18,4.19,4.2,-0.01,-0.2381,561764.58,235515.364,0.5,0.5,,,,,
600050.SH,20211014,4.2,4.2,4.16,4.18,4.19,-0.01,-0.2387,408165.71,170491.801,0.5,0.5,,,,,
600050.SH,20211015,4.18,4.23,4.16,4.22,4.18,0.04,0.9569,996851.29,419472.721,0.5,0.5,,,,,
600050.SH,20211018,4.22,4.25,4.21,4.23,4.22,0.01,0.237,964415.66,407748.316,0.5,0.5,,,,,
600050.SH,20211019,4.22,4.25,4.21,4.22,4.23,-0.01,-0.2364,658600.02,278374.307,0.5,0.5,,,,,
600050.SH,20211020,4.22,4.24,4.17,4.19,4.22,-0.03,-0.7109,633069.16,265885.688,0.5,0.5,,,,,
600050.SH,20211021,4.19,4.2,4.15,4.17,4.19,-0.02,-0.4773,615198.03,256599.008,0.5,0.5,,,,,
600050.SH,20211022,4.16,4.18,4.1,4.11,4.17,-0.06,-1.4388,1195013.43,492755.176,0.5,0.5,,,,,
600050.SH,20211025,4.1,4.13,4.08,4.11,4.11,0.0,0.0,1046036.88,429451.106,0.5,0.5,,,,,
600050.SH,20211026,4.11,4.11,4.08,4.08,4.11,-0.03,-0.7299,799957.17,327423.305,0.5,0.5,,,,,
600050.SH,20211027,4.08,4.09,4.01,4.04,4.08,-0.04,-0.9804,1344197.59,543127.934,0.5,0.5,,,,,
600050.SH,20211028,4.03,4.05,4.01,4.05,4.04,0.01,0.2475,728765.42,293948.023,0.5,0.5,,,,,
600050.SH,20211029,4.04,4.09,4.04,4.08,4.05,0.03,0.7407,696518.01,283452.946,0.5,0.5,,,,,
600050.SH,20211101,4.08,4.1,4.05,4.1,4.08,0.02,0.4902,725510.37,296277.106,0.5,0.5,,,,,
600050.SH,20211102,4.09,4.11,4.02,4.04,4.1,-0.06,-1.4634,923885.27,374854.011,0.5,0.5,,,,,
600050.SH,20211103,4.04,4.06,4.03,4.03,4.04,-0.01,-0.2475,640848.88,259037.724,0.5,0.5,,,,,
600050.SH,20211104,4.04,4.06,4.03,4.04,4.03,0.01,0.2481,602128.06,243559.713,0.5,0.5,,,,,
600050.SH,20211105,4.04,4.07,4.02,4.05,4.04,0.01,0.2475,677123.9,273973.503,0.5,0.5,,,,,
600050.SH,20211108,4.03,4.05,4.02,4.03,4.05,-0.02,-0.4938,490639.66,197990.692,0.5,0.5,,,,,
600050.SH,20211109,4.03,4.05,4.02,4.04,4.03,0.01,0.2481,558577.47,225340.106,0.5,0.5,,,,,
600050.SH,20211110,4.03,4.04,3.98,4.01,4.04,-0.03,-0.7426,950538.38,380464.119,0.5,0.5,,,,,
600050.SH,20211111,4.0,4.04,3.99,4.03,4.01,0.02,0.4988,785056.63,315704.472,0.5,0.5,,,,,
600050.SH,20211112,4.04,4.05,4.01,4.01,4.03,-0.02,-0.4963,695806.35,279979.742,0.5,0.5,,,,,
600050.SH,20211115,4.02,4.04,4.01,4.02,4.01,0.01,0.2494,573280.37,230597.059,0.5,0.5,,,,,
600050.SH,20211116,4.02,4.04,4.01,4.02,4.02,0.0,0.0,720177.04,289734.337,0.5,0.5,,,,,
600050.SH,20211117,3.98,3.99,3.97,3.98,3.97,0.01,0.2519,656844.72,261624.139,0.5,0.5,,,,,
600050.SH,20211118,3.98,3.99,3.94,3.94,3.98,-0.04,-1.005,819370.1,323959.658,0.5,0.5,,,,,
600050.SH,20211119,3.94,3.97,3.93,3.97,3.94,0.03,0.7614,577666.93,228272.285,0.5,0.5,,,,,
600050.SH,20211122,3.97,3.97,3.94,3.96,3.97,-0.01,-0.2519,702623.87,277911.715,0.5,0.5,,,,,
600050.SH,20211123,3.95,3.96,3.94,3.95,3.96,-0.01,-0.2525,744171.38,294057.143,0.5,0.5,,,,,
600050.SH,20211124,3.95,3.97,3.93,3.95,3.95,0.0,0.0,725658.26,286707.199,0.5,0.5,,,,,
600050.SH,20211125,3.95,3.95,3.93,3.94,3.95,-0.01,-0.2532,586937.61,231376.442,0.5,0.5,,,,,
600050.SH,20211126,3.93,3.94,3.9,3.91,3.94,-0.03,-0.7614,859340.85,336269.253,0.5,0.5,,,,,
600050.SH,20211129,3.88,3.89,3.85,3.87,3.91,-0.04,-1.023,1123437.94,435051.262,0.5,0.5,,,,,
600050.SH,20211130,3.87,3.92,3.86,3.88,3.87,0.01,0.2584,1309858.84,508704.171,0.5,0.5,,,,,
600050.SH,20211201,3.88,3.92,3.87,3.91,3.88,0.03,0.7732,635812.09,247895.735,0.5,0.5,,,,,
600050.SH,20211202,3.91,3.91,3.89,3.9,3.91,-0.01,-0.2558,615197.91,239968.482,0.5,0.5,,,,,
600050.SH,20211203,3.9,3.92,3.87,3.91,3.9,0.01,0.2564,895962.09,348831.028,0.5,0.5,,,,,
600050.SH,20211206,3.91,3.92,3.88,3.9,3.91,-0.01,-0.2558,855652.07,333964.496,0.5,0.5,,,,,
600050.SH,20211207,3.91,3.93,3.9,3.92,3.9,0.02,0.5128,809807.15,317025.443,0.5,0.5,,,,,
600050.SH,20211208,3.93,3.94,3.9,3.92,3.92,0.0,0.0,747356.88,292855.071,0.5,0.5,,,,,
600050.SH,20211209,3.92,3.96,3.91,3.94,3.92,0.02,0.5102,1346733.08,530747.168,0.5,0.5,,,,,
600050.SH,20211210,3.93,3.96,3.93,3.95,3.94,0.01,0.2538,1322334.21,521997.361,0.5,0.5,,,,,
600050.SH,20211213,3.95,3.98,3.93,3.94,3.95,-0.01,-0.2532,991828.06,392441.618,0.5,0.5,,,,,
600050.SH,20211214,3.94,3.95,3.92,3.93,3.94,-0.01,-0.2538,675947.69,265988.456,0.5,0.5,,,,,
600050.SH,20211215,3.93,3.95,3.92,3.93,3.93,0.0,0.0,566487.44,222849.154,0.5,0.5,,,,,
600050.SH,20211216,3.93,3.95,3.91,3.95,3.93,0.02,0.5089,802368.04,315618.406,0.5,0.5,,,,,
600050.SH,20211217,3.94,3.96,3.93,3.96,3.95,0.01,0.2532,898373.6,354995.505,0.5,0.5,,,,,
600050.SH,20211220,3.96,3.98,3.95,3.97,3.96,0.01,0.2525,957498.17,379936.452,0.5,0.5,,,,,
600050.SH,20211221,3.98,3.98,3.95,3.97,3.97,0.0,0.0,816614.31,324160.795,0.5,0.5,,,,,
600050.SH,20211222,3.98,3.98,3.93,3.94,3.97,-0.03,-0.7557,968271.95,382577.357,0.5,0.5,,,,,
600050.SH,20211223,3.94,3.95,3.92,3.93,3.94,-0.01,-0.2538,579117.54,227918.767,0.5,0.5,,,,,
600050.SH,20211224,3.93,3.94,3.91,3.92,3.93,-0.01,-0.2545,598316.3,234599.148,0.5,0.5,,,,,
600050.SH,20211227,3.92,3.94,3.91,3.93,3.92,0.01,0.2551,580863.84,228355.075,0.5,0.5,,,,,
600050.SH,20211228,3.94,3.95,3.92,3.93,3.93,0.0,0.0,679452.12,267229.919,0.5,0.5,,,,,
600050.SH,20211229,3.93,3.94,3.91,3.92,3.93,-0.01,-0.2545,616860.5,241886.258,0.5,0.5,,,,,
600050.SH,20211230,3.92,3.94,3.91,3.92,3.92,0.0,0.0,624350.0,245139.899,0.5,0.5,,,,,
600050.SH,20211231,3.93,3.94,3.91,3.93,3.92,0.01,0.2551,753942.78,295961.087,0.5,0.5,,,,,
600050.SH,20220104,3.94,4.0,3.92,3.99,3.93,0.06,1.5267,1802634.74,715299.835,0.5,0.5,,,,,
600050.SH,20220105,3.99,3.99,3.95,3.98,3.99,-0.01,-0.2506,1267760.73,504135.225,0.5,0.5,,,,,
600050.SH,20220106,3.98,3.98,3.94,3.96,3.98,-0.02,-0.5025,913988.47,362182.432,0.5,0.5,,,,,
600050.SH,20220107,3.96,4.02,3.95,3.99,3.96,0.03,0.7576,1257629.38,502270.201,0.5,0.5,,,,,
600050.SH,20220110,4.0,4.05,3.99,4.03,3.99,0.04,1.0025,1289716.39,518489.127,0.5,0.5,,,,,
600050.SH,20220111,4.03,4.05,4.01,4.03,4.03,0.0,0.0,961600.87,387689.217,0.5,0.5,,,,,
600050.SH,20220112,4.02,4.03,3.99,4.01,4.03,-0.02,-0.4963,705365.99,282671.801,0.5,0.5,,,,,
600050.SH,20220113,4.02,4.05,4.0,4.01,4.01,0.0,0.0,647807.85,260519.246,0.5,0.5,,,,,
600050.SH,20220114,4.01,4.01,3.97,3.97,4.01,-0.04,-0.9975,863913.31,344522.186,0.5,0.5,,,,,
600050.SH,20220117,3.98,3.99,3.97,3.97,3.97,0.0,0.0,614287.35,244409.004,0.5,0.5,,,,,
600050.SH,20220118,3.98,4.04,3.97,4.02,3.97,0.05,1.2594,1113336.8,445998.182,0.5,0.5,,,,,
600050.SH,20220119,4.01,4.02,3.99,4.01,4.02,-0.01,-0.2488,606286.36,242835.88,0.5,0.5,,,,,
600050.SH,20220120,4.01,4.03,3.99,4.01,4.01,0.0,0.0,843204.25,338619.343,0.5,0.5,,,,,
600050.SH,20220121,4.0,4.02,3.97,4.0,4.01,-0.01,-0.2494,924576.08,369070.464,0.5,0.5,,,,,
600050.SH,20220124,4.0,4.0,3.96,3.97,4.0,-0.03,-0.75,801432.67,319154.168,0.5,0.5,,,,,
600050.SH,20220125,3.96,3.97,3.82,3.82,3.97,-0.15,-3.7783,1796913.69,698021.414,0.5,0.5,,,,,
600050.SH,20220126,3.83,3.85,3.79,3.81,3.82,-0.01,-0.2618,1213223.23,462206.655,0.5,0.5,,,,,
600050.SH,20220127,3.8,3.81,3.7,3.71,3.81,-0.1,-2.6247,1497280.8,560039.609,0.5,0.5,,,,,
600050.SH,20220128,3.72,3.74,3.7,3.71,3.71,0.0,0.0,945511.47,351583.462,0.5,0.5,,,,,
600050.SH,20220207,3.73,3.77,3.71,3.76,3.71,0.05,1.3477,977545.46,366157.639,0.5,0.5,,,,,
600050.SH,20220208,3.76,3.93,3.75,3.92,3.76,0.16,4.2553,2372474.98,920905.531,0.5,0.5,,,,,
600050.SH,20220209,3.93,4.08,3.9,4.05,3.92,0.13,3.3163,2549036.32,1023063.915,0.5,0.5,,,,,
600050.SH,20220210,4.03,4.04,3.97,4.01,4.05,-0.04,-0.9877,1625976.97,650805.029,0.5,0.5,,,,,
600050.SH,20220211,4.0,4.04,3.98,4.0,4.01,-0.01,-0.2494,1179931.31,473287.777,0.5,0.5,,,,,
600050.SH,20220214,4.0,4.01,3.95,3.96,4.0,-0.04,-1.0,813889.22,323110.16,0.5,0.5,,,,,
600050.SH,20220215,3.96,3.98,3.93,3.93,3.96,-0.03,-0.7576,647367.19,255825.985,0.5,0.5,,,,,
600050.SH,20220216,3.96,4.02,3.95,3.97,3.93,0.04,1.0178,920077.88,366111.621,0.5,0.5,,,,,
600050.SH,20220217,3.96,3.97,3.92,3.94,3.97,-0.03,-0.7557,766919.78,302336.39,0.5,0.5,,,,,
600050.SH,20220218,3.94,3.96,3.92,3.96,3.94,0.02,0.5076,580844.63,229074.729,0.5,0.5,,,,,
600050.SH,20220221,3.95,3.98,3.93,3.97,3.96,0.01,0.2525,859798.7,340359.526,0.5,0.5,,,,,
600050.SH,20220222,3.95,3.97,3.92,3.93,3.97,-0.04,-1.0076,785990.1,309462.982,0.5,0.5,,,,,
600050.SH,20220223,3.93,3.95,3.92,3.93,3.93,0.0,0.0,575442.28,226566.734,0.5,0.5,,,,,
600050.SH,20220224,3.93,3.95,3.82,3.87,3.93,-0.06,-1.5267,1207533.18,470553.648,0.5,0.5,,,,,
600050.SH,20220225,3.88,3.9,3.84,3.85,3.87,-0.02,-0.5168,718098.83,277811.263,0.5,0.5,,,,,
600050.SH,20220228,3.84,3.85,3.8,3.82,3.85,-0.03,-0.7792,713781.15,272566.246,0.5,0.5,,,,,
600050.SH,20220301,3.83,3.85,3.82,3.85,3.82,0.03,0.7853,599741.65,230162.76,0.5,0.5,,,,,
600050.SH,20220302,3.83,3.85,3.82,3.84,3.85,-0.01,-0.2597,589771.28,226277.183,0.5,0.5,,,,,
600050.SH,20220303,3.85,3.87,3.84,3.86,3.84,0.02,0.5208,698752.24,269365.363,0.5,0.5,,,,,
600050.SH,20220304,3.86,3.86,3.83,3.84,3.86,-0.02,-0.5181,795001.64,305626.67,0.5,0.5,,,,,
600050.SH,20220307,3.83,3.83,3.77,3.77,3.84,-0.07,-1.8229,861280.18,327187.4,0.5,0.5,,,,,
600050.SH,20220308,3.77,3.8,3.71,3.72,3.77,-0.05,-1.3263,1049099.04,393262.176,0.5,0.5,,,,,
600050.SH,20220309,3.73,3.76,3.55,3.67,3.72,-0.05,-1.3441,1411129.17,518195.953,0.5,0.5,,,,,
600050.SH,20220310,3.72,3.73,3.65,3.66,3.67,-0.01,-0.2725,952315.59,350785.549,0.5,0.5,,,,,
600050.SH,20220311,3.63,3.7,3.57,3.69,3.66,0.03,0.8197,932888.1,337890.114,0.5,0.5,,,,,
600050.SH,20220314,3.65,3.68,3.62,3.62,3.69,-0.07,-1.897,875392.44,319649.565,0.5,0.5,,,,,
600050.SH,20220315,3.59,3.6,3.41,3.42,3.62,-0.2,-5.5249,1704572.4,598538.379,0.5,0.5,,,,,
600050.SH,20220316,3.45,3.54,3.39,3.52,3.42,0.1,2.924,1488352.31,514812.789,0.5,0.5,,,,,
600050.SH,20220317,3.54,3.56,3.49,3.51,3.52,-0.01,-0.2841,1323510.26,465644.695,0.5,0.5,,,,,
600050.SH,20220318,3.49,3.59,3.47,3.59,3.51,0.08,2.2792,1338186.72,473525.615,0.5,0.5,,,,,
600050.SH,20220321,3.57,3.59,3.5,3.53,3.59,-0.06,-1.6713,1162136.43,410045.259,0.5,0.5,,,,,
600050.SH,20220322,3.5,3.55,3.49,3.52,3.53,-0.01,-0.2833,818424.97,287752.824,0.5,0.5,,,,,
600050.SH,20220323,3.53,3.56,3.52,3.54,3.52,0.02,0.5682,769581.06,272345.334,0.5,0.5,,,,,
600050.SH,20220324,3.52,3.61,3.5,3.54,3.54,0.0,0.0,1118598.73,397333.084,0.5,0.5,,,,,
600050.SH,20220325,3.53,3.54,3.5,3.51,3.54,-0.03,-0.8475,742411.21,261448.332,0.5,0.5,,,,,
600050.SH,20220328,3.49,3.56,3.45,3.54,3.51,0.03,0.8547,914175.25,320356.444,0.5,0.5,,,,,
600050.SH,20220329,3.55,3.56,3.52,3.53,3.54,-0.01,-0.2825,470735.31,166471.285,0.5,0.5,,,,,
600050.SH,20220330,3.54,3.56,3.52,3.55,3.53,0.02,0.5666,705496.41,249979.444,0.5,0.5,,,,,
600050.SH,20220331,3.54,3.57,3.53,3.57,3.55,0.02,0.5634,576226.78,205187.894,0.5,0.5,,,,,
600050.SH,20220401,3.55,3.59,3.54,3.58,3.57,0.01,0.2801,576696.91,205684.322,0.5,0.5,,,,,
600050.SH,20220406,3.57,3.62,3.56,3.61,3.58,0.03,0.838,903855.41,324969.25,0.5,0.5,,,,,
600050.SH,20220407,3.6,3.61,3.55,3.55,3.61,-0.06,-1.662,659689.33,236106.099,0.5,0.5,,,,,
600050.SH,20220408,3.55,3.56,3.52,3.56,3.55,0.01,0.2817,585981.92,207749.057,0.5,0.5,,,,,
600050.SH,20220411,3.56,3.57,3.49,3.51,3.56,-0.05,-1.4045,785859.46,276914.429,0.5,0.5,,,,,
600050.SH,20220412,3.5,3.57,3.47,3.54,3.51,0.03,0.8547,905436.45,318572.032,0.5,0.5,,,,,
600050.SH,20220413,3.54,3.59,3.52,3.53,3.54,-0.01,-0.2825,677475.27,241111.85,0.5,0.5,,,,,
600050.SH,20220414,3.54,3.56,3.53,3.54,3.53,0.01,0.2833,522019.4,185109.752,0.5,0.5,,,,,
600050.SH,20220415,3.53,3.56,3.52,3.53,3.54,-0.01,-0.2825,525683.6,186129.398,0.5,0.5,,,,,
600050.SH,20220418,3.52,3.53,3.5,3.51,3.53,-0.02,-0.5666,500898.0,175874.03,0.5,0.5,,,,,
600050.SH,20220419,3.51,3.54,3.5,3.54,3.51,0.03,0.8547,564618.57,199133.332,0.5,0.5,,,,,
600050.SH,20220420,3.55,3.57,3.53,3.55,3.54,0.01,0.2825,570292.75,202392.489,0.5,0.5,,,,,
600050.SH,20220421,3.54,3.56,3.46,3.48,3.55,-0.07,-1.9718,873907.73,306993.249,0.5,0.5,,,,,
600050.SH,20220422,3.48,3.54,3.45,3.52,3.48,0.04,1.1494,858336.35,300346.937,0.5,0.5,,,,,
600050.SH,20220425,3.5,3.55,3.43,3.43,3.52,-0.09,-2.5568,1330060.79,466665.238,0.5,0.5,,,,,
600050.SH,20220426,3.44,3.49,3.43,3.43,3.43,0.0,0.0,1010628.67,349144.119,0.5,0.5,,,,,
600050.SH,20220427,3.41,3.49,3.39,3.47,3.43,0.04,1.1662,1170528.79,404684.86,0.5,0.5,,,,,
600050.SH,20220428,3.46,3.5,3.42,3.49,3.47,0.02,0.5764,902352.67,312155.201,0.5,0.5,,,,,
600050.SH,20220429,3.48,3.55,3.47,3.52,3.49,0.03,0.8596,773786.75,271645.843,0.5,0.5,,,,,
600050.SH,20220505,3.52,3.55,3.51,3.53,3.52,0.01,0.2841,674358.52,238267.521,0.5,0.5,,,,,
600050.SH,20220506,3.5,3.51,3.46,3.46,3.53,-0.07,-1.983,543864.01,189534.007,0.5,0.5,,,,,
600050.SH,20220509,3.45,3.5,3.45,3.48,3.46,0.02,0.578,391310.7,136129.166,0.5,0.5,,,,,
600050.SH,20220510,3.46,3.51,3.44,3.5,3.48,0.02,0.5747,670937.66,233337.439,0.5,0.5,,,,,
600050.SH,20220511,3.49,3.53,3.48,3.49,3.5,-0.01,-0.2857,683939.4,239734.484,0.5,0.5,,,,,
600050.SH,20220512,3.48,3.5,3.47,3.49,3.49,0.0,0.0,507866.59,176942.021,0.5,0.5,,,,,
600050.SH,20220513,3.48,3.51,3.48,3.51,3.49,0.02,0.5731,462304.72,161697.317,0.5,0.5,,,,,
600050.SH,20220516,3.51,3.52,3.48,3.49,3.51,-0.02,-0.5698,411968.21,144040.115,0.5,0.5,,,,,
600050.SH,20220517,3.48,3.51,3.48,3.51,3.49,0.02,0.5731,428285.4,149611.213,0.5,0.5,,,,,
600050.SH,20220518,3.51,3.51,3.48,3.49,3.51,-0.02,-0.5698,511328.4,178670.545,0.5,0.5,,,,,
600050.SH,20220519,3.47,3.51,3.46,3.51,3.49,0.02,0.5731,623776.49,217466.302,0.5,0.5,,,,,
600050.SH,20220520,3.51,3.54,3.5,3.54,3.51,0.03,0.8547,747103.98,263034.421,0.5,0.5,,,,,
600050.SH,20220523,3.53,3.54,3.5,3.52,3.54,-0.02,-0.565,680874.19,239162.651,0.5,0.5,,,,,
600050.SH,20220524,3.51,3.52,3.46,3.47,3.52,-0.05,-1.4205,765017.92,266482.836,0.5,0.5,,,,,
600050.SH,20220525,3.46,3.49,3.45,3.48,3.47,0.01,0.2882,595751.55,206715.004,0.5,0.5,,,,,
600050.SH,20220526,3.48,3.49,3.45,3.48,3.48,0.0,0.0,680454.77,236087.312,0.5,0.5,,,,,
600050.SH,20220527,3.48,3.5,3.47,3.49,3.48,0.01,0.2874,657953.39,229323.326,0.5,0.5,,,,,
600050.SH,20220530,3.48,3.5,3.47,3.48,3.49,-0.01,-0.2865,580933.18,202292.118,0.5,0.5,,,,,
600050.SH,20220531,3.49,3.5,3.46,3.48,3.48,0.0,0.0,860909.08,299773.929,0.5,0.5,,,,,
600050.SH,20220601,3.48,3.49,3.46,3.47,3.48,-0.01,-0.2874,733955.32,254978.437,0.5,0.5,,,,,
600050.SH,20220602,3.46,3.48,3.45,3.47,3.47,0.0,0.0,679410.88,235143.562,0.5,0.5,,,,,
600050.SH,20220606,3.47,3.48,3.45,3.47,3.47,0.0,0.0,973817.86,337366.836,0.5,0.5,,,,,
600050.SH,20220607,3.47,3.5,3.46,3.48,3.47,0.01,0.2882,997375.37,346990.008,0.5,0.5,,,,,
600050.SH,20220608,3.48,3.49,3.46,3.48,3.48,0.0,0.0,916524.4,318473.861,0.5,0.5,,,,,
600050.SH,20220609,3.47,3.49,3.46,3.48,3.48,0.0,0.0,1210118.39,421050.816,0.5,0.5,,,,,
600050.SH,20220610,3.47,3.54,3.46,3.5,3.48,0.02,0.5747,2399720.62,841667.385,0.5,0.5,,,,,
600050.SH,20220613,3.49,3.51,3.45,3.46,3.5,-0.04,-1.1429,1673634.81,581537.458,0.5,0.5,,,,,
600050.SH,20220614,3.45,3.47,3.41,3.47,3.46,0.01,0.289,1399296.28,480848.416,0.5,0.5,,,,,
600050.SH,20220615,3.46,3.61,3.45,3.57,3.47,0.1,2.8818,2934752.67,1041197.631,0.5,0.5,,,,,
600050.SH,20220616,3.57,3.59,3.51,3.52,3.57,-0.05,-1.4006,1396682.29,494944.811,0.5,0.5,,,,,
600050.SH,20220617,3.51,3.53,3.47,3.53,3.52,0.01,0.2841,1179963.99,413503.079,0.5,0.5,,,,,
600050.SH,20220620,3.52,3.53,3.48,3.49,3.53,-0.04,-1.1331,898889.35,314410.034,0.5,0.5,,,,,
600050.SH,20220621,3.49,3.51,3.48,3.49,3.49,0.0,0.0,632760.15,221203.007,0.5,0.5,,,,,
600050.SH,20220622,3.49,3.5,3.46,3.46,3.49,-0.03,-0.8596,731302.93,254100.883,0.5,0.5,,,,,
600050.SH,20220623,3.46,3.49,3.46,3.48,3.46,0.02,0.578,668683.9,232207.267,0.5,0.5,,,,,
600050.SH,20220624,3.48,3.49,3.46,3.48,3.48,0.0,0.0,680993.75,236509.715,0.5,0.5,,,,,
600050.SH,20220627,3.48,3.49,3.47,3.48,3.48,0.0,0.0,664262.52,231216.255,0.5,0.5,,,,,
600050.SH,20220628,3.48,3.5,3.47,3.49,3.48,0.01,0.2874,742818.67,258555.799,0.5,0.5,,,,,
600050.SH,20220629,3.46,3.47,3.45,3.45,3.45,0.0,0.0,795098.21,275128.692,0.5,0.5,,,,,
600050.SH,20220630,3.46,3.47,3.45,3.46,3.45,0.01,0.2899,817600.0,282951.142,0.5,0.5,,,,,
600050.SH,20220701,3.47,3.47,3.45,3.47,3.46,0.01,0.289,701928.87,242835.417,0.5,0.5,,,,,
600050.SH,20220704,3.46,3.47,3.45,3.46,3.47,-0.01,-0.2882,579991.46,200748.984,0.5,0.5,,,,,
600050.SH,20220705,3.47,3.47,3.43,3.44,3.46,-0.02,-0.578,822538.36,283536.132,0.5,0.5,,,,,
600050.SH,20220706,3.44,3.44,3.41,3.43,3.44,-0.01,-0.2907,867437.89,296603.497,0.5,0.5,,,,,
600050.SH,20220707,3.42,3.43,3.41,3.42,3.43,-0.01,-0.2915,478406.79,163695.771,0.5,0.5,,,,,
600050.SH,20220708,3.42,3.44,3.42,3.42,3.42,0.0,0.0,454456.71,155812.026,0.5,0.5,,,,,
600050.SH,20220711,3.43,3.45,3.42,3.43,3.42,0.01,0.2924,703367.33,241704.097,0.5,0.5,,,,,
600050.SH,20220712,3.43,3.45,3.43,3.44,3.43,0.01,0.2915,588361.39,202463.21,0.5,0.5,,,,,
600050.SH,20220713,3.44,3.45,3.43,3.44,3.44,0.0,0.0,512617.8,176492.501,0.5,0.5,,,,,
600050.SH,20220714,3.44,3.45,3.42,3.42,3.44,-0.02,-0.5814,544346.62,186575.15,0.5,0.5,,,,,
600050.SH,20220715,3.42,3.43,3.38,3.38,3.42,-0.04,-1.1696,810841.16,276187.132,0.5,0.5,,,,,
600050.SH,20220718,3.38,3.41,3.38,3.41,3.38,0.03,0.8876,622262.29,211644.532,0.5,0.5,,,,,
600050.SH,20220719,3.41,3.44,3.4,3.43,3.41,0.02,0.5865,646645.56,221272.299,0.5,0.5,,,,,
600050.SH,20220720,3.43,3.45,3.42,3.44,3.43,0.01,0.2915,431249.31,148209.786,0.5,0.5,,,,,
600050.SH,20220721,3.44,3.45,3.42,3.42,3.44,-0.02,-0.5814,414530.32,142241.596,0.5,0.5,,,,,
600050.SH,20220722,3.43,3.44,3.42,3.43,3.42,0.01,0.2924,461060.93,158178.659,0.5,0.5,,,,,
600050.SH,20220725,3.44,3.44,3.42,3.43,3.43,0.0,0.0,350896.33,120303.231,0.5,0.5,,,,,
600050.SH,20220726,3.43,3.44,3.41,3.44,3.43,0.01,0.2915,452223.62,155093.23,0.5,0.5,,,,,
600050.SH,20220727,3.44,3.44,3.42,3.42,3.44,-0.02,-0.5814,385601.66,132316.809,0.5,0.5,,,,,
600050.SH,20220728,3.43,3.44,3.42,3.43,3.42,0.01,0.2924,481424.24,165275.506,0.5,0.5,,,,,
600050.SH,20220729,3.44,3.45,3.42,3.44,3.43,0.01,0.2915,721488.82,247893.278,0.5,0.5,,,,,
600050.SH,20220801,3.43,3.44,3.41,3.41,3.44,-0.03,-0.8721,610395.53,208672.104,0.5,0.5,,,,,
600050.SH,20220802,3.41,3.42,3.3,3.34,3.41,-0.07,-2.0528,1249077.7,417191.66,0.5,0.5,,,,,
600050.SH,20220803,3.32,3.35,3.3,3.31,3.34,-0.03,-0.8982,786949.21,261722.008,0.5,0.5,,,,,
600050.SH,20220804,3.32,3.35,3.31,3.35,3.31,0.04,1.2085,612855.18,204171.881,0.5,0.5,,,,,
600050.SH,20220805,3.35,3.4,3.34,3.39,3.35,0.04,1.194,598795.64,201716.641,0.5,0.5,,,,,
600050.SH,20220808,3.39,3.44,3.38,3.44,3.39,0.05,1.4749,694427.99,237570.271,0.5,0.5,,,,,
600050.SH,20220809,3.46,3.55,3.45,3.53,3.44,0.09,2.6163,2415987.36,849194.361,0.5,0.5,,,,,
600050.SH,20220810,3.53,3.61,3.52,3.57,3.53,0.04,1.1331,1665364.79,593273.965,0.5,0.5,,,,,
600050.SH,20220811,3.58,3.61,3.57,3.59,3.57,0.02,0.5602,1079750.78,387666.674,0.5,0.5,,,,,
600050.SH,20220812,3.6,3.6,3.55,3.59,3.59,0.0,0.0,876090.41,313804.073,0.5,0.5,,,,,
600050.SH,20220815,3.58,3.59,3.54,3.55,3.59,-0.04,-1.1142,821784.99,292302.641,0.5,0.5,,,,,
600050.SH,20220816,3.56,3.57,3.52,3.54,3.55,-0.01,-0.2817,616728.56,218245.666,0.5,0.5,,,,,
600050.SH,20220817,3.54,3.57,3.5,3.56,3.54,0.02,0.565,798296.46,282397.555,0.5,0.5,,,,,
600050.SH,20220818,3.55,3.55,3.51,3.52,3.56,-0.04,-1.1236,692264.27,244432.95,0.5,0.5,,,,,
600050.SH,20220819,3.52,3.61,3.51,3.58,3.52,0.06,1.7045,1227368.28,439370.93,0.5,0.5,,,,,
600050.SH,20220822,3.57,3.64,3.57,3.58,3.58,0.0,0.0,971939.63,349978.204,0.5,0.5,,,,,
600050.SH,20220823,3.58,3.58,3.54,3.55,3.58,-0.03,-0.838,634165.89,225654.948,0.5,0.5,,,,,
600050.SH,20220824,3.54,3.57,3.5,3.5,3.55,-0.05,-1.4085,664585.0,234633.611,0.5,0.5,,,,,
600050.SH,20220825,3.51,3.54,3.5,3.53,3.5,0.03,0.8571,548795.73,193036.735,0.5,0.5,,,,,
600050.SH,20220826,3.54,3.55,3.52,3.53,3.53,0.0,0.0,469813.56,166013.751,0.5,0.5,,,,,
600050.SH,20220829,3.5,3.53,3.49,3.52,3.53,-0.01,-0.2833,476549.29,167240.518,0.5,0.5,,,,,
600050.SH,20220830,3.51,3.58,3.5,3.58,3.52,0.06,1.7045,792413.15,282177.657,0.5,0.5,,,,,
600050.SH,20220831,3.57,3.58,3.53,3.55,3.58,-0.03,-0.838,776453.55,275536.869,0.5,0.5,,,,,
600050.SH,20220901,3.54,3.58,3.53,3.54,3.55,-0.01,-0.2817,689787.82,245390.52,0.5,0.5,,,,,
600050.SH,20220902,3.54,3.55,3.52,3.53,3.54,-0.01,-0.2825,553175.6,195303.74,0.5,0.5,,,,,
600050.SH,20220905,3.53,3.56,3.51,3.56,3.53,0.03,0.8499,558569.81,197706.667,0.5,0.5,,,,,
600050.SH,20220906,3.57,3.6,3.55,3.58,3.56,0.02,0.5618,655663.41,234862.926,0.5,0.5,,,,,
600050.SH,20220907,3.58,3.58,3.54,3.55,3.58,-0.03,-0.838,481207.88,171071.666,0.5,0.5,,,,,
600050.SH,20220908,3.56,3.59,3.54,3.58,3.55,0.03,0.8451,541161.28,193302.108,0.5,0.5,,,,,
600050.SH,20220909,3.57,3.64,3.56,3.6,3.58,0.02,0.5587,1021461.76,368929.693,0.5,0.5,,,,,
600050.SH,20220913,3.6,3.62,3.58,3.59,3.6,-0.01,-0.2778,632721.22,227879.956,0.5,0.5,,,,,
600050.SH,20220914,3.57,3.57,3.54,3.54,3.59,-0.05,-1.3928,665399.17,236381.972,0.5,0.5,,,,,
600050.SH,20220915,3.55,3.61,3.53,3.56,3.54,0.02,0.565,866409.52,309458.225,0.5,0.5,,,,,
600050.SH,20220916,3.55,3.56,3.47,3.48,3.56,-0.08,-2.2472,1061481.62,371663.059,0.5,0.5,,,,,
600050.SH,20220919,3.47,3.48,3.42,3.45,3.48,-0.03,-0.8621,729104.82,251520.662,0.5,0.5,,,,,
600050.SH,20220920,3.45,3.47,3.43,3.43,3.45,-0.02,-0.5797,460310.55,158513.827,0.5,0.5,,,,,
600050.SH,20220921,3.43,3.45,3.38,3.44,3.43,0.01,0.2915,591262.03,201940.922,0.5,0.5,,,,,
600050.SH,20220922,3.42,3.43,3.4,3.42,3.44,-0.02,-0.5814,436283.76,148969.058,0.5,0.5,,,,,
600050.SH,20220923,3.42,3.5,3.4,3.48,3.42,0.06,1.7544,1052906.02,365755.989,0.5,0.5,,,,,
600050.SH,20220926,3.47,3.48,3.35,3.36,3.48,-0.12,-3.4483,1035939.64,353278.502,0.5,0.5,,,,,
600050.SH,20220927,3.36,3.41,3.35,3.41,3.36,0.05,1.4881,488368.44,164993.708,0.5,0.5,,,,,
600050.SH,20220928,3.4,3.41,3.37,3.37,3.41,-0.04,-1.173,515698.64,174895.8,0.5,0.5,,,,,
600050.SH,20220929,3.39,3.41,3.32,3.34,3.37,-0.03,-0.8902,594998.98,200045.468,0.5,0.5,,,,,
600050.SH,20220930,3.33,3.37,3.32,3.35,3.34,0.01,0.2994,443486.9,148695.35,0.5,0.5,,,,,
600050.SH,20221010,3.36,3.43,3.35,3.38,3.35,0.03,0.8955,900136.69,306222.138,0.5,0.5,,,,,
600050.SH,20221011,3.38,3.41,3.36,3.37,3.38,-0.01,-0.2959,588191.01,198875.279,0.5,0.5,,,,,
600050.SH,20221012,3.37,3.43,3.36,3.42,3.37,0.05,1.4837,598109.47,202973.859,0.5,0.5,,,,,
600050.SH,20221013,3.41,3.44,3.39,3.43,3.42,0.01,0.2924,554897.79,189395.172,0.5,0.5,,,,,
600050.SH,20221014,3.43,3.46,3.42,3.43,3.43,0.0,0.0,617053.17,212167.347,0.5,0.5,,,,,
600050.SH,20221017,3.42,3.44,3.41,3.43,3.43,0.0,0.0,572273.3,196139.65,0.5,0.5,,,,,
600050.SH,20221018,3.44,3.45,3.41,3.42,3.43,-0.01,-0.2915,492163.57,168640.394,0.5,0.5,,,,,
600050.SH,20221019,3.42,3.42,3.38,3.38,3.42,-0.04,-1.1696,492131.44,166845.414,0.5,0.5,,,,,
600050.SH,20221020,3.38,3.41,3.37,3.41,3.38,0.03,0.8876,557853.82,189537.876,0.5,0.5,,,,,
600050.SH,20221021,3.41,3.45,3.4,3.44,3.41,0.03,0.8798,763182.02,262199.762,0.5,0.5,,,,,
600050.SH,20221024,3.44,3.47,3.36,3.36,3.44,-0.08,-2.3256,739909.01,251993.188,0.5,0.5,,,,,
600050.SH,20221025,3.36,3.38,3.34,3.34,3.36,-0.02,-0.5952,692953.91,232425.737,0.5,0.5,,,,,
600050.SH,20221026,3.35,3.39,3.34,3.35,3.34,0.01,0.2994,545496.56,183331.534,0.5,0.5,,,,,
600050.SH,20221027,3.36,3.39,3.35,3.38,3.35,0.03,0.8955,540000.48,182124.802,0.5,0.5,,,,,
600050.SH,20221028,3.37,3.38,3.33,3.34,3.38,-0.04,-1.1834,665284.96,222962.839,0.5,0.5,,,,,
600050.SH,20221031,3.34,3.4,3.32,3.36,3.34,0.02,0.5988,977577.01,328402.427,0.5,0.5,,,,,
600050.SH,20221101,3.36,3.42,3.35,3.41,3.36,0.05,1.4881,960160.78,325103.692,0.5,0.5,,,,,
600050.SH,20221102,3.41,3.75,3.39,3.75,3.41,0.34,9.9707,2974495.18,1069516.576,0.5,0.5,,,,,
600050.SH,20221103,3.86,3.99,3.65,3.71,3.75,-0.04,-1.0667,8427925.56,3209464.847,0.5,0.5,,,,,
600050.SH,20221104,3.65,3.67,3.56,3.65,3.71,-0.06,-1.6173,5012063.63,1810003.995,0.5,0.5,,,,,
600050.SH,20221107,3.61,3.62,3.56,3.58,3.65,-0.07,-1.9178,2725349.62,976497.535,0.5,0.5,,,,,
600050.SH,20221108,3.58,3.59,3.52,3.54,3.58,-0.04,-1.1173,2019515.67,714634.528,0.5,0.5,,,,,
600050.SH,20221109,3.47,3.49,3.45,3.45,3.47,-0.02,-0.5764,1359016.19,471531.78,0.5,0.5,,,,,
600050.SH,20221110,3.44,3.48,3.41,3.46,3.45,0.01,0.2899,1774137.51,610586.148,0.5,0.5,,,,,
600050.SH,20221111,3.49,3.51,3.45,3.47,3.46,0.01,0.289,1998842.06,694545.802,0.5,0.5,,,,,
600050.SH,20221114,3.46,3.49,3.44,3.46,3.47,-0.01,-0.2882,1385647.23,480182.9,0.5,0.5,,,,,
600050.SH,20221115,3.45,3.56,3.44,3.54,3.46,0.08,2.3121,2708401.0,947576.651,0.5,0.5,,,,,
600050.SH,20221116,3.53,3.65,3.52,3.59,3.54,0.05,1.4124,2642009.91,950101.318,0.5,0.5,,,,,
600050.SH,20221117,3.58,3.66,3.58,3.65,3.59,0.06,1.6713,2237688.86,812111.407,0.5,0.5,,,,,
600050.SH,20221118,3.69,3.85,3.68,3.78,3.65,0.13,3.5616,4206500.98,1586613.636,0.5,0.5,,,,,
600050.SH,20221121,3.77,3.79,3.68,3.71,3.78,-0.07,-1.8519,2301853.15,855356.345,0.5,0.5,,,,,
600050.SH,20221122,3.72,4.08,3.71,4.08,3.71,0.37,9.973,4987483.49,1970701.028,0.5,0.5,,,,,
600050.SH,20221123,4.15,4.19,3.96,3.99,4.08,-0.09,-2.2059,8822960.62,3593963.619,0.5,0.5,,,,,
600050.SH,20221124,3.89,3.94,3.8,3.8,3.99,-0.19,-4.7619,5213744.27,2011404.116,0.5,0.5,,,,,
600050.SH,20221125,3.82,4.18,3.82,4.17,3.8,0.37,9.7368,10343136.28,4230630.215,0.5,0.5,,,,,
600050.SH,20221128,4.06,4.22,4.01,4.18,4.17,0.01,0.2398,7531948.0,3108039.043,0.5,0.5,,,,,
600050.SH,20221129,4.15,4.26,4.06,4.14,4.18,-0.04,-0.9569,5620266.49,2326960.037,0.5,0.5,,,,,
600050.SH,20221130,4.13,4.55,4.13,4.41,4.14,0.27,6.5217,9053266.36,3948822.929,0.5,0.5,,,,,
600050.SH,20221201,4.41,4.85,4.35,4.72,4.41,0.31,7.0295,11550824.3,5453223.212,0.5,0.5,,,,,
600050.SH,20221202,4.68,4.79,4.64,4.74,4.72,0.02,0.4237,6107106.71,2878258.13,0.5,0.5,,,,,
600050.SH,20221205,4.8,5.21,4.78,5.2,4.74,0.46,9.7046,9826832.62,5003260.242,0.5,0.5,,,,,
600050.SH,20221206,5.12,5.15,4.93,4.97,5.2,-0.23,-4.4231,9521252.3,4787697.753,0.5,0.5,,,,,
600050.SH,20221207,4.97,5.25,4.91,5.09,4.97,0.12,2.4145,9406392.35,4762706.371,0.5,0.5,,,,,
600050.SH,20221208,5.01,5.12,4.88,5.09,5.09,0.0,0.0,6695762.83,3334757.713,0.5,0.5,,,,,
600050.SH,20221209,5.02,5.06,4.94,4.95,5.09,-0.14,-2.7505,4968916.19,2480031.608,0.5,0.5,,,,,
600050.SH,20221212,4.91,5.22,4.91,5.08,4.95,0.13,2.6263,6997812.25,3572216.004,0.5,0.5,,,,,
600050.SH,20221213,5.05,5.13,4.91,4.94,5.08,-0.14,-2.7559,4539349.34,2269150.867,0.5,0.5,,,,,
600050.SH,20221214,4.93,4.96,4.68,4.77,4.94,-0.17,-3.4413,6717343.79,3211516.31,0.5,0.5,,,,,
600050.SH,20221215,4.82,4.94,4.74,4.79,4.77,0.02,0.4193,4733358.16,2286311.184,0.5,0.5,,,,,
600050.SH,20221216,4.8,4.84,4.69,4.84,4.79,0.05,1.0438,4056225.68,1938916.29,0.5,0.5,,,,,
600050.SH,20221219,4.76,4.76,4.48,4.56,4.84,-0.28,-5.7851,6160838.99,2831151.919,0.5,0.5,,,,,
600050.SH,20221220,4.53,4.62,4.46,4.52,4.56,-0.04,-0.8772,4094722.03,1851647.551,0.5,0.5,,,,,
600050.SH,20221221,4.49,4.56,4.46,4.53,4.52,0.01,0.2212,2770713.18,1252029.961,0.5,0.5,,,,,
600050.SH,20221222,4.57,4.72,4.49,4.54,4.53,0.01,0.2208,4209814.39,1933835.181,0.5,0.5,,,,,
600050.SH,20221223,4.48,4.81,4.46,4.8,4.54,0.26,5.7269,5699018.51,2667812.683,0.5,0.5,,,,,
600050.SH,20221226,4.74,4.81,4.69,4.78,4.8,-0.02,-0.4167,3181480.77,1508373.748,0.5,0.5,,,,,
600050.SH,20221227,4.81,4.94,4.72,4.81,4.78,0.03,0.6276,3146952.89,1515928.741,0.5,0.5,,,,,
600050.SH,20221228,4.76,4.81,4.56,4.6,4.81,-0.21,-4.3659,4824241.92,2248771.397,0.5,0.5,,,,,
600050.SH,20221229,4.56,4.57,4.46,4.51,4.6,-0.09,-1.9565,3266690.69,1473185.474,0.5,0.5,,,,,
600050.SH,20221230,4.56,4.56,4.47,4.48,4.51,-0.03,-0.6652,2145508.63,967633.627,0.5,0.5,,,,,
600050.SH,20230103,4.48,4.93,4.48,4.93,4.48,0.45,10.0446,6991185.11,3343360.144,0.5,0.5,,,,,
600050.SH,20230104,4.99,5.05,4.89,5.02,4.93,0.09,1.8256,6270811.2,3116288.396,0.5,0.5,,,,,
600050.SH,20230105,4.99,5.22,4.99,5.07,5.02,0.05,0.996,5858581.23,2998796.956,0.5,0.5,,,,,
600050.SH,20230106,5.06,5.07,4.94,4.99,5.07,-0.08,-1.5779,3132034.07,1562800.315,0.5,0.5,,,,,
600050.SH,20230109,4.98,5.01,4.88,4.98,4.99,-0.01,-0.2004,3246942.95,1608309.963,0.5,0.5,,,,,
600050.SH,20230110,4.95,5.02,4.9,4.98,4.98,0.0,0.0,2571947.66,1277203.449,0.5,0.5,,,,,
600050.SH,20230111,4.97,5.12,4.93,4.96,4.98,-0.02,-0.4016,3127401.44,1572092.043,0.5,0.5,,,,,
600050.SH,20230112,4.94,5.14,4.92,5.11,4.96,0.15,3.0242,3870405.8,1951987.042,0.5,0.5,,,,,
600050.SH,20230113,5.07,5.14,4.99,5.06,5.11,-0.05,-0.9785,3227926.38,1631185.353,0.5,0.5,,,,,
600050.SH,20230116,5.06,5.1,4.98,5.02,5.06,-0.04,-0.7905,2944489.75,1483388.195,0.5,0.5,,,,,
600050.SH,20230117,4.99,5.04,4.94,4.95,5.02,-0.07,-1.3944,2094946.95,1043011.73,0.5,0.5,,,,,
600050.SH,20230118,4.95,5.12,4.91,5.07,4.95,0.12,2.4242,3392365.68,1713260.397,0.5,0.5,,,,,
600050.SH,20230119,5.04,5.18,5.02,5.17,5.07,0.1,1.9724,4324306.19,2205098.045,0.5,0.5,,,,,
600050.SH,20230120,5.19,5.62,5.17,5.53,5.17,0.36,6.9632,7470132.21,4101536.946,0.5,0.5,,,,,
600050.SH,20230130,5.54,5.6,5.29,5.33,5.53,-0.2,-3.6166,5766524.62,3109202.012,0.5,0.5,,,,,
600050.SH,20230131,5.3,5.35,5.19,5.23,5.33,-0.1,-1.8762,3248648.58,1707194.206,0.5,0.5,,,,,
600050.SH,20230201,5.24,5.3,5.2,5.28,5.23,0.05,0.956,3044556.82,1598227.999,0.5,0.5,,,,,
600050.SH,20230202,5.25,5.37,5.19,5.2,5.28,-0.08,-1.5152,3383030.17,1782848.094,0.5,0.5,,,,,
600050.SH,20230203,5.18,5.29,5.1,5.24,5.2,0.04,0.7692,3028224.42,1572753.649,0.5,0.5,,,,,
600050.SH,20230206,5.18,5.2,5.01,5.03,5.24,-0.21,-4.0076,4285525.36,2178078.411,0.5,0.5,,,,,
600050.SH,20230207,5.04,5.07,5.0,5.02,5.03,-0.01,-0.1988,1969351.17,990387.127,0.5,0.5,,,,,
600050.SH,20230208,5.02,5.03,4.83,4.85,5.02,-0.17,-3.3865,3973614.58,1944737.687,0.5,0.5,,,,,
600050.SH,20230209,4.83,4.98,4.81,4.94,4.85,0.09,1.8557,3529082.46,1731117.311,0.5,0.5,,,,,
600050.SH,20230210,4.92,5.03,4.89,4.98,4.94,0.04,0.8097,2760071.89,1368138.228,0.5,0.5,,,,,
600050.SH,20230213,4.95,5.08,4.95,5.04,4.98,0.06,1.2048,2879353.52,1445830.124,0.5,0.5,,,,,
600050.SH,20230214,5.04,5.09,4.92,4.96,5.04,-0.08,-1.5873,2427030.51,1209982.04,0.5,0.5,,,,,
600050.SH,20230215,4.99,5.19,4.97,5.05,4.96,0.09,1.8145,4704390.51,2392076.9,0.5,0.5,,,,,
600050.SH,20230216,5.01,5.49,5.01,5.21,5.05,0.16,3.1683,8060533.99,4257679.546,0.5,0.5,,,,,
600050.SH,20230217,5.2,5.26,4.92,4.92,5.21,-0.29,-5.5662,4705816.66,2378562.707,0.5,0.5,,,,,
600050.SH,20230220,4.94,5.35,4.92,5.29,4.92,0.37,7.5203,6862278.08,3584964.466,0.5,0.5,,,,,
600050.SH,20230221,5.28,5.47,5.23,5.47,5.29,0.18,3.4026,6365055.47,3411466.647,0.5,0.5,,,,,
600050.SH,20230222,5.4,5.42,5.26,5.31,5.47,-0.16,-2.925,4569963.32,2431655.6,0.5,0.5,,,,,
600050.SH,20230223,5.3,5.31,5.15,5.19,5.31,-0.12,-2.2599,3364494.24,1756988.735,0.5,0.5,,,,,
600050.SH,20230224,5.17,5.22,5.1,5.16,5.19,-0.03,-0.578,2877051.38,1483277.142,0.5,0.5,,,,,
600050.SH,20230227,5.13,5.18,5.03,5.09,5.16,-0.07,-1.3566,2259956.7,1154791.672,0.5,0.5,,,,,
600050.SH,20230228,5.21,5.43,5.17,5.28,5.09,0.19,3.7328,5539342.94,2922657.999,0.5,0.5,,,,,
600050.SH,20230301,5.25,5.81,5.24,5.81,5.28,0.53,10.0379,11822123.93,6762183.322,0.5,0.5,,,,,
600050.SH,20230302,5.86,5.99,5.78,5.95,5.81,0.14,2.4096,10907875.44,6423958.227,0.5,0.5,,,,,
600050.SH,20230303,5.87,6.24,5.78,6.07,5.95,0.12,2.0168,9727725.65,5875970.758,0.5,0.5,,,,,
600050.SH,20230306,6.1,6.29,5.96,6.05,6.07,-0.02,-0.3295,7580078.5,4630382.885,0.5,0.5,,,,,
600050.SH,20230307,6.0,6.16,5.83,5.88,6.05,-0.17,-2.8099,6916130.96,4147973.846,0.5,0.5,,,,,
600050.SH,20230308,5.81,6.08,5.81,6.07,5.88,0.19,3.2313,5676450.85,3367935.051,0.5,0.5,,,,,
600050.SH,20230309,5.91,6.2,5.77,6.0,6.07,-0.07,-1.1532,9607805.12,5713306.5,0.5,0.5,,,,,
600050.SH,20230310,5.93,6.09,5.72,5.74,6.0,-0.26,-4.3333,8470695.32,4974801.151,0.5,0.5,,,,,
600050.SH,20230313,5.7,6.15,5.7,6.05,5.74,0.31,5.4007,9772588.0,5815878.733,0.5,0.5,,,,,
600050.SH,20230314,6.04,6.45,5.99,6.18,6.05,0.13,2.1488,11362472.37,7013810.247,0.5,0.5,,,,,
600050.SH,20230315,6.2,6.27,5.93,6.0,6.18,-0.18,-2.9126,7333749.6,4414789.672,0.5,0.5,,,,,
600050.SH,20230316,5.94,6.04,5.83,5.86,6.0,-0.14,-2.3333,5303085.56,3135517.613,0.5,0.5,,,,,
600050.SH,20230317,5.87,6.15,5.82,6.15,5.86,0.29,4.9488,8369207.61,5062314.621,0.5,0.5,,,,,
600050.SH,20230320,6.12,6.16,5.54,5.56,6.15,-0.59,-9.5935,10775842.35,6310560.047,0.5,0.5,,,,,
600050.SH,20230321,5.55,5.68,5.46,5.58,5.56,0.02,0.3597,5886642.53,3270864.468,0.5,0.5,,,,,
600050.SH,20230322,5.55,5.7,5.47,5.67,5.58,0.09,1.6129,4104083.98,2307093.237,0.5,0.5,,,,,
600050.SH,20230323,5.62,5.78,5.55,5.77,5.67,0.1,1.7637,5139013.2,2916497.994,0.5,0.5,,,,,
600050.SH,20230324,5.7,5.72,5.42,5.5,5.77,-0.27,-4.6794,7285022.67,4019088.657,0.5,0.5,,,,,
600050.SH,20230327,5.48,5.52,5.27,5.4,5.5,-0.1,-1.8182,5283443.33,2842841.298,0.5,0.5,,,,,
600050.SH,20230328,5.4,5.6,5.4,5.53,5.4,0.13,2.4074,5407062.34,2978198.397,0.5,0.5,,,,,
600050.SH,20230329,5.51,5.51,5.3,5.46,5.53,-0.07,-1.2658,4779031.66,2579099.224,0.5,0.5,,,,,
600050.SH,20230330,5.41,5.51,5.21,5.29,5.46,-0.17,-3.1136,5107878.73,2717174.22,0.5,0.5,,,,,
600050.SH,20230331,5.29,5.46,5.27,5.42,5.29,0.13,2.4575,4168611.7,2240375.782,0.5,0.5,,,,,
600050.SH,20230403,5.38,5.6,5.31,5.56,5.42,0.14,2.583,6051663.23,3307628.769,0.5,0.5,,,,,
600050.SH,20230404,5.55,5.84,5.52,5.7,5.56,0.14,2.518,7405414.83,4215523.774,0.5,0.5,,,,,
600050.SH,20230406,5.63,5.63,5.5,5.57,5.7,-0.13,-2.2807,4227893.47,2349674.759,0.5,0.5,,,,,
600050.SH,20230407,5.53,5.67,5.53,5.56,5.57,-0.01,-0.1795,3003268.01,1674923.916,0.5,0.5,,,,,
600050.SH,20230410,5.57,5.7,5.49,5.55,5.56,-0.01,-0.1799,3788515.14,2118888.442,0.5,0.5,,,,,
600050.SH,20230411,5.53,5.55,5.39,5.51,5.55,-0.04,-0.7207,3373911.49,1845105.374,0.5,0.5,,,,,
600050.SH,20230412,5.49,5.95,5.47,5.93,5.51,0.42,7.6225,8407530.14,4864192.269,0.5,0.5,,,,,
600050.SH,20230413,5.86,5.91,5.67,5.75,5.93,-0.18,-3.0354,4625376.31,2682483.311,0.5,0.5,,,,,
600050.SH,20230414,5.75,5.93,5.71,5.8,5.75,0.05,0.8696,3735916.79,2168287.28,0.5,0.5,,,,,
600050.SH,20230417,5.75,5.94,5.68,5.88,5.8,0.08,1.3793,4225618.79,2469774.117,0.5,0.5,,,,,
600050.SH,20230418,5.85,6.13,5.75,6.07,5.88,0.19,3.2313,5858121.79,3484942.332,0.5,0.5,,,,,
600050.SH,20230419,5.95,5.98,5.7,5.73,6.07,-0.34,-5.6013,8939278.94,5186426.251,0.5,0.5,,,,,
600050.SH,20230420,5.7,5.77,5.6,5.72,5.73,-0.01,-0.1745,4683599.55,2667326.315,0.5,0.5,,,,,
600050.SH,20230421,5.71,5.76,5.5,5.51,5.72,-0.21,-3.6713,4974480.63,2788049.337,0.5,0.5,,,,,
600050.SH,20230424,5.51,5.58,5.43,5.48,5.51,-0.03,-0.5445,3207660.62,1767546.807,0.5,0.5,,,,,
600050.SH,20230425,5.48,5.52,5.34,5.47,5.48,-0.01,-0.1825,3673898.16,1995456.625,0.5,0.5,,,,,
600050.SH,20230426,5.43,5.46,5.27,5.32,5.47,-0.15,-2.7422,3066243.78,1639370.07,0.5,0.5,,,,,
600050.SH,20230427,5.3,5.39,5.26,5.35,5.32,0.03,0.5639,2544738.16,1359918.442,0.5,0.5,,,,,
600050.SH,20230428,5.35,5.45,5.33,5.44,5.35,0.09,1.6822,2637709.67,1423296.34,0.5,0.5,,,,,
600050.SH,20230504,5.4,5.49,5.33,5.44,5.44,0.0,0.0,3036200.87,1642261.111,0.5,0.5,,,,,
600050.SH,20230505,5.55,5.67,5.43,5.49,5.44,0.05,0.9191,3998677.96,2217336.94,0.5,0.5,,,,,
600050.SH,20230508,5.48,5.73,5.44,5.66,5.49,0.17,3.0965,5179438.38,2903984.828,0.5,0.5,,,,,
600050.SH,20230509,5.64,5.66,5.47,5.48,5.66,-0.18,-3.1802,4046919.03,2250024.488,0.5,0.5,,,,,
600050.SH,20230510,5.45,5.55,5.38,5.46,5.48,-0.02,-0.365,2529124.67,1379015.579,0.5,0.5,,,,,
600050.SH,20230511,5.47,5.48,5.31,5.35,5.46,-0.11,-2.0147,2376726.9,1274513.292,0.5,0.5,,,,,
600050.SH,20230512,5.34,5.42,5.23,5.26,5.35,-0.09,-1.6822,2169824.66,1152084.162,0.5,0.5,,,,,
600050.SH,20230515,5.25,5.26,5.0,5.16,5.26,-0.1,-1.9011,3672652.24,1872989.256,0.5,0.5,,,,,
600050.SH,20230516,5.16,5.22,5.07,5.1,5.16,-0.06,-1.1628,1841637.94,946385.674,0.5,0.5,,,,,
600050.SH,20230517,5.05,5.07,4.94,4.99,5.1,-0.11,-2.1569,2843803.57,1417245.243,0.5,0.5,,,,,
600050.SH,20230518,4.99,5.1,4.98,5.03,4.99,0.04,0.8016,2022852.23,1019511.437,0.5,0.5,,,,,
600050.SH,20230519,5.03,5.06,4.96,4.99,5.03,-0.04,-0.7952,1654045.89,828375.814,0.5,0.5,,,,,
600050.SH,20230522,5.0,5.03,4.97,4.98,4.99,-0.01,-0.2004,1350694.81,675027.072,0.5,0.5,,,,,
600050.SH,20230523,5.0,5.0,4.83,4.85,4.98,-0.13,-2.6104,2564557.53,1251669.197,0.5,0.5,,,,,
600050.SH,20230524,4.84,4.85,4.75,4.77,4.85,-0.08,-1.6495,2174404.27,1042259.485,0.5,0.5,,,,,
600050.SH,20230525,4.76,4.82,4.65,4.76,4.77,-0.01,-0.2096,3107960.91,1465068.068,0.5,0.5,,,,,
600050.SH,20230526,4.74,4.81,4.71,4.77,4.76,0.01,0.2101,2112216.31,1007332.205,0.5,0.5,,,,,
600050.SH,20230529,4.8,4.88,4.78,4.81,4.77,0.04,0.8386,2302227.4,1111380.979,0.5,0.5,,,,,
600050.SH,20230530,4.79,4.91,4.77,4.91,4.81,0.1,2.079,2590934.45,1260597.682,0.5,0.5,,,,,
600050.SH,20230531,4.89,4.97,4.86,4.92,4.91,0.01,0.2037,1897773.49,934049.932,0.5,0.5,,,,,
600050.SH,20230601,4.9,5.05,4.88,5.02,4.92,0.1,2.0325,2540803.7,1268273.041,0.5,0.5,,,,,
600050.SH,20230602,5.03,5.12,5.01,5.05,5.02,0.03,0.5976,1830683.29,924568.118,0.5,0.5,,,,,
600050.SH,20230605,5.04,5.12,5.03,5.06,5.05,0.01,0.198,1647402.73,835935.262,0.5,0.5,,,,,
600050.SH,20230606,5.05,5.14,5.02,5.04,5.06,-0.02,-0.3953,2049860.2,1043667.733,0.5,0.5,,,,,
600050.SH,20230607,5.05,5.12,5.01,5.11,5.04,0.07,1.3889,1930123.55,981648.204,0.5,0.5,,,,,
600050.SH,20230608,5.1,5.2,5.04,5.18,5.11,0.07,1.3699,2396751.01,1234602.708,0.5,0.5,,,,,
600050.SH,20230609,5.17,5.31,5.14,5.31,5.18,0.13,2.5097,4045312.83,2113206.839,0.5,0.5,,,,,
600050.SH,20230612,5.22,5.27,5.15,5.22,5.31,-0.09,-1.6949,3030386.9,1580350.506,0.5,0.5,,,,,
600050.SH,20230613,5.18,5.22,5.1,5.17,5.22,-0.05,-0.9579,2147267.29,1107370.179,0.5,0.5,,,,,
600050.SH,20230614,5.16,5.19,5.08,5.1,5.17,-0.07,-1.354,1864193.66,955057.39,0.5,0.5,,,,,
600050.SH,20230615,5.13,5.16,5.05,5.07,5.1,-0.03,-0.5882,1480923.16,754758.93,0.5,0.5,,,,,
600050.SH,20230616,5.08,5.12,5.05,5.07,5.07,0.0,0.0,1442668.61,734079.799,0.5,0.5,,,,,
600050.SH,20230619,5.07,5.24,5.03,5.2,5.07,0.13,2.5641,2523575.2,1299525.117,0.5,0.5,,,,,
600050.SH,20230620,5.18,5.19,5.04,5.05,5.2,-0.15,-2.8846,2296814.72,1171240.086,0.5,0.5,,,,,
600050.SH,20230621,5.04,5.05,4.83,4.83,5.05,-0.22,-4.3564,2681729.05,1313261.535,0.5,0.5,,,,,
600050.SH,20230626,4.8,4.85,4.73,4.75,4.83,-0.08,-1.6563,2040743.75,975687.512,0.5,0.5,,,,,
600050.SH,20230627,4.76,4.97,4.74,4.93,4.75,0.18,3.7895,2216357.9,1083916.704,0.5,0.5,,,,,
600050.SH,20230628,4.92,4.92,4.76,4.83,4.93,-0.1,-2.0284,1910714.41,921115.352,0.5,0.5,,,,,
600050.SH,20230629,4.8,4.86,4.76,4.83,4.83,0.0,0.0,1815636.12,874490.132,0.5,0.5,,,,,
600050.SH,20230630,4.81,4.87,4.76,4.8,4.83,-0.03,-0.6211,2057385.32,988274.467,0.5,0.5,,,,,
600050.SH,20230703,4.8,4.97,4.77,4.91,4.8,0.11,2.2917,2392327.78,1163814.644,0.5,0.5,,,,,
600050.SH,20230704,4.89,4.93,4.87,4.9,4.91,-0.01,-0.2037,1233928.32,604039.152,0.5,0.5,,,,,
600050.SH,20230705,4.9,4.98,4.82,4.83,4.9,-0.07,-1.4286,1574671.72,767215.499,0.5,0.5,,,,,
600050.SH,20230706,4.82,4.87,4.79,4.81,4.83,-0.02,-0.4141,1223041.32,588999.348,0.5,0.5,,,,,
600050.SH,20230707,4.76,4.76,4.67,4.69,4.77,-0.08,-1.6771,1674699.42,788068.098,0.5,0.5,,,,,
600050.SH,20230710,4.7,4.72,4.65,4.68,4.69,-0.01,-0.2132,1032286.24,483757.37,0.5,0.5,,,,,
600050.SH,20230711,4.69,4.74,4.68,4.72,4.68,0.04,0.8547,1097987.36,516981.323,0.5,0.5,,,,,
600050.SH,20230712,4.72,4.75,4.58,4.58,4.72,-0.14,-2.9661,1769027.05,822462.26,0.5,0.5,,,,,
600050.SH,20230713,4.61,4.66,4.6,4.65,4.58,0.07,1.5284,1732532.07,802472.315,0.5,0.5,,,,,
600050.SH,20230714,4.66,5.12,4.66,5.12,4.65,0.47,10.1075,7637567.45,3804470.525,0.5,0.5,,,,,
600050.SH,20230717,5.25,5.33,5.18,5.28,5.12,0.16,3.125,7808784.53,4107290.516,0.5,0.5,,,,,
600050.SH,20230718,5.17,5.35,5.16,5.27,5.28,-0.01,-0.1894,4722926.94,2485001.983,0.5,0.5,,,,,
600050.SH,20230719,5.25,5.29,5.19,5.23,5.27,-0.04,-0.759,3005213.36,1570663.88,0.5,0.5,,,,,
600050.SH,20230720,5.24,5.27,5.09,5.12,5.23,-0.11,-2.1033,3234655.96,1670966.852,0.5,0.5,,,,,
600050.SH,20230721,5.11,5.18,5.07,5.14,5.12,0.02,0.3906,2179069.84,1116385.857,0.5,0.5,,,,,
600050.SH,20230724,5.09,5.3,5.06,5.18,5.14,0.04,0.7782,2651287.71,1378608.734,0.5,0.5,,,,,
600050.SH,20230725,5.28,5.33,5.16,5.23,5.18,0.05,0.9653,3002023.54,1565802.506,0.5,0.5,,,,,
600050.SH,20230726,5.23,5.23,5.11,5.14,5.23,-0.09,-1.7208,1840103.37,948882.793,0.5,0.5,,,,,
600050.SH,20230727,5.11,5.16,5.06,5.08,5.14,-0.06,-1.1673,1960482.86,1000682.138,0.5,0.5,,,,,
600050.SH,20230728,5.06,5.33,5.05,5.3,5.08,0.22,4.3307,4398071.79,2301045.026,0.5,0.5,,,,,
600050.SH,20230731,5.34,5.34,5.13,5.16,5.3,-0.14,-2.6415,4618142.15,2403054.58,0.5,0.5,,,,,
600050.SH,20230801,5.15,5.18,5.08,5.14,5.16,-0.02,-0.3876,2737934.35,1403045.969,0.5,0.5,,,,,
600050.SH,20230802,5.13,5.14,5.07,5.1,5.14,-0.04,-0.7782,1544148.14,787393.089,0.5,0.5,,,,,
600050.SH,20230803,5.08,5.12,5.06,5.1,5.1,0.0,0.0,1545690.05,786438.98,0.5,0.5,,,,,
600050.SH,20230804,5.11,5.61,5.1,5.48,5.1,0.38,7.451,9697658.85,5285652.418,0.5,0.5,,,,,
600050.SH,20230807,5.36,5.42,5.27,5.3,5.48,-0.18,-3.2847,5181246.78,2755892.538,0.5,0.5,,,,,
600050.SH,20230808,5.32,5.38,5.26,5.28,5.3,-0.02,-0.3774,3052642.78,1618783.918,0.5,0.5,,,,,
600050.SH,20230809,5.28,5.3,5.21,5.24,5.28,-0.04,-0.7576,2313472.34,1213314.041,0.5,0.5,,,,,
600050.SH,20230810,5.26,5.35,5.22,5.32,5.24,0.08,1.5267,3533669.71,1872254.614,0.5,0.5,,,,,
600050.SH,20230811,5.29,5.55,5.25,5.26,5.32,-0.06,-1.1278,5916134.3,3199093.262,0.5,0.5,,,,,
600050.SH,20230814,5.16,5.46,5.12,5.4,5.26,0.14,2.6616,5071812.7,2713630.337,0.5,0.5,,,,,
600050.SH,20230815,5.38,5.42,5.27,5.32,5.4,-0.08,-1.4815,2809287.47,1496823.94,0.5,0.5,,,,,
600050.SH,20230816,5.3,5.31,5.09,5.18,5.32,-0.14,-2.6316,3202846.84,1662962.519,0.5,0.5,,,,,
600050.SH,20230817,5.15,5.22,5.08,5.2,5.18,0.02,0.3861,2443192.76,1261355.145,0.5,0.5,,,,,
600050.SH,20230818,5.18,5.22,5.05,5.06,5.2,-0.14,-2.6923,2603774.47,1330701.24,0.5,0.5,,,,,
600050.SH,20230821,5.06,5.22,5.04,5.11,5.06,0.05,0.9881,2780510.04,1432026.447,0.5,0.5,,,,,
600050.SH,20230822,5.22,5.56,5.2,5.5,5.11,0.39,7.6321,8684897.44,4705895.479,0.5,0.5,,,,,
600050.SH,20230823,5.45,5.55,5.4,5.42,5.5,-0.08,-1.4545,4664803.45,2551788.443,0.5,0.5,,,,,
600050.SH,20230824,5.46,5.48,5.24,5.26,5.42,-0.16,-2.952,4637224.69,2469411.202,0.5,0.5,,,,,
600050.SH,20230825,5.17,5.2,5.1,5.12,5.26,-0.14,-2.6616,3898935.92,2005485.631,0.5,0.5,,,,,
600050.SH,20230828,5.38,5.45,5.2,5.23,5.12,0.11,2.1484,4483220.06,2376859.99,0.5,0.5,,,,,
600050.SH,20230829,5.21,5.43,5.19,5.32,5.23,0.09,1.7208,3703837.64,1972445.213,0.5,0.5,,,,,
600050.SH,20230830,5.31,5.35,5.16,5.25,5.32,-0.07,-1.3158,3628242.42,1900488.47,0.5,0.5,,,,,
600050.SH,20230831,5.22,5.27,5.15,5.21,5.25,-0.04,-0.7619,2319163.9,1208027.441,0.5,0.5,,,,,
600050.SH,20230901,5.21,5.24,5.16,5.2,5.21,-0.01,-0.1919,1632883.11,847432.846,0.5,0.5,,,,,
600050.SH,20230904,5.23,5.39,5.18,5.31,5.2,0.11,2.1154,3221861.72,1706570.328,0.5,0.5,,,,,
600050.SH,20230905,5.28,5.29,5.18,5.19,5.31,-0.12,-2.2599,2262914.66,1179026.223,0.5,0.5,,,,,
600050.SH,20230906,5.18,5.19,5.12,5.18,5.19,-0.01,-0.1927,1951395.84,1005435.235,0.5,0.5,,,,,
600050.SH,20230907,5.13,5.19,5.12,5.14,5.18,-0.04,-0.7722,1775204.91,914267.71,0.5,0.5,,,,,
600050.SH,20230908,5.13,5.2,5.12,5.18,5.14,0.04,0.7782,1737505.81,897935.83,0.5,0.5,,,,,
600050.SH,20230911,5.19,5.23,5.15,5.18,5.18,0.0,0.0,1799968.19,933102.529,0.5,0.5,,,,,
600050.SH,20230912,5.17,5.23,5.15,5.2,5.18,0.02,0.3861,1809814.85,938181.712,0.5,0.5,,,,,
600050.SH,20230913,5.18,5.2,5.1,5.17,5.2,-0.03,-0.5769,1906623.4,981745.345,0.5,0.5,,,,,
600050.SH,20230914,5.17,5.29,5.15,5.21,5.17,0.04,0.7737,2752840.16,1438055.726,0.5,0.5,,,,,
600050.SH,20230915,5.2,5.26,5.16,5.17,5.21,-0.04,-0.7678,2182941.8,1134312.142,0.5,0.5,,,,,
600050.SH,20230918,5.16,5.17,5.1,5.11,5.17,-0.06,-1.1605,2043769.44,1046524.213,0.5,0.5,,,,,
600050.SH,20230919,5.1,5.12,5.07,5.1,5.11,-0.01,-0.1957,1368301.53,697423.756,0.5,0.5,,,,,
600050.SH,20230920,5.09,5.12,5.07,5.08,5.1,-0.02,-0.3922,971842.48,494639.704,0.5,0.5,,,,,
600050.SH,20230921,5.07,5.1,5.05,5.05,5.08,-0.03,-0.5906,1154192.89,585590.772,0.5,0.5,,,,,
600050.SH,20230922,5.05,5.12,5.01,5.11,5.05,0.06,1.1881,1908501.03,966807.721,0.5,0.5,,,,,
600050.SH,20230925,5.09,5.11,5.07,5.08,5.11,-0.03,-0.5871,1094984.95,556736.137,0.5,0.5,,,,,
600050.SH,20230926,5.07,5.09,4.89,4.91,5.08,-0.17,-3.3465,2923117.0,1452501.6,0.5,0.5,,,,,
600050.SH,20230927,4.9,4.94,4.89,4.91,4.91,0.0,0.0,1274085.25,626330.967,0.5,0.5,,,,,
600050.SH,20230928,4.92,4.94,4.86,4.91,4.91,0.0,0.0,1241945.76,608403.484,0.5,0.5,,,,,
600050.SH,20231009,4.9,4.99,4.85,4.96,4.91,0.05,1.0183,1744172.79,862192.774,0.5,0.5,,,,,
600050.SH,20231010,4.97,5.01,4.92,4.94,4.96,-0.02,-0.4032,1063614.12,526749.943,0.5,0.5,,,,,
600050.SH,20231011,4.96,4.97,4.91,4.92,4.94,-0.02,-0.4049,929047.43,458975.003,0.5,0.5,,,,,
600050.SH,20231012,4.95,5.1,4.94,5.03,4.92,0.11,2.2358,2379078.6,1195705.342,0.5,0.5,,,,,
600050.SH,20231013,5.0,5.02,4.95,4.98,5.03,-0.05,-0.994,1297367.51,645921.775,0.5,0.5,,,,,
600050.SH,20231016,4.98,5.03,4.96,4.98,4.98,0.0,0.0,1092147.71,544896.264,0.5,0.5,,,,,
600050.SH,20231017,4.99,5.1,4.97,5.07,4.98,0.09,1.8072,1992541.82,1008030.095,0.5,0.5,,,,,
600050.SH,20231018,5.05,5.06,5.0,5.02,5.07,-0.05,-0.9862,1168955.61,587750.259,0.5,0.5,,,,,
600050.SH,20231019,5.01,5.02,4.88,4.89,5.02,-0.13,-2.5896,1788952.64,884110.008,0.5,0.5,,,,,
600050.SH,20231020,4.87,4.88,4.69,4.72,4.89,-0.17,-3.4765,2034038.31,968805.425,0.5,0.5,,,,,
600050.SH,20231023,4.68,4.77,4.64,4.72,4.72,0.0,0.0,1418009.76,667162.857,0.5,0.5,,,,,
600050.SH,20231024,4.72,4.75,4.63,4.68,4.72,-0.04,-0.8475,1626658.34,760918.215,0.5,0.5,,,,,
600050.SH,20231025,4.69,4.69,4.47,4.51,4.68,-0.17,-3.6325,3842487.64,1749314.216,0.5,0.5,,,,,
600050.SH,20231026,4.47,4.52,4.4,4.51,4.51,0.0,0.0,2254164.96,1004849.213,0.5,0.5,,,,,
600050.SH,20231027,4.48,4.55,4.46,4.53,4.51,0.02,0.4435,1863982.57,840021.714,0.5,0.5,,,,,
600050.SH,20231030,4.5,4.53,4.41,4.46,4.53,-0.07,-1.5453,2183487.92,972012.587,0.5,0.5,,,,,
600050.SH,20231031,4.46,4.5,4.44,4.46,4.46,0.0,0.0,1489065.37,665448.635,0.5,0.5,,,,,
600050.SH,20231101,4.47,4.49,4.42,4.44,4.46,-0.02,-0.4484,1235059.85,548713.766,0.5,0.5,,,,,
600050.SH,20231102,4.44,4.46,4.4,4.41,4.44,-0.03,-0.6757,1452135.81,643012.508,0.5,0.5,,,,,
600050.SH,20231103,4.41,4.46,4.4,4.45,4.41,0.04,0.907,1347282.45,598207.782,0.5,0.5,,,,,
600050.SH,20231106,4.47,4.49,4.43,4.48,4.45,0.03,0.6742,1934443.26,863829.666,0.5,0.5,,,,,
600050.SH,20231107,4.47,4.51,4.43,4.48,4.48,0.0,0.0,1639576.26,732787.205,0.5,0.5,,,,,
600050.SH,20231108,4.47,4.53,4.46,4.51,4.48,0.03,0.6696,1767114.85,795194.513,0.5,0.5,,,,,
600050.SH,20231109,4.5,4.57,4.48,4.49,4.51,-0.02,-0.4435,1326417.53,598002.12,0.5,0.5,,,,,
600050.SH,20231110,4.46,4.48,4.42,4.45,4.49,-0.04,-0.8909,1156544.06,513989.11,0.5,0.5,,,,,
600050.SH,20231113,4.46,4.53,4.44,4.51,4.45,0.06,1.3483,1638348.24,737013.184,0.5,0.5,,,,,
600050.SH,20231114,4.51,4.55,4.5,4.54,4.51,0.03,0.6652,1235937.43,559381.126,0.5,0.5,,,,,
600050.SH,20231115,4.57,4.58,4.51,4.53,4.54,-0.01,-0.2203,1037409.43,470879.307,0.5,0.5,,,,,
600050.SH,20231116,4.52,4.53,4.46,4.47,4.53,-0.06,-1.3245,1140102.98,511196.15,0.5,0.5,,,,,
600050.SH,20231117,4.46,4.48,4.42,4.47,4.47,0.0,0.0,1367454.23,607722.421,0.5,0.5,,,,,
600050.SH,20231120,4.46,4.49,4.43,4.47,4.47,0.0,0.0,1088487.37,485043.713,0.5,0.5,,,,,
600050.SH,20231121,4.47,4.51,4.45,4.46,4.47,-0.01,-0.2237,1494875.24,669962.63,0.5,0.5,,,,,
600050.SH,20231122,4.46,4.63,4.45,4.51,4.46,0.05,1.1211,3359995.4,1524644.112,0.5,0.5,,,,,
600050.SH,20231123,4.5,4.55,4.46,4.53,4.51,0.02,0.4435,1875618.72,845617.827,0.5,0.5,,,,,
600050.SH,20231124,4.54,4.6,4.5,4.51,4.53,-0.02,-0.4415,1801324.06,818113.486,0.5,0.5,,,,,
600050.SH,20231127,4.51,4.52,4.41,4.43,4.51,-0.08,-1.7738,1868766.69,828875.106,0.5,0.5,,,,,
600050.SH,20231128,4.43,4.43,4.34,4.37,4.43,-0.06,-1.3544,1951922.37,856017.799,0.5,0.5,,,,,
600050.SH,20231129,4.38,4.39,4.33,4.35,4.37,-0.02,-0.4577,1081772.6,470750.45,0.5,0.5,,,,,
600050.SH,20231130,4.35,4.42,4.33,4.39,4.35,0.04,0.9195,1521806.69,667633.581,0.5,0.5,,,,,
600050.SH,20231201,4.39,4.47,4.35,4.46,4.39,0.07,1.5945,1924879.05,851701.136,0.5,0.5,,,,,
600050.SH,20231204,4.47,4.5,4.44,4.45,4.46,-0.01,-0.2242,1208894.19,540771.461,0.5,0.5,,,,,
600050.SH,20231205,4.44,4.45,4.36,4.37,4.45,-0.08,-1.7978,1192955.05,526020.774,0.5,0.5,,,,,
600050.SH,20231206,4.36,4.37,4.24,4.29,4.37,-0.08,-1.8307,1731616.05,741043.754,0.5,0.5,,,,,
600050.SH,20231207,4.28,4.34,4.26,4.29,4.29,0.0,0.0,1140328.79,490102.358,0.5,0.5,,,,,
600050.SH,20231208,4.24,4.4,4.22,4.34,4.21,0.13,3.0879,2321532.23,1003851.557,0.5,0.5,,,,,
600050.SH,20231211,4.33,4.39,4.28,4.38,4.34,0.04,0.9217,1518788.81,658126.031,0.5,0.5,,,,,
600050.SH,20231212,4.36,4.43,4.35,4.42,4.38,0.04,0.9132,1245377.84,548287.135,0.5,0.5,,,,,
600050.SH,20231213,4.4,4.43,4.37,4.38,4.42,-0.04,-0.905,955617.22,420274.429,0.5,0.5,,,,,
600050.SH,20231214,4.38,4.45,4.37,4.37,4.38,-0.01,-0.2283,1109585.83,488804.404,0.5,0.5,,,,,
600050.SH,20231215,4.36,4.39,4.33,4.33,4.37,-0.04,-0.9153,1166438.84,508378.828,0.5,0.5,,,,,
600050.SH,20231218,4.32,4.37,4.3,4.33,4.33,0.0,0.0,1037610.61,450296.429,0.5,0.5,,,,,
600050.SH,20231219,4.32,4.35,4.28,4.33,4.33,0.0,0.0,961536.02,415181.988,0.5,0.5,,,,,
600050.SH,20231220,4.33,4.35,4.26,4.27,4.33,-0.06,-1.3857,1021534.41,440245.167,0.5,0.5,,,,,
600050.SH,20231221,4.25,4.29,4.24,4.27,4.27,0.0,0.0,1066872.81,454834.213,0.5,0.5,,,,,
600050.SH,20231222,4.26,4.34,4.25,4.27,4.27,0.0,0.0,1746792.47,747971.934,0.5,0.5,,,,,
600050.SH,20231225,4.27,4.28,4.19,4.21,4.27,-0.06,-1.4052,1111694.06,469031.069,0.5,0.5,,,,,
600050.SH,20231226,4.21,4.24,4.18,4.22,4.21,0.01,0.2375,978854.37,413019.855,0.5,0.5,,,,,
600050.SH,20231227,4.23,4.38,4.21,4.36,4.22,0.14,3.3175,2333852.91,1002328.914,0.5,0.5,,,,,
600050.SH,20231228,4.33,4.4,4.31,4.37,4.36,0.01,0.2294,2387526.07,1040962.252,0.5,0.5,,,,,
600050.SH,20231229,4.35,4.42,4.33,4.38,4.37,0.01,0.2288,1801268.52,788458.312,0.5,0.5,,,,,
600050.SH,20240102,4.38,4.42,4.28,4.29,4.38,-0.09,-2.0548,2524215.55,1089890.198,0.5,0.5,,,,,
600050.SH,20240103,4.27,4.33,4.26,4.32,4.29,0.03,0.6993,1248959.28,537368.406,0.5,0.5,,,,,
600050.SH,20240104,4.31,4.35,4.23,4.28,4.32,-0.04,-0.9259,1693299.59,724509.84,0.5,0.5,,,,,
600050.SH,20240105,4.27,4.32,4.23,4.25,4.28,-0.03,-0.7009,1419313.94,606476.282,0.5,0.5,,,,,
600050.SH,20240108,4.23,4.25,4.18,4.19,4.25,-0.06,-1.4118,1437194.6,604960.72,0.5,0.5,,,,,
600050.SH,20240109,4.2,4.21,4.04,4.07,4.19,-0.12,-2.864,2457928.77,1007234.768,0.5,0.5,,,,,
600050.SH,20240110,4.05,4.05,3.99,3.99,4.07,-0.08,-1.9656,1466860.72,588694.206,0.5,0.5,,,,,
600050.SH,20240111,3.99,4.03,3.95,4.02,3.99,0.03,0.7519,1330521.56,531024.271,0.5,0.5,,,,,
600050.SH,20240112,4.0,4.06,3.99,4.0,4.02,-0.02,-0.4975,979231.23,393889.355,0.5,0.5,,,,,
600050.SH,20240115,3.98,4.07,3.97,4.05,4.0,0.05,1.25,1315690.23,531255.567,0.5,0.5,,,,,
600050.SH,20240116,4.04,4.07,4.01,4.07,4.05,0.02,0.4938,1147720.19,464175.652,0.5,0.5,,,,,
600050.SH,20240117,4.05,4.08,4.01,4.01,4.07,-0.06,-1.4742,1307217.99,529892.275,0.5,0.5,,,,,
600050.SH,20240118,4.0,4.06,3.9,4.04,4.01,0.03,0.7481,2244683.33,891772.724,0.5,0.5,,,,,
600050.SH,20240119,4.01,4.06,3.99,4.04,4.04,0.0,0.0,1474645.58,593810.721,0.5,0.5,,,,,
600050.SH,20240122,4.04,4.06,3.95,3.99,4.04,-0.05,-1.2376,1717062.94,690524.111,0.5,0.5,,,,,
600050.SH,20240123,3.98,3.99,3.93,3.97,3.99,-0.02,-0.5013,1395719.5,553084.584,0.5,0.5,,,,,
600050.SH,20240124,3.98,4.14,3.98,4.12,3.97,0.15,3.7783,2785772.96,1129851.383,0.5,0.5,,,,,
600050.SH,20240125,4.13,4.53,4.12,4.53,4.12,0.41,9.9515,8449035.95,3757276.811,0.5,0.5,,,,,
600050.SH,20240126,4.49,4.59,4.47,4.55,4.53,0.02,0.4415,6910286.67,3128445.194,0.5,0.5,,,,,
600050.SH,20240129,4.53,4.83,4.52,4.57,4.55,0.02,0.4396,6683270.61,3111717.828,0.5,0.5,,,,,
600050.SH,20240130,4.56,4.71,4.54,4.55,4.57,-0.02,-0.4376,4532361.14,2096296.444,0.5,0.5,,,,,
600050.SH,20240131,4.52,4.65,4.47,4.52,4.55,-0.03,-0.6593,3741106.46,1700168.435,0.5,0.5,,,,,
600050.SH,20240201,4.47,4.53,4.41,4.45,4.52,-0.07,-1.5487,3185163.74,1422516.473,0.5,0.5,,,,,
600050.SH,20240202,4.45,4.54,4.28,4.45,4.45,0.0,0.0,4010282.21,1782933.388,0.5,0.5,,,,,
600050.SH,20240205,4.39,4.48,4.33,4.43,4.45,-0.02,-0.4494,3463129.53,1527590.201,0.5,0.5,,,,,
600050.SH,20240206,4.41,4.53,4.3,4.47,4.43,0.04,0.9029,3913852.79,1732327.726,0.5,0.5,,,,,
600050.SH,20240207,4.46,4.57,4.42,4.56,4.47,0.09,2.0134,3970107.14,1781624.833,0.5,0.5,,,,,
600050.SH,20240208,4.53,4.57,4.5,4.56,4.56,0.0,0.0,3014420.16,1367388.732,0.5,0.5,,,,,
600050.SH,20240219,4.56,4.7,4.51,4.69,4.56,0.13,2.8509,3694129.81,1704432.382,0.5,0.5,,,,,
600050.SH,20240220,4.7,4.78,4.63,4.74,4.69,0.05,1.0661,3104938.98,1465667.237,0.5,0.5,,,,,
600050.SH,20240221,4.69,4.86,4.67,4.73,4.74,-0.01,-0.211,3438932.46,1639209.766,0.5,0.5,,,,,
600050.SH,20240222,4.79,5.0,4.79,4.9,4.73,0.17,3.5941,4152140.81,2033354.646,0.5,0.5,,,,,
600050.SH,20240223,4.9,4.92,4.81,4.86,4.9,-0.04,-0.8163,3034768.94,1472202.266,0.5,0.5,,,,,
600050.SH,20240226,4.85,4.86,4.72,4.73,4.86,-0.13,-2.6749,2886028.03,1377165.305,0.5,0.5,,,,,
600050.SH,20240227,4.71,4.86,4.7,4.83,4.73,0.1,2.1142,2646739.74,1266358.609,0.5,0.5,,,,,
600050.SH,20240228,4.86,4.87,4.7,4.71,4.83,-0.12,-2.4845,3071434.28,1469133.152,0.5,0.5,,,,,
600050.SH,20240229,4.68,4.8,4.67,4.8,4.71,0.09,1.9108,2536671.19,1206715.184,0.5,0.5,,,,,
600050.SH,20240301,4.8,4.88,4.77,4.84,4.8,0.04,0.8333,2562796.5,1238317.579,0.5,0.5,,,,,
600050.SH,20240304,4.85,4.9,4.81,4.86,4.84,0.02,0.4132,2450664.85,1191256.831,0.5,0.5,,,,,
600050.SH,20240305,4.86,4.94,4.81,4.84,4.86,-0.02,-0.4115,2549838.17,1240154.717,0.5,0.5,,,,,
600050.SH,20240306,4.83,4.86,4.81,4.81,4.84,-0.03,-0.6198,1852132.44,894596.98,0.5,0.5,,,,,
600050.SH,20240307,4.8,4.81,4.71,4.72,4.81,-0.09,-1.8711,2330658.17,1107850.762,0.5,0.5,,,,,
600050.SH,20240308,4.72,4.83,4.71,4.83,4.72,0.11,2.3305,1980964.95,946391.807,0.5,0.5,,,,,
600050.SH,20240311,4.81,4.83,4.74,4.78,4.83,-0.05,-1.0352,1930674.69,921012.468,0.5,0.5,,,,,
600050.SH,20240312,4.78,4.79,4.65,4.67,4.78,-0.11,-2.3013,2656788.29,1249341.557,0.5,0.5,,,,,
600050.SH,20240313,4.66,4.69,4.59,4.63,4.67,-0.04,-0.8565,1836896.96,851026.175,0.5,0.5,,,,,
600050.SH,20240314,4.63,4.67,4.58,4.62,4.63,-0.01,-0.216,1500501.5,694759.375,0.5,0.5,,,,,
600050.SH,20240315,4.61,4.62,4.57,4.61,4.62,-0.01,-0.2165,1395413.13,641457.964,0.5,0.5,,,,,
600050.SH,20240318,4.62,4.73,4.61,4.72,4.61,0.11,2.3861,2139304.68,1001961.287,0.5,0.5,,,,,
600050.SH,20240319,4.71,4.72,4.63,4.64,4.72,-0.08,-1.6949,1524945.03,711822.726,0.5,0.5,,,,,
600050.SH,20240320,4.68,4.75,4.63,4.71,4.64,0.07,1.5086,2351803.09,1105776.295,0.5,0.5,,,,,
600050.SH,20240321,4.69,4.8,4.69,4.72,4.71,0.01,0.2123,2129084.13,1008857.316,0.5,0.5,,,,,
600050.SH,20240322,4.71,4.73,4.62,4.66,4.72,-0.06,-1.2712,1717414.91,800174.329,0.5,0.5,,,,,
600050.SH,20240325,4.64,4.71,4.62,4.63,4.66,-0.03,-0.6438,1672816.34,780369.85,0.5,0.5,,,,,
600050.SH,20240326,4.61,4.64,4.59,4.62,4.63,-0.01,-0.216,1273371.1,587226.323,0.5,0.5,,,,,
600050.SH,20240327,4.61,4.67,4.55,4.58,4.62,-0.04,-0.8658,1919784.54,883327.209,0.5,0.5,,,,,
600050.SH,20240328,4.59,4.66,4.57,4.61,4.58,0.03,0.655,1863503.3,859118.578,0.5,0.5,,,,,
600050.SH,20240329,4.6,4.68,4.59,4.67,4.61,0.06,1.3015,1495150.38,694130.556,0.5,0.5,,,,,
600050.SH,20240401,4.68,4.8,4.67,4.74,4.67,0.07,1.4989,2011022.77,953251.088,0.5,0.5,,,,,
600050.SH,20240402,4.73,4.77,4.7,4.72,4.74,-0.02,-0.4219,1357320.87,641959.912,0.5,0.5,,,,,
600050.SH,20240403,4.71,4.72,4.67,4.67,4.72,-0.05,-1.0593,1036531.07,486089.687,0.5,0.5,,,,,
600050.SH,20240408,4.65,4.72,4.61,4.68,4.67,0.01,0.2141,1793148.69,838247.002,0.5,0.5,,,,,
600050.SH,20240409,4.67,4.69,4.58,4.61,4.68,-0.07,-1.4957,1689648.94,779934.037,0.5,0.5,,,,,
600050.SH,20240410,4.59,4.65,4.54,4.56,4.61,-0.05,-1.0846,1484999.71,681020.172,0.5,0.5,,,,,
600050.SH,20240411,4.54,4.62,4.53,4.55,4.56,-0.01,-0.2193,1325717.1,606832.358,0.5,0.5,,,,,
600050.SH,20240412,4.55,4.58,4.5,4.52,4.55,-0.03,-0.6593,1445303.16,655535.37,0.5,0.5,,,,,
600050.SH,20240415,4.52,4.74,4.51,4.73,4.52,0.21,4.646,3627879.6,1693580.523,0.5,0.5,,,,,
600050.SH,20240416,4.72,4.77,4.68,4.73,4.73,0.0,0.0,2966981.86,1403350.606,0.5,0.5,,,,,
600050.SH,20240417,4.71,4.83,4.64,4.82,4.73,0.09,1.9027,3238613.3,1537863.692,0.5,0.5,,,,,
600050.SH,20240418,4.8,4.94,4.78,4.84,4.82,0.02,0.4149,3191448.75,1550223.131,0.5,0.5,,,,,
600050.SH,20240419,4.81,4.88,4.8,4.84,4.84,0.0,0.0,2052522.8,992307.878,0.5,0.5,,,,,
600050.SH,20240422,4.84,4.88,4.74,4.76,4.84,-0.08,-1.6529,2200189.65,1055184.373,0.5,0.5,,,,,
600050.SH,20240423,4.77,4.8,4.69,4.71,4.76,-0.05,-1.0504,1907142.08,905289.816,0.5,0.5,,,,,
600050.SH,20240424,4.71,4.74,4.68,4.73,4.71,0.02,0.4246,1204252.5,567515.03,0.5,0.5,,,,,
600050.SH,20240425,4.72,4.74,4.69,4.74,4.73,0.01,0.2114,1131223.97,533963.523,0.5,0.5,,,,,
600050.SH,20240426,4.73,4.79,4.72,4.76,4.74,0.02,0.4219,1992672.85,948983.702,0.5,0.5,,,,,
600050.SH,20240429,4.77,4.78,4.67,4.69,4.76,-0.07,-1.4706,3052108.03,1434722.542,0.5,0.5,,,,,
600050.SH,20240430,4.69,4.77,4.68,4.69,4.69,0.0,0.0,2237620.8,1057003.526,0.5,0.5,,,,,
600050.SH,20240506,4.73,4.74,4.65,4.66,4.69,-0.03,-0.6397,2730751.47,1278746.148,0.5,0.5,,,,,
600050.SH,20240507,4.67,4.69,4.65,4.67,4.66,0.01,0.2146,1404402.63,655352.274,0.5,0.5,,,,,
600050.SH,20240508,4.66,4.67,4.62,4.64,4.67,-0.03,-0.6424,1305603.26,606106.764,0.5,0.5,,,,,
600050.SH,20240509,4.63,4.66,4.62,4.64,4.64,0.0,0.0,1479353.18,686069.101,0.5,0.5,,,,,
600050.SH,20240510,4.64,4.7,4.63,4.67,4.64,0.03,0.6466,1962642.67,916739.896,0.5,0.5,,,,,
600050.SH,20240513,4.65,4.69,4.62,4.66,4.67,-0.01,-0.2141,1725783.17,803796.586,0.5,0.5,,,,,
600050.SH,20240514,4.67,4.68,4.63,4.64,4.66,-0.02,-0.4292,1209347.6,561672.919,0.5,0.5,,,,,
600050.SH,20240515,4.64,4.64,4.58,4.59,4.64,-0.05,-1.0776,1423795.51,655158.754,0.5,0.5,,,,,
600050.SH,20240516,4.6,4.61,4.56,4.58,4.59,-0.01,-0.2179,1516950.71,694321.745,0.5,0.5,,,,,
600050.SH,20240517,4.58,4.64,4.56,4.64,4.58,0.06,1.31,1722024.63,791902.76,0.5,0.5,,,,,
600050.SH,20240520,4.62,4.67,4.62,4.66,4.64,0.02,0.431,1912971.5,888036.56,0.5,0.5,,,,,
600050.SH,20240521,4.65,4.68,4.64,4.67,4.66,0.01,0.2146,1247726.76,581821.617,0.5,0.5,,,,,
600050.SH,20240522,4.67,4.7,4.65,4.69,4.67,0.02,0.4283,1642918.0,769762.889,0.5,0.5,,,,,
600050.SH,20240523,4.7,4.7,4.63,4.64,4.69,-0.05,-1.0661,1352531.33,630547.263,0.5,0.5,,,,,
600050.SH,20240524,4.63,4.67,4.6,4.61,4.64,-0.03,-0.6466,1231011.61,571149.907,0.5,0.5,,,,,
600050.SH,20240527,4.63,4.7,4.6,4.7,4.61,0.09,1.9523,1789261.16,834419.701,0.5,0.5,,,,,
600050.SH,20240528,4.69,4.72,4.63,4.64,4.7,-0.06,-1.2766,1391061.61,650314.372,0.5,0.5,,,,,
600050.SH,20240529,4.64,4.65,4.58,4.59,4.64,-0.05,-1.0776,1417562.06,653769.19,0.5,0.5,,,,,
600050.SH,20240530,4.58,4.61,4.56,4.58,4.59,-0.01,-0.2179,1226291.98,562263.913,0.5,0.5,,,,,
600050.SH,20240531,4.58,4.61,4.57,4.57,4.58,-0.01,-0.2183,1209355.3,554730.872,0.5,0.5,,,,,
600050.SH,20240603,4.57,4.62,4.56,4.59,4.57,0.02,0.4376,1350784.58,620328.353,0.5,0.5,,,,,
600050.SH,20240604,4.58,4.6,4.53,4.6,4.59,0.01,0.2179,1345398.55,614973.664,0.5,0.5,,,,,
600050.SH,20240605,4.59,4.59,4.53,4.54,4.6,-0.06,-1.3043,1089487.58,496844.988,0.5,0.5,,,,,
600050.SH,20240606,4.54,4.57,4.52,4.52,4.54,-0.02,-0.4405,1272386.9,577642.644,0.5,0.5,,,,,
600050.SH,20240607,4.54,4.57,4.52,4.57,4.52,0.05,1.1062,1238477.31,562812.748,0.5,0.5,,,,,
600050.SH,20240611,4.55,4.59,4.47,4.47,4.57,-0.1,-2.1882,1795129.87,811127.869,0.5,0.5,,,,,
600050.SH,20240612,4.49,4.49,4.37,4.42,4.47,-0.05,-1.1186,2327016.94,1026912.293,0.5,0.5,,,,,
600050.SH,20240613,4.42,4.45,4.4,4.43,4.42,0.01,0.2262,1283482.09,568592.342,0.5,0.5,,,,,
600050.SH,20240614,4.42,4.51,4.41,4.51,4.43,0.08,1.8059,1788822.59,801007.377,0.5,0.5,,,,,
600050.SH,20240617,4.5,4.55,4.48,4.51,4.51,0.0,0.0,1352447.69,611538.904,0.5,0.5,,,,,
600050.SH,20240618,4.51,4.55,4.5,4.55,4.51,0.04,0.8869,940207.55,426128.279,0.5,0.5,,,,,
600050.SH,20240619,4.55,4.6,4.54,4.57,4.55,0.02,0.4396,1253657.06,574049.844,0.5,0.5,,,,,
600050.SH,20240620,4.57,4.59,4.5,4.52,4.57,-0.05,-1.0941,1260022.87,570613.621,0.5,0.5,,,,,
600050.SH,20240621,4.52,4.58,4.5,4.57,4.52,0.05,1.1062,1331127.45,606142.326,0.5,0.5,,,,,
600050.SH,20240624,4.57,4.59,4.54,4.55,4.57,-0.02,-0.4376,1247434.28,569623.751,0.5,0.5,,,,,
600050.SH,20240625,4.54,4.58,4.46,4.5,4.55,-0.05,-1.0989,1436000.67,648719.342,0.5,0.5,,,,,
600050.SH,20240626,4.5,4.53,4.44,4.52,4.5,0.02,0.4444,1251948.69,561200.748,0.5,0.5,,,,,
600050.SH,20240627,4.51,4.61,4.5,4.59,4.52,0.07,1.5487,2048728.21,937796.093,0.5,0.5,,,,,
600050.SH,20240628,4.58,4.71,4.57,4.7,4.59,0.11,2.3965,2623749.2,1221380.173,0.5,0.5,,,,,
600050.SH,20240701,4.7,4.73,4.67,4.68,4.7,-0.02,-0.4255,1670867.35,784381.028,0.5,0.5,,,,,
600050.SH,20240702,4.68,4.76,4.68,4.74,4.68,0.06,1.2821,1934386.69,915270.521,0.5,0.5,,,,,
600050.SH,20240703,4.74,4.81,4.72,4.77,4.74,0.03,0.6329,1772118.89,844232.496,0.5,0.5,,,,,
600050.SH,20240704,4.76,4.8,4.71,4.72,4.77,-0.05,-1.0482,1465830.02,695337.144,0.5,0.5,,,,,
600050.SH,20240705,4.72,4.76,4.66,4.72,4.72,0.0,0.0,1606420.26,756211.221,0.5,0.5,,,,,
600050.SH,20240708,4.71,4.76,4.71,4.72,4.72,0.0,0.0,1309225.53,620138.916,0.5,0.5,,,,,
600050.SH,20240709,4.74,4.79,4.67,4.77,4.72,0.05,1.0593,1665296.3,790694.39,0.5,0.5,,,,,
600050.SH,20240710,4.75,4.8,4.72,4.73,4.77,-0.04,-0.8386,1310688.71,621981.013,0.5,0.5,,,,,
600050.SH,20240711,4.75,4.79,4.72,4.75,4.73,0.02,0.4228,1338900.95,635722.873,0.5,0.5,,,,,
600050.SH,20240712,4.74,4.8,4.72,4.78,4.75,0.03,0.6316,1440318.49,687356.469,0.5,0.5,,,,,
600050.SH,20240715,4.77,4.85,4.76,4.81,4.78,0.03,0.6276,1696071.22,816603.461,0.5,0.5,,,,,
600050.SH,20240716,4.8,4.82,4.77,4.81,4.81,0.0,0.0,1256176.64,602324.782,0.5,0.5,,,,,
600050.SH,20240717,4.81,4.82,4.72,4.74,4.81,-0.07,-1.4553,1784996.27,849950.205,0.5,0.5,,,,,
600050.SH,20240718,4.72,4.83,4.71,4.81,4.74,0.07,1.4768,1948814.45,932394.936,0.5,0.5,,,,,
600050.SH,20240719,4.76,4.8,4.72,4.8,4.76,0.04,0.8403,1776878.7,846185.742,0.5,0.5,,,,,
600050.SH,20240722,4.8,4.81,4.71,4.75,4.8,-0.05,-1.0417,1561603.02,741671.59,0.5,0.5,,,,,
600050.SH,20240723,4.75,4.8,4.73,4.74,4.75,-0.01,-0.2105,1422237.44,678733.871,0.5,0.5,,,,,
600050.SH,20240724,4.72,4.83,4.71,4.79,4.74,0.05,1.0549,1993563.17,952715.894,0.5,0.5,,,,,
600050.SH,20240725,4.79,4.82,4.69,4.73,4.79,-0.06,-1.2526,1868133.11,885019.284,0.5,0.5,,,,,
600050.SH,20240726,4.73,4.74,4.6,4.65,4.73,-0.08,-1.6913,1932644.11,897557.619,0.5,0.5,,,,,
600050.SH,20240729,4.63,4.78,4.62,4.75,4.65,0.1,2.1505,1699652.34,801007.383,0.5,0.5,,,,,
600050.SH,20240730,4.75,4.8,4.73,4.78,4.75,0.03,0.6316,1231873.57,587194.931,0.5,0.5,,,,,
600050.SH,20240731,4.8,4.8,4.69,4.7,4.78,-0.08,-1.6736,2404214.47,1133225.477,0.5,0.5,,,,,
600050.SH,20240801,4.68,4.78,4.68,4.72,4.7,0.02,0.4255,1861641.19,881218.456,0.5,0.5,,,,,
600050.SH,20240802,4.72,4.8,4.7,4.76,4.72,0.04,0.8475,2033947.59,969804.207,0.5,0.5,,,,,
600050.SH,20240805,4.75,4.78,4.65,4.66,4.76,-0.1,-2.1008,1814722.06,852885.427,0.5,0.5,,,,,
600050.SH,20240806,4.67,4.7,4.53,4.59,4.66,-0.07,-1.5021,1892499.71,869137.596,0.5,0.5,,,,,
600050.SH,20240807,4.59,4.64,4.57,4.57,4.59,-0.02,-0.4357,962925.92,442830.79,0.5,0.5,,,,,
600050.SH,20240808,4.56,4.62,4.55,4.59,4.57,0.02,0.4376,854462.57,392562.57,0.5,0.5,,,,,
600050.SH,20240809,4.59,4.62,4.52,4.52,4.59,-0.07,-1.5251,1211070.59,551758.117,0.5,0.5,,,,,
600050.SH,20240812,4.53,4.53,4.44,4.46,4.52,-0.06,-1.3274,1026639.76,460154.102,0.5,0.5,,,,,
600050.SH,20240813,4.46,4.49,4.45,4.47,4.46,0.01,0.2242,967330.76,432311.615,0.5,0.5,,,,,
600050.SH,20240814,4.48,4.53,4.46,4.5,4.47,0.03,0.6711,1057053.28,475640.734,0.5,0.5,,,,,
600050.SH,20240815,4.51,4.56,4.46,4.53,4.5,0.03,0.6667,1291446.25,584709.824,0.5,0.5,,,,,
600050.SH,20240816,4.57,4.74,4.56,4.73,4.53,0.2,4.415,3231695.54,1514208.767,0.5,0.5,,,,,
600050.SH,20240819,4.74,4.79,4.72,4.79,4.73,0.06,1.2685,1863960.09,888750.554,0.5,0.5,,,,,
600050.SH,20240820,4.8,4.8,4.74,4.76,4.79,-0.03,-0.6263,1263161.22,601430.406,0.5,0.5,,,,,
600050.SH,20240821,4.76,4.79,4.72,4.76,4.76,0.0,0.0,1153830.08,550234.691,0.5,0.5,,,,,
600050.SH,20240822,4.76,4.8,4.74,4.76,4.76,0.0,0.0,1248644.35,596034.942,0.5,0.5,,,,,
600050.SH,20240823,4.77,4.83,4.74,4.79,4.76,0.03,0.6303,1449278.04,694224.586,0.5,0.5,,,,,
600050.SH,20240826,4.79,4.82,4.75,4.79,4.79,0.0,0.0,1122252.42,536812.618,0.5,0.5,,,,,
600050.SH,20240827,4.78,4.82,4.77,4.81,4.79,0.02,0.4175,1272622.11,611294.313,0.5,0.5,,,,,
600050.SH,20240828,4.81,4.82,4.76,4.79,4.81,-0.02,-0.4158,1098238.29,526050.524,0.5,0.5,,,,,
600050.SH,20240829,4.79,4.8,4.67,4.68,4.79,-0.11,-2.2965,1411940.61,665741.354,0.5,0.5,,,,,
600050.SH,20240830,4.67,4.71,4.64,4.64,4.68,-0.04,-0.8547,1947817.52,910329.934,0.5,0.5,,,,,
600050.SH,20240902,4.65,4.67,4.59,4.63,4.64,-0.01,-0.2155,1255209.79,582598.497,0.5,0.5,,,,,
600050.SH,20240903,4.63,4.68,4.6,4.67,4.63,0.04,0.8639,1117722.1,518802.624,0.5,0.5,,,,,
600050.SH,20240904,4.66,4.71,4.65,4.68,4.67,0.01,0.2141,1075376.42,503953.056,0.5,0.5,,,,,
600050.SH,20240905,4.68,4.7,4.6,4.62,4.68,-0.06,-1.2821,1253780.02,579633.226,0.5,0.5,,,,,
600050.SH,20240906,4.62,4.68,4.61,4.61,4.62,-0.01,-0.2165,865498.82,401402.12,0.5,0.5,,,,,
600050.SH,20240909,4.61,4.63,4.52,4.55,4.61,-0.06,-1.3015,1182222.06,538692.206,0.5,0.5,,,,,
600050.SH,20240910,4.54,4.58,4.54,4.56,4.55,0.01,0.2198,853304.7,389243.502,0.5,0.5,,,,,
600050.SH,20240911,4.55,4.56,4.48,4.5,4.56,-0.06,-1.3158,1013777.77,457095.065,0.5,0.5,,,,,
600050.SH,20240912,4.51,4.52,4.45,4.47,4.5,-0.03,-0.6667,1092521.47,488833.015,0.5,0.5,,,,,
600050.SH,20240913,4.47,4.53,4.46,4.47,4.47,0.0,0.0,822664.92,369843.205,0.5,0.5,,,,,
600050.SH,20240918,4.47,4.5,4.44,4.48,4.47,0.01,0.2237,944653.19,422663.148,0.5,0.5,,,,,
600050.SH,20240919,4.49,4.5,4.43,4.47,4.48,-0.01,-0.2232,1310994.92,585151.528,0.5,0.5,,,,,
600050.SH,20240920,4.47,4.52,4.45,4.49,4.47,0.02,0.4474,1495196.94,669379.758,0.5,0.5,,,,,
600050.SH,20240923,4.49,4.52,4.47,4.49,4.49,0.0,0.0,1069850.14,480488.479,0.5,0.5,,,,,
600050.SH,20240924,4.51,4.7,4.5,4.7,4.49,0.21,4.6771,2374138.64,1093413.219,0.5,0.5,,,,,
600050.SH,20240925,4.73,4.89,4.72,4.8,4.7,0.1,2.1277,3024410.49,1456834.934,0.5,0.5,,,,,
600050.SH,20240926,4.79,4.93,4.78,4.93,4.8,0.13,2.7083,2586454.59,1255226.783,0.5,0.5,,,,,
600050.SH,20240927,4.97,5.04,4.86,4.97,4.93,0.04,0.8114,1838253.29,908711.832,0.5,0.5,,,,,
600050.SH,20240930,5.06,5.39,5.03,5.35,4.97,0.38,7.6459,6023753.74,3141201.481,0.5,0.5,,,,,
600050.SH,20241008,5.88,5.89,5.31,5.54,5.35,0.19,3.5514,7207305.63,4016208.794,0.5,0.5,,,,,
600050.SH,20241009,5.45,5.45,5.14,5.17,5.54,-0.37,-6.6787,4674425.79,2478456.61,0.5,0.5,,,,,
600050.SH,20241010,5.22,5.61,5.22,5.41,5.17,0.24,4.6422,5749176.8,3139824.572,0.5,0.5,,,,,
600050.SH,20241011,5.35,5.37,5.08,5.13,5.41,-0.28,-5.1756,3652340.45,1905343.726,0.5,0.5,,,,,
600050.SH,20241014,5.15,5.29,5.14,5.25,5.13,0.12,2.3392,2484877.99,1295241.059,0.5,0.5,,,,,
600050.SH,20241015,5.23,5.32,5.16,5.16,5.25,-0.09,-1.7143,2063985.37,1082120.844,0.5,0.5,,,,,
600050.SH,20241016,5.1,5.21,5.08,5.16,5.16,0.0,0.0,1698190.39,875171.402,0.5,0.5,,,,,
600050.SH,20241017,5.17,5.21,5.05,5.07,5.16,-0.09,-1.7442,1852404.96,950036.789,0.5,0.5,,,,,
600050.SH,20241018,5.06,5.23,5.01,5.17,5.07,0.1,1.9724,2523118.36,1292523.712,0.5,0.5,,,,,
600050.SH,20241021,5.18,5.19,5.1,5.16,5.17,-0.01,-0.1934,2741345.26,1406908.606,0.5,0.5,,,,,
600050.SH,20241022,5.15,5.16,5.07,5.14,5.16,-0.02,-0.3876,2244179.9,1147459.584,0.5,0.5,,,,,
600050.SH,20241023,5.18,5.26,5.12,5.14,5.14,0.0,0.0,3213979.68,1663502.594,0.5,0.5,,,,,
600050.SH,20241024,5.12,5.13,5.02,5.05,5.14,-0.09,-1.751,2418125.76,1221694.985,0.5,0.5,,,,,
600050.SH,20241025,5.03,5.08,5.02,5.06,5.05,0.01,0.198,1668426.77,841955.053,0.5,0.5,,,,,
600050.SH,20241028,5.04,5.22,5.03,5.16,5.06,0.1,1.9763,2802451.68,1437754.045,0.5,0.5,,,,,
600050.SH,20241029,5.16,5.18,5.07,5.11,5.16,-0.05,-0.969,1930137.91,987328.751,0.5,0.5,,,,,
600050.SH,20241030,5.03,5.03,4.97,5.01,5.02,-0.01,-0.1992,1597071.87,799108.899,0.5,0.5,,,,,
600050.SH,20241031,5.0,5.03,4.96,4.99,5.01,-0.02,-0.3992,1900179.17,948520.899,0.5,0.5,,,,,
600050.SH,20241101,4.99,5.1,4.97,5.04,4.99,0.05,1.002,2931890.15,1482116.865,0.5,0.5,,,,,
600050.SH,20241104,5.05,5.05,4.96,5.04,5.04,0.0,0.0,1860027.08,930594.055,0.5,0.5,,,,,
600050.SH,20241105,5.04,5.15,5.04,5.15,5.04,0.11,2.1825,3028460.7,1546765.687,0.5,0.5,,,,,
600050.SH,20241106,5.15,5.28,5.14,5.17,5.15,0.02,0.3883,2798134.24,1452404.59,0.5,0.5,,,,,
600050.SH,20241107,5.14,5.29,5.13,5.29,5.17,0.12,2.3211,2951832.11,1537802.305,0.5,0.5,,,,,
600050.SH,20241108,5.3,5.34,5.15,5.19,5.29,-0.1,-1.8904,3109037.71,1626142.411,0.5,0.5,,,,,
600050.SH,20241111,5.18,5.23,5.13,5.22,5.19,0.03,0.578,2463273.15,1276751.352,0.5,0.5,,,,,
600050.SH,20241112,5.21,5.21,5.07,5.09,5.22,-0.13,-2.4904,2975773.12,1528415.851,0.5,0.5,,,,,
600050.SH,20241113,5.05,5.6,5.05,5.46,5.09,0.37,7.2692,12781016.41,6986930.412,0.5,0.5,,,,,
600050.SH,20241114,5.32,5.7,5.26,5.47,5.46,0.01,0.1832,11018124.55,6009117.017,0.5,0.5,,,,,
600050.SH,20241115,5.4,6.02,5.4,5.81,5.47,0.34,6.2157,16820485.11,9724362.938,0.5,0.5,,,,,
600050.SH,20241118,5.8,6.2,5.63,5.8,5.81,-0.01,-0.1721,17121587.38,10090550.036,0.5,0.5,,,,,
600050.SH,20241119,5.64,5.68,5.34,5.48,5.8,-0.32,-5.5172,13135740.25,7190256.617,0.5,0.5,,,,,
600050.SH,20241120,5.4,5.53,5.35,5.48,5.48,0.0,0.0,7555784.77,4117015.676,0.5,0.5,,,,,
600050.SH,20241121,5.46,5.51,5.31,5.37,5.48,-0.11,-2.0073,6257145.7,3370254.146,0.5,0.5,,,,,
600050.SH,20241122,5.38,5.46,5.2,5.2,5.37,-0.17,-3.1657,6346925.94,3384883.804,0.5,0.5,,,,,
600050.SH,20241125,5.22,5.24,5.08,5.11,5.2,-0.09,-1.7308,4780738.28,2462316.781,0.5,0.5,,,,,
600050.SH,20241126,5.12,5.2,5.09,5.1,5.11,-0.01,-0.1957,4022545.29,2063590.9,0.5,0.5,,,,,
600050.SH,20241127,5.08,5.23,5.06,5.22,5.1,0.12,2.3529,4791788.89,2468845.149,0.5,0.5,,,,,
600050.SH,20241128,5.19,5.2,5.11,5.12,5.22,-0.1,-1.9157,3380375.92,1738704.184,0.5,0.5,,,,,
600050.SH,20241129,5.14,5.2,5.12,5.15,5.12,0.03,0.5859,3610099.28,1863703.094,0.5,0.5,,,,,
600050.SH,20241202,5.11,5.17,5.11,5.15,5.15,0.0,0.0,4100223.02,2104255.003,0.5,0.5,,,,,
600050.SH,20241203,5.14,5.18,5.1,5.17,5.15,0.02,0.3883,3851015.3,1979363.625,0.5,0.5,,,,,
600050.SH,20241204,5.15,5.24,5.12,5.19,5.17,0.02,0.3868,4999355.85,2592884.027,0.5,0.5,,,,,
600050.SH,20241205,5.17,5.28,5.15,5.17,5.19,-0.02,-0.3854,3869747.21,2008867.569,0.5,0.5,,,,,
600050.SH,20241206,5.16,5.22,5.16,5.2,5.17,0.03,0.5803,3319761.84,1724272.862,0.5,0.5,,,,,
600050.SH,20241209,5.21,5.45,5.19,5.35,5.2,0.15,2.8846,6778880.77,3625430.856,0.5,0.5,,,,,
600050.SH,20241210,5.4,5.44,5.28,5.3,5.35,-0.05,-0.9346,5643485.61,3019450.6,0.5,0.5,,,,,
600050.SH,20241211,5.29,5.31,5.25,5.29,5.3,-0.01,-0.1887,3114647.34,1644047.413,0.5,0.5,,,,,
600050.SH,20241212,5.28,5.33,5.25,5.33,5.29,0.04,0.7561,3536572.71,1874575.941,0.5,0.5,,,,,
600050.SH,20241213,5.3,5.31,5.22,5.22,5.33,-0.11,-2.0638,5542408.99,2915672.081,0.5,0.5,,,,,
600050.SH,20241216,5.23,5.32,5.22,5.25,5.22,0.03,0.5747,4724902.27,2493531.322,0.5,0.5,,,,,
600050.SH,20241217,5.24,5.35,5.22,5.24,5.25,-0.01,-0.1905,4262606.44,2251924.59,0.5,0.5,,,,,
600050.SH,20241218,5.29,5.38,5.26,5.32,5.24,0.08,1.5267,4617104.65,2458613.222,0.5,0.5,,,,,
600050.SH,20241219,5.27,5.39,5.25,5.36,5.32,0.04,0.7519,4280397.29,2278657.985,0.5,0.5,,,,,
600050.SH,20241220,5.34,5.36,5.26,5.27,5.36,-0.09,-1.6791,3527727.72,1866819.173,0.5,0.5,,,,,
600050.SH,20241223,5.26,5.37,5.25,5.31,5.27,0.04,0.759,4159129.77,2214218.009,0.5,0.5,,,,,
600050.SH,20241224,5.29,5.35,5.29,5.35,5.31,0.04,0.7533,3130858.48,1666503.454,0.5,0.5,,,,,
600050.SH,20241225,5.36,5.56,5.35,5.44,5.35,0.09,1.6822,6754089.45,3683292.566,0.5,0.5,,,,,
600050.SH,20241226,5.46,5.46,5.32,5.39,5.44,-0.05,-0.9191,4453455.21,2387697.715,0.5,0.5,,,,,
600050.SH,20241227,5.36,5.4,5.34,5.37,5.39,-0.02,-0.3711,2987776.59,1602805.661,0.5,0.5,,,,,
600050.SH,20241230,5.35,5.41,5.34,5.41,5.37,0.04,0.7449,3411847.9,1836788.007,0.5,0.5,,,,,
600050.SH,20241231,5.4,5.44,5.31,5.31,5.41,-0.1,-1.8484,4499626.94,2412493.227,0.5,0.5,,,,,
600050.SH,20250102,5.31,5.31,4.99,5.02,5.31,-0.29,-5.4614,6316935.35,3236422.041,0.5,0.5,,,,,
600050.SH,20250103,5.01,5.03,4.88,4.92,5.02,-0.1,-1.992,3751283.7,1855921.731,0.5,0.5,,,,,
600050.SH,20250106,4.91,4.91,4.79,4.86,4.92,-0.06,-1.2195,3178947.29,1540996.524,0.5,0.5,,,,,
600050.SH,20250107,4.84,4.9,4.83,4.9,4.86,0.04,0.823,2056171.3,1000082.258,0.5,0.5,,,,,
600050.SH,20250108,4.88,4.93,4.81,4.91,4.9,0.01,0.2041,2996819.44,1461333.333,0.5,0.5,,,,,
600050.SH,20250109,4.88,4.9,4.84,4.86,4.91,-0.05,-1.0183,1624933.31,791510.459,0.5,0.5,,,,,
600050.SH,20250110,4.85,4.86,4.78,4.78,4.86,-0.08,-1.6461,1828468.69,881602.649,0.5,0.5,,,,,
600050.SH,20250113,4.73,4.77,4.7,4.74,4.78,-0.04,-0.8368,1722224.25,814704.32,0.5,0.5,,,,,
600050.SH,20250114,4.75,4.85,4.74,4.85,4.74,0.11,2.3207,2146643.43,1033564.612,0.5,0.5,,,,,
600050.SH,20250115,4.84,4.89,4.81,4.82,4.85,-0.03,-0.6186,1378119.29,667306.02,0.5,0.5,,,,,
600050.SH,20250116,4.84,4.89,4.82,4.85,4.82,0.03,0.6224,1796687.1,872366.924,0.5,0.5,,,,,
600050.SH,20250117,4.85,4.88,4.82,4.86,4.85,0.01,0.2062,1291526.18,627180.957,0.5,0.5,,,,,
600050.SH,20250120,4.89,4.9,4.83,4.83,4.86,-0.03,-0.6173,1492490.61,725807.411,0.5,0.5,,,,,
600050.SH,20250121,4.86,4.87,4.81,4.82,4.83,-0.01,-0.207,1437195.77,693977.161,0.5,0.5,,,,,
600050.SH,20250122,4.81,4.82,4.77,4.8,4.82,-0.02,-0.4149,1610838.25,772950.93,0.5,0.5,,,,,
600050.SH,20250123,4.84,4.91,4.83,4.83,4.8,0.03,0.625,2333287.75,1136485.527,0.5,0.5,,,,,
600050.SH,20250124,4.82,4.88,4.82,4.87,4.83,0.04,0.8282,1638453.78,796112.416,0.5,0.5,,,,,
600050.SH,20250127,4.87,4.92,4.86,4.89,4.87,0.02,0.4107,1991362.47,974443.571,0.5,0.5,,,,,
600050.SH,20250205,4.92,5.05,4.86,4.99,4.89,0.1,2.045,3569535.58,1766739.487,0.5,0.5,,,,,
600050.SH,20250206,5.07,5.16,4.99,5.13,4.99,0.14,2.8056,5076416.22,2582950.027,0.5,0.5,,,,,
600050.SH,20250207,5.09,5.46,5.05,5.23,5.13,0.1,1.9493,8556285.34,4473293.54,0.5,0.5,,,,,
600050.SH,20250210,5.44,5.64,5.39,5.46,5.23,0.23,4.3977,13380589.45,7363221.943,0.5,0.5,,,,,
600050.SH,20250211,5.4,5.62,5.39,5.48,5.46,0.02,0.3663,7475724.48,4114109.464,0.5,0.5,,,,,
600050.SH,20250212,5.44,5.53,5.42,5.5,5.48,0.02,0.365,4708410.63,2581675.804,0.5,0.5,,,,,
600050.SH,20250213,5.51,5.59,5.47,5.5,5.5,0.0,0.0,4701388.5,2604569.079,0.5,0.5,,,,,
600050.SH,20250214,5.48,6.05,5.41,5.98,5.5,0.48,8.7273,15929591.74,9303873.185,0.5,0.5,,,,,
600050.SH,20250217,6.15,6.58,6.08,6.51,5.98,0.53,8.8629,21644720.12,13685428.379,0.5,0.5,,,,,
600050.SH,20250218,6.55,6.57,6.25,6.42,6.51,-0.09,-1.3825,17830106.31,11441441.787,0.5,0.5,,,,,
600050.SH,20250219,6.41,6.72,6.29,6.44,6.42,0.02,0.3115,14800967.84,9611700.609,0.5,0.5,,,,,
600050.SH,20250220,6.34,6.45,6.18,6.2,6.44,-0.24,-3.7267,10935287.03,6877299.918,0.5,0.5,,,,,
600050.SH,20250221,6.36,6.82,6.33,6.82,6.2,0.62,10.0,15382828.59,10195727.247,0.5,0.5,,,,,
600050.SH,20250224,6.88,6.93,6.6,6.73,6.82,-0.09,-1.3196,16572510.54,11227418.085,0.5,0.5,,,,,
600050.SH,20250225,6.53,6.76,6.49,6.63,6.73,-0.1,-1.4859,9009093.09,5965230.333,0.5,0.5,,,,,
600050.SH,20250226,6.8,6.85,6.51,6.61,6.63,-0.02,-0.3017,7312310.29,4845634.195,0.5,0.5,,,,,
600050.SH,20250227,6.57,6.67,6.28,6.38,6.61,-0.23,-3.4796,7896355.66,5077445.602,0.5,0.5,,,,,
600050.SH,20250228,6.34,6.42,6.16,6.25,6.38,-0.13,-2.0376,7152210.83,4496561.007,0.5,0.5,,,,,
600050.SH,20250303,6.33,6.39,6.17,6.22,6.25,-0.03,-0.48,5745426.98,3613997.431,0.5,0.5,,,,,
600050.SH,20250304,6.14,6.23,6.09,6.18,6.22,-0.04,-0.6431,5601390.76,3443325.452,0.5,0.5,,,,,
600050.SH,20250305,6.2,6.28,6.16,6.26,6.18,0.08,1.2945,4719210.76,2937733.596,0.5,0.5,,,,,
600050.SH,20250306,6.4,6.69,6.36,6.53,6.26,0.27,4.3131,10042225.04,6524468.298,0.5,0.5,,,,,
600050.SH,20250307,6.5,6.57,6.37,6.41,6.53,-0.12,-1.8377,4877378.46,3147974.696,0.5,0.5,,,,,
600050.SH,20250310,6.4,6.4,6.19,6.22,6.41,-0.19,-2.9641,4112162.59,2567325.686,0.5,0.5,,,,,
600050.SH,20250311,6.13,6.21,6.11,6.21,6.22,-0.01,-0.1608,2889069.69,1780670.804,0.5,0.5,,,,,
600050.SH,20250312,6.23,6.4,6.12,6.23,6.21,0.02,0.3221,5157914.64,3218009.496,0.5,0.5,,,,,
600050.SH,20250313,6.18,6.24,6.08,6.13,6.23,-0.1,-1.6051,3238687.05,1987039.15,0.5,0.5,,,,,
600050.SH,20250314,6.11,6.25,6.1,6.2,6.13,0.07,1.1419,3301012.81,2041406.487,0.5,0.5,,,,,
600050.SH,20250317,6.18,6.2,6.11,6.15,6.2,-0.05,-0.8065,2929480.84,1800508.635,0.5,0.5,,,,,
600050.SH,20250318,6.25,6.37,6.18,6.21,6.15,0.06,0.9756,4786457.17,2987719.733,0.5,0.5,,,,,
600050.SH,20250319,6.13,6.14,5.74,5.77,6.21,-0.44,-7.0853,11358768.02,6670957.54,0.5,0.5,,,,,
600050.SH,20250320,5.77,5.79,5.69,5.71,5.77,-0.06,-1.0399,4761207.43,2724463.321,0.5,0.5,,,,,
600050.SH,20250321,5.7,5.75,5.62,5.7,5.71,-0.01,-0.1751,5022475.25,2856257.924,0.5,0.5,,,,,
600050.SH,20250324,5.65,5.69,5.62,5.68,5.7,-0.02,-0.3509,3277821.2,1852990.604,0.5,0.5,,,,,
600050.SH,20250325,5.67,5.67,5.58,5.61,5.68,-0.07,-1.2324,2823991.66,1586963.737,0.5,0.5,,,,,
600050.SH,20250326,5.62,5.65,5.6,5.62,5.61,0.01,0.1783,2154182.17,1211641.571,0.5,0.5,,,,,
600050.SH,20250327,5.62,5.67,5.59,5.59,5.62,-0.03,-0.5338,2790656.01,1568545.171,0.5,0.5,,,,,
600050.SH,20250328,5.6,5.61,5.54,5.57,5.59,-0.02,-0.3578,2299123.13,1280187.158,0.5,0.5,,,,,
600050.SH,20250331,5.54,5.58,5.51,5.56,5.57,-0.01,-0.1795,2274500.59,1262729.139,0.5,0.5,,,,,
600050.SH,20250401,5.56,5.58,5.54,5.56,5.56,0.0,0.0,1830236.42,1017461.968,0.5,0.5,,,,,
600050.SH,20250402,5.55,5.61,5.53,5.58,5.56,0.02,0.3597,1949606.65,1086587.757,0.5,0.5,,,,,
600050.SH,20250403,5.54,5.64,5.52,5.59,5.58,0.01,0.1792,2716967.16,1520933.213,0.5,0.5,,,,,
600050.SH,20250407,5.38,5.4,5.03,5.2,5.59,-0.39,-6.9767,6548815.97,3412855.588,0.5,0.5,,,,,
600050.SH,20250408,5.19,5.35,5.18,5.34,5.2,0.14,2.6923,4548455.85,2397520.735,0.5,0.5,,,,,
600050.SH,20250409,5.3,5.48,5.25,5.46,5.34,0.12,2.2472,4959798.07,2673931.217,0.5,0.5,,,,,
600050.SH,20250410,5.52,5.53,5.4,5.43,5.46,-0.03,-0.5495,3618617.65,1972547.803,0.5,0.5,,,,,
600050.SH,20250411,5.43,5.43,5.36,5.41,5.43,-0.02,-0.3683,2606200.91,1407021.901,0.5,0.5,,,,,
600050.SH,20250414,5.43,5.44,5.39,5.42,5.41,0.01,0.1848,2183175.93,1181322.145,0.5,0.5,,,,,
600050.SH,20250415,5.41,5.42,5.35,5.41,5.42,-0.01,-0.1845,2251718.1,1211975.152,0.5,0.5,,,,,
600050.SH,20250416,5.39,5.47,5.36,5.47,5.41,0.06,1.1091,3376332.87,1828902.7,0.5,0.5,,,,,
600050.SH,20250417,5.45,5.48,5.4,5.44,5.47,-0.03,-0.5484,2213403.44,1203582.188,0.5,0.5,,,,,
600050.SH,20250418,5.41,5.44,5.38,5.44,5.44,0.0,0.0,1516431.38,820602.272,0.5,0.5,,,,,
600050.SH,20250421,5.43,5.48,5.41,5.44,5.44,0.0,0.0,1440069.34,784799.999,0.5,0.5,,,,,
600050.SH,20250422,5.44,5.46,5.39,5.4,5.44,-0.04,-0.7353,1833629.47,993517.676,0.5,0.5,,,,,
600050.SH,20250423,5.41,5.42,5.33,5.34,5.4,-0.06,-1.1111,2661461.97,1425741.309,0.5,0.5,,,,,
600050.SH,20250424,5.34,5.37,5.31,5.33,5.34,-0.01,-0.1873,1831172.61,976905.657,0.5,0.5,,,,,
600050.SH,20250425,5.34,5.36,5.31,5.32,5.33,-0.01,-0.1876,1642972.34,874910.026,0.5,0.5,,,,,
600050.SH,20250428,5.31,5.37,5.28,5.35,5.32,0.03,0.5639,2102965.92,1121269.195,0.5,0.5,,,,,
600050.SH,20250429,5.35,5.36,5.32,5.34,5.35,-0.01,-0.1869,1278644.37,683019.326,0.5,0.5,,,,,
600050.SH,20250430,5.34,5.36,5.31,5.32,5.34,-0.02,-0.3745,1488350.81,793771.788,0.5,0.5,,,,,
600050.SH,20250506,5.34,5.48,5.32,5.48,5.32,0.16,3.0075,3726513.97,2019842.707,0.5,0.5,,,,,
600050.SH,20250507,5.55,5.57,5.43,5.48,5.48,0.0,0.0,2908479.44,1590128.544,0.5,0.5,,,,,
600050.SH,20250508,5.46,5.48,5.44,5.46,5.48,-0.02,-0.365,1792216.7,978024.321,0.5,0.5,,,,,
600050.SH,20250509,5.46,5.48,5.43,5.43,5.46,-0.03,-0.5495,1636604.23,892591.898,0.5,0.5,,,,,
600050.SH,20250512,5.45,5.49,5.44,5.48,5.43,0.05,0.9208,1948544.92,1064858.262,0.5,0.5,,,,,
600050.SH,20250513,5.49,5.52,5.43,5.44,5.48,-0.04,-0.7299,1849496.44,1010327.284,0.5,0.5,,,,,
600050.SH,20250514,5.44,5.54,5.42,5.54,5.44,0.1,1.8382,3347348.56,1835702.717,0.5,0.5,,,,,
600050.SH,20250515,5.52,5.54,5.43,5.44,5.54,-0.1,-1.8051,3021390.99,1651244.211,0.5,0.5,,,,,
600050.SH,20250516,5.42,5.43,5.35,5.38,5.44,-0.06,-1.1029,2499768.94,1344859.07,0.5,0.5,,,,,
600050.SH,20250519,5.37,5.42,5.35,5.42,5.38,0.04,0.7435,1728027.01,930773.743,0.5,0.5,,,,,
600050.SH,20250520,5.4,5.5,5.39,5.47,5.42,0.05,0.9225,2495890.31,1361607.793,0.5,0.5,,,,,
600050.SH,20250521,5.47,5.48,5.43,5.46,5.47,-0.01,-0.1828,1443187.0,787537.225,0.5,0.5,,,,,
600050.SH,20250522,5.44,5.46,5.41,5.43,5.46,-0.03,-0.5495,1326859.57,719993.21,0.5,0.5,,,,,
600050.SH,20250523,5.42,5.47,5.37,5.38,5.43,-0.05,-0.9208,2114702.82,1147375.782,0.5,0.5,,,,,
600050.SH,20250526,5.37,5.45,5.37,5.4,5.38,0.02,0.3717,1667317.27,901751.043,0.5,0.5,,,,,
600050.SH,20250527,5.39,5.45,5.38,5.42,5.4,0.02,0.3704,1848958.15,1002069.622,0.5,0.5,,,,,
600050.SH,20250528,5.41,5.44,5.32,5.33,5.42,-0.09,-1.6605,2367350.35,1270760.948,0.5,0.5,,,,,
600050.SH,20250529,5.32,5.4,5.31,5.4,5.33,0.07,1.3133,2090904.27,1123194.064,0.5,0.5,,,,,
600050.SH,20250530,5.38,5.39,5.33,5.36,5.4,-0.04,-0.7407,1516765.67,812331.935,0.5,0.5,,,,,
600050.SH,20250603,5.32,5.34,5.3,5.33,5.36,-0.03,-0.5597,1901814.86,1012227.721,0.5,0.5,,,,,
600050.SH,20250604,5.34,5.35,5.32,5.34,5.33,0.01,0.1876,1513439.65,807401.887,0.5,0.5,,,,,
600050.SH,20250605,5.34,5.39,5.31,5.38,5.34,0.04,0.7491,2278806.59,1220710.698,0.5,0.5,,,,,
600050.SH,20250606,5.37,5.42,5.35,5.42,5.38,0.04,0.7435,1833472.59,988323.64,0.5,0.5,,,,,
600050.SH,20250609,5.42,5.44,5.37,5.39,5.42,-0.03,-0.5535,2365905.09,1277048.987,0.5,0.5,,,,,
600050.SH,20250610,5.39,5.4,5.3,5.31,5.39,-0.08,-1.4842,2863364.88,1527620.699,0.5,0.5,,,,,
600050.SH,20250611,5.31,5.34,5.29,5.31,5.31,0.0,0.0,2437574.99,1294063.515,0.5,0.5,,,,,
600050.SH,20250612,5.3,5.31,5.26,5.27,5.31,-0.04,-0.7533,2184221.53,1151567.673,0.5,0.5,,,,,
600050.SH,20250613,5.26,5.28,5.23,5.27,5.27,0.0,0.0,2117130.55,1112053.643,0.5,0.5,,,,,
600050.SH,20250616,5.25,5.28,5.24,5.27,5.27,0.0,0.0,1389579.79,730877.415,0.5,0.5,,,,,
600050.SH,20250617,5.27,5.32,5.25,5.31,5.27,0.04,0.759,1942604.79,1028481.893,0.5,0.5,,,,,
600050.SH,20250618,5.3,5.32,5.27,5.29,5.31,-0.02,-0.3766,1230316.46,651462.992,0.5,0.5,,,,,
600050.SH,20250619,5.28,5.3,5.21,5.23,5.29,-0.06,-1.1342,1911558.44,1001675.206,0.5,0.5,,,,,
600050.SH,20250620,5.23,5.26,5.22,5.25,5.23,0.02,0.3824,1303476.18,683024.625,0.5,0.5,,,,,
600050.SH,20250623,5.23,5.3,5.22,5.28,5.25,0.03,0.5714,1775080.54,933811.345,0.5,0.5,,,,,
600050.SH,20250624,5.28,5.35,5.27,5.33,5.28,0.05,0.947,2117976.75,1127583.385,0.5,0.5,,,,,
600050.SH,20250625,5.34,5.39,5.32,5.38,5.33,0.05,0.9381,2314333.95,1239810.765,0.5,0.5,,,,,
600050.SH,20250626,5.38,5.4,5.34,5.35,5.38,-0.03,-0.5576,1732581.5,930631.039,0.5,0.5,,,,,
600050.SH,20250627,5.31,5.37,5.3,5.31,5.29,0.02,0.3781,1991469.8,1061792.301,0.5,0.5,,,,,
600050.SH,20250630,5.3,5.38,5.29,5.34,5.31,0.03,0.565,1787751.43,954325.746,0.5,0.5,,,,,
600050.SH,20250701,5.35,5.36,5.33,5.35,5.34,0.01,0.1873,1160695.82,620376.118,0.5,0.5,,,,,
600050.SH,20250702,5.34,5.36,5.32,5.33,5.35,-0.02,-0.3738,1135144.98,605849.667,0.5,0.5,,,,,
600050.SH,20250703,5.34,5.35,5.3,5.33,5.33,0.0,0.0,1258401.35,670248.217,0.5,0.5,,,,,
600050.SH,20250704,5.33,5.36,5.31,5.34,5.33,0.01,0.1876,1366675.45,729550.479,0.5,0.5,,,,,
600050.SH,20250707,5.33,5.36,5.32,5.35,5.34,0.01,0.1873,1182289.26,631529.81,0.5,0.5,,,,,
600050.SH,20250708,5.35,5.39,5.34,5.38,5.35,0.03,0.5607,1456486.8,781408.483,0.5,0.5,,,,,
600050.SH,20250709,5.38,5.47,5.37,5.43,5.38,0.05,0.9294,3395036.52,1844808.216,0.5,0.5,,,,,
600050.SH,20250710,5.43,5.5,5.41,5.41,5.43,-0.02,-0.3683,2803997.03,1526277.552,0.5,0.5,,,,,
600050.SH,20250711,5.41,5.48,5.41,5.41,5.41,0.0,0.0,2800581.44,1524869.967,0.5,0.5,,,,,
600050.SH,20250714,5.41,5.47,5.4,5.43,5.41,0.02,0.3697,2441153.46,1325150.588,0.5,0.5,,,,,
600050.SH,20250715,5.42,5.45,5.38,5.44,5.43,0.01,0.1842,2292537.88,1241327.774,0.5,0.5,,,,,
600050.SH,20250716,5.44,5.47,5.41,5.42,5.44,-0.02,-0.3676,1579338.14,859321.609,0.5,0.5,,,,,
600050.SH,20250717,5.42,5.43,5.37,5.38,5.42,-0.04,-0.738,2357842.92,1270592.717,0.5,0.5,,,,,
600050.SH,20250718,5.39,5.53,5.38,5.45,5.38,0.07,1.3011,4369105.38,2384552.613,0.5,0.5,,,,,
600050.SH,20250721,5.47,5.51,5.45,5.48,5.45,0.03,0.5505,2481681.28,1359130.786,0.5,0.5,,,,,
600050.SH,20250722,5.48,5.5,5.44,5.49,5.48,0.01,0.1825,2675009.69,1462986.813,0.5,0.5,,,,,
600050.SH,20250723,5.5,5.57,5.48,5.5,5.49,0.01,0.1821,3975217.91,2195936.056,0.5,0.5,,,,,
600050.SH,20250724,5.5,5.53,5.46,5.53,5.5,0.03,0.5455,3072054.07,1689594.438,0.5,0.5,,,,,
600050.SH,20250725,5.52,5.53,5.46,5.47,5.53,-0.06,-1.085,2752518.48,1510868.618,0.5,0.5,,,,,
600050.SH,20250728,5.47,5.48,5.4,5.43,5.47,-0.04,-0.7313,3260053.34,1769651.85,0.5,0.5,,,,,
600050.SH,20250729,5.41,5.44,5.38,5.44,5.43,0.01,0.1842,2303199.62,1246484.331,0.5,0.5,,,,,
600050.SH,20250730,5.42,5.47,5.39,5.42,5.44,-0.02,-0.3676,3007322.22,1632007.022,0.5,0.5,,,,,
600050.SH,20250731,5.41,5.42,5.34,5.36,5.42,-0.06,-1.107,3341516.64,1795408.464,0.5,0.5,,,,,
600050.SH,20250801,5.36,5.41,5.3,5.32,5.36,-0.04,-0.7463,2658757.21,1421746.955,0.5,0.5,,,,,
600050.SH,20250804,5.29,5.33,5.28,5.32,5.32,0.0,0.0,1466546.33,778543.476,0.5,0.5,,,,,
600050.SH,20250805,5.33,5.39,5.31,5.38,5.32,0.06,1.1278,2600951.43,1392221.597,0.5,0.5,,,,,
600050.SH,20250806,5.37,5.38,5.32,5.34,5.38,-0.04,-0.7435,2669011.15,1426351.19,0.5,0.5,,,,,
600050.SH,20250807,5.35,5.37,5.33,5.35,5.34,0.01,0.1873,1820779.51,973944.411,0.5,0.5,,,,,
600050.SH,20250808,5.35,5.4,5.34,5.37,5.35,0.02,0.3738,2048176.32,1100050.875,0.5,0.5,,,,,
600050.SH,20250811,5.37,5.38,5.34,5.36,5.37,-0.01,-0.1862,2195027.44,1176434.883,0.5,0.5,,,,,
600050.SH,20250812,5.36,5.41,5.35,5.39,5.36,0.03,0.5597,2575618.48,1386961.329,0.5,0.5,,,,,
600050.SH,20250813,5.43,5.47,5.39,5.44,5.39,0.05,0.9276,4323701.5,2351301.322,0.5,0.5,,,,,
600050.SH,20250814,5.44,5.47,5.38,5.38,5.44,-0.06,-1.1029,3345323.08,1816196.65,0.5,0.5,,,,,
600050.SH,20250815,5.37,5.44,5.35,5.4,5.38,0.02,0.3717,3373258.61,1820586.021,0.5,0.5,,,,,
600050.SH,20250818,5.42,5.62,5.41,5.52,5.4,0.12,2.2222,7677919.87,4251881.359,0.5,0.5,,,,,
600050.SH,20250819,5.54,5.57,5.47,5.47,5.52,-0.05,-0.9058,4320666.75,2382050.532,0.5,0.5,,,,,
600050.SH,20250820,5.46,5.51,5.4,5.51,5.47,0.04,0.7313,4403716.33,2397515.095,0.5,0.5,,,,,
600050.SH,20250821,5.5,5.79,5.48,5.66,5.51,0.15,2.7223,10540987.72,5988062.777,0.5,0.5,,,,,
600050.SH,20250822,5.63,5.95,5.59,5.89,5.66,0.23,4.0636,11842830.41,6835835.895,0.5,0.5,,,,,
600050.SH,20250825,5.87,5.9,5.71,5.82,5.89,-0.07,-1.1885,10743033.97,6231066.888,0.5,0.5,,,,,
600050.SH,20250826,5.78,5.85,5.76,5.79,5.82,-0.03,-0.5155,4868218.22,2820862.212,0.5,0.5,,,,,
600050.SH,20250827,5.81,5.82,5.65,5.65,5.79,-0.14,-2.418,6468006.99,3714179.361,0.5,0.5,,,,,
600050.SH,20250828,5.65,5.81,5.64,5.77,5.65,0.12,2.1239,6688745.28,3830267.141,0.5,0.5,,,,,
600050.SH,20250829,5.75,5.76,5.68,5.7,5.77,-0.07,-1.2132,4342818.1,2485102.049,0.5,0.5,,,,,
600050.SH,20250901,5.75,5.78,5.67,5.7,5.7,0.0,0.0,4002144.32,2285669.782,0.5,0.5,,,,,
600050.SH,20250902,5.69,5.7,5.55,5.61,5.7,-0.09,-1.5789,4581178.06,2570303.711,0.5,0.5,,,,,
600050.SH,20250903,5.61,5.61,5.45,5.49,5.61,-0.12,-2.139,4035157.25,2227079.169,0.5,0.5,,,,,
600050.SH,20250904,5.46,5.48,5.35,5.39,5.49,-0.1,-1.8215,5588838.13,3015875.048,0.5,0.5,,,,,
600050.SH,20250905,5.4,5.4,5.34,5.39,5.39,0.0,0.0,4090644.35,2196108.542,0.5,0.5,,,,,
600050.SH,20250908,5.38,5.76,5.36,5.65,5.39,0.26,4.8237,11403356.96,6344059.656,0.5,0.5,,,,,
600050.SH,20250909,5.61,5.62,5.47,5.47,5.65,-0.18,-3.1858,8616784.1,4765844.57,0.5,0.5,,,,,
600050.SH,20250910,5.55,5.95,5.52,5.76,5.47,0.29,5.3016,15881347.79,9160416.707,0.5,0.5,,,,,
600050.SH,20250911,5.68,5.77,5.62,5.77,5.76,0.01,0.1736,10194499.94,5803989.198,0.5,0.5,,,,,
600050.SH,20250912,5.75,5.79,5.67,5.68,5.77,-0.09,-1.5598,6853746.98,3912295.116,0.5,0.5,,,,,
600050.SH,20250915,5.66,5.67,5.56,5.58,5.68,-0.1,-1.7606,4547586.25,2545716.547,0.5,0.5,,,,,
600050.SH,20250916,5.57,5.61,5.52,5.58,5.58,0.0,0.0,3603624.0,2004779.335,0.5,0.5,,,,,
600050.SH,20250917,5.57,5.72,5.53,5.62,5.58,0.04,0.7168,5043601.85,2824149.475,0.5,0.5,,,,,
600050.SH,20250918,5.59,5.61,5.45,5.47,5.62,-0.15,-2.669,5344779.49,2956170.004,0.5,0.5,,,,,
600050.SH,20250919,5.47,5.52,5.42,5.42,5.47,-0.05,-0.9141,3674672.22,2009844.461,0.5,0.5,,,,,
600050.SH,20250922,5.45,5.49,5.42,5.47,5.42,0.05,0.9225,2651683.5,1445072.396,0.5,0.5,,,,,
600050.SH,20250923,5.47,5.48,5.37,5.42,5.47,-0.05,-0.9141,3485291.75,1885337.159,0.5,0.5,,,,,
600050.SH,20250924,5.4,5.5,5.37,5.48,5.42,0.06,1.107,2981529.31,1626922.257,0.5,0.5,,,,,
600050.SH,20250925,5.47,5.47,5.42,5.45,5.48,-0.03,-0.5474,2400782.71,1307489.611,0.5,0.5,,,,,
600050.SH,20250926,5.43,5.45,5.41,5.41,5.45,-0.04,-0.7339,2168461.09,1177345.712,0.5,0.5,,,,,
600050.SH,20250929,5.41,5.47,5.37,5.46,5.41,0.05,0.9242,2858065.45,1548385.136,0.5,0.5,,,,,
600050.SH,20250930,5.45,5.51,5.43,5.5,5.46,0.04,0.7326,3160341.23,1728676.715,0.5,0.5,,,,,
600050.SH,20251009,5.48,5.6,5.46,5.58,5.5,0.08,1.4545,4168684.38,2307835.311,0.5,0.5,,,,,
600050.SH,20251010,5.56,5.58,5.52,5.53,5.58,-0.05,-0.8961,2992346.04,1660834.256,0.5,0.5,,,,,
600050.SH,20251013,5.38,5.53,5.36,5.53,5.53,0.0,0.0,4319383.04,2359146.145,0.5,0.5,,,,,
600050.SH,20251014,5.53,5.59,5.5,5.52,5.53,-0.01,-0.1808,3760586.94,2086045.564,0.5,0.5,,,,,
600050.SH,20251015,5.52,5.55,5.45,5.51,5.52,-0.01,-0.1812,2708080.13,1489548.323,0.5,0.5,,,,,
600050.SH,20251016,5.51,5.52,5.47,5.5,5.51,-0.01,-0.1815,2246804.72,1234623.236,0.5,0.5,,,,,
600050.SH,20251017,5.5,5.54,5.43,5.44,5.5,-0.06,-1.0909,2969984.22,1631142.325,0.5,0.5,,,,,
600050.SH,20251020,5.46,5.5,5.44,5.47,5.44,0.03,0.5515,1876479.8,1025265.023,0.5,0.5,,,,,
600050.SH,20251021,5.47,5.51,5.46,5.5,5.47,0.03,0.5484,2257075.79,1239449.734,0.5,0.5,,,,,
600050.SH,20251022,5.48,5.55,5.47,5.54,5.5,0.04,0.7273,2406171.54,1327854.439,0.5,0.5,,,,,
600050.SH,20251023,5.55,5.57,5.49,5.55,5.54,0.01,0.1805,2727049.49,1507982.201,0.5,0.5,,,,,
600050.SH,20251024,5.47,5.48,5.42,5.43,5.44,-0.01,-0.1838,2479491.21,1350154.636,0.5,0.5,,,,,
600050.SH,20251027,5.44,5.5,5.44,5.49,5.43,0.06,1.105,3038414.16,1663704.002,0.5,0.5,,,,,
600050.SH,20251028,5.49,5.5,5.45,5.46,5.49,-0.03,-0.5464,2185299.89,1195764.639,0.5,0.5,,,,,
600050.SH,20251029,5.46,5.49,5.44,5.49,5.46,0.03,0.5495,1921226.77,1050054.461,0.5,0.5,,,,,
600050.SH,20251030,5.48,5.52,5.44,5.46,5.49,-0.03,-0.5464,2663876.55,1460808.501,0.5,0.5,,,,,
600050.SH,20251031,5.46,5.47,5.4,5.42,5.46,-0.04,-0.7326,2583159.76,1400779.308,0.5,0.5,,,,,
600050.SH,20251103,5.42,5.44,5.39,5.43,5.42,0.01,0.1845,1577319.53,853541.048,0.5,0.5,,,,,
600050.SH,20251104,5.42,5.46,5.4,5.43,5.43,0.0,0.0,1874294.47,1018131.653,0.5,0.5,,,,,
600050.SH,20251105,5.41,5.45,5.38,5.44,5.43,0.01,0.1842,1906442.57,1034357.3,0.5,0.5,,,,,
600050.SH,20251106,5.44,5.49,5.43,5.47,5.44,0.03,0.5515,1962396.92,1073839.806,0.5,0.5,,,,,
600050.SH,20251107,5.46,5.52,5.45,5.51,5.47,0.04,0.7313,2204482.56,1213059.698,0.5,0.5,,,,,
600050.SH,20251110,5.51,5.53,5.49,5.53,5.51,0.02,0.363,1800805.49,991843.04,0.5,0.5,,,,,
600050.SH,20251111,5.52,5.53,5.49,5.5,5.53,-0.03,-0.5425,1627065.11,896241.096,0.5,0.5,,,,,
600050.SH,20251112,5.51,5.52,5.46,5.48,5.5,-0.02,-0.3636,2126213.65,1168054.156,0.5,0.5,,,,,
600050.SH,20251113,5.47,5.49,5.43,5.45,5.48,-0.03,-0.5474,2803611.24,1528700.715,0.5,0.5,,,,,
600050.SH,20251114,5.44,5.46,5.42,5.42,5.45,-0.03,-0.5505,1805525.7,982270.188,0.5,0.5,,,,,
600050.SH,20251117,5.41,5.43,5.39,5.41,5.42,-0.01,-0.1845,1906854.86,1029943.939,0.5,0.5,,,,,
600050.SH,20251118,5.4,5.43,5.39,5.4,5.41,-0.01,-0.1848,1617764.65,875534.912,0.5,0.5,,,,,
600050.SH,20251119,5.4,5.44,5.39,5.41,5.4,0.01,0.1852,1676744.28,908777.34,0.5,0.5,,,,,
600050.SH,20251120,5.42,5.52,5.41,5.49,5.41,0.08,1.4787,3301109.13,1809206.61,0.5,0.5,,,,,
600050.SH,20251121,5.46,5.48,5.37,5.38,5.49,-0.11,-2.0036,3035436.96,1645747.407,0.5,0.5,,,,,
600050.SH,20251124,5.4,5.44,5.38,5.43,5.38,0.05,0.9294,1920149.75,1040589.114,0.5,0.5,,,,,
600050.SH,20251125,5.44,5.46,5.42,5.44,5.43,0.01,0.1842,1459101.57,793811.441,0.5,0.5,,,,,
600050.SH,20251126,5.44,5.48,5.43,5.45,5.44,0.01,0.1838,1566528.47,855205.606,0.5,0.5,,,,,
600050.SH,20251127,5.45,5.46,5.42,5.42,5.45,-0.03,-0.5505,1302135.12,707889.983,0.5,0.5,,,,,
600050.SH,20251128,5.43,5.43,5.39,5.4,5.42,-0.02,-0.369,1498753.08,809794.718,0.5,0.5,,,,,
600050.SH,20251201,5.41,5.45,5.4,5.45,5.4,0.05,0.9259,1506050.83,816917.851,0.5,0.5,,,,,
600050.SH,20251202,5.44,5.48,5.43,5.45,5.45,0.0,0.0,1407460.5,767276.248,0.5,0.5,,,,,
600050.SH,20251203,5.45,5.46,5.39,5.4,5.45,-0.05,-0.9174,1455965.62,788255.2,0.5,0.5,,,,,
600050.SH,20251204,5.4,5.41,5.35,5.36,5.4,-0.04,-0.7407,2061867.35,1106899.888,0.5,0.5,,,,,
600050.SH,20251205,5.35,5.36,5.28,5.35,5.36,-0.01,-0.1866,2421453.86,1287458.356,0.5,0.5,,,,,
600050.SH,20251208,5.35,5.37,5.32,5.33,5.35,-0.02,-0.3738,1709719.82,915070.298,0.5,0.5,,,,,
600050.SH,20251209,5.33,5.34,5.27,5.28,5.33,-0.05,-0.9381,1539944.84,815832.812,0.5,0.5,,,,,
600050.SH,20251210,5.27,5.28,5.22,5.26,5.28,-0.02,-0.3788,1568933.85,822867.333,0.5,0.5,,,,,
600050.SH,20251211,5.26,5.27,5.21,5.22,5.26,-0.04,-0.7605,1380528.95,722323.093,0.5,0.5,,,,,
600050.SH,20251212,5.21,5.23,5.17,5.23,5.22,0.01,0.1916,2071963.37,1076719.853,0.5,0.5,,,,,
600050.SH,20251215,5.19,5.21,5.16,5.16,5.23,-0.07,-1.3384,1593800.65,825635.065,0.5,0.5,,,,,
600050.SH,20251216,5.15,5.16,5.07,5.11,5.16,-0.05,-0.969,1765583.21,900630.964,0.5,0.5,,,,,
600050.SH,20251217,5.11,5.15,5.08,5.14,5.11,0.03,0.5871,1373008.49,701658.725,0.5,0.5,,,,,
600050.SH,20251218,5.11,5.14,5.1,5.13,5.14,-0.01,-0.1946,883084.62,452623.724,0.5,0.5,,,,,
600050.SH,20251219,5.14,5.19,5.13,5.17,5.13,0.04,0.7797,1279615.78,661833.831,0.5,0.5,,,,,
600050.SH,20251222,5.17,5.19,5.14,5.14,5.17,-0.03,-0.5803,1147311.28,591611.506,0.5,0.5,,,,,
600050.SH,20251223,5.13,5.14,5.1,5.11,5.14,-0.03,-0.5837,1001849.18,513323.989,0.5,0.5,,,,,
600050.SH,20251224,5.11,5.15,5.1,5.13,5.11,0.02,0.3914,898215.87,460221.989,0.5,0.5,,,,,
600050.SH,20251225,5.13,5.15,5.12,5.14,5.13,0.01,0.1949,814190.61,418378.772,0.5,0.5,,,,,
600050.SH,20251226,5.14,5.15,5.11,5.14,5.14,0.0,0.0,1184070.26,607953.073,0.5,0.5,,,,,
600050.SH,20251229,5.13,5.14,5.1,5.11,5.14,-0.03,-0.5837,1136357.2,581873.131,0.5,0.5,,,,,
600050.SH,20251230,5.1,5.12,5.07,5.09,5.11,-0.02,-0.3914,1402536.55,713751.623,0.5,0.5,,,,,
600050.SH,20251231,5.08,5.12,5.08,5.11,5.09,0.02,0.3929,1077673.18,549984.8,0.5,0.5,,,,,
600050.SH,20260105,5.13,5.16,5.11,5.16,5.11,0.05,0.9785,1919288.34,985728.254,0.5,0.5,,,,,
600050.SH,20260106,5.15,5.23,5.14,5.22,5.16,0.06,1.1628,2116986.52,1097722.61,0.5,0.5,,,,,
600050.SH,20260107,5.22,5.22,5.15,5.16,5.22,-0.06,-1.1494,1783373.4,923204.01,0.5,0.5,,,,,
600050.SH,20260108,5.15,5.33,5.13,5.25,5.16,0.09,1.7442,3727487.91,1947686.498,0.5,0.5,,,,,
600050.SH,20260109,5.22,5.49,5.22,5.42,5.25,0.17,3.2381,6526418.48,3520838.034,0.5,0.5,,,,,
600050.SH,20260112,5.42,5.53,5.42,5.49,5.42,0.07,1.2915,6472538.05,3545421.199,0.5,0.5,,,,,
600050.SH,20260113,5.48,5.49,5.35,5.37,5.49,-0.12,-2.1858,4704299.45,2543483.652,0.5,0.5,,,,,
600050.SH,20260114,5.35,5.45,5.31,5.34,5.37,-0.03,-0.5587,3610160.79,1944419.201,0.5,0.5,,,,,
600050.SH,20260115,5.31,5.33,5.22,5.24,5.34,-0.1,-1.8727,3087398.76,1623659.916,0.5,0.5,,,,,
600050.SH,20260116,5.25,5.27,5.13,5.15,5.24,-0.09,-1.7176,3103355.46,1607430.731,0.5,0.5,,,,,
600050.SH,20260119,5.13,5.18,5.11,5.15,5.15,0.0,0.0,2268636.52,1167483.256,0.5,0.5,,,,,
600050.SH,20260120,5.15,5.15,5.11,5.14,5.15,-0.01,-0.1942,2329001.37,1195180.041,0.5,0.5,,,,,
600050.SH,20260121,5.13,5.14,5.07,5.08,5.14,-0.06,-1.1673,3323150.68,1696071.839,0.5,0.5,,,,,
600050.SH,20260122,5.09,5.13,5.08,5.09,5.08,0.01,0.1969,2524366.49,1287917.955,0.5,0.5,,,,,
600050.SH,20260123,5.1,5.13,5.09,5.12,5.09,0.03,0.5894,2746436.6,1403455.028,0.5,0.5,,,,,
600050.SH,20260126,5.12,5.16,5.09,5.1,5.12,-0.02,-0.3906,2974447.44,1522666.128,0.5,0.5,,,,,
600050.SH,20260127,5.1,5.11,5.06,5.07,5.1,-0.03,-0.5882,2458514.51,1249336.128,0.5,0.5,,,,,
600050.SH,20260128,5.08,5.21,5.08,5.15,5.07,0.08,1.5779,5615192.2,2892391.394,0.5,0.5,,,,,
600050.SH,20260129,5.13,5.17,5.1,5.15,5.15,0.0,0.0,3609806.88,1852943.751,0.5,0.5,,,,,
600050.SH,20260130,5.12,5.17,5.07,5.11,5.15,-0.04,-0.7767,2665140.38,1363798.703,0.5,0.5,,,,,
600050.SH,20260202,4.99,5.0,4.83,4.83,5.11,-0.28,-5.4795,5577816.22,2730110.818,0.5,0.5,,,,,
600050.SH,20260203,4.86,4.87,4.78,4.81,4.83,-0.02,-0.4141,2559738.54,1231105.01,0.5,0.5,,,,,
600050.SH,20260204,4.8,4.87,4.78,4.87,4.81,0.06,1.2474,2072917.83,1001151.746,0.5,0.5,,,,,
600050.SH,20260205,4.85,4.89,4.84,4.88,4.87,0.01,0.2053,1869917.6,909579.698,0.5,0.5,,,,,
600050.SH,20260206,4.86,4.87,4.83,4.84,4.88,-0.04,-0.8197,1460994.61,708793.291,0.5,0.5,,,,,
600050.SH,20260209,4.86,4.87,4.84,4.86,4.84,0.02,0.4132,1350957.74,655863.682,0.5,0.5,,,,,
600050.SH,20260210,4.86,4.88,4.84,4.87,4.86,0.01,0.2058,1451147.27,705314.038,0.5,0.5,,,,,
600050.SH,20260211,4.87,4.89,4.85,4.86,4.87,-0.01,-0.2053,1094635.71,532980.272,0.5,0.5,,,,,
600050.SH,20260212,4.87,4.88,4.83,4.84,4.86,-0.02,-0.4115,1402241.51,680342.961,0.5,0.5,,,,,
600050.SH,20260213,4.84,4.86,4.8,4.8,4.84,-0.04,-0.8264,1567001.74,756118.341,0.5,0.5,,,,,
600050.SH,20260224,4.83,4.86,4.81,4.85,4.8,0.05,1.0417,1340957.99,648719.014,0.5,0.5,,,,,
600050.SH,20260225,4.85,4.93,4.85,4.88,4.85,0.03,0.6186,2130078.49,1042899.493,0.5,0.5,,,,,
600050.SH,20260226,4.89,4.91,4.85,4.88,4.88,0.0,0.0,1561153.74,761215.62,0.5,0.5,,,,,
600050.SH,20260227,4.87,4.92,4.86,4.92,4.88,0.04,0.8197,1616452.76,791176.53,0.5,0.5,,,,,
600050.SH,20260302,4.88,4.95,4.86,4.93,4.92,0.01,0.2033,2300973.79,1130770.064,0.5,0.5,,,,,
600050.SH,20260303,4.92,4.97,4.88,4.89,4.93,-0.04,-0.8114,2956788.81,1457658.757,0.5,0.5,,,,,
600050.SH,20260304,4.86,4.88,4.8,4.85,4.89,-0.04,-0.818,2636512.67,1276251.366,0.5,0.5,,,,,
600050.SH,20260305,4.86,4.98,4.85,4.95,4.85,0.1,2.0619,2887433.27,1419895.187,0.5,0.5,,,,,
600050.SH,20260306,4.94,4.97,4.91,4.97,4.95,0.02,0.404,1536957.23,759400.555,0.5,0.5,,,,,
600050.SH,20260309,4.92,4.99,4.89,4.97,4.97,0.0,0.0,2175845.81,1076292.257,0.5,0.5,,,,,
600050.SH,20260310,4.99,4.99,4.93,4.96,4.97,-0.01,-0.2012,1585165.98,785695.512,0.5,0.5,,,,,
600050.SH,20260311,4.96,5.05,4.95,5.04,4.96,0.08,1.6129,2389232.57,1199242.271,0.5,0.5,,,,,
600050.SH,20260312,5.03,5.04,4.99,5.03,5.04,-0.01,-0.1984,1521999.28,764089.233,0.5,0.5,,,,,
600050.SH,20260313,5.01,5.12,5.0,5.07,5.03,0.04,0.7952,3167281.73,1606669.299,0.5,0.5,,,,,
600050.SH,20260316,5.09,5.09,5.02,5.03,5.07,-0.04,-0.789,1879903.24,949578.187,0.5,0.5,,,,,
600050.SH,20260317,5.04,5.06,4.97,4.98,5.03,-0.05,-0.994,1959322.07,983566.192,0.5,0.5,,,,,
600050.SH,20260318,4.99,5.0,4.93,4.98,4.98,0.0,0.0,1696392.64,841259.451,0.5,0.5,,,,,
600050.SH,20260319,4.95,5.0,4.94,4.96,4.98,-0.02,-0.4016,1812563.95,900239.416,0.5,0.5,,,,,
600050.SH,20260320,4.92,4.92,4.68,4.69,4.96,-0.27,-5.4435,5572366.48,2652295.629,0.5,0.5,,,,,
600050.SH,20260323,4.64,4.64,4.44,4.47,4.69,-0.22,-4.6908,3377926.36,1526605.034,0.5,0.5,,,,,
600050.SH,20260324,4.49,4.55,4.45,4.54,4.47,0.07,1.566,1785496.94,802898.727,0.5,0.5,,,,,
600050.SH,20260325,4.53,4.57,4.52,4.55,4.54,0.01,0.2203,1569307.42,713366.085,0.5,0.5,,,,,
600050.SH,20260326,4.54,4.56,4.48,4.49,4.55,-0.06,-1.3187,1313600.15,592953.562,0.5,0.5,,,,,
600050.SH,20260327,4.46,4.5,4.44,4.49,4.49,0.0,0.0,1113248.74,498812.068,0.5,0.5,,,,,
600050.SH,20260330,4.45,4.47,4.38,4.46,4.49,-0.03,-0.6682,1662280.01,737441.196,0.5,0.5,,,,,
600050.SH,20260331,4.45,4.53,4.44,4.45,4.46,-0.01,-0.2242,1467136.7,658471.466,0.5,0.5,,,,,
600050.SH,20260401,4.5,4.51,4.47,4.48,4.45,0.03,0.6742,1131108.47,507294.223,0.5,0.5,,,,,
600050.SH,20260402,4.47,4.48,4.41,4.43,4.48,-0.05,-1.1161,1213585.47,538370.818,0.5,0.5,,,,,
600050.SH,20260403,4.43,4.48,4.43,4.46,4.43,0.03,0.6772,1424700.95,634773.387,0.5,0.5,,,,,
600050.SH,20260407,4.47,4.49,4.46,4.47,4.46,0.01,0.2242,847656.75,379371.585,0.5,0.5,,,,,
600050.SH,20260408,4.5,4.57,4.5,4.57,4.47,0.1,2.2371,1893367.8,859205.457,0.5,0.5,,,,,
600050.SH,20260409,4.55,4.55,4.5,4.52,4.57,-0.05,-1.0941,1081871.28,489453.031,0.5,0.5,,,,,
600050.SH,20260410,4.53,4.59,4.52,4.56,4.52,0.04,0.885,1315078.89,600557.771,0.5,0.5,,,,,
600050.SH,20260413,4.55,4.57,4.53,4.56,4.56,0.0,0.0,862786.14,392981.984,0.5,0.5,,,,,
600050.SH,20260414,4.56,4.58,4.55,4.58,4.56,0.02,0.4386,921710.92,420586.367,0.5,0.5,,,,,
600050.SH,20260415,4.58,4.6,4.57,4.57,4.58,-0.01,-0.2183,1193522.37,547204.191,0.5,0.5,,,,,
600050.SH,20260416,4.58,4.6,4.55,4.6,4.57,0.03,0.6565,1399074.71,639363.186,0.5,0.5,,,,,
600050.SH,20260417,4.6,4.7,4.59,4.64,4.6,0.04,0.8696,2325970.84,1082025.053,0.5,0.5,,,,,
600050.SH,20260420,4.63,4.64,4.59,4.59,4.64,-0.05,-1.0776,1483184.38,683532.451,0.5,0.5,,,,,
600050.SH,20260421,4.58,4.66,4.57,4.66,4.59,0.07,1.5251,1506426.11,698119.639,0.5,0.5,,,,,
600050.SH,20260422,4.59,4.6,4.49,4.5,4.66,-0.16,-3.4335,3430736.38,1555208.668,0.5,0.5,,,,,
600050.SH,20260423,4.5,4.51,4.47,4.5,4.5,0.0,0.0,1677893.36,754198.217,0.5,0.5,,,,,
600050.SH,20260424,4.49,4.5,4.47,4.49,4.5,-0.01,-0.2222,1130653.57,507403.65,0.5,0.5,,,,,
600050.SH,20260427,4.48,4.51,4.46,4.5,4.49,0.01,0.2227,1123498.08,503338.684,0.5,0.5,,,,,
600050.SH,20260428,4.5,4.55,4.48,4.53,4.5,0.03,0.6667,1471768.65,664424.135,0.5,0.5,,,,,
600050.SH,20260429,4.52,4.55,4.51,4.54,4.53,0.01,0.2208,1465271.93,664034.471,0.5,0.5,,,,,
600050.SH,20260430,4.53,4.57,4.52,4.52,4.54,-0.02,-0.4405,1384035.43,628740.837,0.5,0.5,,,,,
600050.SH,20260506,4.53,4.54,4.44,4.45,4.52,-0.07,-1.5487,2667055.92,1191506.449,0.5,0.5,,,,,
600050.SH,20260507,4.46,4.5,4.44,4.49,4.45,0.04,0.8989,1909777.14,853627.77,0.5,0.5,,,,,
600050.SH,20260508,4.47,4.55,4.47,4.52,4.49,0.03,0.6682,1731754.21,780472.61,0.5,0.5,,,,,
600050.SH,20260511,4.52,4.75,4.46,4.72,4.52,0.2,4.4248,5420957.99,2508675.961,0.5,0.5,,,,,
600050.SH,20260512,4.68,4.73,4.62,4.64,4.72,-0.08,-1.6949,2767148.61,1294761.39,0.5,0.5,,,,,
600050.SH,20260513,4.64,4.81,4.58,4.74,4.64,0.1,2.1552,4351655.11,2046597.177,0.5,0.5,,,,,
600050.SH,20260514,4.73,4.78,4.68,4.72,4.74,-0.02,-0.4219,2843674.79,1344840.812,0.5,0.5,,,,,
600050.SH,20260515,4.72,4.77,4.63,4.66,4.72,-0.06,-1.2712,2295189.33,1078252.061,0.5,0.5,,,,,
600050.SH,20260518,4.77,5.0,4.76,4.92,4.66,0.26,5.5794,6724450.45,3275495.498,0.5,0.5,,,,,
600050.SH,20260519,4.87,5.11,4.82,4.95,4.92,0.03,0.6098,6440248.41,3205439.011,0.5,0.5,,,,,
600050.SH,20260520,4.9,4.9,4.72,4.74,4.95,-0.21,-4.2424,3766465.75,1804120.125,0.5,0.5,,,,,
600050.SH,20260521,4.75,4.76,4.54,4.55,4.74,-0.19,-4.0084,4018606.61,1864423.018,0.5,0.5,,,,,
600050.SH,20260522,4.55,4.56,4.42,4.46,4.55,-0.09,-1.978,3922952.58,1753664.412,0.5,0.5,,,,,
600050.SH,20260525,4.45,4.47,4.43,4.46,4.46,0.0,0.0,1865875.85,829106.39,0.5,0.5,,,,,
600050.SH,20260526,4.45,4.48,4.42,4.45,4.46,-0.01,-0.2242,1777154.41,788808.528,0.5,0.5,,,,,
600050.SH,20260527,4.44,4.45,4.32,4.38,4.45,-0.07,-1.573,2757585.24,1205622.088,0.5,0.5,,,,,
600050.SH,20260528,4.35,4.38,4.31,4.35,4.38,-0.03,-0.6849,1521230.2,660281.332,0.5,0.5,,,,,
600050.SH,20260529,4.34,4.39,4.33,4.35,4.35,0.0,0.0,1698549.69,740426.315,0.5,0.5,,,,,
600050.SH,20260601,4.35,4.42,4.33,4.4,4.35,0.05,1.1494,1748707.26,766213.749,0.5,0.5,,,,,
600050.SH,20260602,4.39,4.43,4.38,4.42,4.4,0.02,0.4545,1159787.04,511540.457,0.5,0.5,,,,,
600050.SH,20260603,4.42,4.43,4.36,4.37,4.42,-0.05,-1.1312,1528916.08,670337.799,0.5,0.5,,,,,
600050.SH,20260604,4.36,4.37,4.3,4.3,4.37,-0.07,-1.6018,1539387.58,665594.921,0.5,0.5,,,,,
600050.SH,20260605,4.31,4.37,4.29,4.34,4.3,0.04,0.9302,1315818.18,571437.163,0.5,0.5,,,,,
600050.SH,20260608,4.3,4.38,4.28,4.31,4.34,-0.03,-0.6912,1960667.44,845307.507,0.5,0.5,,,,,
600050.SH,20260609,4.3,4.32,4.28,4.31,4.31,0.0,0.0,967810.82,415916.256,0.5,0.5,,,,,
600050.SH,20260610,4.3,4.41,4.3,4.38,4.31,0.07,1.6241,2060847.69,901991.376,0.5,0.5,,,,,
600050.SH,20260611,4.35,4.37,4.31,4.36,4.38,-0.02,-0.4566,1455026.36,632086.76,0.5,0.5,,,,,
